(0.639757749635, 0.350708434825)
(0.171489978725, 0.0711057442098)
(0.448107333713, 0.388106116862)
(0.450409220951, 0.235185146096)
(0.254767419423, 0.215523472625)
(0.204649564037, 0.13528517111)
(0.336658764141, 0.235150678431)
(0.421500991797, 0.29602029063)
(0.238121238105, 0.194774954292)
(0.410620076304, 0.224799348066)
(0.568930975026, 0.450774073258)
(0.363479783412, 0.435967697951)
(0.292516508751, 0.183912849265)
(0.36948950842, 0.317281778729)
(0.657667797342, 0.273298697531)
(0.24881291489, 0.248666834393)
(0.181760366714, 0.142849780928)
(0.270419632182, 0.138864863095)
(0.345698790299, 0.151272243304)
(0.249538226529, 0.329405627184)
(0.450478711886, 0.29762955766)
(0.311279061326, 0.145328409165)
(0.0740984326692, 0.0591379388021)
(0.173762704587, 0.147470865595)
(0.774307091612, 0.587196832031)
(0.589491605557, 0.345650187743)
(0.315383990157, 0.126529670587)
(0.295997260072, 0.178621842373)
(0.147632871942, 0.08678479352)
(0.175667500765, 0.137615824438)
(0.689646657207, 0.543076256451)
(0.13963707118, 0.146811137186)
(0.421968194247, 0.205838149128)
(0.393050037817, 0.361658814549)
(0.207821328878, 0.182495714634)
(0.140681296577, 0.105709280405)
(0.309680769811, 0.371620461786)
(0.272994519523, 0.203073892605)
(0.480375325506, 0.306010987202)
(0.496224842885, 0.307583779602)
(0.327721733476, 0.178934472745)
(0.390190982186, 0.185961404386)
(0.398191746586, 0.173293955431)
(0.206221175998, 0.132603504386)
(0.565408653235, 0.28969677004)
(0.185988145591, 0.0985487697399)
(0.252193152537, 0.155484453331)
(0.451694803257, 0.291790510776)
(0.385754730502, 0.170589399119)
(0.28766020918, 0.162514153494)
(0.412905211262, 0.225287569134)
(0.24755277123, 0.106888711743)
(0.512963471966, 0.245570350566)
(0.280796117939, 0.216736016511)
(0.211732055362, 0.199072838491)
(0.29471229822, 0.183951805706)
(0.0861495258795, 0.0892659729955)
(0.197776165974, 0.118309317145)
(0.446439551262, 0.316570872956)
(0.346899990755, 0.289858014137)
(0.341785581996, 0.141684884328)
(0.123885585657, 0.0880274842915)
(0.22377508266, 0.0946845178773)
(0.23285419747, 0.0895647607597)
(0.328347151895, 0.130532346386)
(0.609421233576, 0.408260164182)
(0.226307779076, 0.131955186057)
(0.196365872257, 0.114200657968)
(0.242064228238, 0.109969780562)
(0.142107722118, 0.232901566635)
(0.529680385129, 0.557006447817)
(0.508622770318, 0.342745094899)
(0.853944324111, 0.448419571644)
(0.190348701791, 0.223334902144)
(0.264444032187, 0.309924102614)
(0.419659482007, 0.277380601047)
(0.408110957169, 0.23824236663)
(0.230389130625, 0.244874671661)
(0.125993891002, 0.109221134612)
(0.350772249043, 0.279246713595)
(0.161621024979, 0.122247853242)
(0.219974176672, 0.194906268785)
(0.581428175224, 0.563374531319)
(0.13574247652, 0.244567222196)
(0.38096171732, 0.263443705659)
(0.0425017729495, 0.0262350689908)
(0.370573442922, 0.239745600997)
(0.238817388369, 0.20523212918)
(0.399826644934, 0.224234074242)
(0.524566596824, 0.374719357999)
(0.11872216097, 0.0484618265694)
(0.195683992453, 0.154148573523)
(0.260562467077, 0.236959978002)
(0.309443756084, 0.197606553602)
(0.500863362828, 0.254351390486)
(0.586013336055, 0.382625578096)
(0.189197137718, 0.14488654069)
(0.313742887262, 0.261999499516)
(0.200708435269, 0.116061134903)
(0.272106028277, 0.310073600637)
(0.328285106417, 0.437053010699)
(0.223260725647, 0.112113433115)
(0.547940369332, 0.319118387237)
(0.389957691188, 0.140407439182)
(0.368358419354, 0.208993739605)
(0.310505974669, 0.175083707354)
(0.747824220197, 0.473913608119)
(0.552136505015, 0.324280541306)
(0.182105339572, 0.14025519278)
(0.398163205666, 0.414519041079)
(0.368987560502, 0.289453341565)
(0.264284575308, 0.180989494464)
(0.177659781066, 0.0879600026493)
(0.426928730221, 0.451935578634)
(0.485177025056, 0.245925754168)
(0.271945330488, 0.216384024276)
(0.116788823872, 0.0687992953028)
(0.284000766882, 0.130584740015)
(0.433572560015, 0.266382623323)
(0.225606044719, 0.121898224107)
(0.179493224944, 0.168674709731)
(0.486430964168, 0.401576800499)
(0.824849958523, 0.539980227331)
(0.108840798128, 0.0687131955671)
(0.516158814088, 0.245560967592)
(0.374341464807, 0.262701407594)
(0.471049269694, 0.380602304806)
(0.346994299882, 0.124179371041)
(0.585443138111, 0.287735273352)
(0.71600605812, 0.653991017431)
(0.480769934747, 0.463310781138)
(0.629515282111, 0.412311703531)
(0.454845472635, 0.292384477798)
(0.305298497693, 0.201444930074)
(0.396799446058, 0.236764098243)
(0.386926149129, 0.236726169926)
(0.413200547737, 0.225312752395)
(0.488198019384, 0.294098847935)
(0.347467086425, 0.327200603452)
(0.1274730552, 0.127574880057)
(0.20816940401, 0.15058542324)
(0.551859161728, 0.329468382626)
(0.160178467613, 0.190497437583)
(0.285734937995, 0.204407933446)
(0.239796466014, 0.140505759841)
(0.393899440412, 0.258354975697)
(0.568724984039, 0.304046672707)
(0.462005520807, 0.422973370595)
(0.247643978083, 0.183246318264)
(0.101309097542, 0.0794671713979)
(0.278033853254, 0.207282187275)
(0.555317576677, 0.343948137098)
(0.38209218593, 0.198130053178)
(0.128868458002, 0.116801594002)
(0.317758470604, 0.265067724709)
(0.787627014849, 0.425337680746)
(0.204388352575, 0.10787470485)
(0.425138718178, 0.198955277036)
(0.4883103217, 0.438811063479)
(0.373806012331, 0.2545045463)
(0.489649263117, 0.357322171047)
(0.0947328973191, 0.0781501471077)
(0.203515993153, 0.247373539676)
(0.171066208109, 0.134414237503)
(0.226680051944, 0.260014777246)
(0.41145272662, 0.1757469457)
(0.231891872104, 0.327444773342)
(0.474294248198, 0.271492166482)
(0.246028313833, 0.17220742642)
(0.149844172782, 0.0838503153478)
(0.206136173693, 0.177267295187)
(0.478018217793, 0.348951291458)
(0.534779282519, 0.431457322863)
(0.261490046975, 0.262331944102)
(0.480965378003, 0.313909614007)
(0.532697656728, 0.27457175247)
(0.239854788763, 0.131321115758)
(0.376281006452, 0.20723286902)
(0.492071518582, 0.291064684986)
(0.521505272935, 0.209614867709)
(0.162634848091, 0.189996639456)
(0.288506509501, 0.253369223167)
(0.564195043683, 0.304956730753)
(0.137016270186, 0.109806697498)
(0.330754516445, 0.430977911351)
(0.378474314103, 0.195261316251)
(0.379800846424, 0.305501043525)
(0.0592255111151, 0.0246554247139)
(0.462826382482, 0.236415091811)
(0.211222041532, 0.21878435435)
(0.481391630437, 0.23219516978)
(0.20658352159, 0.156751921942)
(0.471641183555, 0.463077398625)
(0.313415287137, 0.205892144299)
(0.459047812866, 0.260623803139)
(0.247532916677, 0.127076059751)
(0.624746466665, 0.511196447937)
(0.136696115519, 0.141659176934)
(0.122083164518, 0.0889202592195)
(0.37986909645, 0.254452054102)
(0.235254116562, 0.158078181352)
(0.430601202069, 0.476155274478)
(0.441764424488, 0.262670331153)
(0.247847487251, 0.200400650159)
(0.28399270097, 0.176031693716)
(0.24511686576, 0.269214292061)
(0.465107794711, 0.254482823691)
(0.461072356816, 0.302514171725)
(0.635862534521, 0.613070644525)
(0.433959103344, 0.3920574473)
(0.461457659235, 0.287552306646)
(0.170566121556, 0.128088403098)
(0.216703759522, 0.12101991449)
(0.315717794829, 0.271717312857)
(0.501620938115, 0.332471439992)
(0.499075212149, 0.249845840168)
(0.322477029213, 0.23192493636)
(0.433184775777, 0.466355563467)
(0.480751321103, 0.392942846218)
(0.291022453638, 0.140994099621)
(0.206225519181, 0.101159948875)
(0.425785852514, 0.18604807754)
(0.273280549177, 0.232786249568)
(0.189604776509, 0.131683756516)
(0.778160115802, 0.521282459222)
(0.207458362831, 0.123713228718)
(0.235899389535, 0.232629108969)
(0.373087525695, 0.192099041893)
(0.0818981697204, 0.163465363084)
(0.539992343588, 0.314848602675)
(0.271221880214, 0.326938052893)
(0.544100374693, 0.29454190353)
(0.538075138315, 0.469101251181)
(0.164681728413, 0.107281716668)
(0.420848273367, 0.31199571532)
(0.676914925102, 0.498937972191)
(0.474291145924, 0.186671568744)
(0.609502513152, 0.604298602301)
(0.291158333235, 0.223896141897)
(0.577405146424, 0.256128634777)
(0.291917149432, 0.279713617475)
(0.380453564854, 0.20344722217)
(0.172554058674, 0.106741339397)
(0.464300583041, 0.2107747514)
(0.108953100444, 0.0735475618225)
(0.377312822753, 0.169352552243)
(0.312960493783, 0.152511473423)
(0.572402419525, 0.249833401963)
(0.349421518985, 0.258607905859)
(0.398169410214, 0.187127111829)
(0.510443184645, 0.332395267506)
(0.403955151047, 0.233439412809)
(0.21464012692, 0.0987192780989)
(0.137510772646, 0.088234319425)
(0.44367108203, 0.394619140183)
(0.597099622081, 0.329462390877)
(0.426323786809, 0.333152436304)
(0.177689562896, 0.119215291835)
(0.352871247567, 0.26765880292)
(0.392635574023, 0.253037687993)
(0.36801654877, 0.186834602523)
(0.164985130801, 0.105380227043)
(0.449507079699, 0.185808060433)
(0.411700908532, 0.348876839227)
(0.503884357156, 0.336845942384)
(0.523919462488, 0.32833893253)
(0.151598198447, 0.11363032195)
(0.388999709007, 0.193697640258)
(0.305231488576, 0.303415301502)
(0.134184514565, 0.169789358522)
(0.392334033, 0.284775898628)
(0.16139269762, 0.26674545222)
(0.580498113507, 0.338082858688)
(0.290827630837, 0.256272120908)
(0.308346792032, 0.18091186829)
(0.457424703159, 0.287656549627)
(0.373947476021, 0.282130301112)
(0.31791110248, 0.200331092125)
(0.259405318911, 0.212371154661)
(0.38564801228, 0.227685822817)
(0.358737027066, 0.189560742589)
(0.498148873161, 0.243573832937)
(0.782878053956, 0.623471579855)
(0.592362449828, 0.315820694889)
(0.177688942441, 0.129832920121)
(0.159186980873, 0.11654560861)
(0.561079119773, 0.481954860928)
(0.482626335451, 0.242922746086)
(0.218252414655, 0.195124395287)
(0.195108210416, 0.2059515578)
(0.314504185278, 0.344831746334)
(0.34319029162, 0.156545729654)
(0.503186965982, 0.295803142968)
(0.31393088506, 0.317891021904)
(0.373300341684, 0.267998406235)
(0.520858138598, 0.344465288788)
(0.293515440948, 0.255791443847)
(0.347995713898, 0.28575436787)
(0.536597835481, 0.32069691382)
(0.23241553594, 0.135234567164)
(0.070000328841, 0.045811216144)
(0.498078761771, 0.223067625384)
(0.521616334341, 0.26349032482)
(0.300917466485, 0.217082995836)
(0.328048713146, 0.275953559309)
(0.478116870103, 0.261697300385)
(0.633184031231, 0.506772508579)
(0.547508532804, 0.368729003268)
(0.189838687962, 0.143508223646)
(0.249744217517, 0.134372631252)
(0.437259302323, 0.259879359254)
(0.204949864151, 0.0917768245086)
(0.313914753236, 0.200784578961)
(0.243329335536, 0.23365212098)
(0.429533399391, 0.2671671212)
(0.320299232932, 0.219243812793)
(0.292978747562, 0.182279209817)
(0.397065621159, 0.3334375696)
(0.599661479872, 0.433406934623)
(0.481718610107, 0.249638669041)
(0.344330067053, 0.234035861643)
(0.205702475801, 0.136708416202)
(0.521815500325, 0.304415157359)
(0.137889250063, 0.0955183340095)
(0.202287492686, 0.138458400841)
(0.375234299237, 0.281113112853)
(0.500519010424, 0.38155040988)
(0.229583780319, 0.140834407782)
(0.333492583394, 0.364226024333)
(0.73998353313, 0.69386257236)
