[(39080.727272727272, 1709.5985789732499)]
[(37541.181818181816, 1927.9046384854751)]
[(41248.818181818184, 2023.7758041295137)]
[(34738.727272727272, 1869.3311243057251)]
[(37456.63636363636, 1667.415842186321)]
[(59627.590909090912, 2591.5976111563768)]
[(56381.454545454544, 3327.9613576585598)]
[(35355.36363636364, 1961.9777332002466)]
[(31133.636363636364, 1612.0406623320146)]
[(37562.090909090912, 1923.1733117103577)]
[(27019.409090909092, 1716.506102160974)]
[(61265.090909090912, 3139.971143614162)]
[(28896.727272727272, 1507.9190174666319)]
[(40854.36363636364, 1920.7793988748031)]
[(59086.86363636364, 2881.2330561876297)]
[(53350.727272727272, 2183.4045986478977)]
[(54977.181818181816, 2672.0185548825698)]
[(41403.5, 2088.0023879029536)]
[(37273.0, 1878.1548482179642)]
[(24248.636363636364, 1248.4988025318492)]
[(34181.454545454544, 1820.2282124215906)]
[(32235.18181818182, 1663.4445509368722)]
[(31615.31818181818, 1588.1594412435186)]
[(62257.0, 2887.6530813087115)]
[(24062.454545454544, 1736.3048222064972)]
[(69703.818181818177, 3134.0709997307172)]
[(46631.36363636364, 2498.9169412309475)]
[(67079.318181818177, 2784.7963251092219)]
[(31654.409090909092, 1582.7398754249919)]
[(58596.454545454544, 2599.0011201338334)]
[(43825.63636363636, 1767.6613487547095)]
[(60179.909090909088, 2591.2814961996946)]
[(54773.63636363636, 2771.1593123566022)]
[(51732.909090909088, 2154.6420767957516)]
[(65266.954545454544, 3328.8795854069972)]
[(33910.36363636364, 1671.3770779913123)]
[(36724.818181818184, 1976.3877028768713)]
[(63770.818181818184, 2859.128117279573)]
[(51444.454545454544, 2353.9866005507383)]
[(52878.545454545456, 2537.4989431337876)]
[(44103.272727272728, 2148.3934347846293)]
[(35224.63636363636, 1781.3039832765405)]
[(63596.772727272728, 2421.2642512646589)]
[(28489.409090909092, 1644.0283900499344)]
[(38185.272727272728, 2071.7152511856771)]
[(45259.545454545456, 1894.7245778387244)]
[(51444.454545454544, 2353.9866005507383)]
[(55196.818181818184, 2539.5751732912931)]
[(47798.0, 2482.4436627951536)]
[(48314.318181818184, 1899.6815697821703)]
[(69816.045454545456, 3546.4914044792004)]
[(41679.63636363636, 2159.2561923807316)]
[(49380.772727272728, 2199.3205298835583)]
[(50171.409090909088, 2576.7968640869312)]
[(47332.909090909088, 2227.7481241226196)]
[(39880.13636363636, 1790.8666030818765)]
[(24484.954545454544, 1366.6964080658827)]
[(47154.090909090912, 2715.4173606959257)]
[(25492.68181818182, 1461.5538133816285)]
[(53167.090909090912, 2536.9584612412887)]
[(42875.818181818184, 1762.3262313279238)]
[(54975.63636363636, 2802.5627111955123)]
[(34572.227272727272, 1520.0302272601562)]
[(48187.409090909088, 2120.7854002714157)]
[(48911.954545454544, 2496.6730023839259)]
[(43975.681818181816, 2277.0812942006373)]
[(44103.272727272728, 2148.3934347846293)]
[(42695.318181818184, 1966.0968917391517)]
[(32913.545454545456, 1442.5379463542592)]
[(38593.545454545456, 1721.8630083365874)]
[(23828.636363636364, 1513.648696845228)]
[(34338.818181818184, 2111.6582133119755)]
[(38593.545454545456, 1721.8630083365874)]
[(57693.681818181816, 2869.6956300627103)]
[(34262.272727272728, 2079.0447468432512)]
[(37119.272727272728, 2219.4780729900708)]
[(35195.227272727272, 1899.6005263220179)]
[(42875.818181818184, 1762.3262313279238)]
[(33068.63636363636, 1528.6030923236501)]
[(31994.727272727272, 1707.4180590239439)]
[(63388.090909090912, 2541.7160104404797)]
[(66286.045454545456, 2735.8427380973644)]
[(47030.409090909088, 2321.6841662471943)]
[(45702.590909090912, 2488.2438404234972)]
[(29954.68181818182, 1502.9907342737372)]
[(52900.0, 2412.4076544154773)]
[(58181.818181818184, 2191.6412378657947)]
[(51188.63636363636, 1859.2152113481002)]
[(58342.909090909088, 2624.0693218708038)]
[(34572.227272727272, 1520.0302272601562)]
[(29954.68181818182, 1502.9907342737372)]
[(43406.681818181816, 2018.3615905913439)]
[(47477.045454545456, 2265.4346056309614)]
[(49508.13636363636, 1924.522159002044)]
[(58916.86363636364, 3078.2388677705417)]
[(64757.86363636364, 3135.098869551312)]
[(35813.409090909088, 1529.5903607390144)]
[(52677.0, 3018.4792915474286)]
[(31762.590909090908, 1699.5030463933945)]
[(23081.31818181818, 1632.3737527348778)]
[(50087.318181818184, 2600.9661404978146)]
[(67484.818181818177, 3010.6262402317739)]
[(46543.545454545456, 2401.9595696601)]
[(41195.227272727272, 2487.0013896226883)]
[(66904.5, 2938.4950788996434)]
[(31994.727272727272, 1707.4180590239439)]
[(57332.909090909088, 2169.3425881212406)]
[(37629.818181818184, 1456.9395876581018)]
[(36844.318181818184, 1802.0187142328782)]
[(31149.136363636364, 1418.722250862555)]
[(62287.545454545456, 2927.9917934807863)]
[(64161.0, 3324.7163103927264)]
[(29004.18181818182, 1216.7303589582443)]
[(46543.545454545456, 2401.9595696601)]
[(58959.954545454544, 3291.3960617130451)]
[(50579.409090909088, 2501.1431453769856)]
[(39733.772727272728, 2478.5923385511746)]
[(40322.954545454544, 2145.6485374949193)]
[(21055.136363636364, 1145.6327993544664)]
[(71030.090909090912, 3347.5735563581638)]
[(50766.86363636364, 2291.8174342784014)]
[(27558.68181818182, 1445.899176066572)]
[(44139.86363636364, 1962.1998832984405)]
[(51385.272727272728, 2242.4264670718799)]
[(68620.5, 3698.8487699573689)]
[(54033.090909090912, 1878.1791232932699)]
[(53281.13636363636, 2667.3912484103985)]
[(24545.5, 1495.5049937421625)]
[(34721.227272727272, 1844.5452459833839)]
[(28441.81818181818, 1388.5038853233511)]
[(28188.18181818182, 1603.6471291238611)]
[(37462.318181818184, 1935.2662478251891)]
[(47547.681818181816, 2309.6280469786038)]
[(54932.0, 2308.6278571649032)]
[(39930.5, 1688.0341219576922)]
[(50969.590909090912, 2643.0013896226883)]
[(57532.36363636364, 3248.2042677619243)]
[(38593.545454545456, 1721.8630083365874)]
[(38023.909090909088, 1746.4982635541396)]
[(42146.590909090912, 2177.4587705677204)]
[(35626.0, 1836.2767625722017)]
[(48418.0, 2272.4063561829653)]
[(51444.454545454544, 2353.9866005507383)]
[(41104.227272727272, 1891.1124892776663)]
[(63639.727272727272, 3256.3379154205322)]
[(41814.5, 1672.6772157820787)]
[(14666.818181818182, 1380.3898095759478)]
[(47691.772727272728, 2150.6004466468639)]
[(39693.590909090912, 2066.928454258225)]
[(28382.18181818182, 1671.6654028025541)]
[(58181.13636363636, 2636.2949870391326)]
[(67358.045454545456, 3050.8688808462834)]
[(19469.727272727272, 1109.2190451188521)]
[(62985.318181818184, 2821.1822891993957)]
[(47030.409090909088, 2321.6841662471943)]
[(63639.727272727272, 3256.3379154205322)]
[(38185.272727272728, 2071.7152511856771)]
[(63567.318181818184, 3292.3555399829693)]
[(47547.681818181816, 2309.6280469786038)]
[(51156.227272727272, 1686.4979940652847)]
[(40303.63636363636, 1811.8217578151009)]
[(42695.318181818184, 1966.0968917391517)]
[(23799.045454545456, 1104.7776108763435)]
[(28501.454545454544, 1756.3454236117277)]
[(47656.409090909088, 2400.8526037281208)]
[(57716.818181818184, 2930.2600074031138)]
[(41104.227272727272, 1891.1124892776663)]
[(57693.681818181816, 2869.6956300627103)]
[(35711.181818181816, 2100.4224130240354)]
[(61288.954545454544, 3554.7252878817644)]
[(58181.13636363636, 2636.2949870391326)]
[(47698.590909090912, 2161.2407846559177)]
[(42987.86363636364, 2502.7473953312092)]
[(38960.318181818184, 2135.8918272256851)]
[(43356.818181818184, 2219.9063163453884)]
[(54932.0, 2308.6278571649032)]
[(44093.63636363636, 1896.0102265097878)]
[(46440.0, 2005.4143846035004)]
[(24448.090909090908, 1571.8307845159011)]
[(26199.454545454544, 1573.4488744735718)]
[(44158.590909090912, 1622.2827639688146)]
[(37382.954545454544, 1875.7480139840734)]
[(36766.772727272728, 1618.2240482351997)]
[(57823.954545454544, 2550.53308383985)]
[(34616.63636363636, 1650.2282124215906)]
[(56133.818181818184, 3087.3887620839205)]
[(38023.909090909088, 1746.4982635541396)]
[(62257.0, 2887.6530813087115)]
[(26849.81818181818, 1979.548840728673)]
[(37915.181818181816, 2147.3097151842985)]
[(63770.818181818184, 2859.128117279573)]
[(73485.681818181823, 3729.0407537221909)]
[(28631.590909090908, 1531.1335187716918)]
[(45019.954545454544, 2363.6690280112352)]
[(57574.545454545456, 2420.7271743037486)]
[(26189.18181818182, 1298.1922040419145)]
[(60095.090909090912, 3324.6373244198885)]
[(56877.681818181816, 2439.2861993637953)]
[(59216.454545454544, 2725.2938786203213)]
[(55514.545454545456, 3184.8058415759692)]
[(19469.727272727272, 1109.2190451188521)]
[(32863.181818181816, 1550.7679350592873)]
[(54222.045454545456, 2904.1421470967207)]
[(34909.318181818184, 2131.885715690526)]
[(41119.909090909088, 1935.8422483314168)]
[(32275.136363636364, 2166.8339504220271)]
[(52259.545454545456, 3445.1030337377028)]
[(38593.545454545456, 1721.8630083365874)]
[(33705.818181818184, 1832.2005324146965)]
[(45737.0, 2103.3488590067082)]
[(54033.090909090912, 1878.1791232932699)]
[(28932.5, 1383.7891543670135)]
[(36159.86363636364, 1808.2297801429575)]
[(41039.318181818184, 1858.2292411652479)]
[(38593.545454545456, 1721.8630083365874)]
[(50763.86363636364, 2081.3602126836777)]
[(42057.36363636364, 2007.3453439365733)]
[(41403.5, 2088.0023879029536)]
[(58016.727272727272, 2668.9112093231893)]
[(39613.36363636364, 1500.0482314499941)]
[(41248.818181818184, 2023.7758041295137)]
[(19294.18181818182, 1129.0567988482389)]
[(25611.545454545456, 1429.6738905256445)]
[(35852.909090909088, 1761.670216105201)]
[(65035.5, 4055.7929506410251)]
[(31454.727272727272, 1300.0088181387293)]
[(36107.13636363636, 1996.9899258071725)]
[(36017.63636363636, 2204.2084811600771)]
[(51359.181818181816, 2660.1830179908061)]
[(29411.545454545456, 1869.2939278320832)]
[(28904.090909090908, 1819.4757460139015)]
[(50822.090909090912, 2662.9027216000991)]
[(25004.545454545456, 1474.3318530971353)]
[(31568.772727272728, 1757.4140049760992)]
[(57019.045454545456, 2828.5628213340588)]
[(43543.454545454544, 2096.9183988137679)]
[(55965.090909090912, 2378.7107378352771)]
[(61708.545454545456, 2776.2948769005861)]
[(37201.090909090912, 1836.3458032391288)]
[(49226.681818181816, 2785.9398383985867)]
[(46162.181818181816, 1796.3039036013863)]
[(41403.5, 2088.0023879029536)]
[(49024.181818181816, 2411.5011599714107)]
[(56604.318181818184, 2676.0695913596587)]
[(39788.772727272728, 1716.8732535947454)]
[(35852.909090909088, 1761.670216105201)]
[(44361.818181818184, 2480.6893287138505)]
[(41599.409090909088, 2351.4550961472773)]
[(37350.454545454544, 1883.8337606083262)]
[(46440.0, 2005.4143846035004)]
[(26986.454545454544, 1067.0457146601243)]
[(50034.454545454544, 2949.7226609533482)]
[(42607.63636363636, 2229.7673164064236)]
[(43714.909090909088, 1823.6764869906685)]
[(55703.272727272728, 2926.3116929964585)]
[(66219.227272727279, 3371.8652861009946)]
[(28999.954545454544, 1623.7911017157815)]
[(31865.68181818182, 1471.3455032868819)]
[(36391.772727272728, 2010.4476067044518)]
[(46141.909090909088, 2729.8919373642316)]
[(24487.363636363636, 1182.3323920748451)]
[(37382.954545454544, 1875.7480139840734)]
[(51188.63636363636, 1859.2152113481002)]
[(42157.090909090912, 2023.0053335319865)]
[(44112.409090909088, 1771.5900912501595)]
[(60340.090909090912, 2906.9645727764478)]
[(42695.318181818184, 1966.0968917391517)]
[(46640.227272727272, 2215.6333992589603)]
[(60842.63636363636, 2687.9735198020935)]
[(39935.5, 2354.5620620792561)]
[(51188.590909090912, 2560.032125397162)]
[(30791.31818181818, 1148.7022993239489)]
[(48097.272727272728, 2221.6554574966431)]
[(47716.954545454544, 1980.3820811076598)]
[(54773.63636363636, 2771.1593123566022)]
[(31396.0, 1288.1209465373647)]
[(32332.363636363636, 1847.9720012924888)]
[(30894.590909090908, 1522.3947822289033)]
[(22402.227272727272, 1278.3635871518743)]
[(47547.681818181816, 2309.6280469786038)]
[(48742.545454545456, 2660.9789517576046)]
[(44506.409090909088, 1851.6619978709655)]
[(42875.818181818184, 1762.3262313279238)]
[(34338.818181818184, 2111.6582133119755)]
[(28819.772727272728, 1411.9350743077018)]
[(56172.909090909088, 2686.4890775030308)]
[(65811.636363636368, 2703.5297585834155)]
[(35618.954545454544, 1773.0380963303826)]
[(32834.13636363636, 1607.6304231665351)]
[(34572.227272727272, 1520.0302272601562)]
[(52237.545454545456, 2355.6835171309385)]
[(48457.545454545456, 1962.040123354305)]
[(63770.818181818184, 2859.128117279573)]
[(53449.954545454544, 2176.5945553887973)]
[(50312.772727272728, 2861.0543734485454)]
[(38823.772727272728, 1894.6223947460001)]
[(33150.13636363636, 2013.3651853366332)]
[(21079.227272727272, 1401.4602281505411)]
[(47870.090909090912, 2325.975895990025)]
[(33956.090909090912, 1978.9189377914774)]
[(42761.090909090912, 2087.7600167772985)]
[(30957.636363636364, 1493.8871732733467)]
[(43407.318181818184, 2495.0076605081558)]
[(44861.318181818184, 2989.5853388742967)]
[(63770.818181818184, 2859.128117279573)]
[(34175.5, 1709.4672582908111)]
[(37438.954545454544, 1775.9966559951956)]
[(43811.772727272728, 1690.5127526738427)]
[(32954.409090909088, 2004.8634676391428)]
[(51207.13636363636, 2979.0953544811769)]
[(37756.909090909088, 1652.8042129278183)]
[(61720.818181818184, 2877.4565045183354)]
[(44988.86363636364, 2578.7839426885953)]
[(30777.090909090908, 1777.5289993286133)]
[(52940.5, 3081.9994727373123)]
[(50913.318181818184, 2760.5895827358418)]
[(28349.090909090908, 1627.9269662120125)]
[(61084.272727272728, 2719.7863493399186)]
[(38029.409090909088, 1892.4957772276618)]
[(33684.818181818184, 1818.2678952217102)]
[(52925.5, 1856.7957252047279)]
[(38848.954545454544, 2122.5847694331951)]
[(45886.090909090912, 2284.3496979366651)]
[(29238.590909090908, 1681.146440170028)]
[(19469.727272727272, 1109.2190451188521)]
[(46294.954545454544, 2709.3115031827579)]
[(36817.318181818184, 1558.6409379135478)]
[(41104.227272727272, 1891.1124892776663)]
[(28297.454545454544, 1456.9094213247299)]
[(44103.272727272728, 2148.3934347846293)]
[(44103.272727272728, 2148.3934347846293)]
[(34171.318181818184, 1854.8344893997366)]
[(43625.86363636364, 2179.0371777252717)]
[(50087.318181818184, 2600.9661404978146)]
[(37168.0, 2211.738338167017)]
[(41478.13636363636, 1601.2053152539513)]
[(25402.409090909092, 1209.9870293899016)]
[(18020.090909090908, 933.82218665426433)]
[(34403.454545454544, 1875.8667928955772)]
[(28704.772727272728, 1532.9758655266328)]
[(36351.590909090912, 1524.7298199805346)]
[(62065.090909090912, 2797.3389137007975)]
[(64192.090909090912, 3129.8570678667588)]
[(36375.727272727272, 2373.592148737474)]
[(37776.409090909088, 1672.6197982809761)]
[(39043.5, 2350.1543092402544)]
[(29234.136363636364, 1310.5101562088187)]
[(40854.36363636364, 1920.7793988748031)]
[(79246.863636363632, 3752.2876381982455)]
[(39034.5, 1726.8010774850845)]
[(46934.727272727272, 2518.2092404148793)]
[(29162.68181818182, 1629.511913743886)]
[(62536.13636363636, 2972.4131168343806)]
[(27705.0, 1364.2082608829844)]
[(42607.63636363636, 2229.7673164064236)]
[(58630.090909090912, 2478.000281203877)]
[(39020.772727272728, 1833.335288492116)]
[(61402.13636363636, 3382.0225597186522)]
[(49709.954545454544, 2759.1860737583852)]
[(48917.681818181816, 2194.2059948335996)]
[(32913.545454545456, 1442.5379463542592)]
[(46522.090909090912, 2631.9873598055406)]
[(48582.454545454544, 2719.1678000796924)]
[(61265.090909090912, 3139.971143614162)]
[(34370.5, 1694.1834468299692)]
[(39080.727272727272, 1709.5985789732499)]
[(40498.681818181816, 1926.5077800208871)]
[(50119.818181818184, 2965.4984041560779)]
[(68134.863636363632, 2959.3128014152699)]
[(46296.318181818184, 2476.2478944713421)]
[(41507.86363636364, 1718.4900453199041)]
[(39344.045454545456, 1665.1839061325247)]
[(42875.818181818184, 1762.3262313279238)]
[(42875.818181818184, 1762.3262313279238)]
[(41038.818181818184, 2023.7691536166451)]
[(57019.045454545456, 2828.5628213340588)]
[(18038.136363636364, 1354.9825160395014)]
[(33684.818181818184, 1818.2678952217102)]
[(46543.545454545456, 2401.9595696601)]
[(45957.272727272728, 2040.6221252571452)]
[(37797.818181818184, 2395.6353466077285)]
[(21803.090909090908, 1208.3356376561251)]
[(65072.227272727272, 3288.6340788386083)]
[(46543.545454545456, 2401.9595696601)]
[(62194.63636363636, 3131.3090168562803)]
[(35195.227272727272, 1899.6005263220179)]
[(44988.86363636364, 2578.7839426885953)]
[(31166.090909090908, 1563.4882877848365)]
[(37217.0, 1952.9839244105599)]
[(45259.545454545456, 1894.7245778387244)]
[(49024.181818181816, 2411.5011599714107)]
[(42875.818181818184, 1762.3262313279238)]
[(40039.454545454544, 2414.1896685036745)]
[(46543.545454545456, 2401.9595696601)]
[(37920.0, 1658.0041149746287)]
[(26925.954545454544, 1568.0662356398323)]
[(35195.227272727272, 1899.6005263220179)]
[(34175.5, 1709.4672582908111)]
[(50679.045454545456, 2271.992601947351)]
[(48367.045454545456, 2202.3443456563082)]
[(47656.409090909088, 2400.8526037281208)]
[(34262.272727272728, 2079.0447468432512)]
[(45397.13636363636, 2382.5513575185428)]
[(44439.5, 2631.1176822077146)]
[(63811.727272727272, 3381.9742790568957)]
[(53853.0, 2484.9481363079763)]
[(24621.727272727272, 1320.7347926334901)]
[(47839.86363636364, 2276.4542572173204)]
[(46150.818181818184, 2269.7601269158449)]
[(43825.63636363636, 1767.6613487547095)]
[(58181.13636363636, 2636.2949870391326)]
[(41104.227272727272, 1891.1124892776663)]
[(18879.136363636364, 1245.4607671282508)]
[(52492.545454545456, 2583.0203124176373)]
[(46543.545454545456, 2401.9595696601)]
[(21555.136363636364, 1278.0727760141547)]
[(48933.318181818184, 2653.8480903777208)]
[(34685.0, 2021.7602862661536)]
[(36885.727272727272, 2006.2707611755891)]
[(19469.727272727272, 1109.2190451188521)]
[(34262.272727272728, 2079.0447468432512)]
[(20458.5, 1279.3357173312795)]
[(51248.818181818184, 2054.036987911571)]
[(52237.545454545456, 2355.6835171309385)]
[(37629.818181818184, 1456.9395876581018)]
[(63992.909090909088, 3166.6088851581922)]
[(48071.772727272728, 2666.1881007823076)]
[(27814.090909090908, 1324.7978319038045)]
[(50152.409090909088, 2484.9007742513309)]
[(43538.454545454544, 1621.5179151404989)]
[(47656.409090909088, 2400.8526037281208)]
[(34494.5, 1454.1112707203085)]
[(37350.454545454544, 1883.8337606083262)]
[(19469.727272727272, 1109.2190451188521)]
[(70006.090909090912, 2882.4516115405345)]
[(54462.772727272728, 2165.4364428411832)]
[(39344.045454545456, 1665.1839061325247)]
[(63811.727272727272, 3381.9742790568957)]
[(45896.5, 1731.9711928259242)]
[(24484.954545454544, 1366.6964080658827)]
[(38100.36363636364, 2021.7348230968821)]
[(54033.090909090912, 1878.1791232932699)]
[(51429.090909090912, 2145.4068154855208)]
[(54690.0, 2798.6415378180418)]
[(35626.0, 1836.2767625722017)]
[(35936.045454545456, 2062.8360571211033)]
[(63811.727272727272, 3381.9742790568957)]
[(29038.545454545456, 1539.5515965440056)]
[(57716.818181818184, 2930.2600074031138)]
[(58685.227272727272, 2375.3035544373774)]
[(31213.454545454544, 2149.4594196839766)]
[(24041.0, 1313.0413911234248)]
[(61265.090909090912, 3139.971143614162)]
[(23808.545454545456, 1224.6222846074538)]
[(60404.454545454544, 2753.0969222025437)]
[(41248.818181818184, 2023.7758041295137)]
[(28896.727272727272, 1507.9190174666319)]
[(48294.590909090912, 2330.6382922367616)]
[(55005.63636363636, 2970.1869126883421)]
[(38105.63636363636, 1888.09180894765)]
[(51143.0, 2099.7187662558122)]
[(39979.227272727272, 2149.7590981721878)]
[(63794.13636363636, 3219.0689727067947)]
[(33465.63636363636, 1519.5027769045396)]
[(26320.909090909092, 1026.786478226835)]
[(44682.272727272728, 2370.4290635369039)]
[(56658.318181818184, 2727.5789578502827)]
[(53661.681818181816, 2575.4510420994325)]
[(56289.5, 2772.9497040293431)]
[(48741.818181818184, 1909.8823107589376)]
[(33393.5, 1625.2623531276529)]
[(51156.227272727272, 1686.4979940652847)]
[(36643.454545454544, 1826.3961905999618)]
[(33684.818181818184, 1818.2678952217102)]
[(63036.63636363636, 3674.8173053914852)]
[(46543.545454545456, 2401.9595696601)]
[(43050.954545454544, 1885.1231938383796)]
[(37920.0, 1658.0041149746287)]
[(44800.818181818184, 2052.5490305423737)]
[(46440.0, 2005.4143846035004)]
[(28896.727272727272, 1507.9190174666319)]
[(56077.818181818184, 3066.1588530540466)]
[(43785.13636363636, 1907.84068061005)]
[(26986.454545454544, 1067.0457146601243)]
[(31994.727272727272, 1707.4180590239439)]
[(21965.545454545456, 1298.4830151796341)]
[(63270.0, 3109.9574629610233)]
[(28796.636363636364, 1693.3685902682219)]
[(26926.136363636364, 1381.7583389173853)]
[(31198.363636363636, 1793.096052809195)]
[(32913.545454545456, 1442.5379463542592)]
[(24041.0, 1313.0413911234248)]
[(44978.590909090912, 2397.1021643443542)]
[(42303.545454545456, 2466.2284326986833)]
[(41403.5, 2088.0023879029536)]
[(31842.454545454544, 1648.5896319476042)]
[(35232.181818181816, 1603.8358673074029)]
[(63992.909090909088, 3166.6088851581922)]
[(53054.227272727272, 2200.3758102221923)]
[(49174.727272727272, 2219.4941298311405)]
[(24702.5, 1035.1437335664575)]
[(43602.090909090912, 1845.8337606083262)]
[(32202.68181818182, 1572.2102082317526)]
[(42930.63636363636, 2319.4780729900708)]
[(63811.727272727272, 3381.9742790568957)]
[(63811.727272727272, 3381.9742790568957)]
[(51725.045454545456, 2588.1471197496762)]
[(65283.818181818184, 2902.0233681852169)]
[(30321.090909090908, 1209.7673656181855)]
[(65216.681818181816, 2971.6764377789063)]
[(27747.81818181818, 1353.7151410471308)]
[(47547.681818181816, 2309.6280469786038)]
[(58888.454545454544, 2943.9953085509214)]
[(39132.181818181816, 1993.0326339114797)]
[(46394.681818181816, 1947.4552554975855)]
[(48534.454545454544, 2227.7673164064236)]
[(66683.272727272721, 3920.3724662173877)]
[(51207.13636363636, 2979.0953544811769)]
[(28896.727272727272, 1507.9190174666319)]
[(36927.045454545456, 1890.1636054299095)]
[(42998.318181818184, 2423.359294078567)]
[(41807.772727272728, 2189.6837866197934)]
[(28819.772727272728, 1411.9350743077018)]
[(27747.81818181818, 1353.7151410471308)]
[(21616.454545454544, 1467.3575060801072)]
[(43538.454545454544, 1621.5179151404989)]
[(38237.909090909088, 1585.4510913111947)]
[(56227.86363636364, 2271.3976786461744)]
[(58181.13636363636, 2636.2949870391326)]
[(43694.36363636364, 2235.1077861135655)]
[(60793.545454545456, 2896.3353189555082)]
[(35594.545454545456, 1553.1854738538916)]
[(67272.363636363632, 3973.3426490480251)]
[(37350.454545454544, 1883.8337606083262)]
[(32275.136363636364, 2166.8339504220271)]
[(51745.272727272728, 2433.1002169955859)]
[(40417.727272727272, 1820.9479160308838)]
[(28387.454545454544, 1502.350396264683)]
[(53161.272727272728, 2231.7017908096313)]
[(53402.318181818184, 2132.3156369057569)]
[(64041.090909090912, 3129.5620925426483)]
[(26926.545454545456, 1098.7849105054681)]
[(43406.681818181816, 2018.3615905913439)]
[(21055.136363636364, 1145.6327993544664)]
[(41478.13636363636, 1601.2053152539513)]
[(59678.681818181816, 2769.6983858780427)]
[(58181.13636363636, 2636.2949870391326)]
[(40376.681818181816, 1708.2609752199867)]
[(66680.363636363632, 3186.9007250395689)]
[(51156.227272727272, 1686.4979940652847)]
[(45349.045454545456, 2313.0825924331493)]
[(21055.136363636364, 1145.6327993544664)]
[(64261.818181818184, 2967.8116531588817)]
[(32332.363636363636, 1847.9720012924888)]
[(57129.772727272728, 2374.2884958765721)]
[(46522.090909090912, 2631.9873598055406)]
[(55191.181818181816, 2750.9570036584682)]
[(62162.181818181816, 2344.5292992808604)]
[(54489.045454545456, 2981.1376337463207)]
[(46543.545454545456, 2401.9595696601)]
[(46289.590909090912, 2116.6918150403285)]
[(61708.545454545456, 2776.2948769005861)]
[(61265.090909090912, 3139.971143614162)]
[(51406.090909090912, 2582.5167575099254)]
[(59216.454545454544, 2725.2938786203213)]
[(44865.454545454544, 1981.0913496450944)]
[(65111.590909090912, 3111.1300646283412)]
[(65295.36363636364, 3008.1566362164235)]
[(30957.636363636364, 1493.8871732733467)]
[(30547.0, 1608.7875069704924)]
[(32275.136363636364, 2166.8339504220271)]
[(68273.5, 3235.2031593431125)]
[(34175.5, 1709.4672582908111)]
[(63498.272727272728, 3619.8306860923767)]
[(33408.318181818184, 1827.9578918001869)]
[(13250.545454545454, 795.89684909040272)]
[(63438.772727272728, 3263.0916800607333)]
[(55860.227272727272, 2131.6963283907285)]
[(41320.0, 2250.3519147742877)]
[(61265.090909090912, 3139.971143614162)]
[(32275.136363636364, 2166.8339504220271)]
[(32863.181818181816, 1550.7679350592873)]
[(36845.13636363636, 1655.1813096675005)]
[(32393.727272727272, 1842.2972530885177)]
[(33827.227272727272, 1656.6863526214254)]
[(41104.227272727272, 1891.1124892776663)]
[(31994.727272727272, 1707.4180590239439)]
[(33684.818181818184, 1818.2678952217102)]
[(59196.227272727272, 2773.6038820418444)]
[(21055.136363636364, 1145.6327993544664)]
[(46543.545454545456, 2401.9595696601)]
[(28896.727272727272, 1507.9190174666319)]
[(57998.090909090912, 2562.5007006688552)]
[(34262.272727272728, 2079.0447468432512)]
[(31865.68181818182, 1471.3455032868819)]
[(35463.681818181816, 1772.8184325586665)]
[(56173.86363636364, 3336.3568382154813)]
[(52955.727272727272, 2372.1977765993638)]
[(55003.772727272728, 2505.3476709127426)]
[(37993.454545454544, 1942.2112369754097)]
[(55860.227272727272, 2131.6963283907285)]
[(60404.454545454544, 2753.0969222025437)]
[(28349.090909090908, 1627.9269662120125)]
[(57366.454545454544, 2455.0003608790312)]
[(51656.181818181816, 2496.8309251178393)]
[(58975.590909090912, 2548.6172627427363)]
[(32913.545454545456, 1442.5379463542592)]
[(43714.909090909088, 1823.6764869906685)]
[(28430.18181818182, 1480.3967295776713)]
[(26320.909090909092, 1026.786478226835)]
[(46986.818181818184, 2286.7508002627978)]
[(29959.545454545456, 1723.6471291238611)]
[(64998.454545454544, 2831.5194336501036)]
[(32226.954545454544, 1905.3170148134232)]
[(63813.5, 2848.9598696123471)]
[(19469.727272727272, 1109.2190451188521)]
[(65859.818181818177, 3303.1600716114044)]
[(40402.818181818184, 1502.9724605950441)]
[(59245.545454545456, 2826.6699770797381)]
[(37438.954545454544, 1775.9966559951956)]
[(56877.681818181816, 2439.2861993637953)]
[(36547.181818181816, 1596.5855778997595)]
[(41478.13636363636, 1601.2053152539513)]
[(61265.090909090912, 3139.971143614162)]
[(62257.0, 2887.6530813087115)]
[(53147.5, 2703.997794877399)]
[(30343.863636363636, 1817.0799959681251)]
[(68576.181818181823, 3584.009368831461)]
[(67391.545454545456, 2997.4107101830568)]
[(62130.954545454544, 3368.2982326204128)]
[(31396.0, 1288.1209465373647)]
[(36406.545454545456, 1864.4349547949705)]
[(24606.5, 1135.5215895609422)]
[(46440.0, 2005.4143846035004)]
[(33937.090909090912, 1572.5964418107812)]
[(59189.63636363636, 3031.9458397951994)]
[(50763.86363636364, 2081.3602126836777)]
[(32580.363636363636, 1666.8133497671647)]
[(42761.090909090912, 2087.7600167772985)]
[(38593.545454545456, 1721.8630083365874)]
[(36159.86363636364, 1808.2297801429575)]
[(38162.727272727272, 1820.5316754687917)]
[(61704.181818181816, 2528.0065520893445)]
[(36474.090909090912, 2396.5034564841876)]
[(63770.818181818184, 2859.128117279573)]
[(30221.31818181818, 1363.6218253048983)]
[(58119.0, 2289.3220976049251)]
[(42885.454545454544, 2278.3644565452228)]
[(36499.181818181816, 2476.4562045660887)]
[(29038.545454545456, 1539.5515965440056)]
[(33296.772727272728, 1798.1116503477097)]
[(63103.409090909088, 3091.1621783104811)]
[(61879.090909090912, 2692.9966864585876)]
[(19576.863636363636, 1058.7854494831779)]
[(29909.18181818182, 1909.9452398907054)]
[(49079.181818181816, 2269.0970815528522)]
[(45014.5, 2191.6614588932557)]
[(64990.727272727272, 4021.894754106348)]
[(56062.909090909088, 2432.3759203607387)]
[(36331.909090909088, 1729.8989065777171)]
[(53063.681818181816, 3186.4450711662121)]
[(26490.0, 1388.2224805138328)]
[(63813.5, 2848.9598696123471)]
[(48911.954545454544, 2496.6730023839259)]
[(51156.227272727272, 1686.4979940652847)]
[(50913.318181818184, 2760.5895827358418)]
[(35626.0, 1836.2767625722017)]
[(52310.727272727272, 2345.1469299359755)]
[(52882.0, 2547.8706875931134)]
[(26947.31818181818, 1555.4980737404389)]
[(30065.454545454544, 1631.1025931835175)]
[(33827.227272727272, 1656.6863526214254)]
[(57693.681818181816, 2869.6956300627103)]
[(46543.545454545456, 2401.9595696601)]
[(47600.0, 2578.0778095938945)]
[(47547.681818181816, 2309.6280469786038)]
[(30146.18181818182, 1770.45858075402)]
[(59194.13636363636, 3000.8083279024472)]
[(41518.909090909088, 1981.5485712398183)]
[(46543.545454545456, 2401.9595696601)]
[(19459.590909090908, 982.11586374586284)]
[(61927.409090909088, 3028.6095342744479)]
[(73776.227272727279, 3050.8042738546023)]
[(47482.13636363636, 2202.1868025497956)]
[(48294.590909090912, 2330.6382922367616)]
[(60404.454545454544, 2753.0969222025437)]
[(46294.954545454544, 2709.3115031827579)]
[(49709.954545454544, 2759.1860737583852)]
[(49219.772727272728, 2275.3829200376163)]
[(59810.409090909088, 2218.9783026413484)]
[(41478.13636363636, 1601.2053152539513)]
[(34616.13636363636, 1601.5484611012719)]
[(33639.13636363636, 1654.8158360936425)]
[(39261.954545454544, 1680.0117942311547)]
[(65125.454545454544, 2760.3402916084638)]
[(47658.545454545456, 2564.3790558034725)]
[(27747.81818181818, 1353.7151410471308)]
[(36246.772727272728, 1721.4209249778228)]
[(44988.86363636364, 2578.7839426885953)]
[(42875.818181818184, 1762.3262313279238)]
[(50630.409090909088, 2303.0246359543366)]
[(43811.772727272728, 1690.5127526738427)]
[(26986.454545454544, 1067.0457146601243)]
[(30653.31818181818, 1572.6834866675463)]
[(42823.318181818184, 2121.5902013887057)]
[(33718.954545454544, 1603.6001466946168)]
[(55860.227272727272, 2131.6963283907285)]
[(44932.318181818184, 2444.6462409821424)]
[(37618.727272727272, 1890.3788355263796)]
[(32834.13636363636, 1607.6304231665351)]
[(42695.318181818184, 1966.0968917391517)]
[(39694.181818181816, 2263.3385340733962)]
[(28325.772727272728, 1962.2871976440604)]
[(35564.409090909088, 2015.1824485497041)]
[(52310.727272727272, 2345.1469299359755)]
[(34175.5, 1709.4672582908111)]
[(32954.409090909088, 2004.8634676391428)]
[(32954.409090909088, 2004.8634676391428)]
[(30461.136363636364, 1801.7495817054403)]
[(54685.590909090912, 2147.3375053297391)]
[(55610.13636363636, 2664.2394067482514)]
[(40011.0, 1680.8489785194397)]
[(58814.272727272728, 2611.3763796632938)]
[(42875.818181818184, 1762.3262313279238)]
[(49197.227272727272, 2127.0438282381406)]
[(68755.272727272721, 2971.6802223378963)]
[(24677.5, 1150.7691231532531)]
[(50196.090909090912, 2152.2169688831677)]
[(65630.636363636368, 3073.6846560131421)]
[(51156.227272727272, 1686.4979940652847)]
[(22304.863636363636, 1335.8849564357238)]
[(30461.136363636364, 1801.7495817054403)]
[(52712.045454545456, 2172.2960649945521)]
[(26039.454545454544, 1406.2300496318123)]
[(47362.409090909088, 2202.7612353346562)]
[(26377.590909090908, 1569.6808105273681)]
[(33827.227272727272, 1656.6863526214254)]
[(45683.772727272728, 2379.7295809550719)]
[(39344.045454545456, 1665.1839061325247)]
[(37494.409090909088, 2005.3219874663787)]
[(54252.318181818184, 2212.7457174712963)]
[(44506.409090909088, 1851.6619978709655)]
[(34945.318181818184, 1944.8338402834806)]
[(58814.272727272728, 2611.3763796632938)]
[(32954.409090909088, 2004.8634676391428)]
[(41254.954545454544, 1983.9427535642278)]
[(55674.545454545456, 3064.0772706161847)]
[(55235.181818181816, 2888.6107223684139)]
[(52028.954545454544, 2459.8445753075862)]
[(46440.0, 2005.4143846035004)]
[(19469.727272727272, 1109.2190451188521)]
[(57693.681818181816, 2869.6956300627103)]
[(46983.13636363636, 2213.7808869210157)]
[(49024.181818181816, 2411.5011599714107)]
[(56076.590909090912, 3027.2655494971709)]
[(62065.090909090912, 2797.3389137007975)]
[(40489.318181818184, 1656.8483294031837)]
[(46809.0, 2720.6771665703168)]
[(21677.954545454544, 1232.6289351203225)]
[(57429.454545454544, 2370.7823749672284)]
[(54033.090909090912, 1878.1791232932699)]
[(60561.0, 2349.3457235639744)]
[(34659.454545454544, 1557.2652190815318)]
[(44794.545454545456, 1831.4763951301575)]
[(41288.727272727272, 1933.3818912939591)]
[(46440.0, 2005.4143846035004)]
[(36533.272727272728, 1716.0272019559686)]
[(34685.0, 2021.7602862661536)]
[(58181.13636363636, 2636.2949870391326)]
[(51188.63636363636, 1859.2152113481002)]
[(47798.0, 2482.4436627951536)]
[(55674.545454545456, 3064.0772706161847)]
[(48596.045454545456, 1844.5827119458806)]
[(51560.5, 2067.1606598008761)]
[(54938.227272727272, 2266.4675582430577)]
[(28896.727272727272, 1507.9190174666319)]
[(26926.136363636364, 1381.7583389173853)]
[(43303.045454545456, 1991.3456134254282)]
[(26039.454545454544, 1406.2300496318123)]
[(46640.227272727272, 2215.6333992589603)]
[(47902.86363636364, 2193.4471474018965)]
[(64895.772727272728, 2800.3204502084041)]
[(24489.863636363636, 1322.2094489769502)]
[(28904.090909090908, 1819.4757460139015)]
[(46440.0, 2005.4143846035004)]
[(50087.318181818184, 2600.9661404978146)]
[(43773.909090909088, 2851.0300983732395)]
[(47295.590909090912, 2785.7028195532885)]
[(57693.681818181816, 2869.6956300627103)]
[(56573.590909090912, 2501.9974152499981)]
[(52299.454545454544, 2517.0177159526133)]
[(32863.181818181816, 1550.7679350592873)]
[(57693.681818181816, 2869.6956300627103)]
[(59555.727272727272, 2387.2089404626327)]
[(25109.5, 1448.1805808760903)]
[(54773.63636363636, 2771.1593123566022)]
[(47355.090909090912, 2051.4666091745548)]
[(40998.090909090912, 1775.0298780961471)]
[(60307.181818181816, 3292.0870565717869)]
[(24484.954545454544, 1366.6964080658827)]
[(27357.545454545456, 1216.9783518531106)]
[(51156.227272727272, 1686.4979940652847)]
[(32954.409090909088, 2004.8634676391428)]
[(58688.590909090912, 2612.436363166029)]
[(30448.18181818182, 1994.8912577845833)]
[(52237.545454545456, 2355.6835171309385)]
[(50181.954545454544, 2722.2290818149395)]
[(43104.818181818184, 1756.0063318122518)]
[(41039.318181818184, 1858.2292411652479)]
[(43899.090909090912, 2129.1336289102383)]
[(43072.090909090912, 2062.0307170261035)]
[(21055.136363636364, 1145.6327993544664)]
[(29931.727272727272, 1724.928993235935)]
[(46631.36363636364, 2498.9169412309475)]
[(61265.090909090912, 3139.971143614162)]
[(27019.409090909092, 1716.506102160974)]
[(41478.13636363636, 1601.2053152539513)]
[(45829.545454545456, 2031.0071707422082)]
[(55082.181818181816, 2751.2702526612716)]
[(63639.727272727272, 3256.3379154205322)]
[(29941.954545454544, 1572.7231694676659)]
[(21555.136363636364, 1278.0727760141547)]
[(21651.772727272728, 1407.1142163493416)]
[(48659.090909090912, 2777.7199051380157)]
[(37020.818181818184, 1354.2082608829844)]
[(23790.909090909092, 1618.3563976612959)]
[(46440.0, 2005.4143846035004)]
[(27593.68181818182, 1656.0479619611394)]
[(31697.772727272728, 1858.1072166724639)]
[(64149.727272727272, 3538.4577230756931)]
[(64161.0, 3324.7163103927264)]
[(41440.090909090912, 1966.4128965572877)]
[(61835.227272727272, 3143.5573893785477)]
[(23745.68181818182, 1114.4017022306268)]
[(41104.227272727272, 1891.1124892776663)]
[(51188.63636363636, 1859.2152113481002)]
[(38345.545454545456, 1852.9643524993551)]
[(43538.454545454544, 1621.5179151404989)]
[(37462.318181818184, 1935.2662478251891)]
[(46205.36363636364, 2007.184016271071)]
[(55176.727272727272, 3228.7091209021482)]
[(59384.545454545456, 3234.3268312324176)]
[(37871.181818181816, 2053.8961507623844)]
[(52335.090909090912, 2894.1749098951168)]
[(57296.090909090912, 2587.9044791351666)]
[(57129.772727272728, 2374.2884958765721)]
[(42695.318181818184, 1966.0968917391517)]
[(53959.454545454544, 3121.1489874232898)]
[(45314.272727272728, 2704.0538040074434)]
[(38593.545454545456, 1721.8630083365874)]
[(31994.727272727272, 1707.4180590239439)]
[(30717.227272727272, 1828.5817933407698)]
[(21965.545454545456, 1298.4830151796341)]
[(53304.5, 2370.9814380840821)]
[(40832.045454545456, 1842.9744079438124)]
[(50763.86363636364, 2081.3602126836777)]
[(50034.454545454544, 2949.7226609533482)]
[(16693.81818181818, 1099.6000365560706)]
[(54346.63636363636, 3530.1382031874223)]
[(27019.409090909092, 1716.506102160974)]
[(57063.090909090912, 2593.7012518319216)]
[(52712.045454545456, 2172.2960649945521)]
[(37350.454545454544, 1883.8337606083262)]
[(61265.090909090912, 3139.971143614162)]
[(43811.772727272728, 1690.5127526738427)]
[(57608.409090909088, 3090.0612137751145)]
[(31771.636363636364, 1341.2134233496406)]
[(47547.681818181816, 2309.6280469786038)]
[(17319.863636363636, 1005.6867017854344)]
[(55674.545454545456, 3064.0772706161847)]
[(63811.727272727272, 3381.9742790568957)]
[(13250.545454545454, 795.89684909040272)]
[(57881.090909090912, 2659.8474412614651)]
[(61317.63636363636, 3100.3584059368482)]
[(46440.0, 2005.4143846035004)]
[(37119.318181818184, 1977.0380963303826)]
[(58181.13636363636, 2636.2949870391326)]
[(34856.409090909088, 1791.9793009216135)]
[(36168.0, 1698.9340760274367)]
[(46543.545454545456, 2401.9595696601)]
[(50357.36363636364, 2635.6202083717694)]
[(51156.227272727272, 1686.4979940652847)]
[(62194.63636363636, 3131.3090168562803)]
[(37176.0, 1853.6654028025541)]
[(63863.13636363636, 2961.687521967021)]
[(57693.681818181816, 2869.6956300627103)]
[(43538.454545454544, 1621.5179151404989)]
[(63811.727272727272, 3381.9742790568957)]
[(55674.545454545456, 3064.0772706161847)]
[(43538.454545454544, 1621.5179151404989)]
[(41786.5, 2303.9123177420011)]
[(30187.727272727272, 1765.9408062154596)]
[(48001.227272727272, 2503.8726349418812)]
[(47656.409090909088, 2400.8526037281208)]
[(19459.590909090908, 982.11586374586284)]
[(47656.409090909088, 2400.8526037281208)]
[(51156.227272727272, 1686.4979940652847)]
[(47400.090909090912, 2624.2810368971391)]
[(46448.090909090912, 1804.422952001745)]
[(24699.545454545456, 1560.9361827265132)]
[(53167.090909090912, 2536.9584612412887)]
[(53398.272727272728, 2595.2471656799316)]
[(35564.409090909088, 2015.1824485497041)]
[(50119.818181818184, 2965.4984041560779)]
[(50152.409090909088, 2484.9007742513309)]
[(57693.681818181816, 2869.6956300627103)]
[(62404.13636363636, 2717.4416357712312)]
[(56959.13636363636, 2338.2202144644475)]
[(37920.0, 1658.0041149746287)]
[(59810.409090909088, 2218.9783026413484)]
[(37462.318181818184, 1935.2662478251891)]
[(29038.545454545456, 1539.5515965440056)]
[(60757.909090909088, 2426.2075625549664)]
[(38939.227272727272, 1654.1326798417351)]
[(39069.0, 1583.7576898011293)]
[(69703.818181818177, 3134.0709997307172)]
[(47482.13636363636, 2202.1868025497956)]
[(66554.5, 2984.3296971862965)]
[(50763.86363636364, 2081.3602126836777)]
[(58016.727272727272, 2668.9112093231893)]
[(31825.863636363636, 1802.1192194656892)]
[(38022.272727272728, 1953.4880182959816)]
[(61091.181818181816, 2719.6946013190532)]
[(61328.590909090912, 2509.6618385206571)]
[(46440.0, 2005.4143846035004)]
[(33422.909090909088, 1788.1252208623018)]
[(57693.681818181816, 2869.6956300627103)]
[(55407.0, 3047.0131229270587)]
[(23808.545454545456, 1224.6222846074538)]
[(69824.954545454544, 2936.2414642355657)]
[(43538.454545454544, 1621.5179151404989)]
[(57998.090909090912, 2562.5007006688552)]
[(40011.0, 1680.8489785194397)]
[(56289.5, 2772.9497040293431)]
[(52059.590909090912, 2385.2001832506871)]
[(50913.318181818184, 2760.5895827358418)]
[(37824.409090909088, 2296.4062460444188)]
[(39344.045454545456, 1665.1839061325247)]
[(42186.86363636364, 2335.169906778769)]
[(36456.818181818184, 1946.1217057921669)]
[(44199.13636363636, 2311.0242563269353)]
[(31054.772727272728, 1760.930291468447)]
[(51625.272727272728, 3007.2907431775875)]
[(42875.818181818184, 1762.3262313279238)]
[(37430.272727272728, 1881.4492541009729)]
[(30140.727272727272, 1803.7426617037165)]
[(48534.454545454544, 2227.7673164064236)]
[(36904.86363636364, 1863.0194430242884)]
[(52135.590909090912, 2740.886395270174)]
[(51156.227272727272, 1686.4979940652847)]
[(38718.409090909088, 2046.4992922977967)]
[(60018.454545454544, 2359.942863702774)]
[(56565.454545454544, 2353.8839886188507)]
[(34616.63636363636, 1650.2282124215906)]
[(62654.5, 3092.0734860571947)]
[(26183.636363636364, 1447.2893840182912)]
[(54432.954545454544, 2429.2313783277164)]
[(40011.0, 1680.8489785194397)]
[(61704.181818181816, 2528.0065520893445)]
[(50645.772727272728, 2074.5496796586299)]
[(32913.545454545456, 1442.5379463542592)]
[(31762.590909090908, 1699.5030463933945)]
[(21753.772727272728, 1324.1493857990611)]
[(57958.318181818184, 3040.4317701404743)]
[(62257.0, 2887.6530813087115)]
[(36533.272727272728, 1716.0272019559686)]
[(46162.181818181816, 1796.3039036013863)]
[(51188.63636363636, 1859.2152113481002)]
[(51156.227272727272, 1686.4979940652847)]
[(40023.681818181816, 2045.9997914379294)]
[(47657.545454545456, 2197.4754765250468)]
[(60404.454545454544, 2753.0969222025437)]
[(61265.090909090912, 3139.971143614162)]
[(50152.409090909088, 2484.9007742513309)]
[(48097.272727272728, 2221.6554574966431)]
[(27064.727272727272, 1269.3615601279519)]
[(39935.5, 2354.5620620792561)]
[(37054.5, 1697.2926295995712)]
[(38848.954545454544, 2122.5847694331951)]
[(52310.727272727272, 2345.1469299359755)]
[(30899.590909090908, 1636.3759695725007)]
[(35355.36363636364, 1961.9777332002466)]
[(40854.36363636364, 1920.7793988748031)]
[(68576.181818181823, 3584.009368831461)]
[(35482.63636363636, 1870.89661006494)]
[(44103.272727272728, 2148.3934347846293)]
[(58181.13636363636, 2636.2949870391326)]
[(52237.545454545456, 2355.6835171309385)]
[(61836.13636363636, 2471.7504510987887)]
[(49445.090909090912, 2097.9201563488355)]
[(57366.454545454544, 2455.0003608790312)]
[(36893.181818181816, 1871.5182947679)]
[(30592.863636363636, 1591.7409838438034)]
[(41410.545454545456, 2249.2619242884898)]
[(62441.318181818184, 2786.9460296089001)]
[(44511.0, 2330.8216781399465)]
[(39112.045454545456, 2191.8464125178075)]
[(41478.13636363636, 1601.2053152539513)]
[(35224.63636363636, 1781.3039832765405)]
[(51622.409090909088, 2317.972111431035)]
