[(19.520106485449379, 10.505788129214521, 18.095053425766299)]
[(8.5944282460179728, 2.9052384085141791, 6.6981768211303709)]
[(16.19602311858279, 2.4185716366196446, 11.934107892535371)]
[(18.651221433177692, 9.4699349468187926, 19.050003416375581)]
[(8.1232492276210788, 4.43640733771743, 4.3272257577874749)]
[(16.670892170992303, 7.6510145172515571, 13.904983367452125)]
[(19.01264824370568, 2.9015477713279196, 17.182883426262347)]
[(14.771415961354254, 7.9013601518038765, 16.675361858538789)]
[(8.598118280030592, 4.8206155110276701, 7.1575153313307958)]
[(8.7679612632598598, 4.801334469697375, 2.2576483334939113)]
[(13.086886651814684, 5.5362457835237038, 12.141052466299968)]
[(19.183380231536503, 10.163913269557323, 18.436915067399383)]
[(19.051090602437345, 10.031602016371004, 18.569221204990669)]
[(8.1232492276210788, 5.5930574101301245, 3.3773691346527586)]
[(8.598118280030592, 2.4266010967355558, 9.5323448342941148)]
[(7.1735111228020552, 3.8359815527888652, 8.126652250326341)]
[(13.346808804125716, 6.2261744934744661, 12.587297763066442)]
[(13.346808804125713, 5.5983203735239213, 12.248105520987012)]
[(15.113318919938761, 9.4178133871337977, 17.15029017010615)]
[(14.771415961354254, 10.498851003206545, 14.773805121948413)]
[(16.179561008746834, 9.0593897402931844, 9.5514371850284157)]
[(18.972245570994207, 10.427690771496858, 17.69821945241187)]
[(8.5868870806657949, 5.7624608541008184, 10.512526409075184)]
[(15.364080239077193, 7.2938823228018661, 15.725505235404075)]
[(14.557548054823302, 8.6009078664362839, 16.414328142190492)]
[(10.007780071298182, 1.016708881891687, 10.486346577162138)]
[(13.112143804680532, 5.5109845021189932, 12.166312771019156)]
[(18.570368380630352, 2.892522125232134, 16.684387155672948)]
[(18.452427302753534, 10.382734208258588, 17.743174277479227)]
[(16.19602311858279, 7.9905235681003877, 11.315718044025285)]
[(18.899986890504962, 10.500694564805739, 17.770487150099715)]
[(16.653101830951478, 4.7835412216442847, 14.300720300701999)]
[(10.146916559522266, 6.2261744934744661, 8.2508588704646915)]
[(17.145761223401816, 3.412892382651822, 9.9899689671300589)]
[(17.620300053547496, 6.2261744934744661, 18.100477056713306)]
[(19.045237433039865, 9.497455232790843, 18.628419025104495)]
[(7.6213867801968123, 5.3032789516498191, 11.451150431297851)]
[(18.903437268745815, 9.5508012156210125, 17.767036341284353)]
[(15.246285013763764, 7.2891877360551609, 15.612389715601065)]
[(8.5884711974675234, 5.2666324848127735, 10.976222119730494)]
[(10.233915294617997, 6.2261744934744661, 8.6015805618936998)]
[(11.18278022165021, 2.1620054801184638, 9.3410942599277274)]
[(19.049272826400749, 9.5548372686080381, 17.62118258473377)]
[(15.719659992924676, 9.074360223558557, 15.726999495098863)]
[(18.095499328220839, 1.4767077475508281, 9.9112288959893196)]
[(18.858765645638272, 10.314192296691401, 17.811713538987149)]
[(15.246285013763764, 7.2891877360551609, 15.612389715601065)]
[(17.145761223401816, 2.9015477713279196, 16.679299179929838)]
[(8.3485241674949222, 3.376494445920283, 5.5267076404379338)]
[(15.715775091433018, 6.7011211680668303, 17.144910524120814)]
[(18.57305661699576, 10.028436565998399, 17.622529909841671)]
[(14.298556708275848, 8.1259611918439205, 16.200433546971432)]
[(10.02272543725913, 6.7216599624080642, 10.521831808405967)]
[(7.9489013356293619, 4.9757108606276601, 11.150591768686999)]
[(17.344498530599797, 3.1003175641627747, 13.15210156983661)]
[(8.0553486613271765, 4.801334469697375, 7.6517239387589839)]
[(9.5288440015596958, 5.7702433099397012, 9.0765088734610586)]
[(10.065333501477655, 3.8514411205126473, 9.0338954921598749)]
[(19.486875871343205, 4.7680984237088957, 17.15029017010615)]
[(14.749941724425236, 9.0973322881403949, 16.653884941828494)]
[(8.1232492276210788, 5.6212284235816359, 3.3773691346527586)]
[(12.39412457147256, 5.7512278188821018, 10.029311992078743)]
[(10.968996387868431, 6.229642214425855, 8.1301198372040542)]
[(15.014183596923006, 8.3581005480250674, 17.393088100775337)]
[(9.0729873324401051, 6.223842308265974, 9.0741767784226379)]
[(13.947037066147919, 8.7262875672884874, 16.200433546971432)]
[(10.233915294617997, 6.2261744934744661, 8.6015805618936998)]
[(8.5788403898677785, 4.801334469697375, 7.6517239387589839)]
[(18.996427379638675, 9.0758545410286491, 19.050003416375585)]
[(10.968996387868431, 6.229642214425855, 8.126652250326341)]
[(18.095499328220839, 9.5649175597338711, 17.625218481673507)]
[(9.2303300207684398, 6.2261744934744661, 9.2338711966659055)]
[(10.968996387868431, 6.229642214425855, 8.126652250326341)]
[(19.520106485449379, 10.031602016371004, 18.569221204990669)]
[(9.9745981170208218, 1.0498962600974115, 10.074498822667593)]
[(17.620630275811326, 1.037436228029109, 11.890404967115234)]
[(16.624532907602578, 4.801334469697375, 14.347085349288497)]
[(8.1232492276210788, 5.6212284235816359, 3.3773691346527586)]
[(19.010581016286576, 6.7011211680668303, 16.675361858538793)]
[(18.691524562051413, 9.1970305266614574, 19.050003416375585)]
[(17.331679911093495, 3.1905453679256381, 10.315351919581008)]
[(19.520106485449379, 3.8188466041435656, 17.182883426262347)]
[(13.140973394385238, 5.4821501999242397, 12.195145958383465)]
[(9.0714574708054396, 6.2261744934744661, 9.0765088734610586)]
[(14.758176992535439, 9.0758545410286491, 17.15029017010615)]
[(19.035882528364017, 6.7104776018971233, 16.684717930618095)]
[(14.296546908944741, 5.7512278188821018, 11.451915195414406)]
[(7.6483801752115674, 4.7942337182773844, 4.3343262346686959)]
[(15.710873188392018, 6.2364570517699027, 16.200433546971432)]
[(10.968996387868431, 6.229642214425855, 8.1301198372040542)]
[(14.758176992535439, 9.0758545410286491, 17.15029017010615)]
[(17.145761223401816, 2.9015477713279196, 16.678901660665147)]
[(15.710714300803646, 6.236615965330067, 16.664920790385374)]
[(19.520106485449379, 5.1288060725194171, 14.923117982160761)]
[(18.570368380630352, 9.0758545410286491, 15.606820721880009)]
[(18.346874793665169, 7.3995979619273058, 16.926768693259152)]
[(18.570368380630352, 9.5651370317934212, 18.085811531338997)]
[(7.2014678012438589, 2.8735865230823041, 9.9984053294254238)]
[(17.145761223401816, 7.681366731337417, 13.825791989134641)]
[(14.58338041192893, 7.8390808030024557, 17.338349184586203)]
[(16.635350040062676, 6.2617224341273676, 19.014456850124816)]
[(7.6445868312079686, 1.951654422143192, 6.2269390040569093)]
[(9.1242856722375159, 6.174867768440973, 9.0765088734610586)]
[(16.635350040062676, 5.7867757595350033, 18.575075104808224)]
[(19.520106485449379, 10.500694564805739, 18.087581339167642)]
[(18.691524562051413, 9.1970305266614574, 19.050003416375585)]
[(18.575429677641747, 10.025747890213376, 17.625218481673507)]
[(10.019111282739088, 7.1760678426591928, 8.6015805618936998)]
[(12.817908407222609, 3.8514411205126473, 10.501293808163133)]
[(19.520106485449379, 10.163913269557323, 18.436915067399383)]
[(14.108724419307089, 8.3138143829803575, 16.487515930434252)]
[(18.423735209444406, 10.354037424934599, 17.625218481673507)]
[(14.292898593937146, 9.5544501269828519, 16.204082317254169)]
[(9.1242856722375159, 6.174867768440973, 9.0765088734610586)]
[(15.236063116920823, 7.1862914103752757, 15.725505235404075)]
[(15.770687029669753, 10.975641239398103, 15.201037779095772)]
[(7.1479218018209449, 1.4767077475508281, 9.5770296993142985)]
[(14.290703773538512, 9.5508012156210125, 16.200433546971432)]
[(18.71824055617753, 10.500694564805739, 17.15029017010615)]
[(16.19602311858279, 6.292073948139282, 18.034249886469105)]
[(17.145761223401816, 11.347154410907551, 16.571932354540625)]
[(10.978391644125702, 4.801334469697375, 9.5514371850284157)]
[(18.862865336479221, 10.500694564805739, 18.100146793240867)]
[(19.033167768785248, 10.013676253049216, 17.637289652107849)]
[(14.087143438293433, 1.6861454473320547, 15.041147321616593)]
[(12.397070699306692, 6.3177628283349661, 9.6430219787779397)]
[(9.0729873324401051, 6.2261744934744661, 9.2552045816174466)]
[(3.8494277559354684, 12.875427937767558, 11.059756703312157)]
[(19.170094567911065, 3.726563576471166, 15.850377951262548)]
[(17.59384626683358, 5.3030695313865293, 15.698717884035815)]
[(14.968999480659827, 8.403292050092217, 17.15029017010615)]
[(7.9131550564706963, 4.536516308287343, 4.5373461466995515)]
[(9.9626135471670043, 1.0017610729584643, 10.086484888082159)]
[(18.836161968480905, 2.1607640622161304, 13.559965232763004)]
[(10.972463542078154, 5.122836116559677, 8.4481414668609958)]
[(15.363931071377552, 6.7011211680668303, 17.507557742946553)]
[(8.9694393654245239, 1.0017610729584643, 7.0732347383709904)]
[(10.968996387868431, 6.229642214425855, 8.126652250326341)]
[(15.212272642211342, 7.1760678426591928, 15.725505235404075)]
[(19.045663175491942, 9.551227027665032, 17.624792686092803)]
[(18.802391193795994, 9.5508012156210125, 17.868095025826808)]
[(13.181616670432849, 5.2762811442897384, 10.97622211973049)]
[(15.246285013763764, 7.2891877360551609, 15.612389715601065)]
[(7.8155383900211115, 5.4434666828118923, 3.6851183716493674)]
[(14.771415961354254, 8.6883101938269842, 16.587962910414038)]
[(3.3484954585599795, 12.400481263175196, 9.0765088734610586)]
[(1.4750824938879061, 1.0017610729584643, 7.6164389362504838)]
[(8.5302177137366755, 4.8692461350303766, 7.1767956271916251)]
[(15.204606299703771, 2.4682866236058327, 14.259036385533443)]
[(19.045237433039865, 10.163913269557323, 18.436915067399383)]
[(10.019111282739088, 6.7047359133572355, 8.6015805618936998)]
[(14.608827471256079, 8.2885762586866605, 15.250576923836716)]
[(19.045237433039865, 9.4928193802350478, 19.524931727942942)]
[(19.045237433039865, 3.8514411205126473, 14.578349269220826)]
[(13.140973394385238, 5.4821501999242397, 12.195145958383465)]
[(14.771415961354254, 8.6883101938269842, 16.587962910414038)]
[(18.095499328220839, 1.4767077475508281, 9.9112288959893196)]
[(18.921355387122258, 10.025747890213376, 17.625218481673507)]
[(9.9626135471670043, 1.0017610729584643, 10.086484888082159)]
[(8.1232492276210788, 4.3263877951050107, 4.4610122863877244)]
[(19.268834408289766, 10.025747890213376, 17.401593603639917)]
[(8.5788403898677785, 4.801334469697375, 7.6517239387589839)]
[(10.020101320252358, 7.1734432967137725, 7.6517239387589839)]
[(14.671167797130718, 8.7011724172432263, 16.200433546971432)]
[(19.045237433039865, 9.4928193802350567, 19.107983009990093)]
[(17.145761223401816, 11.450587913990468, 16.531923567513136)]
[(7.8155383900211115, 5.4434666828118923, 3.6851183716493674)]
[(19.520106485449379, 10.031602016371004, 18.569221204990669)]
[(7.6367246284550729, 4.8129919216716903, 8.6015805618936998)]
[(16.635793425423003, 1.0368655557751822, 13.385966803127429)]
[(10.019111282739088, 6.7047359133572355, 8.6015805618936998)]
[(9.7943280050987926, 2.6731130052812171, 6.7018673156242681)]
[(16.680233176151049, 5.7418852868409314, 18.100146793240867)]
[(8.598118280030592, 4.3263877951050107, 1.961166861796332)]
[(14.296546908944741, 8.8390763230033773, 16.675361858538793)]
[(18.836161968480905, 2.1607640622161304, 13.559965232763004)]
[(19.045237433039865, 2.9015477713279196, 16.692111778159948)]
[(8.3343436203202685, 5.5400989206545663, 3.1662483993737069)]
[(16.670892170992303, 4.7912897569959174, 14.765604287930049)]
[(8.4568440565359353, 2.5678984129408295, 9.4101453318493924)]
[(12.871939751716203, 3.376494445920283, 11.272321681979628)]
[(18.696582362985552, 8.9496199277126269, 16.675361858538793)]
[(17.61661312721294, 5.2722633390475009, 15.254594573737183)]
[(14.467930709163781, 9.3793894009743912, 16.029028359678168)]
[(8.1232492276210788, 4.536516308287343, 4.5373461466995515)]
[(14.859244976151464, 2.4266010967355558, 16.11259357194545)]
[(15.212272642211342, 7.1760678426591928, 15.725505235404075)]
[(15.364080239077193, 7.2938823228018661, 15.725505235404075)]
[(17.097278626754491, 9.5992917372425239, 18.051658146424906)]
[(15.217290355870128, 10.025747890213376, 18.100146793240867)]
[(18.903437268745815, 9.5508012156210125, 17.767036341284353)]
[(15.246285013763764, 2.1836158509401606, 15.968481086578173)]
[(16.279556279838516, 6.6175743524651685, 11.451150431297851)]
[(7.6416968491536688, 1.9583388406588003, 6.2202548439832483)]
[(16.181132862730742, 8.5860151766202684, 14.79054072628424)]
[(12.361927889735622, 6.7362697220880312, 8.6367277569543894)]
[(8.0677223118689927, 2.4821370889275283, 9.5514371850284174)]
[(10.972463542078154, 5.7512278188821018, 8.138518945879234)]
[(14.737373716480677, 9.5508012156210125, 16.709408351561944)]
[(10.007598081329384, 5.7512278188821018, 10.501293808163133)]
[(19.045237433039865, 9.4928193802350478, 19.524931727942942)]
[(10.972463542078154, 6.2232555455628837, 8.126652250326341)]
[(9.5159841713986157, 4.801334469697375, 10.469417617361918)]
[(19.055482680015757, 10.510941486471587, 18.564828579322597)]
[(12.52574189658448, 3.0302400012233348, 11.32246317707394)]
[(10.191936244980734, 6.2261744934744661, 8.4323486382667454)]
[(15.183577022965524, 1.0644793140164401, 13.41357949372855)]
[(10.968996387868431, 6.229642214425855, 8.126652250326341)]
[(19.033167768785244, 9.5508012156210125, 17.637289652107849)]
[(8.588089219517002, 4.8113651695630448, 10.966191807685187)]
[(12.397070699306692, 6.3177628283349661, 9.6430219787779397)]
[(14.56506272308326, 9.2822415098380127, 15.931884224603786)]
[(8.0553486613271783, 4.8692461350303597, 7.6517239387589839)]
[(12.35290621817432, 6.7452928683334283, 9.1206788659021694)]
[(10.968996387868431, 6.229642214425855, 8.126652250326341)]
[(12.361927889735616, 6.7362697220880356, 9.0765088734610586)]
[(8.4112304567148755, 3.5634128179540538, 5.2770823809221916)]
[(13.346808804125713, 5.5983203735239213, 12.248105520987012)]
[(9.0684746235796236, 6.2261744934744661, 9.0810221454648428)]
[(12.574038756284402, 3.8514411205126473, 11.749088601950952)]
[(16.19602311858279, 2.4185716366196446, 11.934107892535371)]
[(16.893390784009334, 4.801334469697375, 14.553122233533838)]
[(8.4794080550717936, 4.2076581657509546, 7.2955206660615932)]
[(8.1232492276210788, 5.5229644887719482, 3.1491146299654638)]
[(13.375186883243879, 1.951654422143192, 14.775648612269359)]
[(17.616947295513416, 7.6510145172515571, 10.022682056696825)]
[(15.721154066173277, 6.2261744934744652, 14.744043745997185)]
[(8.4051465142833504, 2.4266010967355558, 9.2695047202560517)]
[(16.453374137963813, 6.9585142540929219, 19.050003416375585)]
[(9.0717789504980644, 6.2249659140100908, 9.0765088734610586)]
[(14.716075238216128, 8.0706114227009884, 17.625218481673507)]
[(16.639247224728198, 4.8329845886502278, 14.775648612269357)]
[(8.598118280030592, 4.801334469697375, 7.6374203178847466)]
[(14.771415961354254, 7.1963728439516652, 18.100146793240867)]
[(10.000819009168659, 7.6510145172515571, 9.0984180352661674)]
[(11.922201646897179, 5.7166395405321602, 9.0765088734610586)]
[(16.79964591800989, 4.4551625882338222, 14.646878798004225)]
[(7.6483801752115674, 1.9303631470362956, 6.2269390040569093)]
[(4.1878410897989484, 12.400481263175196, 12.401007054432569)]
[(12.299437426838931, 3.376494445920283, 11.451150431297851)]
[(7.9755113613601605, 5.4240431598095116, 3.5251254371994118)]
[(13.346808804125713, 5.5983203735239213, 12.248105520987012)]
[(10.969583393326456, 6.2290551130158098, 8.126652250326341)]
[(10.977446879886694, 4.7963503173115196, 9.5464532253465428)]
[(3.3555531732874866, 12.875427937767558, 9.5704450869769619)]
[(8.1232492276210788, 5.5229644887719482, 3.1491146299654638)]
[(18.892084268455566, 9.5508012156210107, 17.778390758321454)]
[(14.726965201714334, 8.1704192174132046, 18.100146793240867)]
[(9.5288440015596958, 6.2261744934744661, 9.0765088734610586)]
[(8.3343436203202685, 5.5400989206545663, 3.1662483993737069)]
[(10.020871928081156, 7.177921654812117, 8.6015805618936998)]
[(14.986742499531083, 8.3413229273363747, 18.100146793240867)]
[(8.598118280030592, 3.8313813689186627, 7.671782914775962)]
[(8.588089219517002, 5.2662504444240685, 10.976222119730492)]
[(12.655349314985884, 4.3263877951050098, 10.026365496595776)]
[(12.449698473318007, 6.2261744934744661, 10.553928149621942)]
[(18.570368380630352, 10.507187889076649, 18.568582031590921)]
[(18.854957046864683, 9.5508012156210125, 17.815522613037775)]
[(10.801002351012466, 3.2050052277766938, 9.5514371850284174)]
[(10.970946382648158, 6.2276919008996234, 8.1251349015692256)]
[(8.5560227548955119, 5.2762811442897384, 6.2690397823146249)]
[(18.696582362985552, 8.9496199277126269, 16.675361858538793)]
[(7.6483801752115674, 4.7942337182773844, 4.3343262346686959)]
[(17.145761223401816, 3.2246226035323899, 10.349427837647998)]
[(14.288498006010805, 9.558851434230105, 16.192383639610682)]
[(10.976320291711437, 4.801334469697375, 9.5475799541093274)]
[(8.5788403898677785, 4.801334469697375, 7.6517239387589839)]
[(19.045237433039865, 10.497709985705274, 17.625218481673507)]
[(19.520106485449379, 10.029367609030105, 18.096527214374557)]
[(17.145761223401816, 11.450587913990468, 16.543090467058565)]
[(11.086953584273639, 4.801334469697375, 9.0765088734610586)]
[(16.680641110236884, 7.1858183754671785, 12.875935365999926)]
[(14.760147081930256, 8.6009078664362839, 16.675361858538793)]
[(8.1232492276210788, 4.4807531785331367, 4.3272257577874758)]
[(10.146916559522266, 6.2261744934744661, 8.2508588704646915)]
[(10.969583393326456, 6.2290551130158098, 8.1295327584933119)]
[(10.02272543725913, 1.011170511974756, 10.491884732947186)]
[(18.116481550758014, 11.925534588582831, 18.079161952321147)]
[(17.61166811860738, 5.7512278188821018, 15.725505235404073)]
[(9.9626135471670043, 1.0017610729584643, 10.086484888082159)]
[(19.496692116035891, 4.8247526664280009, 15.250576923836716)]
[(8.1232492276210788, 5.5027476706487457, 3.3773691346527586)]
[(8.1232492276210788, 5.6212284235816359, 3.3773691346527586)]
[(9.2303300207684398, 6.2261744934744661, 9.2338711966659055)]
[(12.349545801841524, 6.7486538339605007, 9.5514371850284174)]
[(10.010319986081141, 5.7512278188821018, 10.501293808163133)]
[(19.415135070925697, 8.970865967858197, 18.680059618769725)]
[(8.7679612632598598, 4.801334469697375, 2.4275125115180423)]
[(17.145761223401816, 11.450587913990468, 16.533801043362502)]
[(10.968996387868431, 6.229642214425855, 8.1301198372040542)]
[(18.716014255210585, 9.8800782083316356, 17.625218481673507)]
[(12.449698473318007, 6.2261744934744661, 10.501293808163133)]
[(18.903437268745815, 9.5508012156210125, 17.767036341284353)]
[(7.6483801752115674, 4.7984073402934575, 4.3301527740187922)]
[(10.972463542078154, 2.5929649464050732, 9.2428662909484078)]
[(9.0729873324401051, 6.225282909176717, 9.0756173236349387)]
[(18.570368380630352, 10.026109060745283, 17.625218481673507)]
[(7.160790006739445, 3.3892176413788699, 7.6644466422963333)]
[(19.34134220079256, 7.1760678426591928, 16.496575265793229)]
[(12.872388692732573, 2.4266010967355558, 11.925629745825255)]
[(17.145761223401816, 11.450587913990468, 16.611838608284039)]
[(8.5861620823491194, 5.2643229922459875, 10.988179809432138)]
[(14.296546908944741, 13.282501199792, 17.082419381751091)]
[(16.620488131993813, 9.6012134936730096, 19.050003416375585)]
[(18.903437268745815, 9.5508012156210125, 17.767036341284353)]
[(10.017830064666411, 6.7011211680668303, 8.5966845784048704)]
[(8.25322737666934, 5.6212284235816359, 3.2473747655631793)]
[(19.230333246578958, 10.210873959548275, 18.100146793240867)]
[(14.760147081930256, 8.612178587873391, 16.675361858538793)]
[(9.9626135471670043, 1.0618827889512263, 10.086484888082159)]
[(10.021081144514342, 7.177712404180375, 8.6015805618936998)]
[(9.7967748749867631, 6.9271086642597597, 8.8505301146996462)]
[(15.721154066173279, 2.525635452346128, 16.101403020359871)]
[(10.951338419007884, 4.7802058935105931, 8.6015805618936998)]
[(14.037581284082725, 2.4266010967355558, 15.034646553587379)]
[(8.5684538083598998, 4.801334469697375, 7.6517239387589839)]
[(18.746114767357184, 10.324919450542133, 17.625218481673507)]
[(8.5302177137366897, 4.8692461350303624, 7.5838148991178382)]
[(16.616458391946303, 6.1717318166729083, 18.154587365106675)]
[(9.2049960660741146, 6.0941441816685185, 9.0765088734610586)]
[(16.840482343811409, 4.631716575637352, 14.606037276203734)]
[(17.145761223401816, 11.450587913990468, 16.493382234911842)]
[(8.3832562205352836, 3.1164449522150828, 5.7520106924895504)]
[(9.0762832158013396, 6.6978247459598927, 7.6484276441027372)]
[(19.045237433039865, 9.4928193802350478, 19.524931727942942)]
[(8.588089219517002, 4.801334469697375, 10.976222119730492)]
[(10.02272543725913, 4.801334469697375, 9.5524291612419923)]
[(7.8155383900211115, 5.4434666828118923, 3.6851183716493674)]
[(15.931551196308668, 1.6871392692398968, 10.026365496595776)]
[(10.233915294617997, 6.2261744934744661, 8.6015805618936998)]
[(10.233915294617997, 6.2261744934744661, 8.6015805618936998)]
[(8.5684538083598945, 4.801334469697375, 7.1767956271916251)]
[(19.020787400965887, 10.050201918894103, 14.75119552906307)]
[(16.635350040062676, 6.2617224341273676, 19.014456850124816)]
[(15.246285013763764, 2.4025584328617882, 16.176391812667365)]
[(18.810141528460147, 9.5508012156210125, 17.86034372399433)]
[(8.5684538083598998, 4.801334469697375, 8.0969840768106884)]
[(1.9391038460221723, 19.524681382060649, 14.764799558303913)]
[(12.514366440416909, 2.9015477713279196, 11.333840052790647)]
[(14.769196921168083, 6.2261744934744661, 13.350863677567283)]
[(11.30933513205181, 3.9894611400391522, 9.0765088734610586)]
[(15.240031675284838, 7.1760678426591946, 15.731759354240385)]
[(19.045237433039865, 10.500694564805739, 17.622347015555256)]
[(9.0729873324401051, 6.2213635998406192, 9.0765088734610586)]
[(17.615369139801867, 7.6457525212558366, 10.026365496595776)]
[(14.290443411812991, 9.5508012156210125, 16.200433546971432)]
[(16.427855496421984, 8.8327781396387017, 10.744360811407404)]
[(8.1232492276210788, 5.5930574101301245, 3.3773691346527586)]
[(8.1096999050020262, 1.951654422143192, 10.501293808163133)]
[(19.520106485449379, 10.495653083804791, 18.095105507160415)]
[(16.620488131993813, 9.6012134936730096, 19.100413745320509)]
[(10.020543256930807, 6.7033037050947506, 8.126652250326341)]
[(15.662134109156339, 4.8603640741273688, 15.666477913255779)]
[(18.867542099309659, 9.5508012156210125, 17.802935990097506)]
[(8.598118280030592, 3.8313813689186627, 7.671782914775962)]
[(13.558380690456417, 5.5396213489718553, 12.401007054432569)]
[(7.6483801752115674, 5.3472120133188854, 3.4482972612575633)]
[(9.0723215095253114, 6.2261744934744661, 8.6009146558905165)]
[(15.014183596923006, 8.3581005480250674, 17.15029017010615)]
[(12.666222589841741, 6.4319252819141344, 9.7571800184552906)]
[(18.996427379638675, 9.0758545410286491, 19.050003416375585)]
[(8.5884711974675234, 5.2762811442897384, 10.976222119730494)]
[(16.638628857678462, 6.2261744934744669, 18.13241413271048)]
[(19.183380231536503, 10.163913269557323, 18.436915067399383)]
[(16.670892170992303, 5.9299820086380706, 17.921399514719003)]
[(19.520106485449379, 10.505788129214521, 18.095053425766299)]
[(18.291071056607475, 1.4767077475508281, 9.83076936271069)]
[(8.1124952105413399, 5.2870369192230928, 10.965466760651326)]
[(17.620630275811326, 6.2074495449874201, 16.675361858538793)]
[(16.19602311858279, 1.4910692875716491, 11.940439727620918)]
[(14.771415961354254, 8.1265205724557479, 17.15029017010615)]
[(8.1232492276210788, 4.3263877951050107, 4.5373461466995515)]
[(8.1232492276210788, 5.6212284235816359, 3.3773691346527586)]
[(8.1232492276210788, 5.6212284235816359, 3.3773691346527586)]
[(16.179561008746834, 9.0758545410286491, 9.0929730376123281)]
[(10.000819009168659, 7.6510145172515571, 9.0984180352661674)]
[(9.5478563848496165, 6.7086300874574549, 10.983730748801209)]
[(9.2049960660741146, 6.0941441816685185, 9.0765088734610586)]
[(9.1242856722375159, 6.174867768440973, 9.0765088734610586)]
[(7.8866097974074405, 5.5145497075435737, 3.3773691346527586)]
[(13.958694544162155, 8.4638687820363394, 16.53832807252763)]
[(8.8577601726633706, 4.801334469697375, 1.9525841999506839)]
[(19.381963686952741, 10.163913269557323, 18.436915067399383)]
[(9.1242856722375159, 6.174867768440973, 9.0765088734610586)]
[(14.904327440058548, 8.467974661997177, 17.15029017010615)]
[(16.624532907602578, 4.801334469697375, 14.347085349288497)]
[(15.721154066173279, 2.525635452346128, 16.101403020359871)]
[(8.5693169430977747, 4.801334469697375, 8.1554571813930856)]
[(16.357547896970285, 10.975641239398103, 15.250576923836716)]
[(18.858765645638272, 10.314192296691401, 17.811713538987149)]
[(10.969583393326456, 6.2290551130158098, 8.126652250326341)]
[(8.1232492276210788, 5.6212284235816359, 3.3773691346527586)]
[(9.0729873324401051, 6.2261744934744661, 9.1278136148051701)]
[(9.1242856722375159, 6.174867768440973, 9.0765088734610586)]
[(18.423609464683111, 10.500694564805739, 18.428297874738973)]
[(10.179150618101565, 6.3826252436057995, 7.9702075491036322)]
[(16.624532907602578, 4.801334469697375, 14.347085349288497)]
[(10.017830064666411, 6.7011211680668303, 8.5966845784048704)]
[(15.229150664613861, 8.1259611918439205, 14.775648612269359)]
[(15.721154066173275, 7.260682313338136, 11.92607874286521)]
[(19.045237433039865, 9.4928193802350567, 19.107983009990093)]
[(9.9745981170208218, 1.0498962600974115, 10.074498822667593)]
[(17.145761223401816, 11.450587913990468, 16.506915446557738)]
[(14.291444124762741, 8.1259611918439205, 17.625218481673507)]
[(13.083511638046902, 5.5396213489718571, 12.189408765935323)]
[(16.139387808053311, 10.025747890213376, 19.524931727942942)]
[(13.919786561457752, 8.2240859336334395, 16.577240910579576)]
[(8.2975703466854842, 3.2021448322936195, 5.9263535651777346)]
[(13.131790416394491, 5.4913346789662612, 12.185961834444084)]
[(18.899986890504962, 10.500694564805739, 17.770487150099715)]
[(10.019111282739088, 6.7047359133572355, 8.6015805618936998)]
[(7.8155383900211115, 5.4434666828118923, 3.6851183716493674)]
[(8.2478648761114179, 4.6766984515101582, 7.7763551381013887)]
[(14.759510573970074, 9.0877618744696456, 17.15029017010615)]
[(9.1242856722375159, 6.174867768440973, 9.0765088734610586)]
[(15.161982793756232, 8.5165918663723268, 17.15029017010615)]
[(11.150546287984101, 2.6047129520799794, 9.3733322160833072)]
[(10.968706739163109, 6.2261744934744661, 8.1228949785978948)]
[(8.6235642364349872, 3.3510443301151644, 10.000916364777151)]
[(19.045237433039865, 9.4928193802350478, 19.524931727942942)]
[(9.9745981170208218, 1.0498962600974115, 10.074498822667593)]
[(9.1426181510118383, 6.6314789676286559, 11.045861627568556)]
[(17.123379710860029, 9.5731863866489633, 19.072387721918044)]
[(18.716014255210585, 9.8800782083316356, 17.625218481673507)]
[(10.019111282739088, 7.1760678426591928, 8.6015805618936998)]
[(16.670892170992303, 6.2710978259885328, 19.050003416375585)]
[(9.5288440015596958, 6.2261744934744661, 9.0574941176058665)]
[(15.721154066173275, 6.5462735332465662, 17.470376833780076)]
[(10.2383489862952, 6.2261744934744661, 8.3423027071380673)]
[(8.1232492276210788, 5.5229644887719482, 3.3773691346527586)]
[(19.045237433039865, 9.4928193802350567, 19.107983009990093)]
[(17.620630275811326, 10.033737782434244, 17.625218481673507)]
[(9.5288440015596958, 6.2261744934744661, 9.0765088734610586)]
[(19.045237433039865, 9.4928193802350478, 19.524931727942942)]
[(10.007780071298182, 1.0017610729584643, 10.041312727596772)]
[(18.791437994718262, 9.5508012156210125, 17.846315683154383)]
[(8.1232492276210788, 4.3263877951050107, 4.5373461466995515)]
[(13.083511638046902, 5.5396213489718571, 12.189408765935323)]
[(7.9914269654581895, 5.6193840090279368, 3.3773691346527586)]
[(9.5288440015596958, 5.7702433099397012, 9.0765088734610586)]
[(10.972463542078154, 4.8414236296700333, 8.6015805618936998)]
[(12.397070699306692, 6.3177628283349661, 9.6430219787779397)]
[(14.986536384709963, 10.500694564805739, 15.940652503750124)]
[(15.648764570649812, 7.2484691709829416, 15.653106706357537)]
[(18.802391193795994, 9.5508012156210125, 17.868095025826808)]
[(16.668287026758122, 1.954259992214729, 13.350863677567283)]
[(13.083511638046902, 5.5396213489718571, 12.189408765935323)]
[(18.572708164702512, 10.02340772367968, 17.625218481673507)]
[(17.145761223401816, 11.450587913990468, 16.531923567513136)]
[(10.968996387868431, 6.229642214425855, 7.6551915256366971)]
[(9.9626135471670043, 1.0618827889512263, 10.026365496595776)]
[(18.899986890504962, 10.355420279590376, 17.770487150099715)]
[(19.183380231536503, 10.163913269557323, 18.436915067399383)]
[(7.8986708684233955, 4.5767194008796945, 7.6517239387589822)]
[(10.972463542078154, 6.2143073390977426, 8.138518945879234)]
[(16.19602311858279, 2.4185716366196446, 11.934107892535371)]
[(19.051090602437345, 10.031602016371004, 18.569221204990669)]
[(11.161584240637699, 4.801334469697375, 9.0765088734610586)]
[(8.5958538118307644, 5.2762811442897384, 10.978486870514493)]
[(15.176726551501506, 6.770691000368152, 13.825791989134641)]
[(10.579060283596753, 3.7699620101708411, 9.0765088734610586)]
[(12.270512628670422, 6.2261744934744661, 10.501293808163133)]
[(15.388336895547145, 6.7011211680668303, 17.483148873161376)]
[(8.8293710289459284, 4.5700439201650678, 4.0959441507204426)]
[(8.2813937860343838, 5.5930574101301245, 3.2192048412971541)]
[(17.610507914466186, 5.2661571283415469, 15.260700548356631)]
[(7.160790006739445, 3.376494445920283, 7.6517239387589839)]
[(19.339043825603984, 5.2762811442897375, 15.069491669087137)]
[(15.691038165247864, 6.7011211680668303, 17.120170511001682)]
[(18.379988386606414, 6.2261744934744661, 16.200433546971432)]
[(12.189493060362469, 5.7512278188821018, 9.2841124161276003)]
[(8.1232492276210788, 4.3263877951050107, 4.4610122863877244)]
[(16.799385943997805, 3.9799558971339715, 13.697282181323885)]
[(9.2049960660741146, 6.0941441816685185, 9.0765088734610586)]
[(16.19602311858279, 1.4741917894898515, 11.928594603650842)]
[(9.1242856722375159, 6.174867768440973, 9.0765088734610586)]
[(8.304898632553698, 4.6196553723195377, 4.6204819962978032)]
[(18.423609464683111, 10.500694564805739, 18.428297874738973)]
[(17.497792895296453, 4.678477010161636, 14.423573010157945)]
[(8.3343436203202685, 5.5400989206545663, 3.1662483993737069)]
[(19.051090602437345, 10.031602016371004, 18.569221204990669)]
[(14.757250204553516, 8.5867397940983281, 17.639386006226459)]
[(18.776178887953609, 6.4952770189201035, 16.675361858538793)]
[(10.020871928081156, 7.177921654812117, 8.6015805618936998)]
[(18.691524562051413, 9.1970305266614574, 19.050003416375585)]
[(14.771415961354254, 8.5165918663723268, 17.540905741547771)]
[(19.462134126235938, 9.4928193802350478, 19.1079830099901)]
[(12.397070699306692, 7.1760678426591928, 8.8051307358914848)]
[(9.0729873324401051, 4.7836816524273633, 5.7696628272426764)]
[(7.1670120976780431, 2.4266010967355558, 10.032865332736538)]
[(18.996427379638675, 9.0758545410286491, 19.050003416375585)]
[(18.899986890504962, 10.355420279590376, 17.770487150099715)]
[(8.3385763966586914, 2.6861854048715594, 9.2918629132889112)]
[(16.299836589712946, 2.32277065623627, 12.029905168932819)]
[(13.346808804125713, 5.5983203735239213, 12.248105520987012)]
[(13.821677856535228, 8.6199024139211655, 12.856941552907703)]
[(15.105924996406602, 6.5607382074353531, 16.815739391496059)]
[(16.670892170992303, 6.2710978259885328, 19.050003416375585)]
[(10.049463712420925, 6.2261744934744661, 10.976222119730492)]
[(14.760147081930256, 8.612178587873391, 16.664091572865427)]
[(9.0660534561952399, 6.2261744934744661, 9.0834436149879743)]
[(10.972463542078154, 5.7512278188821018, 8.1275653967916881)]
[(18.917619822993423, 9.0758545410286491, 16.802995394053653)]
[(18.423735209444406, 10.500694564805739, 17.625218481673507)]
[(13.083511638046902, 5.5396213489718571, 12.189408765935323)]
[(13.083511638046902, 5.5396213489718571, 12.189408765935323)]
[(8.6048291533677101, 2.8948358010302071, 6.2336507148474265)]
[(19.045237433039865, 10.025747890213376, 17.632445991120562)]
[(9.4771653784485519, 5.8219303804481042, 8.6722803898624914)]
[(18.986141357613864, 6.6420154327854446, 18.634178554864441)]
[(19.045237433039865, 9.497455232790843, 19.103347336671856)]
[(9.9626135471670043, 1.0017610729584643, 10.086484888082159)]
[(10.029016858633273, 6.2261744934744661, 10.982514326214407)]
[(9.0681772250672967, 6.2261744934744661, 9.0765088734610586)]
[(16.84269665078698, 6.2261744934744661, 18.746901024173951)]
[(9.0715679424097537, 6.2261744934744661, 9.0750893063042817)]
[(15.721154066173277, 6.6933479073340729, 16.667588898346263)]
[(9.9626135471670043, 1.0618827889512263, 10.086484888082159)]
[(19.051090602437345, 10.031602016371004, 18.569221204990669)]
[(8.5981182800305902, 4.8013344696973741, 7.6327183265790737)]
[(7.6483801752115674, 1.88532636774733, 6.2269390040569093)]
[(10.013317536060102, 1.011170511974756, 10.026365496595776)]
[(12.349545801841524, 6.7486538339605007, 9.5514371850284174)]
[(19.045237433039865, 9.497455232790843, 19.103347336671856)]
[(16.594836845554674, 5.8272955763372458, 18.176211609662399)]
[(8.1232492276210788, 5.5229644887719482, 3.3773691346527586)]
[(14.771415961354254, 8.4353794884130942, 16.984768191963003)]
[(17.145761223401816, 6.2870683134055492, 16.614470392966204)]
[(10.019111282739088, 6.7047359133572355, 8.6015805618936998)]
[(15.201892774483969, 1.9960539177866039, 14.300720300702)]
[(8.0553486613271765, 4.3263877951050107, 7.1088865875504776)]
[(14.292761564201285, 10.029533853709982, 11.454936248416461)]
[(14.775476408631638, 9.0717934300298051, 16.200433546971432)]
[(9.5288440015596958, 6.2261744934744661, 9.0765088734610586)]
[(10.191936244980734, 6.2261744934744661, 8.4323486382667454)]
[(18.288422088497644, 9.8327935947466099, 17.625218481673507)]
[(14.767667465783871, 9.0796036493288064, 18.578824068155335)]
[(17.015432118118525, 11.450587913990468, 16.330778916092054)]
[(8.1232492276210788, 4.7907140411091769, 6.2269390040569093)]
[(17.616947295513416, 7.6546980995701057, 10.030048936494726)]
[(7.5998683537124343, 5.2277613930393194, 11.451150431297851)]
[(8.3716887658817107, 5.5027476706487457, 3.1288985934919844)]
[(17.145761223401816, 2.9015477713279196, 16.678901660665147)]
[(18.71824055617753, 10.500694564805739, 17.15029017010615)]
[(18.810141528460147, 9.5508012156210125, 17.86034372399433)]
[(18.476184330686117, 10.500694564805739, 17.625218481673507)]
[(10.019111282739088, 6.7047359133572355, 8.6015805618936998)]
[(16.188049542171242, 8.6088827462100994, 14.775648612269359)]
[(17.145761223401816, 3.1253137210958388, 13.099692664228733)]
[(8.1232492276210788, 4.3263877951050107, 4.4610122863877244)]
[(16.670892170992303, 6.3245967657589217, 19.050003416375585)]
[(18.71824055617753, 10.500694564805739, 17.15029017010615)]
[(17.619843634645708, 6.7003343983167021, 18.575861844139204)]
[(10.02272543725913, 1.011170511974756, 10.491884732947186)]
[(8.3832562205352836, 3.376494445920283, 5.7520106924895504)]
[(8.5884711974675234, 5.2762811442897384, 10.976222119730494)]
[(13.821677856535228, 2.3544781949348437, 14.775648612269359)]
[(14.856505233341327, 5.6661246381869459, 14.300720300702002)]
[(8.8832700906053965, 3.376494445920283, 8.126652250326341)]
[(9.1242856722375159, 6.174867768440973, 9.0765088734610586)]
[(12.348769173569215, 2.9015477713279196, 13.825791989134641)]
[(7.6483801752115674, 1.9303631470362956, 6.2269390040569093)]
[(19.183380231536503, 10.163913269557323, 18.436915067399383)]
[(16.602224372870271, 2.9015477713279196, 10.501293808163133)]
[(14.737373716480677, 9.5508012156210125, 16.709408351561944)]
[(13.821677856535228, 5.1006579629162054, 11.92607874286521)]
[(16.670892170992303, 4.3263877951050107, 13.856805199221606)]
[(17.620630275811326, 6.2061474446046923, 19.504905453385781)]
[(8.5861620823491194, 5.2643229922459875, 10.988179809432138)]
[(10.913200006811609, 4.8606076921923194, 8.6015805618936998)]
[(10.191936244980734, 6.2261744934744661, 8.4323486382667454)]
[(19.520106485449379, 10.510211613544005, 18.565558424030854)]
[(10.017830064666411, 6.7011211680668303, 8.5966845784048704)]
[(8.1232492276210788, 5.2792406761684925, 10.979181537183857)]
[(14.759510573970074, 9.0877618744696456, 17.625218481673507)]
[(8.1232492276210788, 5.4273959630581476, 3.5284781108174736)]
[(19.045237433039862, 10.498354398272046, 17.622878405618469)]
[(17.145761223401816, 4.7240461776467013, 14.378005604529122)]
[(15.721154066173277, 6.599188810211797, 17.252218586915721)]
[(19.183380231536503, 10.163913269557323, 18.436915067399383)]
[(10.191936244980734, 6.2261744934744661, 8.4323486382667454)]
[(10.972463542078154, 6.2232555455628837, 8.126652250326341)]
[(17.145653192365572, 8.1259611918439205, 10.976114075212999)]
[(16.19602311858279, 6.4031641261278347, 18.100146793240867)]
[(9.5288440015596958, 6.2261744934744661, 8.6015805618936998)]
[(7.8155383900211115, 5.4434666828118923, 3.6851183716493674)]
[(18.691524562051413, 9.1970305266614574, 19.050003416375585)]
[(9.2049960660741146, 6.0941441816685185, 9.0765088734610586)]
[(16.754656732826426, 9.5508012156210125, 18.658850119665907)]
[(18.71824055617753, 10.500694564805739, 17.15029017010615)]
[(9.1242856722375159, 6.174867768440973, 9.0765088734610586)]
[(19.051090602437345, 10.031602016371004, 18.569221204990669)]
[(16.641521324858005, 7.6510145172515571, 10.530668319500709)]
[(9.9745981170208218, 1.0498962600974115, 10.074498822667593)]
[(18.854957046864683, 9.5508012156210125, 17.815522613037775)]
[(14.764414154759061, 9.0758545410286491, 17.15029017010615)]
[(9.0729873324401051, 1.0017610729584643, 7.0009370660109074)]
[(19.045237433039865, 9.4928193802350567, 19.050003416375585)]
[(14.758176992535434, 8.6141489992993883, 16.675361858538789)]
[(7.1665969954593587, 2.9015477713279196, 10.026365496595776)]
[(17.145761223401816, 4.7240461776467013, 14.378005604529122)]
[(10.972463542078154, 6.2143073390977426, 8.138518945879234)]
[(18.746114767357184, 10.324919450542133, 17.625218481673507)]
[(14.771415961354254, 7.8755015932417232, 16.675361858538793)]
[(8.583422917167141, 3.8514411205126473, 6.7165645123297484)]
[(14.946913334640877, 5.5757017587624853, 12.101598016560994)]
[(18.996427379638675, 9.0758545410286491, 19.050003416375585)]
[(8.588089219517002, 5.2662504444240685, 10.976222119730492)]
[(14.300605039350197, 8.1259611918439205, 16.200433546971432)]
[(8.2813937860343838, 5.5930574101301245, 3.2192048412971541)]
[(14.075894037337674, 8.1259611918439205, 16.421113953965957)]
[(7.1735111228020552, 5.2293223589100757, 8.6015805618936998)]
[(12.871939751716203, 4.801334469697375, 11.437365828436901)]
[(13.640769530698199, 5.0953432471444149, 11.632081332779643)]
[(18.792714374025646, 9.5508012156210125, 17.877773053172564)]
[(19.045237433039865, 9.4928193802350478, 19.524931727942942)]
[(9.0646480939371585, 3.8597817221490569, 9.06816859430017)]
[(11.18278022165021, 2.4266010967355558, 9.3410942599277274)]
[(17.189304586222331, 11.450587913990468, 16.675361858538793)]
[(8.25322737666934, 5.6212284235816359, 3.2473747655631793)]
[(10.972463542078154, 5.7512278188821018, 8.138518945879234)]
[(16.847625973872795, 8.4241451746157949, 10.501293808163133)]
[(18.810141528460147, 9.5508012156210125, 17.86034372399433)]
[(19.183380231536503, 10.163913269557323, 18.436915067399383)]
[(15.364080239077193, 7.2938823228018661, 15.725505235404075)]
[(9.0729873324401051, 6.4121388995591566, 9.3654799689488826)]
[(17.117341517447191, 6.2261744934744661, 16.675361858538793)]
[(15.509519169420775, 6.4894516774350892, 16.675361858538793)]
[(14.758176992535434, 8.6009078664362839, 16.675361858538789)]
[(15.008340625135263, 6.7011211680668303, 15.9634793172375)]
[(10.969583393326456, 6.2290551130158098, 8.1295327584933119)]
[(10.021341254979609, 6.7025055766050405, 8.600196206881348)]
[(9.0729873324401051, 6.2077842550635252, 9.0765088734610586)]
[(8.3343436203202685, 5.5400989206545663, 3.1662483993737069)]
[(14.761183530371236, 8.6009078664362839, 16.675361858538793)]
[(19.038421378760138, 10.032565058646592, 17.15029017010615)]
[(12.361927889735616, 6.7362697220880356, 9.0765088734610586)]
[(16.181724993990613, 8.6009078664362839, 14.775648612269359)]
[(17.145761223401816, 11.450587913990468, 16.611838608284039)]
[(10.968996387868431, 6.229642214425855, 8.126652250326341)]
[(8.0553486613271783, 4.8692461350303597, 7.6517239387589839)]
[(15.246285013763764, 7.1769667162596456, 16.676260697385786)]
[(16.631959808475361, 4.801334469697375, 14.33965752160886)]
[(18.084357113840856, 6.2150304577860664, 16.686505463361542)]
[(18.903437268745815, 9.5508012156210125, 17.767036341284353)]
[(18.991900168728755, 9.497455232790843, 18.628419025104495)]
[(10.972463542078154, 5.7630949732588252, 8.138518945879234)]
[(14.757754694264337, 8.1396246920070734, 15.236913951950122)]
[(7.6370550221903457, 2.4266010967355558, 9.5627637513214179)]
[(18.572708164702512, 10.02340772367968, 17.625218481673507)]
[(19.520106485449379, 10.500694564805739, 18.088857666207563)]
[(19.045237433039865, 10.031602016371004, 18.569221204990669)]
[(15.035032717859078, 7.6510145172515571, 16.886640516728168)]
[(18.570368380630352, 10.500694564805739, 15.123233027529785)]
[(8.1232492276210788, 3.376494445920283, 8.1064458045911394)]
[(9.5436812522569561, 6.6969453530062264, 8.6057562155033445)]
[(17.621530477119929, 6.2252741450187932, 18.575075104808224)]
[(8.588089219517002, 4.3364184949706814, 10.976222119730492)]
[(12.352906218174329, 7.1760678426591928, 8.6457505543348052)]
[(16.539973101025545, 9.0758545410286491, 10.632229215589225)]
[(15.246285013763764, 6.8340683275276275, 17.492276462394006)]
[(10.974241253900731, 6.6993431656591493, 8.5998026282295328)]
[(18.792714374025646, 9.5508012156210125, 17.877773053172564)]
[(9.0729873324401051, 6.223842308265974, 9.0741767784226379)]
[(8.1232492276210788, 4.3263877951050107, 4.4610122863877244)]
[(8.5684538083598998, 4.801334469697375, 7.6517239387589839)]
[(18.802391193795994, 9.5508012156210125, 17.868095025826808)]
[(10.823876820919198, 5.6026168097103142, 8.2752575137000761)]
[(14.668936511039094, 8.4984116648112842, 16.777854097318251)]
[(11.922201646897179, 1.4755818375449248, 10.027491363070236)]
[(19.490358982331934, 10.055500255863164, 18.070395577916923)]
[(9.5288440015596958, 6.2261744934744661, 8.6015805618936998)]
[(19.520106485449379, 10.031602016371004, 18.569221204990669)]
[(9.1242856722375159, 6.174867768440973, 9.0765088734610586)]
[(17.562933629127194, 6.2261744934744661, 16.617658011859891)]
[(9.9626135471670043, 1.0017610729584643, 10.086484888082159)]
[(9.0707410395734112, 6.2239278334283279, 9.0765088734610586)]
[(15.217290355870128, 9.9967484928476154, 18.100146793240867)]
[(16.670892170992303, 6.2403861478185707, 19.050003416375585)]
[(9.1242856722375159, 6.174867768440973, 9.0765088734610586)]
[(15.246285013763764, 7.176067842659192, 15.744220392163021)]
[(18.095499328220839, 9.0758545410286491, 15.677065616260814)]
[(15.21168277239874, 2.3919931992817784, 14.775648612269359)]
[(9.0729873324401034, 3.8819966926198326, 7.6211695480322863)]
[(11.161584240637699, 4.801334469697375, 9.0765088734610586)]
[(10.972463542078154, 6.2143073390977426, 8.138518945879234)]
[(8.588089219517002, 4.801334469697375, 10.976222119730492)]
[(15.014183596923006, 8.3581005480250674, 17.15029017010615)]
[(16.19602311858279, 1.9323870306150168, 9.5707038316148711)]
[(15.348592385552744, 7.278391937630027, 15.725505235404075)]
[(18.810141528460147, 9.5508012156210125, 17.86034372399433)]
[(16.19602311858279, 6.2841370364147169, 18.042186491326149)]
[(10.951212007323532, 4.8225894782317846, 8.6015805618936998)]
[(8.1161496367015289, 4.3263877951050107, 4.3343262346686959)]
[(16.670892170992303, 2.9015477713279196, 10.373120023579101)]
[(14.758224245512837, 8.5877139942745622, 16.688555220581343)]
[(19.045237433039865, 9.497455232790843, 19.103347336671856)]
[(8.2570190630134839, 4.3263877951050107, 4.4610122863877244)]
[(15.721154066173279, 2.525635452346128, 16.101403020359871)]
[(8.1232492276210788, 5.6212284235816359, 3.3773691346527586)]
[(15.637843382864983, 5.667903517594155, 12.875935365999926)]
[(19.230333246578958, 10.210873959548275, 18.100146793240867)]
[(10.020871928081156, 7.177921654812117, 8.6015805618936998)]
[(17.804944992109242, 8.7852527108517062, 18.575075104808224)]
[(14.757250204553516, 8.6009078664362839, 18.114314317793816)]
[(14.758176992535439, 9.0626134081655501, 17.625218481673507)]
[(17.145761223401816, 4.7240461776467013, 14.378005604529122)]
[(9.1418667649603229, 6.2261744934744661, 9.1453969014817496)]
[(14.287508204984301, 9.5508012156210125, 16.19139371506639)]
[(17.145761223401816, 11.450587913990468, 16.533801043362502)]
[(8.5788403898677785, 4.801334469697375, 7.6517239387589839)]
[(14.180701968887039, 1.951654422143192, 15.250576923836718)]
[(8.598118280030592, 6.4606246969271073, 9.7919243577711832)]
[(12.388849560198704, 6.7093436510037332, 9.0765088734610586)]
[(10.823876820919198, 5.6026168097103142, 8.2752575137000761)]
[(10.017830064666411, 6.7011211680668303, 8.5966845784048704)]
[(14.760147081930256, 8.612178587873391, 16.675361858538793)]
[(14.760147081930256, 8.612178587873391, 16.675361858538793)]
[(15.68151285221891, 7.1760678426591928, 15.725505235404075)]
[(9.7119773916129173, 2.7373999373145974, 5.7520106924895504)]
[(10.972463542078154, 5.122836116559677, 8.126652250326341)]
[(14.761166215763929, 8.590656445420656, 16.685612883200239)]
[(8.3832562205352836, 3.376494445920283, 5.9668995647338345)]
[(8.1232492276210788, 5.6212284235816359, 3.3773691346527586)]
[(16.427855496421984, 8.843984267826233, 10.744360811407404)]
[(16.670892170992303, 5.7751293117726554, 18.55117453602923)]
[(17.616947295513416, 7.6510145172515571, 10.026365496595776)]
[(14.727868475361644, 8.5573532621635877, 16.675361858538793)]
[(19.045237433039865, 9.497455232790843, 19.524931727942942)]
[(8.1232492276210788, 4.3263877951050107, 4.4610122863877244)]
[(7.6483801752115674, 1.9469699761982897, 6.2269390040569093)]
[(15.68151285221891, 7.1760678426591928, 15.725505235404075)]
[(18.592539842169256, 10.003572804523284, 17.625218481673507)]
[(15.691038165247864, 6.7011211680668303, 17.15029017010615)]
[(8.4038116280987492, 4.3263877951050107, 4.3272257577874758)]
[(18.874106848741356, 10.32953600747037, 17.625218481673507)]
[(9.5288440015596958, 6.2261744934744661, 8.6015805618936998)]
[(8.1232492276210788, 4.3263877951050107, 4.4815851729342171)]
[(8.1232492276210788, 4.3263877951050107, 4.5373461466995515)]
[(19.026548307672691, 7.1573756623641422, 18.593766562401143)]
[(18.077803369401206, 3.3941932973246067, 10.483595641055528)]
[(8.1232492276210788, 5.5027476706487457, 3.3773691346527586)]
[(16.670892170992303, 4.7702596893477729, 14.331793879596789)]
[(8.3832562205352836, 3.376494445920283, 5.9668995647338345)]
[(14.760147081930256, 8.612178587873391, 16.675361858538793)]
[(10.865491672932579, 4.9083238244843983, 8.6015805618936998)]
[(8.588089219517002, 5.2762811442897384, 10.976222119730492)]
[(9.0729873324401051, 6.2261744934744661, 9.2085340805341023)]
[(18.060107331196377, 7.1760678426591928, 18.610471518418539)]
[(8.3343436203202685, 5.5400989206545663, 3.1662483993737069)]
[(19.045237433039865, 9.4928193802350478, 19.524931727942942)]
[(19.520106485449379, 10.031602016371004, 18.569221204990669)]
[(9.5356839411528149, 6.2140000600677716, 10.988396082432923)]
[(10.969583393326456, 6.2290551130158098, 8.126652250326341)]
[(8.5684538083598998, 4.801334469697375, 7.6220557652433296)]
[(15.240031675284838, 7.1760678426591946, 15.731759354240385)]
[(18.569442907673427, 9.5498755913861029, 17.625218481673507)]
[(12.871939751716203, 3.2089031881621515, 11.283565653177584)]
[(10.970376463273363, 4.801334469697375, 8.5994932226412537)]
[(17.145761223401816, 3.1970060884412463, 10.321812390303579)]
[(12.397070699306692, 6.3177628283349661, 9.6430219787779397)]
[(9.5445326397465049, 6.2261744934744661, 8.6015805618936998)]
[(7.8151322163140176, 5.4430604427115696, 3.3773691346527586)]
[(16.185988306681015, 5.2762811442897375, 15.260612987987926)]
[(14.771415961354254, 6.9307045805128693, 17.39564394568912)]
[(8.3343436203202685, 5.5400989206545663, 3.1662483993737069)]
[(18.894003318315168, 8.9245957055476772, 16.826614845847899)]
[(10.968706739163109, 6.2261744934744661, 8.1228949785978948)]
[(10.019111282739088, 6.7047359133572355, 8.6015805618936998)]
[(7.6483801752115674, 4.7942337182773844, 4.3343262346686959)]
[(8.3485241674949222, 3.376494445920283, 5.5267076404379338)]
[(8.588089219517002, 5.2762811442897384, 10.976222119730492)]
[(16.665211484783235, 6.2318561082495503, 19.044322021270705)]
[(15.175574067093917, 5.8219503239763286, 12.875935365999926)]
[(15.721154066173277, 1.6712537151963267, 10.026365496595776)]
[(19.051090602437345, 10.031602016371004, 18.569221204990669)]
[(9.0729873324401051, 4.7836816524273633, 5.7696628272426764)]
[(16.185213761388663, 7.1760678426591928, 15.725505235404075)]
[(15.691038165247864, 6.7011211680668303, 17.15029017010615)]
[(19.045237433039865, 10.497709985705274, 17.625218481673507)]
[(14.766512642597752, 8.5960037461823937, 17.630122412317728)]
[(10.01466404210451, 1.0098237858302224, 10.509356209303478)]
[(9.5353665360975821, 6.2136826031294508, 9.0890002808278645)]
[(14.716075238216128, 8.0706114227009884, 17.625218481673507)]
[(8.3343436203202685, 5.5400989206545663, 3.1662483993737069)]
[(16.635350040062676, 6.2617224341273676, 19.014456850124816)]
[(14.125101485176215, 1.6481811958199306, 15.079110105303933)]
[(8.1330641932519931, 2.4266010967355558, 9.5514371850284174)]
[(19.520106485449379, 10.031602016371004, 18.569221204990669)]
[(15.246285013763764, 7.1760678426591928, 15.756591405105951)]
[(10.254394976681022, 6.2261744934744661, 8.3698821123086073)]
[(10.972463542078154, 6.2232555455628837, 8.126652250326341)]
[(19.520106485449379, 10.031602016371004, 18.569221204990669)]
[(14.771415961354254, 2.8343551739747421, 16.200433546971432)]
[(10.972463542078154, 5.7521410006541061, 8.1275653967916881)]
[(10.146916559522266, 6.2261744934744661, 8.2508588704646915)]
[(10.020831315172162, 7.1779622743597074, 8.6015805618936998)]
[(16.703948629250455, 6.6680593063939195, 11.451150431297851)]
[(18.078018082906915, 8.6009078664362839, 17.62521848167351)]
[(9.5288440015596958, 5.7702433099397012, 9.0765088734610586)]
[(10.020101320252358, 6.7011211680668303, 8.1240278058546345)]
[(8.1232492276210788, 4.3263877951050107, 4.4610122863877244)]
[(14.760147081930256, 8.612178587873391, 16.675361858538793)]
[(10.007780071298182, 1.016708881891687, 10.041312727596772)]
[(8.598118280030592, 2.4075080077986533, 9.5514371850284174)]
[(18.716014255210585, 9.8800782083316356, 17.625218481673507)]
[(15.627490913145225, 6.7011211680668303, 12.494681895734557)]
[(16.679522547072629, 4.8099662565005659, 14.767017159199881)]
[(12.35290621817432, 6.7452928683334283, 9.1206788659021694)]
[(8.2620178906961321, 4.1875964488787112, 4.663368089265612)]
[(8.1232492276210788, 4.8120033613459441, 6.6911988364706882)]
[(18.71824055617753, 10.500694564805739, 17.15029017010615)]
[(14.716075238216128, 8.0706114227009884, 17.205637799242112)]
[(13.112143804680532, 5.5109845021189932, 12.166312771019156)]
[(19.183380231536503, 10.163913269557323, 18.436915067399383)]
[(13.086886651814684, 5.5362457835237038, 12.141052466299968)]
[(18.810141528460147, 9.5508012156210125, 17.86034372399433)]
[(18.095499328220839, 9.7628016069752714, 15.988441352260494)]
[(8.3485241674949222, 3.6261293571556026, 5.5023854329738082)]
[(14.771415961354254, 8.6883101938269842, 16.587962910414038)]
[(9.5515149850000878, 6.7047803662527565, 10.976222119730492)]
[(15.161982793756232, 8.5165918663723268, 17.15029017010615)]
[(12.871939751716203, 3.376494445920283, 11.21130372551019)]
[(10.02272543725913, 1.016708881891687, 10.026365496595776)]
[(12.352906218174329, 6.6569494678002377, 8.6015805618936998)]
[(19.190129735851286, 10.645610551739688, 17.955236409243064)]
[(8.3343436203202685, 5.5400989206545663, 3.1662483993737069)]
[(12.35290621817432, 6.7452928683334283, 9.0765088734610586)]
[(9.0766014869601435, 6.2297892387648668, 9.0728942679287865)]
[(15.246285013763764, 6.8818481804428764, 17.805938506539533)]
[(18.423735209444406, 10.354037424934599, 17.625218481673507)]
[(17.810315558459209, 3.8514411205126473, 14.11101134712832)]
[(8.1232492276210788, 2.4129947735969548, 9.5378313879557197)]
[(11.064948392089402, 4.801334469697375, 9.0765088734610586)]
[(7.8155383900211115, 5.4434666828118923, 3.6851183716493674)]
[(7.6483801752115674, 4.7942337182773844, 4.3343262346686959)]
[(12.397070699306692, 6.7486538339605007, 9.0765088734610586)]
[(8.1232492276210788, 5.5229644887719482, 3.3773691346527586)]
[(7.9131550564706963, 4.536516308287343, 4.5373461466995515)]
[(17.145761223401816, 4.667772940713645, 14.300720300702)]
[(14.296546908944741, 13.350374612359921, 17.120300928146001)]
[(19.505983298798885, 3.8514411205126473, 16.675361858538793)]
[(15.434849518063489, 6.8897164951551879, 17.15029017010615)]
[(15.145298535965061, 7.1760678426591928, 12.502006134386747)]
[(19.042258071237626, 10.028727739022646, 17.15029017010615)]
[(8.3832562205352836, 3.376494445920283, 5.7520106924895504)]
[(8.5788403898677785, 4.801334469697375, 7.6517239387589839)]
[(10.497594489668641, 6.4217725239892278, 10.976222119730492)]
[(14.946584783461082, 7.0008703874244107, 17.625218481673507)]
[(10.968996387868431, 6.229642214425855, 8.126652250326341)]
[(18.691524562051413, 9.1970305266614574, 19.050003416375585)]
[(16.024947659439363, 11.279484490820947, 15.421673731576323)]
[(14.771415961354254, 8.5165918663723268, 17.540905741547771)]
[(12.352906218174329, 6.7011211680668303, 8.6457505543348052)]
[(11.283251399757024, 2.1157624376161746, 9.5514371850284174)]
[(12.361927889735616, 6.7362697220880356, 9.0765088734610586)]
[(14.986742499531083, 8.3413229273363747, 18.100146793240867)]
[(14.771415961354254, 10.02295506188138, 14.772855891917436)]
[(15.034458145461464, 9.2877160345898933, 17.15029017010615)]
[(13.086886651814684, 5.5362457835237038, 12.141052466299968)]
[(14.001144236013353, 8.421412151350685, 16.495873083357147)]
[(18.592539842169256, 10.003572804523284, 17.625218481673507)]
[(9.5288440015596958, 6.2261744934744661, 9.0765088734610586)]
[(19.183380231536503, 10.163913269557323, 18.436915067399383)]
[(19.230333246578958, 10.210873959548275, 18.100146793240867)]
[(15.247531094752851, 10.025747890213376, 15.249330687348529)]
[(9.5418849405406991, 6.2261744934744661, 9.0705366839724775)]
[(9.9626135471670043, 1.0017610729584643, 10.086484888082159)]
[(1.9364141414017566, 19.511141764338291, 14.789187706504871)]
[(8.588089219517002, 5.2762811442897384, 10.976222119730492)]
[(13.083511638046902, 5.5396213489718571, 12.189408765935323)]
[(8.1232492276210788, 5.4273959630581476, 3.5284781108174736)]
[(16.124989184011916, 6.2261744934744661, 18.100146793240867)]
[(18.476184330686117, 10.406495119519338, 17.625218481673507)]
[(8.3343436203202685, 5.5400989206545663, 3.1662483993737069)]
[(15.544469783059037, 4.9780476336571047, 16.675361858538789)]
[(10.019111282739088, 6.7047359133572355, 8.6015805618936998)]
[(8.0553486613271765, 4.3942994604379981, 7.1767956271916251)]
[(18.513119562158597, 9.0185963646544742, 19.050003416375585)]
[(9.1242856722375159, 6.174867768440973, 9.0765088734610586)]
[(15.651860070580593, 1.0710663953604416, 9.9570628537690773)]
[(8.1232492276210788, 4.3263877951050107, 4.4610122863877244)]
[(14.904327440058548, 8.467974661997177, 17.15029017010615)]
[(18.095499328220843, 9.0580540678664292, 17.643018266609971)]
[(19.520106485449379, 10.500694564805739, 18.089652517709954)]
[(19.520106485449379, 10.031602016371004, 18.569221204990669)]
[(8.1232492276210788, 5.5229644887719482, 3.3773691346527586)]
[(13.083511638046902, 5.5396213489718571, 12.189408765935323)]
[(8.588089219517002, 5.2762811442897384, 10.976222119730492)]
[(8.1232492276210788, 5.5229644887719482, 3.3773691346527586)]
[(9.5446997019251558, 6.2230172945580318, 8.6015805618936998)]
[(15.246285013763764, 8.5165918663723268, 17.234602910231889)]
[(8.588089219517002, 5.2863118441554082, 10.976222119730492)]
[(19.045237433039865, 9.4928193802350567, 19.107983009990093)]
[(15.246285013763764, 7.176067842659192, 15.744220392163021)]
[(19.045237433039865, 9.4928193802350567, 19.107983009990093)]
[(8.1232492276210788, 4.3263877951050107, 4.4610122863877244)]
[(12.392040892197732, 6.6960905387846745, 8.606610996674922)]
[(19.011334810164595, 10.94173307479385, 14.775648612269359)]
[(13.807665062333397, 8.6149229511720407, 12.861920823134161)]
[(14.749941724425236, 9.0973322881403949, 16.653884941828494)]
[(17.120332431535495, 2.9269807197892463, 16.700793823677373)]
[(12.388849560198704, 6.7093436510037332, 9.0765088734610586)]
[(8.1124952105413399, 5.2870369192230928, 10.965466760651326)]
[(10.2383489862952, 6.2261744934744661, 8.3423027071380673)]
[(19.520106485449379, 10.031602016371004, 18.569221204990669)]
[(17.051018534505943, 3.8514411205126473, 13.731037477248982)]
[(18.108067771807615, 9.0632840430017705, 19.512361715933508)]
[(18.423609464683111, 10.500694564805739, 18.428297874738973)]
[(15.348592385552744, 7.278391937630027, 15.725505235404075)]
[(7.9131550564706963, 4.536516308287343, 4.5373461466995515)]
[(18.572708164702512, 10.02340772367968, 17.625218481673507)]
[(18.879061040790074, 1.4767077475508281, 13.042132495488769)]
[(9.5474941257570283, 7.1764301609667198, 8.6019428661927915)]
[(14.771415961354254, 3.1920158431278134, 6.5173958453908352)]
[(10.007780071298182, 1.016708881891687, 10.486346577162138)]
[(9.0729873324401034, 3.8819966926198326, 7.6211695480322863)]
[(17.838014831590055, 5.0588610547914472, 15.033165240525381)]
[(12.361927889735616, 6.7362697220880356, 9.0765088734610586)]
[(9.0684746235796236, 6.2261744934744661, 9.0810221454648428)]
[(7.8427080205262918, 2.9015477713279196, 9.7457892806167727)]
[(10.007780071298182, 1.016708881891687, 10.026365496595776)]
[(18.572708164702512, 10.025747890213376, 17.622878405618469)]
[(16.651996457717573, 6.207275691502959, 18.119044864521559)]
[(8.3343436203202685, 5.5400989206545663, 3.1662483993737069)]
[(14.815378951676538, 9.0318843645078601, 12.44497553091945)]
[(19.520106485449379, 10.031602016371004, 18.569221204990669)]
[(8.1193974507844189, 4.3263877951050098, 5.7520106924895504)]
[(7.8986708684233955, 4.5767194008796945, 7.6517239387589822)]
[(17.156716440048605, 2.4266010967355558, 15.714548651650059)]
[(8.1232492276210788, 5.5229644887719482, 3.3773691346527586)]
[(16.641521324858005, 7.6510145172515571, 10.530668319500709)]
[(14.761166215763929, 8.590656445420656, 16.685612883200239)]
[(15.691038165247864, 6.7011211680668303, 17.120170511001682)]
[(11.99321840090361, 3.3054660835021505, 11.451150431297851)]
[(8.5684538083598998, 4.801334469697375, 7.6517239387589839)]
[(16.667933439904882, 4.8013344696973741, 14.772689511960335)]
[(8.1232492276210788, 4.3263877951050107, 4.5373461466995515)]
[(18.890971031153182, 3.5307860642214584, 18.254432446112666)]
[(8.0952925491792769, 2.4266010967355558, 9.5514371850284174)]
[(16.522697649955578, 5.8994465638225533, 18.248359807549512)]
[(8.5327879949861014, 4.801334469697375, 10.976222119730492)]
[(9.5478563848496165, 7.6510145172515571, 11.431064623335581)]
[(8.1232492276210788, 5.6212284235816359, 3.3773691346527586)]
[(19.520106485449379, 10.510211613544005, 18.100146793240867)]
[(16.245462885742626, 1.9022065735499005, 9.6008831218027009)]
[(9.0715679424097537, 6.2261744934744661, 9.0750893063042817)]
[(10.019111282739088, 6.7047359133572355, 8.5979659563614224)]
[(8.1203225766080749, 4.3263877951050107, 4.3301527740187922)]
[(8.1232492276210788, 4.3263877951050107, 4.4610122863877244)]
[(9.5288440015596958, 6.2261744934744661, 8.6205953177488936)]
[(16.895988591268789, 6.0010412788956238, 18.800199614984933)]
[(19.466769221138264, 9.497455232790843, 19.524931727942942)]
[(8.1232492276210788, 4.536516308287343, 4.5373461466995515)]
[(17.856014192517264, 8.3613835844482765, 19.050003416375581)]
[(12.35290621817432, 6.7011211680668303, 9.1206788659021694)]
[(9.9141341017924081, 5.8598369047085379, 10.609898694799501)]
[(14.761166215763929, 8.590656445420656, 16.685612883200239)]
[(16.631959808475361, 4.801334469697375, 14.33965752160886)]
[(18.842467148224618, 9.5508012156210125, 17.828014070298835)]
[(18.996427379638675, 9.0758545410286491, 19.050003416375585)]
[(17.145761223401816, 7.681366731337417, 13.825791989134641)]
[(8.0395642854464278, 2.9015477713279196, 5.7520106924895504)]
[(17.11908032679565, 2.9282330291983643, 16.702046084668023)]
[(15.364080239077193, 7.2938823228018661, 15.725505235404075)]
[(18.894003318315168, 8.9245957055476772, 16.826614845847899)]
[(7.9755113613601605, 5.4240431598095116, 3.5251254371994118)]
[(7.6483801752115674, 4.7942337182773844, 4.3343262346686959)]
[(8.1232492276210788, 4.3263877951050107, 4.4610122863877244)]
[(9.2032334624259384, 7.7812819372938096, 9.0765088734610586)]
[(16.188450310893856, 7.183641888200671, 15.717931482700498)]
[(10.972463542078154, 6.2143073390977426, 8.138518945879234)]
[(19.183380231536503, 10.163913269557323, 18.436915067399383)]
[(10.2383489862952, 6.2261744934744661, 8.3423027071380673)]
[(14.760147081930256, 8.6009078664362839, 16.675361858538793)]
[(9.0729873324401051, 4.7886947785745129, 5.7646498949197316)]
[(17.145761223401816, 11.450587913990468, 16.543090467058565)]
[(18.048570599503858, 11.450587913990468, 19.003068831397957)]
[(17.145761223401816, 11.450587913990468, 16.493382234911842)]
[(10.823876820919198, 5.6026168097103142, 8.2752575137000761)]
[(18.537667117850198, 9.5180946074864128, 18.132852136828735)]
[(14.771415961354254, 7.9013601518038765, 16.675361858538789)]
[(8.1232492276210788, 5.5930574101301245, 3.3773691346527586)]
[(15.509519169420775, 6.4894516774350892, 16.675361858538793)]
[(15.804594405198298, 10.975641239398103, 15.250576923836716)]
[(10.233915294617997, 6.2261744934744661, 8.6015805618936998)]
[(10.019111282739088, 6.7047359133572355, 8.6015805618936998)]
[(18.716014255210585, 9.8800782083316356, 17.625218481673507)]
[(16.670892170992303, 5.7512278188821018, 18.520379289723248)]
[(7.6483801752115683, 5.4057520518169282, 3.506835036402165)]
[(14.771415961354254, 7.8755015932417232, 16.675361858538793)]
[(10.007598081329386, 5.7512278188821018, 10.486164564482717)]
[(10.020101320252358, 7.1760678426591928, 7.6490994942872774)]
[(12.707056608332492, 4.3263877951050107, 10.026365496595776)]
[(8.1375510637616895, 4.801334469697375, 7.1767956271916251)]
[(10.02272543725913, 6.7825928146211778, 10.582762304751469)]
[(8.5743987560860084, 5.7749512200244419, 10.525016292079538)]
[(18.810141528460147, 9.5508012156210125, 17.86034372399433)]
[(11.18278022165021, 2.1620054801184638, 9.3410942599277274)]
[(18.98463597351331, 9.4901898501687132, 18.160755815255303)]
