[(13.821677856535228, 2.2647247685295149, 11.92607874286521)]
[(19.520106485449375, 1.0017610729584643, 17.625218481673507)]
[(15.705211569507725, 1.0017610729584643, 11.467094917435915)]
[(11.447332594487667, 6.7011211680668294, 15.250576923836716)]
[(10.497594489668641, 6.3678951273405282, 10.501293808163133)]
[(18.616382528549863, 9.1218762104292619, 16.154413656922294)]
[(15.898090848193151, 10.798675535259221, 16.973331308052551)]
[(17.555515706426299, 2.4266010967355558, 13.415986372633538)]
[(11.447332594487667, 2.4266010967355554, 10.976222119730492)]
[(10.497594489668641, 6.9614890843989414, 11.711508280936556)]
[(12.458626992629734, 5.7512278188821018, 17.563654506708367)]
[(12.446082379173022, 4.2773681037804545, 15.774523031463612)]
[(11.684461104344791, 1.4767077475508281, 11.2133802209786)]
[(14.296546908944743, 1.0017610729584643, 13.169693311062517)]
[(16.360962477485273, 3.2115281259997857, 17.315250111877646)]
[(11.894437600398396, 1.0017610729584643, 11.003989630919184)]
[(15.246285013763764, 10.975641239398103, 15.511778610839505)]
[(16.356071519204971, 4.1663132329417589, 15.725505235404073)]
[(12.871939751716203, 5.2280023551242438, 10.074642419142005)]
[(15.225077592356667, 1.0017610729584643, 12.422217122324893)]
[(16.068181056792163, 4.4542507539826239, 19.397073712674448)]
[(13.821677856535228, 2.6194998953010535, 14.582757271815796)]
[(15.431790901674189, 2.9015477713279196, 16.200433546971432)]
[(12.858646284047905, 1.0017610729584643, 11.464445557864941)]
[(12.397070699306692, 6.5085353477968164, 14.583070238010491)]
[(9.5478563848496165, 6.7011211680668303, 10.288738522262051)]
[(15.211484140912651, 4.801334469697375, 19.050003416375585)]
[(14.771415961354254, 3.376494445920283, 13.383528910351986)]
[(13.346808804125716, 3.6249398241573876, 13.59929945007613)]
[(18.095499328220839, 4.913314789024021, 17.625218481673507)]
[(15.698205559546805, 1.0247133307520584, 19.027052045992949)]
[(13.731189682942214, 1.0922640377650163, 14.775648612269359)]
[(14.771415961354252, 13.825321286952287, 13.350863677567283)]
[(16.630127149813482, 5.7919995035187979, 16.675361858538789)]
[(17.620630275811326, 1.3443293562077199, 19.392558454790656)]
[(10.497594489668641, 9.0758545410286491, 12.033581084527141)]
[(17.065965398210228, 2.5064099653674408, 13.350863677567283)]
[(13.346808804125716, 2.4266010967355558, 13.498678255680257)]
[(6.698642070392542, 3.376494445920283, 5.277082380922192)]
[(10.022725437259128, 2.9015477713279196, 17.625218481673507)]
[(14.200905486316302, 4.801334469697375, 13.255210319795609)]
[(17.960208100853844, 1.0017610729584643, 14.300720300701999)]
[(14.218205229687712, 2.8231932863255551, 19.050003416375581)]
[(14.210715013483053, 3.2906485203611391, 13.911634595603534)]
[(10.957051417796585, 3.3919090894705297, 10.010951449027141)]
[(10.972463542078154, 3.9056225616404694, 17.625218481673507)]
[(12.869608145487966, 3.376494445920283, 16.202765444162033)]
[(13.821677856535228, 2.9015477713279196, 15.041680258736287)]
[(11.780716103078825, 4.801334469697375, 14.775648612269359)]
[(14.771415961354254, 5.6697125838291615, 17.625218481673507)]
[(6.223773017983031, 1.951654422143192, 7.176795627191625)]
[(16.655698931837144, 3.376494445920283, 15.740700370531508)]
[(8.0076001070555325, 3.735773095920532, 8.7172441143735941)]
[(17.145761223401816, 2.2120058708710433, 14.300720300702)]
[(11.439588889901865, 4.801334469697375, 10.034110167522531)]
[(16.483915155405093, 5.5642202399974554, 19.050003416375585)]
[(10.02272543725913, 4.0381653360306391, 10.501293808163133)]
[(16.191296720694396, 3.8514411205126473, 19.520204740244878)]
[(19.264267747789177, 1.951654422143192, 14.556590964612319)]
[(15.651585969375908, 2.9711272397392143, 15.250576923836716)]
[(16.670892170992303, 1.8644824089209293, 10.976222119730492)]
[(14.714710059769939, 1.4767077475508281, 15.250576923836718)]
[(11.706255273693412, 1.217742744796207, 10.717267129427954)]
[(16.19602311858279, 1.4767077475508281, 13.825791989134641)]
[(16.104834689878945, 2.4266010967355558, 18.008946985085224)]
[(16.402248868399173, 9.3445417561055457, 19.050003416375585)]
[(12.39707069930669, 1.0017610729584643, 13.350863677567283)]
[(17.145761223401813, 2.9015477713279196, 17.15029017010615)]
[(18.995625578139816, 3.3268744814572844, 11.025840165719908)]
[(16.548764475352879, 5.7512278188821018, 19.050003416375581)]
[(11.922201646897177, 4.32638779510501, 10.976222119730492)]
[(12.871939751716203, 1.3549577271051159, 19.1717487295588)]
[(10.932526741598235, 2.3866577681788672, 11.016163903944667)]
[(16.19602311858279, 4.801334469697375, 18.100146793240867)]
[(14.296546908944741, 4.2848434178031596, 13.867334760192087)]
[(12.397070699306692, 1.8192836800227949, 14.908014236494681)]
[(13.329861282413074, 1.4597574555931614, 10.993171756333249)]
[(16.405087383532315, 1.2108595115912795, 14.775648612269359)]
[(17.673049526432642, 1.8992266030615053, 16.622936066491725)]
[(11.426286146968476, 3.3975443336956661, 13.350863677567283)]
[(10.02272543725913, 5.4361637660241229, 10.341417368024995)]
[(13.589742658752515, 2.6585742066884581, 10.269329667065572)]
[(11.443682095413891, 2.4229500009505269, 12.401007054432569)]
[(13.346808804125716, 2.0652934824403415, 11.564785097929317)]
[(13.174918454703576, 4.3263877951050107, 14.300720300702)]
[(13.189939423150022, 3.5333894687939122, 14.457609257489935)]
[(14.85791124459629, 4.2398783733280316, 15.164070846802968)]
[(16.506872822078826, 10.975641239398103, 13.186823860593325)]
[(16.141181782627264, 1.951654422143192, 13.40571185720186)]
[(10.972463542078154, 7.9508169655265828, 13.350863677567283)]
[(12.862914081694525, 5.7422006735227393, 12.401007054432569)]
[(15.71104095703906, 1.0017610729584643, 12.41112142558697)]
[(14.249013373775066, 3.8514411205126473, 10.548833275067567)]
[(16.891164900246817, 3.1561857108448366, 19.270303633579388)]
[(10.497594489668641, 3.8514411205126473, 13.643121736017315)]
[(10.047038440207313, 3.376494445920283, 10.501293808163133)]
[(16.556840613217354, 3.4905646465838891, 18.214212583569463)]
[(14.07699529542357, 4.5459752965734026, 18.355496093326177)]
[(16.19602311858279, 1.4767077475508281, 12.401007054432567)]
[(15.246285013763764, 1.0017610729584643, 18.272472815519475)]
[(17.589607776692826, 1.5077353176127544, 12.875935365999926)]
[(14.661084052679019, 1.0017610729584643, 9.5514371850284174)]
[(13.803318013422684, 3.376494445920283, 13.369225811814269)]
[(15.246285013763764, 2.3181226224713836, 16.675361858538793)]
[(9.8186672685944529, 4.3263877951050107, 14.504803933892456)]
[(12.39707069930669, 5.276281144289738, 15.250576923836716)]
[(11.922201646897179, 4.801334469697375, 12.002102192154805)]
[(13.821677856535228, 3.0197307954555632, 15.725505235404077)]
[(10.497594489668641, 1.951654422143192, 9.551437185028417)]
[(14.296546908944741, 2.9015477713279196, 10.679998679710403)]
[(18.938028615423555, 5.3835074862791403, 18.100146793240867)]
[(13.788951941116355, 4.801334469697375, 16.200433546971432)]
[(15.563762698790182, 7.8084316118565793, 17.467807473339217)]
[(11.78661336559067, 3.8514411205126473, 16.336038748410601)]
[(19.503049194452363, 5.7512278188821018, 19.032943996790287)]
[(14.29654690894474, 2.4266010967355554, 15.725505235404075)]
[(19.520106485449375, 2.4266010967355554, 11.451150431297851)]
[(7.439505919456149, 3.5854028443000541, 10.767321798447263)]
[(15.177362997213478, 2.9015477713279196, 11.857148125500368)]
[(13.346808804125716, 3.1819915799225091, 10.501293808163133)]
[(4.1531834942446606, 2.9015477713279196, 7.8228586061794214)]
[(16.191402924339755, 1.4767077475508281, 13.825791989134641)]
[(18.949120914279085, 9.1719867710133034, 18.953874903184069)]
[(16.640469218775905, 4.3263877951050107, 15.250576923836716)]
[(10.022725437259128, 4.32638779510501, 18.575075104808224)]
[(16.104904982410019, 1.951654422143192, 13.259734170714559)]
[(8.123249227621079, 1.0017610729584643, 8.126652250326341)]
[(17.620630275811326, 5.4896475793795831, 17.886788607610153)]
[(11.447332594487667, 3.851441120512647, 10.501293808163133)]
[(9.4647185600753279, 1.5598591620492819, 10.893073920143491)]
[(12.39707069930669, 4.32638779510501, 16.200433546971432)]
[(17.145761223401816, 4.3019524913168343, 16.650927499501087)]
[(10.497594489668641, 3.6982267263198287, 16.522153388126267)]
[(13.346808804125716, 3.851441120512647, 17.15029017010615)]
[(14.264967725219137, 2.9015477713279196, 12.401007054432569)]
[(16.670892170992303, 5.751227818882102, 16.67536185853879)]
[(13.821677856535228, 1.5232771502930529, 8.6015805618936998)]
[(18.570192919651468, 3.376494445920283, 15.725329752529323)]
[(10.022725437259128, 4.32638779510501, 8.126652250326341)]
[(10.012004276006001, 2.8908248575917961, 13.361586176719742)]
[(15.721154066173277, 2.5292488671558173, 18.947359614661021)]
[(16.340807128221542, 3.376494445920283, 16.675361858538789)]
[(14.914033771363545, 3.8514411205126473, 12.543642661793093)]
[(13.198357733090864, 9.2243298779029388, 14.924118208591143)]
[(16.670892170992303, 2.9015477713279196, 16.076136492086373)]
[(8.5215056911844798, 2.9781728832819279, 11.92607874286521)]
[(9.0621533474813809, 2.9015477713279196, 8.1158169133889579)]
[(12.550179941954481, 5.1231468743769186, 14.300720300702)]
[(18.164746086115837, 1.4767077475508281, 15.656249836169875)]
[(17.145761223401816, 5.0625432806174935, 16.675361858538793)]
[(9.0729873324401051, 3.2981146205499341, 11.372773636353379)]
[(5.274034913164005, 2.9015477713279196, 7.651723938758982)]
[(13.094457888106739, 3.376494445920283, 10.278747903617774)]
[(13.240075945852025, 1.1085113778048457, 15.143830746313721)]
[(17.117703571363148, 1.0017610729584643, 13.825791989134641)]
[(17.620630275811326, 1.0017610729584643, 9.076508873461059)]
[(18.570368380630352, 3.376494445920283, 11.926078742865208)]
[(12.39482996260543, 3.8514411205126473, 10.978463136054463)]
[(15.082811789130078, 6.3896744394715874, 14.775648612269359)]
[(15.613888276658267, 2.4266010967355558, 12.768656190730841)]
[(3.3745587035259557, 11.92553458858283, 7.651723938758982)]
[(15.721154066173277, 1.0017610729584643, 13.350863677567283)]
[(12.228039230505207, 4.1573286963884755, 12.401007054432569)]
[(14.29654690894474, 5.751227818882102, 19.524931727942942)]
[(14.296546908944741, 1.8679014561784126, 12.009828470660548)]
[(17.776624231012203, 6.545101714065277, 16.831375280307071)]
[(17.596148604551562, 3.3520087728820225, 14.775648612269357)]
[(9.547856384849617, 5.751227818882102, 10.501293808163133)]
[(8.185516044450214, 3.4387714408947754, 10.501293808163133)]
[(12.361789085325997, 1.0370484540782858, 10.940936102938702)]
[(12.397070699306692, 4.3263877951050107, 10.377144353015362)]
[(15.246285013763764, 4.801334469697375, 18.060497178608625)]
[(15.063893273092159, 6.0437529390153051, 18.575075104808224)]
[(17.145761223401816, 2.6816157543095098, 11.706155229153262)]
[(15.246285013763764, 7.176067842659193, 18.575075104808224)]
[(14.132556529546591, 2.1156716074389905, 13.66178114529113)]
[(15.621214197166884, 1.5766639527466335, 17.625218481673507)]
[(16.477677249599616, 1.0017610729584643, 17.625218481673507)]
[(14.771415961354254, 8.7989910664792497, 16.675361858538793)]
[(17.170150893658555, 2.8771541143311836, 19.524931727942942)]
[(8.1232492276210788, 3.0548856154416373, 7.1767956271916251)]
[(15.191499199511332, 3.9062358900643792, 14.245927649699102)]
[(14.235848883628236, 1.0017610729584643, 9.4907315851735312)]
[(10.577574786867894, 4.3263877951050107, 10.896231841748049)]
[(18.367969930917923, 11.653019447790802, 14.775648612269359)]
[(16.670892170992303, 1.6852262869215144, 18.100146793240867)]
[(15.245116175541728, 1.951654422143192, 11.927247726947177)]
[(16.19602311858279, 1.0017610729584643, 9.551437185028417)]
[(14.554710213313991, 2.9015477713279196, 15.250576923836716)]
[(14.296546908944741, 1.1242820972464589, 17.977630506024955)]
[(7.173511122802055, 1.0017610729584643, 6.701867315624266)]
[(16.660324852327292, 4.3263877951050107, 16.200433546971432)]
[(16.968843068292045, 4.5033348692890325, 17.327230402925188)]
[(17.634349150621311, 5.2900022615895281, 19.050003416375585)]
[(18.570368380630352, 3.2736093984269896, 15.725505235404075)]
[(19.045237433039862, 1.4767077475508281, 12.875935365999926)]
[(14.141981452322662, 2.9015477713279196, 16.045848802045043)]
[(15.669343659394359, 2.9015477713279196, 19.050003416375581)]
[(15.119527207319038, 6.3529530197736017, 11.92607874286521)]
[(19.040004509036432, 2.9067815507060732, 16.675361858538793)]
[(16.19602311858279, 1.0160135655784155, 12.86168342442895)]
[(14.296546908944741, 5.0420676826373239, 19.284207822553178)]
[(18.095499328220836, 2.9015477713279196, 15.591375194784657)]
[(18.048213020794396, 2.9015477713279196, 18.147439001550389)]
[(17.983303078378455, 3.0137623607899844, 18.937793165504399)]
[(12.871939751716203, 2.4266010967355558, 13.75965017584039)]
[(10.497594489668641, 4.32638779510501, 10.976222119730492)]
[(17.501952643539767, 3.0202448026671265, 16.319125989086899)]
[(11.447332594487667, 3.376494445920283, 14.775648612269357)]
[(12.871939751716203, 3.9895377881619654, 14.913739940640195)]
[(17.620630275811326, 5.9459323854573487, 15.250576923836716)]
[(17.145761223401816, 1.258481740608838, 17.368507739701723)]
[(16.025981800958093, 2.121723534753019, 14.300720300702)]
[(10.972463542078154, 1.0201605728642116, 11.944477531384827)]
[(7.5109895165078218, 1.4767077475508281, 8.2640600540823694)]
[(13.182725080151492, 5.4403916894197311, 15.41468112390482)]
[(16.048407002669826, 1.951654422143192, 16.200433546971432)]
[(15.721154066173277, 3.7845170778881858, 16.200433546971432)]
[(12.741553497625793, 5.1458735772381958, 14.906051137328731)]
[(18.068892245844641, 6.7277325996416177, 17.651828884361453)]
[(12.355863840538635, 1.951654422143192, 11.409938430304299)]
[(15.806920468772919, 3.8514411205126473, 13.350863677567283)]
[(17.154109389293428, 8.1176116613595752, 15.250576923836716)]
[(8.110904161864255, 1.4890548312343768, 7.6393773324549361)]
[(15.721154066173277, 10.50069456480574, 17.625218481673507)]
[(17.145761223401813, 2.4266010967355554, 13.825791989134641)]
[(13.114875448316166, 1.4767077475508281, 13.593829690240106)]
[(11.071628474120642, 5.850408960442663, 13.72661468224833)]
[(16.19602311858279, 4.3263877951050107, 15.39733337293552)]
[(15.721154066173277, 1.7858327142839618, 11.92607874286521)]
[(19.037678769568444, 6.2337343924864106, 18.575075104808224)]
[(9.703699057120712, 1.0017610729584643, 8.4457184419338809)]
[(17.145761223401816, 3.9028313098452574, 17.09890196768993)]
[(17.620630275811326, 4.801334469697375, 18.575075104808224)]
[(11.922201646897177, 2.4266010967355554, 14.775648612269357)]
[(16.610899813663423, 6.2261744934744661, 12.935935209806507)]
[(13.568736974411388, 1.7296899754378914, 12.179051189614253)]
[(19.493898475403611, 1.0017610729584643, 15.699293954847001)]
[(17.571093165380169, 3.4260396536966438, 15.775048527597198)]
[(18.095499328220843, 9.2858045221360914, 18.100146793240867)]
[(6.2237730179830306, 3.4626180938154216, 7.0906753091244106)]
[(17.138271675897503, 10.508185336552867, 15.258067405965585)]
[(12.866914417582214, 4.801334469697375, 11.92607874286521)]
[(15.246285013763764, 1.0017610729584643, 18.575075104808224)]
[(18.09549932822084, 3.851441120512647, 15.250576923836716)]
[(15.098141909919898, 6.7011211680668303, 19.376770137243533)]
[(15.246285013763764, 5.276281144289738, 18.575075104808224)]
[(13.807933167031164, 1.4767077475508281, 11.437404026586782)]
[(14.296546908944739, 5.5394648133041819, 19.261758234488308)]
[(14.296546908944741, 1.4767077475508281, 9.0609602166447427)]
[(9.5478563848496183, 5.0965465454018224, 10.206093146343694)]
[(11.574220853664047, 1.0017610729584643, 13.22395958393856)]
[(12.803643405785012, 3.8514411205126473, 10.976222119730492)]
[(13.260878515173678, 1.865710087010279, 13.436804689805101)]
[(16.039736427357678, 1.0017610729584643, 17.625218481673507)]
[(14.296546908944741, 4.3263877951050107, 17.014429074543724)]
[(19.412883499779131, 5.2762811442897384, 16.093197180888627)]
[(14.771415961354254, 1.0017610729584643, 7.9510817177842892)]
[(10.497594489668641, 1.951654422143192, 12.875935365999926)]
[(9.072987332440103, 5.276281144289738, 11.451150431297851)]
[(8.5520292469393517, 5.322377711102825, 10.547388592728961)]
[(16.647758090928576, 5.2994190058544559, 18.598212071785923)]
[(14.731165297868214, 1.0017610729584643, 18.61533079119565)]
[(19.20898124117419, 8.1259611918439205, 18.411310862998295)]
[(13.904909139620489, 4.8845793577835108, 17.15029017010615)]
[(14.074744047086837, 9.5508012156210125, 15.250576923836716)]
[(18.05300134347414, 1.951654422143192, 10.933718831638013)]
[(15.710172012326883, 1.4657238985758858, 19.050003416375585)]
[(11.447332594487667, 3.1391483527563069, 15.012985528840515)]
[(17.203956669024851, 4.743129511436071, 18.100146793240867)]
[(17.499446595578444, 2.9015477713279192, 17.746417284481339)]
[(16.670892170992303, 5.3708408599789168, 17.625218481673507)]
[(18.92992252967106, 6.3415082462386341, 19.409602434366931)]
[(19.087277697589577, 5.2762811442897384, 19.482886217166591)]
[(11.922201646897177, 3.851441120512647, 12.875935365999926)]
[(14.29654690894474, 5.276281144289738, 19.05000341637558)]
[(16.634843336937092, 7.6510145172515571, 14.300720300702)]
[(12.744220070746376, 4.3263877951050107, 19.524931727942942)]
[(15.721154066173275, 12.400481263175196, 15.038985003776576)]
[(8.123249227621079, 1.0017610729584643, 9.551437185028417)]
[(15.582623214694472, 2.9015477713279196, 17.961598654424524)]
[(10.971872484484239, 5.276872298498037, 10.501293808163133)]
[(13.821677856535228, 2.9015477713279196, 15.250576923836716)]
[(15.721154066173277, 3.8000749719518452, 15.674141072830164)]
[(9.6821468156094141, 5.1419687623913717, 13.350863677567283)]
[(12.680794738279635, 1.667884005586532, 12.401007054432569)]
[(13.290868124938511, 3.376494445920283, 11.50709809135172)]
[(6.223773017983031, 1.951654422143192, 7.176795627191625)]
[(15.058661215703236, 1.4767077475508281, 18.100146793240867)]
[(12.871939751716203, 1.0017610729584643, 12.401007054432567)]
[(17.90123057407585, 4.3263877951050098, 18.294439790285466)]
[(12.568613863027666, 4.3263877951050107, 16.028868976289182)]
[(18.057866855331291, 3.8890797448131518, 19.012366247310027)]
[(14.791482843529767, 1.0017610729584643, 10.976222119730492)]
[(13.738706556995123, 7.7339993792955806, 16.117451893399387)]
[(12.39707069930669, 6.226174493474466, 11.451150431297851)]
[(17.145761223401816, 2.0175703750525171, 14.366633705080394)]
[(8.1928450509317869, 1.07136827241528, 5.6824061842795892)]
[(18.083731531275689, 2.4266010967355558, 17.625218481673507)]
[(17.140196168245726, 2.8959818065068852, 16.675361858538793)]
[(15.116357164349283, 4.4563368825497101, 17.755162544852393)]
[(10.02272543725913, 6.3893831346615126, 11.76287641186943)]
[(8.123249227621079, 2.4266010967355554, 7.176795627191625)]
[(16.670892170992303, 11.450587913990468, 13.825791989134641)]
[(18.09549932822084, 10.50069456480574, 14.775648612269357)]
[(14.296546908944741, 6.2261744934744661, 19.113746485733508)]
[(16.19602311858279, 1.0017610729584643, 10.976222119730492)]
[(11.914962811782313, 3.3837344642964724, 11.451150431297851)]
[(14.29654690894474, 3.851441120512647, 12.875935365999926)]
[(9.2568899786332093, 1.2927750405972729, 8.4176549663930249)]
[(19.000466891244443, 1.0017610729584643, 16.200433546971432)]
[(15.241707745813716, 2.4311791128866673, 15.245999084687002)]
[(10.022725437259128, 6.7011211680668294, 12.401007054432567)]
[(16.033610917278558, 1.6391464967834253, 16.362866015779357)]
[(11.447332594487667, 1.0017610729584643, 9.076508873461059)]
[(19.321533167276311, 10.22435366721764, 19.524931727942942)]
[(14.695747397517737, 2.4266010967355558, 18.974325409819343)]
[(18.095499328220836, 3.4570224719877092, 14.775648612269359)]
[(15.222537602476734, 1.0017610729584643, 10.976222119730492)]
[(12.463629488141684, 2.3600314281886705, 11.92607874286521)]
[(14.771415961354252, 7.651014517251556, 13.825791989134641)]
[(14.278214345296284, 2.9015477713279196, 10.482958956784453)]
[(10.022725437259128, 5.751227818882102, 11.926078742865208)]
[(9.0728732874580373, 1.9517684857670727, 8.126652250326341)]
[(15.246285013763764, 4.3263877951050098, 14.84773992723771)]
[(13.821677856535228, 2.3179666762878419, 11.92607874286521)]
[(11.447332594487667, 2.572337934981145, 10.647025011735721)]
[(15.215745196960343, 5.2457363354422331, 13.381407305450443)]
[(17.567074337283053, 5.2762811442897384, 12.929497987801827)]
[(15.502862211801407, 5.7512278188821018, 17.625218481673507)]
[(18.570368380630352, 2.4422315671610253, 12.385377188333299)]
[(15.165692623252163, 3.9320466846712594, 12.795332918321686)]
[(19.045237433039862, 4.32638779510501, 17.625218481673507)]
[(9.5478563848496165, 2.6995784517417061, 10.703255318940771)]
[(9.245825041137083, 3.8514411205126473, 13.652932711929443)]
[(19.045237433039865, 1.7217527742266989, 12.171114295281773)]
[(10.551323961043778, 5.330019398294171, 15.671769059100056)]
[(16.468068496785492, 5.2762811442897375, 11.723229758185827)]
[(16.653290434833579, 7.1760678426591928, 14.283116368013397)]
[(16.37535921298355, 2.9015477713279196, 11.746720269019269)]
[(9.5478563848496165, 3.2688857054764715, 12.29340247450213)]
[(17.134234162717021, 1.9631833670434518, 19.513403228790203)]
[(12.497495057444089, 3.376494445920283, 8.9760719833153928)]
[(15.030428725511049, 8.3850162942748945, 17.366173395178169)]
[(9.6042231474857491, 1.0581370493160083, 9.9699916999218026)]
[(19.520106485449375, 1.0017610729584643, 15.725505235404075)]
[(15.661162523714403, 2.0116557708306555, 13.825791989134641)]
[(17.397954512640368, 4.0741532823049056, 17.877443242244759)]
[(12.75756150584102, 2.7871508291635783, 9.66582970422483)]
[(12.397070699306692, 5.6057769990092599, 16.200433546971432)]
[(15.874711324388542, 2.9015477713279196, 13.979368409840612)]
[(17.443900096551328, 4.801334469697375, 19.226755649887242)]
[(16.19602311858279, 8.5780882724386274, 19.502113016227018)]
[(18.095499328220836, 2.5804123302793411, 12.875935365999926)]
[(14.771415961354254, 2.010896632694859, 16.200433546971432)]
[(18.570368380630352, 3.8514411205126473, 17.688279510904639)]
[(15.246285013763764, 4.32638779510501, 19.524931727942942)]
[(11.922201646897177, 2.4266010967355554, 10.976222119730492)]
[(12.871939751716203, 1.0017610729584643, 11.451150431297851)]
[(15.699730623654293, 5.7298008744832529, 17.64664459763511)]
[(10.552664316548185, 3.7963622919090509, 13.825791989134641)]
[(12.294573808280312, 5.7512278188821018, 15.250576923836716)]
[(8.1645992625920982, 1.0017610729584643, 13.784436794071095)]
[(14.296546908944741, 2.2692934123636634, 12.558308656763895)]
[(10.497594489668641, 2.9015477713279196, 12.221366832254628)]
[(15.232078359123832, 4.787125492835056, 17.15029017010615)]
[(13.821677856535228, 2.4266010967355558, 10.462450813762114)]
[(10.056795829947726, 1.0358370347997301, 12.841860721649173)]
[(15.662530031515093, 3.8514411205126473, 14.775648612269359)]
[(18.934662393949978, 5.3868742579959017, 11.92607874286521)]
[(15.721154066173277, 2.4266010967355554, 10.026365496595774)]
[(16.19602311858279, 4.0306361028378301, 16.675361858538793)]
[(15.246285013763764, 1.0017610729584643, 16.368788731504694)]
[(14.298034553883568, 2.9000598832183773, 14.777136442852177)]
[(12.442587486582392, 6.6555969406086906, 10.976222119730492)]
[(12.075725316046535, 3.5300432100769004, 11.297607603849388)]
[(12.871939751716203, 7.176067842659193, 13.825791989134641)]
[(15.976517797082538, 8.345502393724491, 19.269536130059908)]
[(11.924240817762037, 4.7992949655092723, 10.499254382829076)]
[(13.655125438245873, 1.4767077475508281, 13.659218786681746)]
[(19.427296202412379, 7.2688932964821662, 17.625218481673507)]
[(16.785550744858099, 3.376494445920283, 15.250576923836716)]
[(12.397070699306692, 4.7211665864981978, 14.775648612269359)]
[(16.19602311858279, 2.3667057161406491, 16.615468793699382)]
[(6.1388427504393235, 2.4266010967355558, 7.2617364932279163)]
[(17.618011956545033, 10.978259986655345, 17.15029017010615)]
[(17.033826032274657, 2.9015477713279196, 12.875935365999926)]
[(16.670892170992303, 11.450587913990468, 19.05000341637558)]
[(15.599586228335545, 1.5982954568897445, 10.026365496595774)]
[(18.570368380630352, 4.32638779510501, 18.100146793240867)]
[(15.917516609570075, 3.0979424121822596, 12.401007054432569)]
[(6.2237730179830306, 2.6781662249691434, 7.4001685368736112)]
[(11.272398688051481, 3.6764786193478649, 15.900460971934097)]
[(17.488336431584916, 3.7191256515100704, 14.907958965513902)]
[(17.145761223401813, 8.600907866436284, 16.200433546971432)]
[(17.678181970779374, 1.0017610729584643, 15.193018046962502)]
[(6.6986420703925429, 3.7573264813724041, 7.1767956271916233)]
[(14.29654690894474, 9.550801215621012, 19.524931727942942)]
[(16.19602311858279, 7.651014517251556, 15.250576923836716)]
[(12.773472054808261, 1.0017610729584643, 14.775648612269359)]
[(16.668518276186461, 1.0017610729584643, 17.625218481673507)]
[(11.916651832187355, 2.9015477713279192, 11.92607874286521)]
[(15.803215997837, 1.8695790766209921, 14.857720784484526)]
[(10.301048003329583, 1.0017610729584643, 9.8297944831177109)]
[(11.882908823244748, 5.2369818978251104, 13.350863677567286)]
[(17.13963062568174, 4.3325193949337217, 17.625218481673507)]
[(16.670892170992303, 7.651014517251556, 15.725505235404075)]
[(14.281878389467629, 6.2261744934744661, 13.825791989134641)]
[(17.692898613162562, 6.2984546438214464, 18.575075104808224)]
[(14.710178400974861, 3.7901935502303461, 13.412108879813918)]
[(9.547856384849617, 5.276281144289738, 9.076508873461059)]
[(14.967631040643992, 1.4767077475508281, 11.17246168480278)]
[(7.1735111228020534, 3.2340794199939222, 6.8442768353099854)]
[(7.6483801752115665, 1.0017610729584643, 6.701867315624266)]
[(18.09549932822084, 3.376494445920283, 14.775648612269357)]
[(10.337181277177628, 4.6408950360330739, 9.7118704155682618)]
[(8.598118280030592, 3.1498119182878992, 8.6015805618936998)]
[(14.743962904158945, 4.8287920143744749, 15.223120440760015)]
[(10.972463542078154, 1.6425724020703076, 11.92607874286521)]
[(16.760877386198963, 7.741014441458085, 19.050003416375585)]
[(18.289138602118094, 2.707876845119257, 16.869025296782489)]
[(19.045237433039862, 6.226174493474466, 17.15029017010615)]
[(14.528615580658863, 1.2446011418488436, 12.63310468611782)]
[(13.821677856535228, 3.376494445920283, 10.976222119730492)]
[(10.882695021804153, 2.9913309651807949, 13.350863677567283)]
[(17.797908352858759, 3.5538015008748691, 13.648491789463097)]
[(18.095499328220839, 4.801334469697375, 17.046338808590047)]
[(16.143327200332966, 7.6510145172515571, 19.102705910576656)]
[(15.721154066173277, 1.0017610729584643, 13.350863677567283)]
[(19.434436315075217, 2.9015477713279196, 16.761042719738398)]
[(17.071542215178017, 1.0017610729584643, 16.675361858538793)]
[(12.7868526906024, 1.8665534526826917, 13.350863677567283)]
[(18.071266413688193, 2.9257846469772435, 15.226340985265967)]
[(11.141548700649146, 1.1708738702206489, 7.1767956271916251)]
[(13.371025923709958, 3.8514411205126473, 17.600998340022223)]
[(7.1735111228020552, 1.2089822758644435, 6.4946541245822171)]
[(16.164484940833404, 1.0017610729584643, 11.0077642331456)]
[(14.771415961354254, 4.801334469697375, 16.084029431391723)]
[(12.39707069930669, 2.9015477713279196, 13.350863677567283)]
[(13.775521695515723, 1.9978181278572875, 12.875935365999926)]
[(16.101877325075257, 7.6510145172515571, 17.531060939663078)]
[(13.219402224944792, 1.824227017059348, 13.003357844314614)]
[(18.245161820316603, 1.1514480289127778, 18.900322247819016)]
[(14.586650807080616, 1.6615031035706465, 12.58579526564661)]
[(11.922201646897177, 8.600907866436284, 13.350863677567283)]
[(11.47613679700604, 5.2474722334311101, 11.451150431297851)]
[(18.062605536796617, 2.3937019284861214, 15.758403131661765)]
[(9.072987332440103, 4.32638779510501, 10.976222119730492)]
[(19.520106485449379, 5.7512278188821018, 16.83990022649516)]
[(12.411925560037659, 9.0758545410286491, 12.386150339955748)]
[(12.685692706700435, 1.1880385619505476, 7.6517239387589839)]
[(14.771415961354252, 1.4767077475508281, 12.875935365999926)]
[(16.17785987036401, 5.2762811442897384, 16.657196343718752)]
[(16.670892170992303, 5.276281144289738, 17.625218481673507)]
[(9.5131153487693076, 4.3611345099614809, 12.401007054432569)]
[(10.185994656560229, 1.951654422143192, 10.976222119730492)]
[(10.497594489668641, 3.1287200077768147, 13.12370022435592)]
[(13.617470434153834, 2.1558952243074945, 15.521272329871453)]
[(18.752448115923464, 3.558603944000494, 18.100146793240867)]
[(17.105608299743622, 2.4266010967355558, 14.775648612269359)]
[(15.246285013763764, 4.801334469697375, 18.535536154260036)]
[(16.143013302462272, 4.8543529508122081, 17.678234912916754)]
[(16.116865190452238, 1.4767077475508281, 10.026365496595776)]
[(11.832369340205068, 3.941288111210171, 14.300720300702)]
[(17.620630275811326, 1.0017610729584643, 14.217853428223034)]
[(10.02272543725913, 2.4266010967355558, 10.064039377597895)]
[(15.137473949078894, 1.4767077475508281, 8.7104052051683443)]
[(14.145724190344799, 5.2762811442897384, 16.049592007125415)]
[(10.02272543725913, 1.4474982835518408, 15.754713570067608)]
[(15.246285013763764, 3.2327688426281496, 15.250576923836716)]
[(12.871939751716203, 3.483175342722618, 14.882325384431855)]
[(17.145761223401813, 11.92553458858283, 16.200433546971432)]
[(15.246285013763764, 11.92553458858283, 18.100146793240867)]
[(14.250772388404318, 1.0475430758104545, 17.579438248906683)]
[(15.234771886734556, 8.1144461828768435, 19.524931727942942)]
[(16.575970624823341, 2.9015477713279196, 12.970868757478366)]
[(15.721154066173277, 3.8886340984363743, 15.250576923836716)]
[(18.570368380630352, 1.951654422143192, 16.898338622768069)]
[(12.847133713736609, 2.9015477713279196, 10.051174630133845)]
[(15.502760055709876, 3.5949241551088948, 17.843639745639894)]
[(7.6483801752115665, 3.376494445920283, 10.026365496595774)]
[(14.460107228415085, 1.0017610729584643, 15.086996193588412)]
[(11.910448198983659, 1.0135164420927483, 10.014610581963332)]
[(14.287002472557642, 3.8514411205126473, 14.310265928144316)]
[(12.084693360979747, 5.9137460938902091, 13.188351686058585)]
[(16.756194882863792, 4.3263877951050116, 16.675361858538789)]
[(12.301319424435203, 1.0975279993509963, 12.780172142276678)]
[(17.419509194079154, 1.4767077475508281, 16.474215678801457)]
[(17.080314064143437, 3.8514411205126473, 16.675361858538793)]
[(9.4290129256777728, 5.2762811442897375, 11.926078742865208)]
[(12.832520345724387, 3.8514411205126473, 9.0370845483009159)]
[(10.972463542078154, 3.2869354455918001, 12.490562592110926)]
[(9.439003747380811, 4.3263877951050107, 11.451150431297851)]
[(14.771415961354254, 2.9015477713279196, 14.374619198994965)]
[(18.021236668870976, 1.0760358712963167, 19.524931727942942)]
[(14.182831568058278, 1.4767077475508281, 11.451150431297851)]
[(12.7571312381558, 1.116588353139659, 13.940614829709604)]
[(15.246285013763764, 5.4516605659268595, 19.050003416375585)]
[(16.187997132869, 3.8514411205126473, 14.775648612269359)]
[(15.246285013763764, 1.0017610729584643, 10.026365496595774)]
[(15.721154066173277, 3.851441120512647, 13.350863677567283)]
[(16.19602311858279, 1.5477837409287851, 16.271506792314057)]
[(9.4873705701797011, 1.0622567746507967, 6.7623606783506851)]
[(13.346808804125716, 2.4266010967355558, 16.522444499472265)]
[(14.747154338545228, 1.0017610729584643, 14.300720300701999)]
[(13.335743586572267, 1.0017610729584643, 13.836858587522384)]
[(11.379398698613512, 3.376494445920283, 14.707706238888747)]
[(11.447332594487667, 6.7011211680668294, 19.524931727942942)]
[(13.739491263915669, 4.3263877951050107, 17.15029017010615)]
[(19.326457725888488, 1.4767077475508281, 15.919178160495123)]
[(15.656255104432494, 3.376494445920283, 13.760884928618422)]
[(15.693441082649759, 8.1259611918439205, 17.597502039832257)]
[(13.345072488835227, 1.4749711484419195, 14.775648612269359)]
[(14.17409941264258, 1.951654422143192, 10.976222119730492)]
[(12.813455818157824, 3.7929476271597053, 11.509641663096943)]
[(15.721154066173277, 1.9621137263079711, 12.865476466226786)]
[(9.0499360759852454, 1.9747094465606814, 11.949132875898441)]
[(15.111272800936179, 1.341673465602043, 17.625218481673507)]
[(19.465056064641139, 7.6510145172515571, 18.520017814229131)]
[(14.296546908944741, 3.9863497912158588, 15.590601780720736)]
[(18.177196580163223, 1.0017610729584643, 15.807212682389332)]
[(11.447332594487669, 3.8514411205126473, 9.1146946606353634)]
[(15.934830764424582, 2.1653660480269838, 14.300720300702)]
[(13.25939164803261, 1.4767077475508281, 7.0893675622658101)]
[(16.132621460688092, 3.376494445920283, 18.63848467462903)]
[(13.821677856535228, 4.801334469697375, 12.152581692032053)]
[(11.922201646897177, 1.0017610729584643, 12.401007054432567)]
[(14.301524117826956, 4.7963564472396776, 16.670384028548071)]
[(14.59969078794853, 3.376494445920283, 17.796965084753595)]
[(10.875449633705877, 5.3733109105733625, 14.397746315490732)]
[(16.19602311858279, 1.0017610729584643, 16.200433546971432)]
[(12.364428820486275, 4.3263877951050107, 11.451150431297851)]
[(15.691227272730833, 1.4767077475508281, 12.371076526409892)]
[(11.447332594487667, 3.2339329299896797, 11.92607874286521)]
[(17.145761223401813, 3.851441120512647, 16.67536185853879)]
[(14.296546908944741, 2.9769051981724273, 13.901146502409295)]
[(14.296546908944739, 4.9446762296885716, 19.381595510023022)]
[(12.36943301106894, 4.3263877951050107, 14.775648612269359)]
[(15.1835659742839, 4.2636585035593892, 16.263160413193095)]
[(10.497594489668641, 4.6078122020673122, 8.6015805618936998)]
[(15.100511993291203, 1.1475579215158263, 8.126652250326341)]
[(13.163671493555642, 3.8514411205126473, 14.300720300702)]
[(10.022725437259128, 2.9015477713279196, 7.176795627191625)]
[(16.991641098542075, 12.554626580538958, 16.200433546971432)]
[(11.64476177698976, 6.2261744934744661, 10.976222119730492)]
[(6.0259300143420882, 1.1996364160532549, 7.9287845577533194)]
[(15.721154066173277, 4.4580201315116152, 16.675361858538793)]
[(16.667306935413549, 5.7548136405041239, 19.053589099357765)]
[(13.805819778247098, 3.3606337754677527, 16.691221915764817)]
[(16.19602311858279, 5.4657648508430947, 13.825791989134641)]
[(15.237391896208942, 1.4678131763253699, 14.784542839600981)]
[(10.201012950431483, 3.376494445920283, 11.27284066953332)]
[(15.246285013763764, 1.0017610729584643, 12.863175345111319)]
[(9.9084948684931629, 3.376494445920283, 14.186475477043508)]
[(12.397070699306692, 2.7814817819921274, 10.976222119730492)]
[(9.6392587822320639, 3.4679117839554574, 7.6517239387589822)]
[(18.570368380630352, 4.32638779510501, 16.200433546971432)]
[(16.670892170992303, 1.152594171716695, 15.876332502450847)]
[(18.095499328220839, 3.5985319688990489, 19.524931727942942)]
[(6.6986420703925429, 1.7467845466938177, 7.3816575816872447)]
[(15.395351974435428, 1.951654422143192, 17.476132918857722)]
[(12.871939751716203, 3.8514411205126473, 10.778066863455523)]
[(10.022725437259128, 1.4767077475508281, 6.226939004056909)]
[(19.520106485449379, 3.376494445920283, 14.834922463037788)]
[(12.810347722982156, 4.3263877951050107, 15.250576923836716)]
[(14.499990939611701, 3.376494445920283, 18.846533997821446)]
[(11.922201646897177, 5.276281144289738, 16.67536185853879)]
[(14.771415961354252, 4.801334469697375, 19.524931727942942)]
[(13.741060118604361, 1.5573386632719997, 9.4708093867677956)]
[(16.670892170992303, 1.0017610729584643, 18.032200967156463)]
[(16.542427234244283, 1.1302470086087277, 13.222382709612502)]
[(5.7489039655735175, 2.9015477713279196, 8.126652250326341)]
[(16.586315056837044, 3.376494445920283, 16.115845878393788)]
[(13.638439178846367, 4.6180658397804759, 17.808480025812958)]
[(18.468291602609924, 4.699241006187993, 18.677164621043264)]
[(18.55231885610398, 6.7011211680668303, 19.524931727942942)]
[(9.5413253950515262, 1.0017610729584643, 8.6015805618936998)]
[(14.505897628981607, 3.6420561799684896, 15.041200078813814)]
[(15.656686234097069, 4.7368560996974498, 15.725505235404075)]
[(13.418091970808529, 5.7512278188821018, 19.050003416375585)]
[(16.19602311858279, 2.9015477713279196, 12.255596193532641)]
[(17.304034062385504, 3.059846481619048, 14.142427710767812)]
[(19.481045272972104, 2.4656686941658243, 19.050003416375585)]
[(13.955499108929665, 3.376494445920283, 11.92607874286521)]
[(18.859160645753349, 4.3263877951050107, 17.811318489579801)]
[(17.569446076052589, 2.9015477713279196, 16.726552445600632)]
[(13.346808804125716, 8.600907866436284, 14.775648612269357)]
[(15.246285013763764, 1.9620484902311464, 12.401007054432569)]
[(15.721154066173277, 1.0100977346435402, 11.451150431297851)]
[(14.24372479362272, 1.0017610729584643, 18.100146793240864)]
[(10.288914376680992, 1.2104752968358543, 12.401007054432569)]
[(18.09549932822084, 4.32638779510501, 19.05000341637558)]
[(13.776671087068733, 6.2261744934744661, 12.446019440317404)]
[(15.910898205048293, 1.0017610729584643, 15.440344740982235)]
[(16.071361782276178, 3.0262294847995452, 18.575075104808224)]
[(10.712605937168062, 2.686501178017652, 8.3416905292169456)]
[(18.876434374372078, 4.801334469697375, 17.15029017010615)]
[(18.570368380630352, 1.2107822805401904, 13.084948492123528)]
[(12.752914721435406, 7.1760678426591928, 10.976222119730492)]
[(17.145761223401813, 10.975641239398103, 17.625218481673507)]
[(14.29654690894474, 2.4266010967355554, 12.401007054432567)]
[(10.022725437259128, 2.9015477713279196, 10.879398136438574)]
[(19.395516358619908, 3.0261582636824875, 17.975541118744196)]
[(17.107388449921284, 5.7896068647832601, 19.050003416375585)]
[(19.520106485449375, 8.600907866436284, 19.05000341637558)]
[(13.821677856535228, 7.651014517251556, 13.825791989134641)]
[(17.145761223401816, 2.5746095659503707, 17.952144046527895)]
[(10.972463542078154, 1.0017610729584643, 10.026365496595774)]
[(19.045237433039862, 2.9015477713279196, 12.875935365999926)]
[(12.697074706719166, 3.8514411205126473, 10.326406941665516)]
[(19.475854036335061, 3.3322347632924778, 17.669476453074132)]
[(19.468898971569029, 3.8514411205126473, 16.675361858538793)]
[(19.455945739632892, 4.3905590286488367, 18.510906352338651)]
[(11.39348848894933, 1.0017610729584643, 12.875935365999926)]
[(14.207417933989641, 6.2261744934744661, 18.189286890647448)]
[(12.168351527151703, 6.4723646094337957, 12.62975476857288)]
[(12.320062359048096, 4.24936686704892, 10.976222119730492)]
[(12.935669744121546, 2.0153948318648416, 11.862340797560725)]
[(13.715527245153774, 5.7512278188821018, 10.132529354567639)]
[(12.232092494684116, 4.3263877951050116, 13.825791989134641)]
[(16.664979448894627, 3.3824081345126005, 13.831705449084001)]
[(18.570368380630352, 2.0967561662336203, 17.15029017010615)]
[(17.620630275811326, 3.376494445920283, 18.217656570456544)]
[(16.771056140501848, 1.951654422143192, 19.524931727942942)]
[(18.570368380630352, 1.951654422143192, 10.501293808163133)]
[(14.73005429976379, 6.2261744934744661, 19.050003416375585)]
[(8.8622357086083134, 3.8514411205126473, 8.126652250326341)]
[(19.520106485449379, 7.6510145172515571, 18.987689265874792)]
[(17.704734412364036, 1.3925898633204534, 16.200433546971432)]
[(13.821677856535228, 5.2762811442897375, 16.810556741187181)]
[(16.19602311858279, 6.226174493474466, 19.05000341637558)]
[(17.576671402511284, 8.6448739252618623, 14.731684253318486)]
[(17.274559755868218, 3.9802607064109106, 14.17190569539925)]
[(10.497594489668641, 3.376494445920283, 10.026365496595774)]
[(17.217158432649093, 1.0731699528067276, 12.401007054432569)]
[(14.646363510828529, 2.3015282051132142, 14.425788356588544)]
[(14.655799232193681, 2.7859121434354837, 12.516638211465347)]
[(9.9458917474088722, 3.4533406950196492, 11.849235464898539)]
[(12.871939751716203, 1.0156124931093453, 11.939929627473916)]
[(14.28856246855095, 1.0017610729584643, 8.1346376871026322)]
[(15.721154066173277, 1.4767077475508281, 16.200433546971432)]
[(17.049364673018374, 1.0017610729584643, 18.100146793240867)]
[(14.771415961354254, 2.8609763304371332, 12.360437182169218)]
[(13.334083037480431, 6.2134466466730194, 12.888662720700298)]
[(13.236762901627495, 1.3666438569290973, 11.5612100664819)]
[(12.397070699306692, 2.9822869041984803, 10.501293808163133)]
[(16.084978325815079, 6.812184112236837, 17.989088143135287)]
[(12.351455117250833, 4.2807647567176978, 13.825791989134641)]
[(16.833343556445229, 2.589079036521893, 16.512890200692365)]
[(14.907151740682908, 4.1906298283808461, 15.589752517536406)]
[(13.769899630053908, 2.4266010967355558, 11.92607874286521)]
[(14.287417804619126, 3.376494445920283, 17.15029017010615)]
[(12.871939751716203, 4.7233591908718484, 10.579266072203904)]
[(12.871939751716203, 2.3318153577625171, 14.300720300702)]
[(17.506896671252807, 2.5403532922100434, 13.350863677567283)]
[(14.771415961354254, 3.376494445920283, 13.332409022033021)]
[(13.263535968885511, 1.0850475199916674, 10.976222119730494)]
[(16.846144145912675, 4.5016684167455132, 19.524931727942942)]
[(17.145761223401816, 4.3263877951050107, 15.343887092641147)]
[(14.264628029228607, 1.0336851701405609, 13.857714852024499)]
[(10.972463542078154, 2.9015477713279196, 9.3562401010573844)]
[(17.145761223401816, 9.7740932407965726, 16.452078466578833)]
[(19.520106485449379, 4.5673326066302522, 13.584856493340693)]
[(14.28312109472731, 1.9650824309466897, 10.976222119730492)]
[(12.715953999415841, 3.8514411205126473, 13.194858459723166)]
[(12.394497863028267, 1.004334329793183, 10.978795277074505)]
[(17.145761223401816, 2.9015477713279196, 13.157964479478155)]
[(14.296546908944741, 5.7859518306544011, 18.609797774034234)]
[(16.670892170992303, 3.5525467101974662, 18.575075104808224)]
[(19.045237433039862, 4.32638779510501, 18.575075104808224)]
[(16.172932056130897, 2.9015477713279196, 12.401007054432569)]
[(10.387607571417472, 4.2163828983719087, 13.935792632710964)]
[(15.155363273167868, 1.4767077475508281, 12.966868452767466)]
[(17.984159330367092, 2.7901895738175977, 18.211500685271279)]
[(18.981358688976702, 3.8514411205126473, 11.989965458390312)]
[(11.910087011659849, 1.0138776884563037, 11.92607874286521)]
[(16.535249244970817, 6.5654560698276505, 15.250576923836716)]
[(19.453328951687574, 4.3931762443347946, 17.692004348638736)]
[(13.642492183711335, 1.0017610729584643, 13.350863677567283)]
[(14.736728818845616, 1.951654422143192, 14.300720300702)]
[(10.079103933392805, 1.4767077475508281, 5.2206968492864458)]
[(17.087283623822422, 4.3263877951050107, 15.725505235404075)]
[(5.7489039655735175, 4.1059400271555493, 7.1767956271916251)]
[(15.706088965440639, 1.4767077475508281, 12.385940073718116)]
[(18.570368380630352, 3.376494445920283, 18.956860682255069)]
[(17.620630275811326, 1.0017610729584643, 14.102128223510739)]
[(9.6403420157343369, 2.3341003481325604, 8.2191494225413955)]
[(14.29654690894474, 5.751227818882102, 17.625218481673507)]
[(9.547856384849617, 4.32638779510501, 13.825791989134641)]
[(18.970511572104687, 2.351863021097373, 14.300720300702002)]
[(16.816844297420349, 6.8470971518563699, 19.050003416375585)]
[(17.620630275811326, 7.8957115359164467, 18.330387546947492)]
[(15.220063252397678, 1.0017610729584643, 9.0765088734610586)]
[(14.463314176154135, 8.7677023934539218, 17.15029017010615)]
[(15.667457058889539, 2.9552535559343669, 13.404567385728694)]
[(17.145761223401816, 6.4986552629894181, 16.402891624040613)]
[(11.742093557549309, 3.8514411205126473, 12.695804800869221)]
[(18.938455841557584, 1.0017610729584643, 11.92607874286521)]
[(12.871939751716203, 3.2423009646241181, 17.284478463034052)]
[(13.837958681757176, 8.1096777053552831, 17.134007313191496)]
[(17.126722904844083, 5.2953225748545307, 16.675361858538793)]
[(10.808724960497553, 3.0653131176472517, 10.812463105126509)]
[(15.636403213029475, 5.666463112348219, 15.250576923836716)]
[(10.965248236174601, 2.9087642566467058, 8.126652250326341)]
[(18.531963647334035, 2.9015477713279196, 16.200433546971432)]
[(18.570368380630349, 4.1096303014274405, 15.250576923836716)]
[(13.821677856535228, 1.0112156404594614, 15.241122721880881)]
[(17.944646737038969, 4.3263877951050116, 17.949275377085108)]
[(15.246285013763764, 5.3023871507068581, 19.49882673087124)]
[(12.006449884936364, 3.2922324366485771, 12.960194117420873)]
[(12.389205529427137, 4.3263877951050107, 12.875935365999927)]
[(15.159442278141258, 1.0017610729584643, 16.200433546971432)]
[(12.39707069930669, 3.376494445920283, 11.926078742865208)]
[(17.548984799370285, 1.5483649351746567, 13.897446406252225)]
[(12.254836102174377, 3.376494445920283, 12.401007054432569)]
[(15.325465683526382, 2.9807413839774126, 13.271673126807404)]
[(13.799103629360623, 1.0243389901204052, 10.95364507550625)]
[(13.298246286814736, 4.8499049250463866, 16.675361858538793)]
[(10.497594489668641, 2.9015477713279196, 8.6015805618937)]
[(13.303316105506262, 5.7512278188821018, 14.819146738365461)]
[(15.721154066173275, 1.6341136608215856, 13.508263504999617)]
[(17.086380048391383, 2.960938652796167, 15.30996550905509)]
[(9.547856384849617, 3.851441120512647, 11.926078742865208)]
[(13.178411998893306, 3.5449187773255191, 12.401007054432569)]
[(13.821677856535228, 5.2762811442897384, 12.906123793150925)]
[(16.670892170992303, 2.9015477713279196, 14.008578830110268)]
[(18.073231305262869, 8.1482328547370315, 17.128019368309928)]
[(12.871939751716203, 2.8927935163918157, 12.401007054432569)]
[(15.277380974523055, 1.0017610729584643, 9.9952656553552508)]
[(8.5558948852231715, 4.3263877951050107, 11.408921767410872)]
[(17.097916348443654, 1.4767077475508281, 13.873642834679815)]
[(15.229268744858022, 10.992660289786299, 14.792667004644215)]
[(14.29654690894474, 8.600907866436284, 18.575075104808224)]
[(14.723309843896391, 4.3263877951050098, 17.198402290751616)]
[(16.580611606793049, 1.0017610729584643, 16.290725377329597)]
[(16.768558204355926, 4.899016467568817, 14.677970391110263)]
[(17.594269753732604, 6.2261744934744661, 19.076367227997672)]
[(12.119478941713053, 3.8514411205126473, 14.10341838754915)]
[(15.3309216530412, 3.2918439719221895, 11.451150431297851)]
[(16.670892170992303, 3.9304240745795167, 10.501293808163133)]
[(12.335237776946078, 3.8514411205126473, 14.837489250792752)]
[(11.922201646897179, 1.0246206651014897, 7.6288652304441538)]
[(9.3601935865308743, 4.5140812688193632, 14.300720300702)]
[(14.771415961354254, 4.6085647509864431, 17.15029017010615)]
[(16.284219655093327, 2.3383901436029033, 13.262656134964748)]
[(18.031392650339324, 9.4866840588501127, 18.639189782595658)]
[(12.300708590355018, 2.5229789570553245, 13.729417855104906)]
[(12.104610658245162, 4.3263877951050107, 14.008223763398719)]
[(17.620630275811326, 8.12596119184392, 17.625218481673507)]
[(11.857275783646919, 2.0165908981870295, 12.811001400617172)]
[(17.958991231021795, 4.9378648805351526, 18.100146793240867)]
[(9.5478563848496147, 2.0402411202974724, 8.5129972887970933)]
[(18.09549932822084, 3.851441120512647, 16.67536185853879)]
[(16.582305651135485, 1.0903620731841499, 14.212122726086957)]
[(16.761961030060817, 4.8924182148983828, 16.675361858538793)]
[(4.5549570522286382, 2.9015477713279196, 5.7520106924895504)]
[(16.329650002890109, 2.5602498237180176, 14.300720300701999)]
[(14.771415961354254, 1.0050573549808499, 13.829088143711752)]
[(14.296546908944741, 4.3208433521877154, 15.250576923836716)]
[(16.670892170992303, 3.7095943180071402, 15.250576923836716)]
[(6.6986420703925429, 3.1814112188982206, 7.8467996232118118)]
[(15.246285013763764, 2.9015477713279196, 14.775648612269357)]
[(16.091713845367245, 7.1760678426591928, 18.945681126351182)]
[(15.246285013763764, 1.951654422143192, 19.524931727942942)]
[(19.03738798358328, 1.9595051546722346, 11.92607874286521)]
[(14.177924993069601, 7.1760678426591928, 17.15029017010615)]
[(16.19602311858279, 2.4266010967355558, 13.781554782159821)]
[(17.145761223401813, 1.0017610729584643, 17.15029017010615)]
[(15.20117469482101, 3.376494445920283, 17.670334429956597)]
[(15.246285013763764, 9.550801215621012, 16.200433546971432)]
[(14.51936522901768, 5.2762811442897384, 16.675361858538793)]
[(15.721154066173277, 3.376494445920283, 16.67536185853879)]
[(13.73792976664037, 1.0017610729584643, 11.059980660593363)]
[(12.871939751716203, 4.32638779510501, 18.575075104808224)]
[(17.075305690230209, 8.0554941419978743, 19.120467741730085)]
[(14.110515200192863, 5.0902190267604528, 16.675361858538793)]
[(19.520106485449379, 2.4266010967355558, 16.820703300822814)]
[(14.210068857200987, 1.951654422143192, 11.92607874286521)]
[(15.236153308755579, 1.4767077475508281, 14.300720300701999)]
[(15.226752801529011, 6.7206565730405963, 19.524931727942942)]
[(19.045237433039862, 4.32638779510501, 16.200433546971432)]
[(14.128212046345695, 4.1580254164582922, 16.843717727733537)]
[(14.51860554926974, 3.1543995078489986, 13.350863677567283)]
[(15.666195024334611, 4.2714197696512324, 14.355686200908295)]
[(17.044087547200611, 2.0533447179422541, 19.524931727942942)]
[(19.045237433039865, 7.9770506667689709, 17.299194937802763)]
[(14.296546908944741, 4.2355873373439703, 14.300720300702)]
[(16.19602311858279, 2.9015477713279196, 15.250576923836716)]
[(18.083365218968787, 4.8134705623931628, 14.787784235743263)]
[(8.598118280030592, 1.4767077475508281, 6.226939004056909)]
[(18.627149851766209, 2.9583385239735165, 18.518286547882834)]
[(15.538698225426746, 4.0339267855245442, 19.524931727942942)]
[(15.469542065464962, 4.1030942497649843, 13.099220278065573)]
[(16.670892170992303, 1.3236570768972094, 16.522317105335365)]
[(12.871939751716203, 4.801334469697375, 11.252081308902239)]
[(16.07672430863051, 2.3072827861778085, 14.775648612269359)]
[(12.397070699306692, 3.0048623810055894, 15.725505235404073)]
[(19.287917957861701, 4.0836676016798474, 16.675361858538793)]
[(16.04497861330718, 2.9015477713279196, 9.7025005392269801)]
[(15.209789818816221, 1.9881555826020305, 10.976222119730492)]
[(12.360550497898627, 2.4266010967355558, 10.939697360947356)]
[(15.685436585334589, 3.376494445920283, 15.761227173445912)]
[(11.447332594487667, 1.951654422143192, 11.913578136493463)]
[(10.406906877967186, 2.5173035322507378, 9.5514371850284174)]
[(14.763281211106559, 1.0017610729584643, 12.401007054432569)]
[(10.640412908479298, 1.951654422143192, 13.018771607195891)]
[(17.996012629472922, 1.1012640338204993, 13.450362791312461)]
[(10.02272543725913, 5.1835340813359352, 14.682905135226832)]
[(17.145761223401816, 1.1979009446002469, 14.775648612269359)]
[(13.346808804125716, 5.276281144289738, 19.05000341637558)]
[(18.565579645089802, 1.9564439404513359, 17.155079503235516)]
[(18.597346428593053, 1.5036902053502259, 16.648380443971348)]
[(18.436963532224063, 3.8514411205126473, 13.4842851736345)]
[(13.346808804125716, 2.9015477713279196, 10.741209908989097)]
[(16.136897344455072, 1.951654422143192, 11.510283583761904)]
[(15.15336721689099, 3.7585081352796657, 12.401007054432569)]
[(12.871939751716203, 1.951654422143192, 14.15224470811923)]
[(16.090995573071613, 1.4767077475508281, 10.501293808163133)]
[(17.973878750971519, 2.9015477713279196, 14.300720300702)]
[(17.095207660503924, 4.3769496214976122, 15.776065106907566)]
[(16.670892170992303, 11.540293620822347, 18.575075104808224)]
[(8.986977095993268, 3.8514411205126473, 7.6517239387589839)]
[(9.7928432746438983, 3.8514411205126473, 12.875935365999926)]
[(14.754966006139462, 1.9681070662706954, 15.741957243417396)]
[(19.029285984312075, 3.8514411205126473, 15.250576923836716)]
[(16.181545086285652, 4.8158148685763429, 17.639698320691881)]
[(9.547268050911434, 1.951654422143192, 10.501293808163133)]
[(15.213696893829594, 3.8840345673069097, 14.775648612269359)]
[(13.676409079809314, 3.521786968307222, 11.451150431297851)]
[(12.39707069930669, 3.851441120512647, 19.05000341637558)]
[(18.68009997971642, 2.4266010967355558, 15.615759942854265)]
[(15.060369938221868, 4.1404423298505915, 13.536801953548862)]
[(16.19602311858279, 4.5327722483767001, 17.625218481673507)]
[(12.735371767018899, 1.0017610729584643, 13.825791989134641)]
[(10.852714152132139, 5.2762811442897384, 12.045843076400335)]
[(14.105352265543655, 3.0927736674406638, 10.217583999276584)]
[(16.19602311858279, 1.0017610729584643, 12.915048907110512)]
[(12.871939751716203, 1.4767077475508281, 13.825791989134641)]
[(14.747403005022861, 2.4506179782292179, 10.501293808163133)]
[(10.022725437259128, 7.176067842659193, 13.350863677567283)]
[(9.547856384849617, 3.851441120512647, 7.651723938758982)]
[(16.670892170992303, 4.3263877951050107, 17.872911580927845)]
[(11.430438883108955, 3.3933909187481723, 13.333967858013478)]
[(18.538806230335329, 6.7326884775167599, 19.493365638990646)]
[(12.397070699306692, 1.0106174284321818, 10.492437795105703)]
[(19.032756606224623, 7.6510145172515571, 19.524931727942942)]
[(10.972463542078154, 6.226174493474466, 10.026365496595774)]
[(14.550607547966134, 1.7308099153711125, 13.096771334185638)]
[(18.05437392373954, 4.8424665965448703, 18.141277329782934)]
[(12.85720874347952, 1.951654422143192, 11.451150431297851)]
[(14.296546908944739, 2.6718578731039351, 14.530401318347236)]
[(14.173978202739791, 2.0742431634514547, 17.027706168488137)]
[(13.7766097242884, 5.7512278188821018, 10.546367564485797)]
[(15.246285013763764, 1.951654422143192, 16.52802842867893)]
[(18.749022180458727, 8.7795908690477127, 16.971614075976497)]
[(16.19602311858279, 1.0523662414725945, 11.976681954814479)]
[(14.771415961354254, 6.2235818804264254, 16.677954371347749)]
[(16.651655820134593, 1.4574682523156595, 19.069242167747596)]
[(19.447721506602971, 4.3987846060134066, 17.15029017010615)]
[(16.653050729574481, 1.951654422143192, 11.468994099158495)]
[(11.878081401645254, 5.2321536871343888, 17.625218481673507)]
[(17.620630275811326, 3.8514411205126473, 14.365669260944721)]
[(15.622463040461803, 1.0017610729584643, 12.024782084281492)]
[(16.110644655078818, 2.9015477713279196, 18.48968598688106)]
[(15.673379441954919, 4.7535520362301327, 12.875935365999926)]
[(16.19602311858279, 1.0017610729584643, 17.625218481673507)]
[(18.243416927404191, 2.9015477713279196, 16.527425800640742)]
[(17.423937894107407, 7.1760678426591928, 18.100146793240867)]
[(10.841960893797548, 4.9318584499649258, 9.4209182512539602)]
[(19.520106485449379, 1.0662552076603815, 17.085798528962926)]
[(18.665890854129565, 9.1713926286489915, 17.529684087874777)]
[(18.137716570425461, 1.434483604508012, 12.91815787651632)]
[(11.922201646897179, 7.6102591039331626, 11.451150431297851)]
[(9.4003837228255147, 6.2261744934744661, 14.775648612269359)]
[(13.821677856535228, 1.0017610729584643, 11.926078742865208)]
[(15.140555341190726, 1.4767077475508281, 17.625218481673507)]
[(15.721154066173279, 1.2401532242912359, 14.300720300702002)]
[(15.246285013763764, 4.8682696611028096, 15.725505235404073)]
[(16.670892170992303, 10.50069456480574, 19.524931727942942)]
[(16.047291193528896, 10.351938328003955, 17.15029017010615)]
[(12.329947639608777, 4.8684685013430018, 10.434162372143431)]
[(17.613722921278811, 9.0758545410286491, 18.581983321313132)]
[(9.9445669104683674, 3.4546657485182419, 8.6797488421279674)]
[(15.281982002959923, 1.5124105717834215, 12.365305610590426)]
[(12.368802482801323, 1.951654422143192, 12.429278798543487)]
[(16.969117676893948, 1.3000353268562819, 15.427242513785302)]
[(9.547856384849617, 2.9015477713279196, 7.176795627191625)]
[(17.524535304662407, 4.801334469697375, 17.15029017010615)]
[(13.989333004232815, 2.4266010967355558, 12.875935365999926)]
[(14.71313706011704, 3.4347828734374382, 12.934221539891761)]
[(16.670892170992303, 4.32638779510501, 19.05000341637558)]
[(11.399649729945573, 3.376494445920283, 13.350863677567283)]
[(16.840190364212706, 3.6821152537783686, 13.995111309165276)]
[(16.845081702591003, 9.3765832109693648, 18.100146793240867)]
[(7.1735111228020552, 3.0264289702333635, 7.5268475681778568)]
[(9.0221828111683386, 2.9523605971160993, 10.501293808163133)]
[(14.296546908944741, 1.3950245283093359, 10.582973869258506)]
[(16.650488856402703, 1.0017610729584643, 10.99662798046041)]
[(14.771415961354254, 4.0180142007966833, 13.350863677567283)]
[(16.670892170992303, 1.0017610729584643, 13.350863677567283)]
[(18.712686306023894, 4.3263877951050098, 14.917984297591374)]
[(13.821677856535228, 9.550801215621012, 13.825791989134641)]
[(18.964311386052767, 2.9015477713279196, 17.15029017010615)]
[(11.421810810662105, 3.376494445920283, 10.501293808163133)]
[(13.821677856535228, 1.0017610729584643, 12.401007054432567)]
[(15.246285013763764, 3.760819981939477, 13.350863677567283)]
[(14.771415961354254, 4.5935113448902349, 16.942475080435251)]
[(13.327663695361004, 1.0017610729584643, 11.432002933404984)]
[(9.8446955621653949, 4.029500096402586, 9.0765088734610604)]
[(17.620630275811326, 2.9015477713279196, 17.15029017010615)]
[(10.945756690068517, 3.8781523380292375, 11.899368558093519)]
[(16.960679919046896, 6.7011211680668303, 16.200433546971432)]
[(18.534604757912579, 2.9015477713279196, 16.200433546971432)]
[(17.334981994910923, 3.8514411205126473, 14.964892996737678)]
[(12.849779977973572, 1.951654422143192, 17.603055942601102)]
[(14.29654690894474, 1.4767077475508281, 10.026365496595774)]
[(13.771687751630678, 1.951654422143192, 11.92607874286521)]
[(9.0729873324401051, 1.8295010582356293, 8.6015805618936998)]
[(15.082758814881103, 1.4767077475508281, 13.350863677567283)]
[(12.611712559666227, 1.2620308017932285, 10.761553474100747)]
[(11.447332594487667, 2.9015477713279196, 10.716642282422796)]
[(12.134195837185816, 2.2145722538374928, 9.3394165398737066)]
[(19.045237433039865, 3.3931488534468501, 14.758994848657821)]
[(17.103609033852695, 4.3263877951050107, 16.675361858538789)]
[(14.29654690894474, 1.4767077475508281, 16.200433546971432)]
[(17.62063027581133, 3.7912338589745698, 12.875935365999926)]
[(11.910405293202954, 2.9015477713279196, 11.439352605530468)]
[(17.55248969873513, 2.3584493813880663, 19.524931727942942)]
[(16.19602311858279, 4.5050465445954799, 14.300720300702)]
[(12.39707069930669, 3.376494445920283, 10.976222119730492)]
[(16.041368211443856, 1.0017610729584643, 10.976222119730492)]
[(15.6278108179669, 3.4698529520312218, 13.350863677567283)]
[(14.29654690894474, 6.226174493474466, 16.67536185853879)]
[(10.022725437259128, 4.801334469697375, 15.250576923836716)]
[(12.408840194180017, 1.0135324916755908, 12.864164402405168)]
[(9.0387170428012489, 2.935823662794637, 9.5857117512746708)]
[(18.271047656859711, 3.8514411205126473, 17.625218481673507)]
[(14.771415961354252, 7.651014517251556, 17.15029017010615)]
[(9.4909943234333589, 2.4834724528348566, 10.976222119730492)]
[(19.520106485449379, 1.0017610729584643, 12.802996431352859)]
[(18.050579843690048, 2.3816742696575419, 13.350863677567283)]
[(16.385330322431535, 5.0869429962505528, 15.536174407810179)]
[(18.348812069884126, 1.2233535993400915, 14.079136341827674)]
[(17.108079352263626, 3.8137530898888548, 15.763191808882706)]
[(13.346808804125716, 3.851441120512647, 13.350863677567283)]
[(18.07200164999913, 3.8749426396691691, 17.625218481673507)]
[(18.481124495003272, 2.9015477713279196, 16.28968856938976)]
[(13.280197013123368, 1.068383752336449, 11.859458639342565)]
[(15.659703385009859, 1.0017610729584643, 11.451150431297851)]
[(15.672126441724743, 5.3253167828028038, 16.200433546971432)]
[(13.346808804125716, 4.32638779510501, 12.401007054432567)]
[(8.9509094653508754, 3.376494445920283, 13.350863677567283)]
[(11.848927914821852, 1.403422038137746, 13.825791989134641)]
[(13.806352105345795, 1.0170893292980117, 13.350863677567283)]
[(17.620630275811326, 4.3263877951050116, 18.641906107444406)]
[(9.0653222038677015, 1.4690413660350947, 7.6517239387589839)]
[(18.86803185437887, 1.2994732028332745, 14.775648612269359)]
[(14.665513614962656, 1.0017610729584643, 15.619589673403187)]
[(15.246285013763764, 3.376494445920283, 12.875935365999926)]
[(17.853278393250186, 3.6091805920633089, 17.392541331954185)]
[(16.129062128516921, 9.1428264765502973, 18.508105758645325)]
[(15.205775306114537, 2.9015477713279196, 12.401007054432569)]
[(14.296546908944741, 2.2395862391375037, 14.775648612269359)]
[(17.58004470731991, 5.2356889416738133, 16.675361858538793)]
[(14.771415961354252, 4.801334469697375, 10.501293808163133)]
[(13.278676043004427, 2.0197983202581717, 12.332865790988324)]
[(8.5149715288368064, 3.376494445920283, 9.6345943121488453)]
[(12.39707069930669, 4.801334469697375, 12.401007054432567)]
[(14.648797308127353, 3.4991331424148466, 14.898282567142243)]
[(14.728818455331213, 1.0443655419776943, 14.775648612269359)]
[(16.631138506549128, 4.801334469697375, 14.815407237593147)]
[(17.274294882724988, 1.3481530780920059, 17.021740471000289)]
[(11.922201646897177, 1.0017610729584643, 15.725505235404075)]
[(9.072987332440103, 1.0017610729584643, 6.701867315624266)]
[(19.003236164625676, 2.4686092306848217, 16.200433546971432)]
[(17.717811238746009, 7.6510145172515571, 18.952810326177623)]
[(12.223704547652481, 4.974728959814696, 14.775648612269359)]
[(16.948894467589632, 4.5232867307933935, 18.575075104808224)]
[(11.329889449936323, 2.9015477713279196, 15.725505235404077)]
[(14.771415961354254, 2.6560115773655246, 16.200433546971432)]
[(19.520106485449375, 1.0017610729584643, 16.200433546971432)]
[(18.90906718759409, 10.161940394072575, 19.050003416375585)]
[(15.689519769240635, 4.7696950018167215, 13.825791989134641)]
[(10.532410258139491, 6.1913530340116827, 10.466473695014296)]
[(17.145761223401816, 4.4976827671012849, 17.625218481673507)]
[(14.296546908944741, 2.8623196297633964, 15.725505235404075)]
[(7.6483801752115665, 3.376494445920283, 8.6015805618937)]
[(17.038053991502775, 7.2837926804022173, 19.417211055201999)]
[(7.6358789620255578, 1.4892110041874496, 6.2269390040569093)]
[(16.19602311858279, 2.7710667000551963, 19.524931727942942)]
[(10.972463542078154, 4.7703029730025603, 10.470263511249643)]
[(14.771415961354254, 3.2956439268031636, 15.806352628570043)]
[(10.497594489668641, 1.0017610729584643, 11.451150431297851)]
[(12.38583680468885, 1.4767077475508281, 10.976222119730492)]
[(7.6276834674834131, 3.8307410296968332, 8.1473515408074952)]
[(16.670892170992303, 1.4767077475508281, 13.825791989134641)]
[(8.598118280030592, 4.801334469697375, 15.250576923836716)]
[(19.520106485449375, 1.0017610729584643, 16.67536185853879)]
[(15.118883841821185, 3.2490724489586515, 13.825791989134641)]
[(13.463007092929915, 1.0017610729584643, 9.1927216627105963)]
