[(8.1232492276210788, 5.5229644887719482, 3.3773691346527586)]
[(16.19602311858279, 2.3410585064124727, 9.5514371850284174)]
[(8.1232492276210788, 4.6200971442433323, 4.145995439573861)]
[(19.026437859688397, 10.04455053654657, 18.575075104808224)]
[(17.145761223401816, 11.450587913990468, 16.493382234911842)]
[(7.9489013356293619, 4.9757108606276601, 11.150591768686999)]
[(8.588089219517002, 4.3364184949706814, 10.976222119730492)]
[(17.145761223401816, 11.450587913990468, 16.531923567513136)]
[(8.1232492276210788, 4.43640733771743, 4.3272257577874749)]
[(13.437438817442128, 5.660582991167006, 12.310365731349311)]
[(14.92491197809313, 9.0758545410286491, 18.100146793240867)]
[(19.183380231536503, 10.163913269557323, 18.436915067399383)]
[(8.2791627101200866, 5.4322201124353402, 3.2214361956285815)]
[(10.02272543725913, 6.3231344376431986, 8.5046243665203054)]
[(18.358878247187793, 2.1631791258019524, 13.087451891407042)]
[(8.2016323311617825, 5.3546770603469964, 8.6015805618936998)]
[(8.327812036399763, 4.5967382230442571, 7.8563122750377481)]
[(16.19602311858279, 2.2212042693992666, 11.92607874286521)]
[(10.02272543725913, 6.402157043961509, 8.6015805618936998)]
[(14.739560477237383, 8.6009078664362839, 17.657077941052929)]
[(18.867542099309659, 9.5508012156210125, 17.802935990097506)]
[(15.22385833646935, 7.1760678426591928, 12.423436530363793)]
[(7.8155383900211115, 5.4434666828118923, 3.6851183716493674)]
[(15.30299034470719, 7.2327824426664682, 15.668792828172691)]
[(14.92491197809313, 9.0758545410286491, 18.100146793240867)]
[(16.912433791243657, 4.0930222232017748, 13.584220226777949)]
[(10.62605063379247, 5.7512278188821018, 8.4731083876603446)]
[(18.564009613320366, 12.400481263175196, 17.625218481673507)]
[(14.725271045159424, 9.0758545410286491, 11.92607874286521)]
[(16.19602311858279, 8.6009078664362839, 14.724541704264221)]
[(18.810141528460147, 9.5508012156210125, 17.86034372399433)]
[(10.969583393326456, 6.2290551130158098, 8.126652250326341)]
[(18.691524562051413, 9.1970305266614574, 19.050003416375585)]
[(10.955508011562564, 6.2261744934744661, 8.1096946039212163)]
[(2.8951707048291553, 14.304787646499731, 11.451150431297851)]
[(10.198679226307377, 6.402157043961509, 8.6015805618936998)]
[(16.196023118582787, 2.0565025864097497, 9.656281295514697)]
[(10.02272543725913, 6.3231344376431986, 8.5046243665203054)]
[(17.730114229696706, 2.9015477713279196, 9.9168678801504271)]
[(14.296546908944741, 13.110432881928322, 16.915294312021565)]
[(19.045237433039865, 10.26816867819757, 17.625218481673507)]
[(10.969499993306863, 6.2232104602809466, 8.126652250326341)]
[(7.6483801752115665, 5.2762811442897375, 3.8544741515887897)]
[(8.1232492276210788, 5.5229644887719482, 3.3773691346527586)]
[(8.2228223669591465, 4.3263877951050107, 4.2276401926651799)]
[(12.666222589841741, 6.4319252819141344, 9.7571800184552906)]
[(14.981727624964979, 2.4266010967355558, 15.990095638458017)]
[(18.829918866872312, 7.9106074296638473, 15.725505235404073)]
[(12.871939751716203, 3.8514411205126473, 15.719484468439568)]
[(18.570368380630352, 9.5508012156210125, 16.676728815006076)]
[(10.02272543725913, 6.3231344376431986, 8.5046243665203054)]
[(10.62605063379247, 5.7512278188821018, 8.4731083876603446)]
[(10.969583393326456, 6.2290551130158098, 8.1295327584933119)]
[(8.3520230175357053, 5.5224166335616021, 2.9024408230854002)]
[(14.992451989104868, 6.9549956843187317, 17.371353781058474)]
[(10.017399900152725, 7.1760678426591928, 8.1319784520093119)]
[(7.6471480192932795, 4.801334469697375, 4.3284580674671478)]
[(10.02272543725913, 6.3231344376431986, 8.5046243665203054)]
[(13.593386051002371, 5.5228986967286273, 12.401007054432569)]
[(15.053348793752351, 8.6009078664362839, 17.150290170106153)]
[(12.397070699306692, 6.7011211680668303, 9.0864633400871213)]
[(14.74426153340216, 9.1030134076485396, 16.200433546971432)]
[(8.4260992227666822, 5.44832831982046, 3.0744813466975902)]
[(1.9499515462974186, 10.737923367513954, 8.126652250326341)]
[(10.010419242260767, 7.1760678426591928, 8.6138882925885856)]
[(14.291508202674086, 4.3263877951050098, 13.350863677567281)]
[(15.053348793752351, 8.6009078664362839, 17.150290170106153)]
[(18.782619512095231, 10.288408738731782, 17.625218481673507)]
[(14.758176992535439, 9.0758545410286491, 17.15029017010615)]
[(14.760147081930258, 9.0758545410286491, 17.15029017010615)]
[(10.968678400816572, 6.2261744934744661, 8.1228666367149973)]
[(14.916545587188269, 8.7460612151856978, 17.954999056604802)]
[(17.837292259475365, 5.0595837450179104, 15.033887902810227)]
[(15.053348793752351, 8.6009078664362839, 17.150290170106153)]
[(15.312574706311924, 7.1760678426591928, 15.659207270530452)]
[(10.02272543725913, 6.3231344376431986, 8.5046243665203054)]
[(17.145761223401816, 11.450587913990468, 16.543090467058565)]
[(8.3520230175357053, 5.5224166335616021, 2.9024408230854002)]
[(16.19602311858279, 2.4266010967355558, 9.4658979020676313)]
[(10.823876820919198, 5.6026168097103142, 8.2752575137000761)]
[(8.1232492276210788, 5.2655987129653292, 10.976222119730492)]
[(7.6320522327269327, 2.442931708188679, 5.7683406725466817)]
[(18.782619512095231, 10.288408738731782, 17.625218481673507)]
[(17.145761223401816, 11.450587913990468, 16.543090467058565)]
[(10.02272543725913, 6.402157043961509, 8.6015805618936998)]
[(19.045237433039865, 10.26816867819757, 17.625218481673507)]
[(8.3520230175357053, 5.5224166335616021, 2.9024408230854002)]
[(9.7516102267651643, 6.2261744934744661, 10.772442851266261)]
[(18.791437994718262, 9.5508012156210125, 17.846315683154383)]
[(10.233915294617997, 6.2261744934744661, 8.6015805618936998)]
[(14.948270961304695, 2.4266010967355558, 16.023556477192884)]
[(7.9797860262348346, 5.4197677961973296, 3.3773691346527586)]
[(17.191097701726861, 11.405244024956316, 16.630019722650861)]
[(18.539763345173192, 9.5508012156210125, 18.130755647916438)]
[(10.02272543725913, 6.3687658299011423, 8.4589947385244191)]
[(19.026437859688397, 10.04455053654657, 18.5938770241683)]
[(15.64478204529795, 6.6247366634068934, 17.15029017010615)]
[(9.0729873324401051, 1.0242674555813569, 6.7243728280752251)]
[(15.053348793752351, 8.6009078664362839, 17.150290170106153)]
[(9.547279254599955, 7.1754906180717146, 8.6015805618936998)]
[(17.609458783283767, 7.6398411986297718, 10.026365496595776)]
[(16.19602311858279, 2.3410585064124727, 9.5514371850284174)]
[(10.972463542078154, 4.9967521583526171, 8.126652250326341)]
[(16.494265991460452, 1.1784161238381801, 9.5514371850284157)]
[(15.680587048708304, 7.1354941941020646, 11.966650822709546)]
[(16.827419375031262, 4.4829405851095974, 14.619101875118602)]
[(9.5288440015596958, 6.2261744934744661, 8.6205953177488936)]
[(10.723432797030197, 5.7512278188821018, 8.352518740168593)]
[(10.233915294617997, 6.2261744934744661, 8.6015805618936998)]
[(8.3520230175357053, 5.5224166335616021, 2.9024408230854002)]
[(10.972463542078152, 5.0563200699993827, 8.8215331317541406)]
[(19.045237433039865, 10.26816867819757, 17.625218481673507)]
[(8.2791627101200866, 5.4322201124353402, 3.2214361956285815)]
[(8.5883930546085558, 4.3263877951050107, 1.9623106389886975)]
[(10.02272543725913, 6.402157043961509, 8.6015805618936998)]
[(19.502128933416756, 1.4587272569042384, 14.300720300702)]
[(16.670892170992303, 10.08337370087207, 18.100146793240867)]
[(7.9797860262348346, 5.4197677961973296, 3.3773691346527586)]
[(8.2228223669591465, 4.2267983795232293, 4.2276401926651799)]
[(14.951073241662145, 8.8961678939085953, 17.804898181507539)]
[(11.922201646897179, 1.0017610729584643, 10.321503815098772)]
[(16.19602311858279, 2.3410585064124727, 9.4658979020676313)]
[(8.1232492276210788, 2.6020049055516625, 5.1016853538032709)]
[(18.569054648847743, 9.5508012156210125, 17.623904585949621)]
[(10.02272543725913, 6.402157043961509, 8.6015805618936998)]
[(8.1232492276210788, 4.43640733771743, 4.3272257577874749)]
[(10.968678400816572, 6.2261744934744661, 8.1228666367149973)]
[(9.0689052636689222, 6.2220917574475694, 9.0765088734610586)]
[(8.1232492276210788, 4.3263877951050107, 4.4610122863877244)]
[(8.1232492276210788, 4.3263877951050107, 4.5373461466995515)]
[(9.1418667649603229, 6.2261744934744661, 9.1453969014817496)]
[(10.968996387868431, 6.229642214425855, 8.126652250326341)]
[(14.760147081930256, 8.612178587873391, 16.675361858538793)]
[(19.026346152056473, 1.9705487910988539, 14.300720300701999)]
[(7.6460004593696587, 5.2786612491204368, 3.8546774590280117)]
[(10.02272543725913, 6.402157043961509, 8.6015805618936998)]
[(18.570368380630352, 10.053753215711691, 17.597214238954628)]
[(8.1232492276210788, 4.43640733771743, 4.3272257577874749)]
[(13.086886651814684, 5.5362457835237038, 12.141052466299968)]
[(10.02272543725913, 6.3231344376431986, 8.5046243665203054)]
[(14.296546908944741, 9.3053422001393393, 15.97095476062025)]
[(12.387117474748736, 6.7011211680668303, 9.0864633400871213)]
[(7.6411558918410618, 5.2690556800365407, 3.8522974462201174)]
[(18.832887649704396, 9.3384167215508143, 18.312523075817055)]
[(15.023296389317716, 6.9530427684514837, 17.15029017010615)]
[(9.5409225086047513, 6.2261744934744661, 9.0834436149879725)]
[(10.62605063379247, 5.7512278188821018, 8.4731083876603446)]
[(14.92491197809313, 9.0758545410286491, 18.100146793240867)]
[(19.045237433039862, 10.347971269487596, 18.422357714282853)]
[(10.010419242260767, 7.1760678426591928, 8.6138882925885856)]
[(16.193847603555643, 2.4244252260983199, 9.5536129715392253)]
[(7.948714236780126, 5.4508446646524717, 3.3773691346527586)]
[(8.1232492276210788, 4.3263877951050107, 4.5373461466995515)]
[(8.3830482556203609, 5.7512278188821018, 2.9024408230854002)]
[(8.1232492276210788, 4.3263877951050107, 4.4815851729342171)]
[(16.196023118582787, 2.0565025864097497, 9.656281295514697)]
[(18.095499328220843, 3.0841977083580909, 10.318650932989673)]
[(7.6447531736888665, 5.2762811442897384, 3.8522974462201174)]
[(16.646345163011588, 6.7256721885059925, 11.47570050251255)]
[(17.145761223401816, 3.049067153398124, 10.501293808163133)]
[(7.8567675306057696, 1.6851291659805616, 6.0185256438954458)]
[(15.072693076764873, 10.327074252436823, 15.250576923836716)]
[(10.569255645962722, 3.7797682504727472, 9.0765088734610586)]
[(7.3742943558980949, 5.2762811442897384, 3.6514891572792241)]
[(15.034458145461464, 9.2877160345898933, 17.15029017010615)]
[(8.8778099137060416, 3.8514411205126473, 8.6015805618936998)]
[(17.142221862954106, 2.9015477713279196, 16.675361858538793)]
[(15.644782045297953, 6.6247366634068934, 17.226671721485975)]
[(8.3520230175357053, 5.5224166335616021, 2.9024408230854002)]
[(8.1232492276210788, 4.43640733771743, 4.3272257577874749)]
[(8.3343436203202685, 5.5400989206545663, 3.1662483993737069)]
[(8.1067550431586213, 5.7512278188821018, 10.484797565382754)]
[(15.198621210037302, 5.7512278188821018, 13.77812223741714)]
[(16.196023118582787, 2.0565025864097497, 9.656281295514697)]
[(10.961640625629547, 1.9624791077077153, 9.06568460641504)]
[(16.193847603555643, 2.4244252260983199, 9.5536129715392253)]
[(14.916545587188269, 8.7460612151856978, 17.954999056604802)]
[(10.02272543725913, 6.402157043961509, 8.6015805618936998)]
[(16.19602311858279, 2.4192508902711301, 9.5514371850284174)]
[(12.871939751716203, 3.2089031881621515, 11.283565653177584)]
[(10.02272543725913, 6.3231344376431986, 8.5046243665203054)]
[(8.4692772564651051, 5.4051432282326912, 10.630150909867455)]
[(15.721154066173277, 6.6247366634068934, 17.15029017010615)]
[(9.0698573931097304, 6.2261744934744661, 9.0796392033782034)]
[(10.02272543725913, 6.402157043961509, 8.6015805618936998)]
[(9.0714088822119017, 6.2277532017164345, 9.0749302262572247)]
[(7.9755113613601605, 5.4240431598095116, 3.5251254371994118)]
[(17.023368712218996, 2.9015477713279196, 16.200433546971432)]
[(16.670892170992303, 4.9193464375801135, 13.707784583988802)]
[(17.081606804531404, 3.4406593514838311, 15.789667660138029)]
[(12.397070699306692, 1.951654422143192, 11.450215328726634)]
[(9.0729873324401051, 6.2261744934744661, 9.1278136148051701)]
[(17.140649460136238, 2.9066603701632632, 16.675361858538793)]
[(18.784556759855889, 9.2900779315261399, 18.100146793240867)]
[(8.4260992227666822, 5.44832831982046, 3.0744813466975902)]
[(9.5344060421533481, 6.7011211680668303, 8.1401042714979219)]
[(7.6475870706271607, 4.801334469697375, 4.3280189613438189)]
[(7.6464732791609631, 4.801334469697375, 4.3291328918006382)]
[(15.246285013763764, 7.1760678426591928, 15.627461878689902)]
[(10.022725437259128, 6.8568563296290908, 7.9709231100056623)]
[(15.053348793752351, 8.6009078664362839, 17.150290170106153)]
[(16.121494841281741, 2.0261948818501896, 9.6259747627522412)]
[(18.792714374025646, 9.2982368791410117, 17.877773053172564)]
[(9.5288440015596958, 5.7702433099397012, 9.0765088734610586)]
[(15.997145089691692, 10.699605102336106, 15.051674076852196)]
[(16.539973101025545, 8.7318483364583557, 10.632229215589225)]
[(9.5478563848496165, 7.1760678426591928, 8.8958743815978831)]
[(15.227604268674787, 7.1947516413062083, 15.744188311673023)]
[(9.5288440015596958, 5.7702433099397012, 9.0765088734610586)]
[(15.644782045297953, 6.6247366634068934, 17.226671721485975)]
[(15.053348793752351, 8.6009078664362839, 17.150290170106153)]
[(16.192351450653241, 1.951654422143192, 9.5551093111473318)]
[(9.5478563848496165, 5.4618198808491343, 9.0765088734610586)]
[(12.302243506002576, 6.7959638618414457, 9.4565981581891663)]
[(10.02272543725913, 6.402157043961509, 8.6015805618936998)]
[(11.086953584273639, 4.801334469697375, 9.0765088734610586)]
[(16.19602311858279, 6.1961175132425259, 18.130202611369544)]
[(16.662114514541546, 4.7925553784492756, 14.784427364088463)]
[(8.8577601726633706, 4.801334469697375, 1.9525841999506839)]
[(15.053348793752351, 8.6009078664362839, 17.150290170106153)]
[(8.5711875751830107, 5.7781629258276634, 10.501293808163133)]
[(8.340183544442894, 5.5342580419368659, 2.9024408230854002)]
[(8.2791627101200866, 5.4322201124353402, 3.2214361956285815)]
[(18.782619512095231, 10.288408738731782, 17.625218481673507)]
[(12.336737717715952, 6.6407783244357974, 9.0765088734610586)]
[(14.572806075456388, 9.3521588649145837, 16.873996529068375)]
[(15.053348793752351, 8.6009078664362839, 17.150290170106153)]
[(16.641521324858005, 7.6510145172515571, 10.530668319500709)]
[(15.629115938916591, 1.5687609193767631, 10.118415109338583)]
[(15.053348793752351, 8.6009078664362839, 17.150290170106153)]
[(14.262654150982691, 9.5169029175424971, 16.200433546971436)]
[(12.846656544213536, 3.4017817862207083, 15.725505235404075)]
[(10.02272543725913, 6.402157043961509, 8.6015805618936998)]
[(10.017399900152725, 6.7064475756865116, 8.1319784520093119)]
[(10.010419242260767, 7.1760678426591928, 8.6138882925885856)]
[(7.6483801752115674, 4.7977633147856018, 4.3236547409484807)]
[(14.760147081930256, 8.6009078664362839, 16.675361858538793)]
[(16.185497510452279, 1.9621817507915469, 11.92607874286521)]
[(18.89096782002229, 9.5508012156210125, 17.945857928837455)]
[(10.698054601189375, 2.9015477713279196, 9.7519223120714926)]
[(8.5852243842367901, 4.7884384662649886, 10.976222119730492)]
[(18.832887649704396, 9.3384167215508143, 18.312523075817055)]
[(8.3947645564480595, 5.7512278188821018, 2.9024408230854002)]
[(17.13692759018577, 2.9103828484912801, 16.209268282541196)]
[(8.3520230175357053, 5.5224166335616021, 2.9024408230854002)]
[(14.296546908944741, 11.925534588582831, 14.377113011710373)]
[(11.447332594487667, 1.427589931264696, 9.9772495793685003)]
[(9.2303300207684398, 6.2261744934744661, 9.2338711966659055)]
[(9.5478563848496183, 5.5102724032712915, 9.0765088734610586)]
[(15.721154066173277, 6.6211994873525848, 17.230208760781242)]
[(8.3520230175357053, 5.5224166335616021, 2.9024408230854002)]
[(8.2085053785812683, 7.1760678426591928, 9.1617756635809933)]
[(14.754755991607167, 8.6009078664362839, 17.608556432920068)]
[(15.345061149651615, 6.7011211680668303, 17.526430019459909)]
[(8.3520230175357053, 5.5224166335616021, 2.9024408230854002)]
[(9.0681772250672967, 6.2261744934744661, 9.0765088734610586)]
[(4.3195903019283319, 11.920827312839776, 10.506000901907184)]
[(15.246285013763764, 6.6272742915932783, 17.224134191412773)]
[(10.823876820919198, 5.6026168097103142, 8.2752575137000761)]
[(10.191936244980734, 6.2261744934744661, 8.4323486382667454)]
[(8.0130362990336241, 5.386512088302819, 3.4875958167693164)]
[(15.053348793752351, 8.6009078664362839, 17.150290170106153)]
[(13.140973394385238, 5.4821501999242397, 12.195145958383465)]
[(15.246285013763764, 7.0371406492177266, 15.725505235404075)]
[(19.015583393708152, 10.025747890213376, 18.575075104808224)]
[(19.520106485449379, 4.9931351226125331, 15.058783686575513)]
[(16.19602311858279, 2.3410585064124727, 9.5514371850284174)]
[(10.968996387868431, 6.229642214425855, 8.126652250326341)]
[(9.2049960660741146, 6.0941441816685185, 9.0765088734610586)]
[(8.2791627101200866, 5.4322201124353402, 3.2214361956285815)]
[(8.1232492276210788, 4.43640733771743, 4.3272257577874749)]
[(14.769726748982176, 6.7011211680668303, 17.15029017010615)]
[(10.02272543725913, 6.5069394338559441, 8.4074063353973258)]
[(14.296546908944741, 9.3053422001393393, 15.97095476062025)]
[(10.02272543725913, 6.402157043961509, 8.6015805618936998)]
[(19.015583393708152, 10.025747890213376, 18.575075104808224)]
[(10.019111282739088, 6.7047359133572355, 8.6015805618936998)]
[(8.3520230175357053, 5.5224166335616021, 2.9024408230854002)]
[(8.3343436203202685, 5.5400989206545663, 3.1662483993737069)]
[(8.5819115865440772, 4.7851251270617556, 5.7520106924895504)]
[(16.652665189297885, 6.2261744934744661, 19.03177416012657)]
[(16.494265991460452, 1.1784161238381801, 9.5514371850284157)]
[(10.992193539432879, 4.7816012472736436, 9.5514371850284174)]
[(14.296380308011814, 6.2261744934744661, 8.1268188720494852)]
[(14.668936511039094, 8.4984116648112842, 16.777854097318251)]
[(10.968678400816572, 6.2261744934744661, 8.1228666367149973)]
[(14.900992013274804, 9.4212039831751273, 15.855097457188034)]
[(19.502128933416756, 1.4767077475508281, 13.843771784595399)]
[(6.6728254827287321, 4.3522086027530005, 8.5757607525643884)]
[(10.114997826568988, 6.6088336958952025, 8.5092966578640343)]
[(10.02272543725913, 6.402157043961509, 8.6015805618936998)]
[(13.346808804125716, 5.3783981319527641, 12.503120093911727)]
[(8.1603390808910259, 2.9015477713279196, 5.789105174221719)]
[(9.9745981170208218, 1.0017610729584643, 10.074498822667593)]
[(10.02272543725913, 6.3231344376431986, 8.5046243665203054)]
[(16.196023118582787, 2.0565025864097497, 9.656281295514697)]
[(10.723432797030197, 5.7512278188821018, 8.352518740168593)]
[(9.0705800633750897, 6.2285821560321262, 9.0765088734610586)]
[(18.782619512095231, 10.288408738731782, 17.625218481673507)]
[(15.721154066173277, 1.6712537151963267, 10.026365496595776)]
[(15.721154066173277, 1.6712537151963267, 10.026365496595776)]
[(18.350975496960803, 9.7702299612917738, 17.880726531418418)]
[(14.859244976151464, 2.4266010967355558, 16.11259357194545)]
[(9.0714088822119017, 6.2277532017164345, 9.0749302262572247)]
[(10.969499993306863, 6.2232104602809466, 8.126652250326341)]
[(10.02272543725913, 6.3687658299011423, 8.4589947385244191)]
[(8.0130362990336241, 5.386512088302819, 3.4875958167693164)]
[(13.821677856535228, 1.951654422143192, 15.103266036224245)]
[(10.972463542078154, 4.7727595122336623, 9.5514371850284174)]
[(9.1242856722375159, 6.174867768440973, 9.0765088734610586)]
[(10.02272543725913, 6.3231344376431986, 8.5046243665203054)]
[(10.02272543725913, 6.402157043961509, 8.6015805618936998)]
[(8.3520230175357053, 5.5224166335616021, 2.9024408230854002)]
[(17.140649460136238, 2.9066603701632632, 16.675361858538793)]
[(11.086953584273639, 4.801334469697375, 9.0765088734610586)]
[(14.52607871729394, 9.3212318879601046, 15.970873095227613)]
[(14.296266518624209, 6.2264549296276508, 8.126652250326341)]
[(8.1024908785770293, 2.4266010967355558, 9.5514371850284174)]
[(16.193127014972909, 1.951654422143192, 9.5485407200122481)]
[(8.4471416114015181, 5.4272824915928988, 3.2263736255661066)]
[(10.114997826568988, 6.6088336958952025, 8.5092966578640343)]
[(7.4526390886192848, 4.5221608775713946, 7.4559584255339519)]
[(18.802167621042294, 9.5508012156210125, 17.868318626480271)]
[(15.246285013763764, 7.0371406492177266, 15.725505235404075)]
[(10.019111282739088, 6.7047359133572355, 8.6015805618936998)]
[(15.531752417777918, 7.1760678426591928, 15.536079951477779)]
[(15.721154066173277, 6.6211994873525848, 17.230208760781242)]
[(8.596262363682186, 5.2781373640065725, 3.3792252826019378)]
[(14.765422545623103, 5.2762811442897384, 11.932072906517851)]
[(10.972463542078154, 2.4266010967355558, 9.1990447193424281)]
[(16.19602311858279, 6.2841370364147169, 18.042186491326149)]
[(8.5815217961920389, 3.8348419238097873, 6.7184658705467335)]
[(15.246285013763764, 7.0371406492177266, 15.725505235404075)]
[(13.086886651814684, 5.5362457835237038, 12.141052466299968)]
[(17.126874718013635, 8.1259611918439205, 10.976222119730492)]
[(9.2049960660741146, 6.0941441816685185, 9.0765088734610586)]
[(10.723432797030197, 5.7512278188821018, 8.352518740168593)]
[(14.758176992535439, 9.0758545410286491, 17.15029017010615)]
[(8.4260992227666822, 5.44832831982046, 3.0744813466975902)]
[(14.758224245512837, 8.5877139942745622, 16.675361858538793)]
[(1.9364141414017566, 19.511141764338291, 14.789187706504871)]
[(16.670892170992303, 8.0361642403016269, 11.36135695160567)]
[(8.1232492276210788, 4.43640733771743, 4.3272257577874749)]
[(17.145761223401816, 11.450587913990468, 16.493382234911842)]
[(10.62605063379247, 5.7512278188821018, 8.4731083876603446)]
[(15.053348793752351, 8.6009078664362839, 17.150290170106153)]
[(18.716235965653119, 4.1804963665399075, 10.647179596078256)]
[(10.02272543725913, 6.3231344376431986, 8.5046243665203054)]
[(10.02272543725913, 6.402157043961509, 8.6015805618936998)]
[(15.226271243925909, 2.4266010967355558, 16.200433546971432)]
[(10.643021124300528, 3.8514411205126473, 8.9310640909632433)]
[(15.713184870675889, 7.1840383408027488, 11.92607874286521)]
[(10.114997826568988, 6.6088336958952025, 8.5092966578640343)]
[(19.430628608396439, 1.4767077475508281, 13.825791989134641)]
[(12.871939751716203, 2.4261710999313983, 11.92607874286521)]
[(8.3343436203202685, 5.5400989206545663, 3.1662483993737069)]
[(8.4260992227666822, 5.44832831982046, 3.0744813466975902)]
[(9.7967748749867631, 6.9271086642597597, 8.8505301146996462)]
[(12.387117474748736, 6.7011211680668303, 9.0864633400871213)]
[(12.871939751716203, 3.2089031881621515, 11.283565653177584)]
[(15.053348793752351, 8.6009078664362839, 17.150290170106153)]
[(9.5478563848496165, 7.1751867705430268, 8.126652250326341)]
[(8.2791627101200866, 5.4322201124353402, 3.2214361956285815)]
[(18.743494368228845, 6.5279668812624889, 16.675361858538793)]
[(18.567280120925659, 10.022659125701185, 17.625218481673507)]
[(7.8866097974074405, 5.5145497075435737, 3.3773691346527586)]
[(8.4030309222128814, 4.5215070419381949, 4.0474091490914201)]
[(8.1232492276210788, 4.43640733771743, 4.3272257577874749)]
[(18.782619512095231, 10.288408738731782, 17.625218481673507)]
[(8.1232492276210788, 4.3263877951050107, 4.4815851729342171)]
[(16.799385943997805, 3.9799558971339715, 13.697282181323885)]
[(19.045237433039865, 10.26816867819757, 17.625218481673507)]
[(16.670892170992303, 4.7190371258068362, 14.300720300702002)]
[(18.892084268455566, 9.5508012156210107, 17.778390758321454)]
[(9.5288440015596958, 6.2261744934744661, 8.6205953177488936)]
[(1.9400096921929169, 19.524681382060649, 14.775648612269359)]
[(10.02272543725913, 6.3231344376431986, 8.5046243665203054)]
[(19.015583393708152, 10.025747890213376, 18.575075104808224)]
[(11.861156274453803, 5.7512278188821018, 9.0154558831336722)]
[(13.083511638046902, 5.5396213489718571, 12.189408765935323)]
[(8.340183544442894, 5.5342580419368659, 2.9024408230854002)]
[(8.1232492276210788, 4.3263877951050107, 4.4735733901295269)]
[(16.160941180445541, 8.6009078664362839, 10.536380124193823)]
[(8.3520230175357053, 5.5224166335616021, 2.9024408230854002)]
[(16.192351450653241, 1.951654422143192, 9.5551093111473318)]
[(13.821677856535228, 8.1259611918439205, 16.484752739456265)]
[(12.767695568425358, 3.9557023435769114, 10.026365496595776)]
[(9.0729873324401051, 6.6866638025585701, 10.990678926268705)]
[(9.9745981170208218, 1.0017610729584643, 10.074498822667593)]
[(8.598118280030592, 5.08776157328934, 5.5634984102855185)]
[(7.9797860262348346, 5.4197677961973296, 3.3773691346527586)]
[(7.9797860262348346, 5.4197677961973296, 3.3773691346527586)]
[(14.275904301143303, 10.95499525735219, 14.32136548450528)]
[(10.019111282739088, 6.7047359133572355, 8.6015805618936998)]
[(7.8155383900211115, 5.4434666828118923, 3.6851183716493674)]
[(16.192351450653241, 1.951654422143192, 9.5551093111473318)]
[(13.112143804680532, 5.5109845021189932, 12.166312771019156)]
[(13.346808804125716, 6.2261744934744661, 12.587297763066442)]
[(15.053348793752351, 8.6009078664362839, 17.150290170106153)]
[(10.723432797030197, 5.7512278188821018, 8.352518740168593)]
[(8.8352516628230262, 5.0391089996308374, 1.7154212251591721)]
[(15.053348793752351, 8.6009078664362839, 17.150290170106153)]
[(10.970887554801941, 6.2277507383618502, 8.1250760663818493)]
[(8.0130362990336241, 5.386512088302819, 3.4875958167693164)]
[(15.395150002139268, 8.1259611918439205, 14.626765046953963)]
[(12.336737717715952, 6.6407783244357974, 9.0765088734610586)]
[(10.02272543725913, 6.3687658299011423, 8.4589947385244191)]
[(14.759510573970074, 9.0877618744696456, 17.625218481673507)]
[(11.167035635479863, 4.801334469697375, 9.0765088734610586)]
[(9.5478563848496165, 7.1760678426591928, 8.8958743815978831)]
[(8.340183544442894, 5.5342580419368659, 2.9024408230854002)]
[(8.3520230175357053, 5.5224166335616021, 2.9024408230854002)]
[(15.664863688181057, 6.7574207472946153, 17.15029017010615)]
[(17.461351311152335, 4.010746120940567, 16.675361858538793)]
[(9.5288440015596958, 5.7702433099397012, 9.0765088734610586)]
[(15.053348793752351, 8.6009078664362839, 17.150290170106153)]
[(18.918922559892106, 9.0758545410286491, 15.599174599357116)]
[(8.2791627101200866, 5.4322201124353402, 3.2214361956285815)]
[(8.9694393654245239, 1.0017610729584643, 7.0732347383709904)]
[(10.968678400816572, 5.7550135788635739, 8.1228666367149973)]
[(8.340183544442894, 5.5342580419368659, 2.9024408230854002)]
[(10.02272543725913, 6.3687658299011423, 8.4589947385244191)]
[(18.982117786251852, 10.437564600468628, 17.688346005195314)]
[(14.758224245512837, 8.5877139942745622, 16.688555220581343)]
[(10.198679226307377, 6.402157043961509, 8.4256048154799306)]
[(8.3520230175357053, 5.5224166335616021, 2.9024408230854002)]
[(16.19602311858279, 2.3410585064124727, 9.4658979020676313)]
[(15.246285013763764, 7.0371406492177266, 15.725505235404075)]
[(8.1232492276210788, 4.3263877951050098, 4.553819906155935)]
[(9.5288440015596958, 6.2261744934744661, 8.6205953177488936)]
[(19.045237433039862, 10.260345948885803, 17.859807470001307)]
[(19.520106485449379, 4.0284524686912579, 17.327294674434732)]
[(9.9141341017924081, 5.8598369047085379, 10.609898694799501)]
[(8.2228693184291988, 4.801334469697375, 8.2262847727777864)]
[(10.02272543725913, 6.402157043961509, 8.6015805618936998)]
[(8.1232492276210788, 5.5229644887719482, 3.3773691346527586)]
[(13.086886651814684, 5.5362457835237038, 12.141052466299968)]
[(10.198679226307377, 6.402157043961509, 8.4256048154799306)]
[(10.968996387868431, 6.229642214425855, 8.126652250326341)]
[(15.053348793752351, 8.6009078664362839, 17.150290170106153)]
[(17.038158201845608, 3.0091683816938684, 10.501293808163133)]
[(14.761183530371236, 8.6111419700143585, 16.665128150645348)]
[(15.053348793752351, 8.6009078664362839, 17.150290170106153)]
[(14.481391425525111, 3.8514411205126473, 12.875935365999926)]
[(8.9694393654245239, 1.0017610729584643, 7.0732347383709904)]
[(14.760147081930256, 8.612178587873391, 16.664091572865427)]
[(14.744726317464007, 1.0284550795428213, 9.0498158989561688)]
[(7.6483801752115674, 4.801334469697375, 4.3200005728948625)]
[(9.537337641618107, 7.1655473800319758, 7.1873156830626144)]
[(10.017830064666411, 6.7011211680668303, 8.5966845784048704)]
[(16.196023118582787, 2.0565025864097497, 9.656281295514697)]
[(14.540516646054568, 8.844917482884318, 16.675361858538793)]
[(17.72524745039021, 5.6465935435605745, 15.725505235404075)]
[(14.296546908944743, 9.2158284887713346, 16.060465011089153)]
[(16.224847989511417, 2.4266010967355558, 9.5226087170290459)]
[(10.020871928081156, 7.177921654812117, 8.6015805618936998)]
[(18.782619512095231, 10.288408738731782, 17.625218481673507)]
[(8.1124952105413399, 5.2870369192230928, 10.976222119730492)]
[(19.025138645461105, 1.9717564950734747, 14.320821596418995)]
[(9.9626135471670043, 1.4767077475508281, 10.026365496595776)]
[(15.713102454381289, 2.4266010967355558, 9.0765088734610586)]
[(16.78731636862495, 4.2099445667515596, 13.709353262865378)]
[(14.984465037414633, 6.9629839415575638, 17.625218481673507)]
[(8.3520230175357053, 5.5224166335616021, 2.9024408230854002)]
[(10.02272543725913, 6.3231344376431986, 8.5046243665203054)]
[(19.430628608396439, 1.4767077475508281, 14.211231257657909)]
[(7.6483801752115674, 4.801334469697375, 4.3200005728948625)]
[(16.193127014972909, 1.951654422143192, 9.5514371850284174)]
[(15.053348793752351, 8.6009078664362839, 17.150290170106153)]
[(10.02272543725913, 6.3231344376431986, 8.5046243665203054)]
[(15.664863688181057, 6.7574207472946153, 17.15029017010615)]
[(8.3485241674949222, 3.376494445920283, 5.5023854329738082)]
[(11.181486551319479, 5.0672239681087881, 8.335701343658501)]
[(10.02272543725913, 6.3687658299011423, 8.4589947385244191)]
[(16.638107478484542, 4.8341245211970172, 14.808437395996075)]
[(7.6463936311604073, 5.2782680130617541, 3.8522974462201174)]
[(10.02272543725913, 6.5069394338559441, 8.4074063353973258)]
[(16.19602311858279, 2.4266010967355558, 9.4658979020676313)]
[(7.8866097974074405, 5.5145497075435737, 3.3773691346527586)]
[(8.1124952105413399, 5.2870369192230928, 10.976222119730492)]
[(8.8431156704138623, 5.0312437065878681, 5.9970386562255271)]
[(10.972463542078154, 3.376494445920283, 9.419000376198472)]
[(17.61021924637182, 1.0017610729584643, 11.936491071502536)]
[(14.767195670433239, 1.951654422143192, 14.304941118275332)]
[(16.192351450653241, 1.951654422143192, 9.5551093111473318)]
[(14.771415961354254, 6.9447025497933215, 17.381646517616922)]
[(8.1124952105413399, 5.2870369192230928, 10.965466760651326)]
[(9.5288440015596958, 6.2261744934744661, 8.6015805618936998)]
[(8.5981182800305938, 4.4353115487814581, 8.7105001042139705)]
[(17.793706553966665, 5.9243323881177714, 15.725505235404075)]
[(8.1232492276210788, 4.3263877951050098, 4.553819906155935)]
[(19.028374464088607, 9.0758545410286491, 15.250576923836716)]
[(9.5478563848496165, 7.1753352173790095, 8.6023131588481441)]
[(15.053348793752351, 8.6009078664362839, 17.150290170106153)]
[(9.5478563848496165, 7.1751867705430268, 8.126652250326341)]
[(14.296248990000603, 6.2261744934744661, 8.1269502064479404)]
[(7.6464732791609631, 4.801334469697375, 4.3291328918006382)]
[(8.3343436203202685, 5.5400989206545663, 3.1662483993737069)]
[(14.28943803996837, 8.1259611918439205, 16.200433546971432)]
[(10.960585977039646, 4.801334469697375, 8.6134596091397722)]
[(14.92491197809313, 9.0758545410286491, 18.100146793240867)]
[(16.19602311858279, 2.3410585064124727, 9.5514371850284174)]
[(8.340183544442894, 5.5342580419368659, 2.9024408230854002)]
[(8.1232492276210788, 4.3263877951050107, 4.4610122863877244)]
[(9.0712431638153657, 6.2279189472013305, 9.0782532597415155)]
[(19.040451275056562, 10.025747890213376, 17.155076925356617)]
[(18.854957046864683, 9.5508012156210125, 17.815522613037775)]
[(16.645960366112757, 4.8262703499343447, 14.750713696136819)]
[(8.340183544442894, 5.5342580419368659, 2.9024408230854002)]
[(8.4260992227666822, 5.44832831982046, 3.0744813466975902)]
[(10.62605063379247, 5.7512278188821018, 8.4731083876603446)]
[(8.3520230175357053, 5.5224166335616021, 2.9024408230854002)]
[(9.2049960660741146, 6.0941441816685185, 9.0765088734610586)]
[(9.2109685959039176, 6.7011211680668303, 11.114220601948466)]
[(15.717498533876002, 9.0721984111973892, 15.729161223877142)]
[(15.230200390624361, 2.4426883490704236, 16.184346916623479)]
[(15.644782045297953, 6.6247366634068934, 17.226671721485975)]
[(14.737373716480677, 9.5508012156210125, 16.709408351561944)]
[(8.3520230175357053, 5.5224166335616021, 2.9024408230854002)]
[(10.233915294617997, 6.2261744934744661, 8.6015805618936998)]
[(8.3848780890584464, 2.4266010967355558, 5.4903491822494903)]
[(10.02272543725913, 6.3231344376431986, 8.5046243665203054)]
[(17.480104659593902, 9.0758545410286491, 15.725505235404075)]
[(16.188674113388107, 2.4192508902711301, 9.5514371850284174)]
[(14.467930709163781, 9.3793894009743912, 16.029028359678168)]
[(13.2005397085652, 5.60493481414826, 12.072366091422793)]
[(16.223493297957873, 2.3991264270798895, 9.5514371850284174)]
[(8.1232492276210788, 4.3263877951050107, 4.4815851729342171)]
[(19.028374464088607, 9.0927202664039211, 15.250576923836716)]
[(16.656751624815072, 4.801334469697375, 14.314862611485399)]
[(18.570368380630352, 10.085497861758139, 17.565470820262238)]
[(7.8155383900211115, 5.4434666828118923, 3.6851183716493674)]
[(15.053348793752351, 8.6009078664362839, 17.150290170106153)]
[(15.053348793752351, 8.6009078664362839, 17.150290170106153)]
[(9.5391669127851149, 6.2261744934744661, 9.0851994298893324)]
[(10.497594489668641, 1.9363926805083365, 16.185172395406493)]
[(8.1232492276210788, 4.3263877951050107, 4.4610122863877244)]
[(7.6483801752115674, 5.2690556800365407, 3.8522974462201174)]
[(14.265933693704129, 3.8514411205126473, 13.350863677567281)]
[(7.8155383900211115, 5.4434666828118923, 3.6851183716493674)]
[(19.503248413961867, 1.459846920439843, 14.317580475917085)]
[(17.617491174182796, 10.978780854144762, 15.250576923836716)]
[(10.010419242260767, 7.1883760492304596, 8.6138882925885856)]
[(8.2791627101200866, 5.4322201124353402, 3.2214361956285815)]
[(15.680587048708304, 7.1354941941020646, 11.966650822709546)]
[(15.053348793752351, 8.6009078664362839, 17.150290170106153)]
[(14.760147081930256, 8.612178587873391, 16.675361858538793)]
[(1.9499515462974186, 19.524681382060649, 14.791504089764734)]
[(10.02272543725913, 6.402157043961509, 8.6015805618936998)]
[(15.226271243925909, 2.4266010967355558, 16.200433546971432)]
[(14.296266518624209, 6.2264549296276508, 8.1269326756369278)]
[(17.140688621774665, 2.9066212021234703, 16.675361858538793)]
[(11.141872741673433, 4.97077136095165, 8.4321502216356468)]
[(10.923254981920081, 4.801334469697375, 8.6015805618936998)]
[(12.88662220713227, 1.0017610729584643, 13.825791989134641)]
[(9.5288440015596958, 6.2261744934744661, 9.0765088734610586)]
[(10.972463542078154, 2.574219362665481, 9.2241214319757034)]
[(19.520106485449379, 10.500694564805739, 18.089652517709954)]
[(19.022754244738035, 9.0533676776207148, 19.072489410366259)]
[(19.502128933416756, 1.4767077475508281, 13.843771784595399)]
[(17.145761223401816, 4.7240461776467013, 14.378005604529122)]
[(15.49972178021423, 6.9545993613378618, 15.725505235404075)]
[(17.615369139801867, 7.6457525212558366, 10.026365496595776)]
[(14.760147081930256, 8.612178587873391, 16.675361858538793)]
[(9.5288440015596958, 6.2261744934744661, 9.0765088734610586)]
[(8.4260992227666822, 5.44832831982046, 3.0744813466975902)]
[(7.620039704936941, 2.4266010967355558, 8.1549962572231003)]
[(10.198679226307377, 6.402157043961509, 8.4256048154799306)]
[(10.62605063379247, 5.7512278188821018, 8.4731083876603446)]
[(14.893758136972668, 10.378332391112743, 14.775648612269359)]
[(17.142221862954106, 2.9015477713279196, 16.678901660665147)]
[(15.707740140237222, 7.1894839612380554, 11.939494342732111)]
[(16.110494508782033, 2.3410585064124727, 9.5514371850284174)]
[(17.143139379533707, 2.9041700437631084, 16.675361858538793)]
[(15.721154066173277, 1.6712537151963267, 10.026365496595776)]
[(13.821677856535228, 5.067242865014121, 11.717048545707765)]
[(8.5908939966600855, 4.319162330851813, 3.3773691346527586)]
[(16.19602311858279, 2.4266010967355558, 9.4658979020676313)]
[(15.960857911315856, 1.7119113949658977, 10.026365496595776)]
[(10.010419242260767, 7.1760678426591928, 8.6138882925885856)]
[(13.346808804125716, 6.2261744934744661, 12.587297763066442)]
[(8.3520230175357053, 5.5224166335616021, 2.9024408230854002)]
[(16.19602311858279, 2.4266010967355558, 9.4658979020676313)]
[(9.9626135471670043, 1.0618827889512263, 10.086484888082159)]
[(15.053348793752351, 8.6009078664362839, 17.150290170106153)]
[(8.3520230175357053, 5.5224166335616021, 2.9024408230854002)]
[(8.1232492276210788, 4.3263877951050098, 4.553819906155935)]
[(15.053348793752351, 8.6009078664362839, 17.150290170106153)]
[(11.71428075149754, 2.6345559789230872, 8.334599092283451)]
[(18.792714374025646, 9.5508012156210125, 17.877773053172564)]
[(9.1242856722375159, 6.174867768440973, 9.0765088734610586)]
[(8.1232492276210788, 4.3263877951050107, 4.5373461466995515)]
[(12.336737717715952, 6.7011211680668303, 9.0765088734610586)]
[(7.6483801752115665, 5.2762811442897375, 3.8544741515887897)]
[(16.193127014972909, 1.951654422143192, 9.5485407200122481)]
[(15.721154066173277, 1.47539485197112, 9.5514371850284174)]
[(10.02272543725913, 6.402157043961509, 8.6015805618936998)]
[(8.3520230175357053, 5.5224166335616021, 2.9024408230854002)]
[(15.053348793752351, 8.6009078664362839, 17.150290170106153)]
[(10.62605063379247, 5.7512278188821018, 8.4731083876603446)]
[(10.02272543725913, 6.402157043961509, 8.6015805618936998)]
[(10.02272543725913, 6.402157043961509, 8.6015805618936998)]
[(9.0729873324401051, 6.2261744934744661, 9.2552045816174466)]
[(18.854957046864683, 9.5508012156210125, 17.815522613037775)]
[(16.19602311858279, 2.4266010967355558, 9.5440872627475262)]
[(8.340183544442894, 5.5342580419368659, 2.9024408230854002)]
[(18.782619512095231, 10.288408738731782, 17.625218481673507)]
[(10.967809595476774, 5.7465731115457537, 8.131306777696155)]
[(15.340636902762236, 7.1760678426591928, 15.631141572183941)]
[(18.802167621042294, 9.5508012156210125, 17.868318626480271)]
[(18.782619512095231, 10.288408738731782, 17.625218481673507)]
[(15.053348793752351, 8.6009078664362839, 17.150290170106153)]
[(15.539263088406216, 1.1836817826582835, 10.026365496595776)]
[(12.336737717715952, 6.6407783244357974, 9.0765088734610586)]
[(11.15204311170703, 5.2762811442897375, 10.321691828705678)]
[(9.1242856722375159, 6.174867768440973, 9.0765088734610586)]
[(8.3520230175357053, 5.5224166335616021, 2.9024408230854002)]
[(17.505111833473666, 3.8514411205126473, 14.660115754324757)]
[(8.3520230175357053, 5.5224166335616021, 2.9024408230854002)]
[(9.1242856722375159, 6.174867768440973, 9.0765088734610586)]
[(7.6473229909839251, 4.8023918267325456, 4.3282830739416918)]
[(12.336737717715952, 6.7011211680668303, 9.0765088734610586)]
[(8.340183544442894, 5.5342580419368659, 2.9024408230854002)]
[(8.3343436203202685, 5.5400989206545663, 3.1662483993737069)]
[(10.010419242260767, 7.1760678426591928, 8.6138882925885856)]
[(9.0328561748350165, 6.2261744934744661, 9.1166450390543314)]
[(15.246285013763764, 7.0371406492177266, 15.725505235404075)]
[(9.1242856722375159, 6.174867768440973, 9.0765088734610586)]
[(9.5288440015596958, 6.2261744934744661, 8.6015805618936998)]
[(8.3520230175357053, 5.5224166335616021, 2.9024408230854002)]
[(10.02272543725913, 6.3231344376431986, 8.5046243665203054)]
[(8.588089219517002, 5.2662504444240685, 10.976222119730492)]
[(14.158349716206516, 3.8514411205126473, 12.53922149287088)]
[(10.972463542078154, 3.376494445920283, 9.419000376198472)]
[(16.559008015605794, 6.2261744934744661, 19.050003416375585)]
[(7.6443994410725091, 4.7973530848667805, 4.3272257577874758)]
[(8.1232492276210788, 4.4807531785331367, 4.3272257577874758)]
[(18.810141528460147, 9.5508012156210125, 17.86034372399433)]
[(16.21942464240108, 2.4031957476998667, 9.5280327409217076)]
[(8.3520230175357053, 5.5224166335616021, 2.9024408230854002)]
[(8.1232492276210788, 4.3263877951050107, 4.5373461466995515)]
[(10.010419242260767, 7.1760678426591928, 8.6138882925885856)]
[(9.4685042824232646, 5.7512278188821018, 9.0765088734610586)]
[(14.948270961304695, 2.4266010967355558, 16.023556477192884)]
[(17.145761223401816, 11.450587913990468, 16.611838608284039)]
[(9.2049960660741146, 6.0941441816685185, 9.0765088734610586)]
[(14.758176992535434, 8.6009078664362839, 16.675361858538789)]
[(10.02272543725913, 6.3231344376431986, 8.5046243665203054)]
[(8.4260992227666822, 5.44832831982046, 3.0744813466975902)]
[(9.547279254599955, 7.1760678426591928, 8.6015805618936998)]
[(14.758176992535439, 9.0758545410286491, 17.15029017010615)]
[(18.802391193795994, 9.5508012156210125, 17.868095025826808)]
[(18.570368380630352, 7.9135271111786585, 16.937864302852084)]
[(8.1232492276210788, 4.4807531785331367, 4.3272257577874758)]
[(18.842467148224618, 9.5508012156210125, 17.828014070298835)]
[(19.015583393708152, 10.025747890213376, 18.575075104808224)]
[(8.5870466331783142, 4.801334469697375, 10.490220779674242)]
[(8.1232492276210788, 4.4807531785331367, 4.3272257577874758)]
[(10.02272543725913, 6.3231344376431986, 8.5046243665203054)]
[(14.737373716480677, 9.5508012156210125, 17.15029017010615)]
[(10.233915294617997, 6.2261744934744661, 8.6015805618936998)]
[(14.28743657689704, 9.5416893943967533, 16.200433546971432)]
[(13.112143804680532, 5.5109845021189932, 12.166312771019156)]
[(10.02272543725913, 6.3231344376431986, 8.5046243665203054)]
[(13.346808804125716, 5.4696074579104685, 11.732759903885574)]
[(8.3947645564480595, 5.7512278188821018, 2.9024408230854002)]
[(17.595339378762606, 5.3015761753931505, 15.250576923836716)]
[(7.6483801752115674, 4.7977633147856018, 4.3236547409484807)]
[(14.92491197809313, 9.0758545410286491, 18.100146793240867)]
[(15.664863688181057, 6.7574207472946135, 17.206587572604132)]
[(18.782619512095231, 10.288408738731782, 17.625218481673507)]
[(7.6483801752115665, 5.2762811442897375, 3.8544741515887897)]
[(12.643280081566235, 3.605191492822089, 9.7976772918857691)]
[(8.340183544442894, 5.5342580419368659, 2.9024408230854002)]
[(16.19602311858279, 6.4031641261278365, 18.277129582883802)]
[(19.015583393708152, 10.025747890213376, 18.604732844683046)]
[(8.1232492276210788, 4.4807531785331367, 4.3272257577874758)]
[(10.02272543725913, 6.3231344376431986, 8.5046243665203054)]
[(15.053348793752351, 8.6009078664362839, 17.150290170106153)]
[(9.2303300207684398, 6.2261744934744661, 9.2338711966659055)]
[(8.3947645564480595, 5.7512278188821018, 2.9024408230854002)]
[(18.867542099309659, 9.5508012156210125, 17.802935990097506)]
[(14.296248990000603, 6.2261744934744661, 8.126652250326341)]
[(8.3520230175357053, 5.5224166335616021, 2.9024408230854002)]
[(8.3520230175357053, 5.5224166335616021, 2.9024408230854002)]
[(12.800353786742356, 3.4480921123491606, 11.047817017954412)]
[(16.19602311858279, 2.4192508902711301, 9.5440872627475262)]
[(18.899986890504962, 10.500694564805739, 17.770487150099715)]
[(18.782619512095231, 10.288408738731782, 17.625218481673507)]
[(9.5381057223287868, 7.1760678426591928, 7.1767956271916251)]
[(8.3520230175357053, 5.5224166335616021, 2.9024408230854002)]
[(9.5478563848496183, 6.2261744934744661, 10.703226061862098)]
[(10.02272543725913, 6.402157043961509, 8.6015805618936998)]
[(8.588089219517002, 5.2762811442897384, 10.976222119730492)]
[(11.057794069254532, 5.1909366689696554, 8.6015805618936998)]
[(10.010419242260767, 6.7134293746380962, 8.6138882925885856)]
[(8.3520230175357053, 5.5224166335616021, 2.9024408230854002)]
[(8.1232492276210788, 4.3263877951050107, 4.4610122863877244)]
[(10.02272543725913, 6.402157043961509, 8.6015805618936998)]
[(8.4321872040206838, 5.7512278188821018, 2.7364890404495821)]
[(17.142221862954106, 2.9015477713279196, 16.678901660665147)]
[(16.19602311858279, 2.4192508902711301, 9.5514371850284174)]
[(8.3520230175357053, 5.5224166335616021, 2.9024408230854002)]
[(15.444428785248448, 6.9778916825570958, 15.725505235404075)]
[(9.0696854362122661, 6.2261744934744661, 9.0798111817342573)]
[(8.2859041337683479, 2.7388662775797044, 9.5514371850284174)]
[(14.771415961354254, 8.1382040851354578, 15.238334503896331)]
[(11.18278022165021, 2.6911967133526478, 9.3410942599277274)]
[(16.66256866213967, 8.1259611918439205, 10.967897572182828)]
[(10.019766389066941, 5.2762811442897384, 10.979181537183853)]
[(15.721154066173277, 6.6247366634068934, 17.226671721485975)]
[(12.336737717715952, 6.7011211680668303, 9.0765088734610586)]
[(18.858765645638272, 10.314192296691401, 17.811713538987149)]
[(16.912433791243657, 3.8514411205126473, 13.584220226777949)]
[(15.246285013763764, 7.0371406492177266, 15.725505235404075)]
[(8.1232492276210788, 5.5229644887719482, 3.3773691346527586)]
[(8.3520230175357053, 5.5224166335616021, 2.9024408230854002)]
[(9.7856206007089881, 7.4138709235011229, 8.8387149868806194)]
[(9.5478563848496165, 7.1756025126277025, 8.1271175623666192)]
[(17.450571890400024, 1.1718472561447997, 9.8562858895094561)]
[(18.782619512095231, 10.288408738731782, 17.625218481673507)]
[(15.053348793752351, 8.6009078664362839, 17.150290170106153)]
[(4.5444182449556152, 11.230430496289225, 11.705929837185174)]
[(10.02272543725913, 6.402157043961509, 8.6015805618936998)]
[(8.8431156704138623, 4.801334469697375, 5.7520106924895504)]
[(7.8605192746211419, 2.689373995622045, 8.126652250326341)]
[(8.5684538083598998, 4.801334469697375, 7.6517239387589839)]
[(12.871939751716203, 5.7378312611369191, 10.514689847952642)]
[(16.193127014972909, 1.951654422143192, 9.5485407200122481)]
[(16.192351450653241, 1.951654422143192, 9.5551093111473318)]
[(18.384069203879267, 8.6009078664362839, 15.436899348959672)]
[(17.128183148265634, 11.450587913990468, 16.200433546971432)]
[(8.2423323056368822, 4.6822319263396848, 7.7708218772144839)]
[(10.02272543725913, 6.3231344376431986, 8.5046243665203054)]
[(10.723432797030197, 5.7512278188821018, 8.352518740168593)]
[(10.02272543725913, 6.402157043961509, 8.6015805618936998)]
[(15.721154066173277, 1.6712537151963267, 10.026365496595776)]
[(8.0130362990336241, 5.386512088302819, 3.4875958167693164)]
[(14.045285092587388, 8.6009078664362839, 16.675361858538793)]
[(16.645960366112757, 4.8262703499343447, 14.750713696136819)]
[(19.015583393708152, 10.025747890213376, 18.604732844683046)]
[(14.761183530371236, 8.6111419700143585, 16.675361858538793)]
[(9.0717337803619262, 6.7011211680668303, 9.0765088734610586)]
[(8.1232492276210788, 4.3263877951050107, 4.5373461466995515)]
[(16.196023118582787, 2.0565025864097497, 9.656281295514697)]
[(8.3520230175357053, 5.5224166335616021, 2.9024408230854002)]
[(16.19602311858279, 2.4238921002223188, 9.5541460768027999)]
[(18.651698733024276, 9.0758545410286491, 18.968662914724373)]
[(15.644782045297953, 6.6247366634068934, 17.226671721485975)]
[(14.754755991607167, 8.6175705594250971, 17.625218481673507)]
[(14.771415961354254, 6.8092159156218672, 17.15029017010615)]
[(10.02272543725913, 6.3231344376431986, 8.5046243665203054)]
[(8.3520230175357053, 5.5224166335616021, 2.9024408230854002)]
[(16.193127014972909, 1.9487578451356802, 9.5514371850284174)]
[(8.1124952105413399, 5.7512278188821018, 10.501293808163133)]
[(16.19602311858279, 2.3410585064124727, 9.5514371850284174)]
[(15.432823306961334, 7.3626366274405566, 15.725505235404077)]
[(16.201367372318103, 2.9015477713279196, 9.0818537941085928)]
[(12.545399239251143, 2.2782483109806204, 11.451150431297851)]
[(15.053348793752351, 8.6009078664362839, 17.150290170106153)]
[(12.314749060837061, 6.7834562628466619, 8.9941769620310339)]
[(10.02272543725913, 6.402157043961509, 8.6015805618936998)]
[(10.497594489668641, 6.6088336958952025, 8.126652250326341)]
[(19.015583393708152, 10.025747890213376, 18.575075104808224)]
[(10.62605063379247, 5.7512278188821018, 8.4731083876603446)]
[(15.053348793752351, 8.6009078664362839, 17.150290170106153)]
[(14.017209235140939, 8.4053445262353801, 16.479806079469903)]
[(15.721154066173277, 1.47539485197112, 9.5514371850284174)]
[(8.1232492276210788, 4.4807531785331367, 4.3272257577874758)]
[(16.19602311858279, 2.4192508902711301, 9.5440872627475262)]
[(19.045237433039865, 10.26816867819757, 17.625218481673507)]
[(14.771415961354254, 9.3521588649145819, 17.15029017010615)]
[(19.026437859688397, 10.04455053654657, 18.575075104808224)]
[(8.8577601726633706, 4.801334469697375, 1.9525841999506839)]
[(14.760147081930256, 8.612178587873391, 16.675361858538793)]
[(8.1232492276210788, 2.8222246868199501, 4.8814740869673763)]
[(15.226271243925909, 2.881530730035557, 16.200433546971432)]
[(8.1615599055715649, 2.8632308311069545, 5.7520106924895504)]
[(9.5478563848496165, 7.1751867705430268, 8.126652250326341)]
[(8.340183544442894, 5.5342580419368659, 2.9024408230854002)]
[(16.193847603555643, 2.4244252260983199, 9.5536129715392253)]
[(10.02272543725913, 6.3231344376431986, 8.5046243665203054)]
[(17.620630275811326, 1.0017610729584643, 9.8050895994873279)]
[(10.010419242260767, 7.1760678426591928, 8.6138882925885856)]
[(7.4888769624120357, 2.9015477713279196, 10.026365496595776)]
[(14.92491197809313, 9.0758545410286491, 18.100146793240867)]
[(10.972463542078154, 5.0858233080242927, 8.7920310344229673)]
[(9.5478563848496165, 7.1813942502788759, 8.126652250326341)]
[(10.198679226307377, 6.402157043961509, 8.6015805618936998)]
[(10.02272543725913, 6.402157043961509, 8.6015805618936998)]
[(8.1232492276210788, 4.3263877951050107, 4.5373461466995515)]
[(16.191928859613238, 2.4266010967355558, 9.5555319549226905)]
[(14.295971760565941, 6.225599251081805, 8.1272274704782106)]
[(8.3947645564480595, 5.7512278188821018, 2.9024408230854002)]
[(8.1232492276210788, 4.3263877951050107, 4.4735733901295269)]
[(14.289604498699068, 9.5508012156210125, 16.207376823564115)]
[(18.095499328220843, 3.2178856199958097, 10.342691114585707)]
[(12.767695568425358, 3.9557023435769114, 10.026365496595776)]
[(8.5533666692512718, 5.7512278188821018, 10.456536612806858)]
[(17.145761223401816, 11.450587913990468, 16.543090467058565)]
[(9.1242856722375159, 6.174867768440973, 9.0765088734610586)]
[(10.017830064666411, 6.7011211680668303, 8.5966845784048704)]
[(7.8866097974074405, 5.5145497075435737, 3.6140380952248758)]
[(15.246285013763764, 7.0371406492177266, 15.725505235404075)]
[(8.598118280030592, 5.2731852580172847, 2.9024408230854002)]
[(15.721154066173277, 1.47539485197112, 9.5514371850284174)]
[(16.19602311858279, 2.3410585064124727, 9.4658979020676313)]
[(10.02272543725913, 6.3231344376431986, 8.5046243665203054)]
[(15.212272642211342, 7.1760678426591928, 15.725505235404075)]
[(8.8577601726633706, 4.801334469697375, 1.9525841999506839)]
[(17.145761223401816, 11.353821916120722, 16.578599601965774)]
[(8.4260992227666822, 5.44832831982046, 3.0744813466975902)]
[(15.053348793752351, 8.6009078664362839, 17.150290170106153)]
[(10.146916559522266, 6.2261744934744661, 8.2508588704646915)]
[(8.3520230175357053, 5.5224166335616021, 2.9024408230854002)]
[(9.5334013821587629, 6.6866638025585701, 10.990678926268705)]
[(8.340183544442894, 5.5342580419368659, 2.9024408230854002)]
[(16.628421906567304, 4.8438116763196293, 14.818124176580909)]
[(9.5478563848496165, 7.2767719316896438, 8.9758086779870929)]
[(8.588089219517002, 5.2762811442897384, 10.966191807685187)]
[(13.12115848806604, 5.501968345191675, 12.17532857935173)]
[(19.045237433039865, 10.04455053654657, 18.575075104808224)]
[(17.620630275811326, 9.2500482602809289, 15.899692219745271)]
[(10.010419242260767, 6.7134293746380962, 8.6138882925885856)]
[(7.9755113613601605, 5.4240431598095116, 3.5251254371994118)]
[(15.714590761819968, 5.7446634416898545, 14.782212735660854)]
[(7.9131301779153214, 4.801334469697375, 11.241005160725793)]
[(18.782619512095231, 10.288408738731782, 17.625218481673507)]
[(14.92491197809313, 9.0758545410286491, 18.100146793240867)]
[(10.198679226307377, 6.402157043961509, 8.6015805618936998)]
[(17.023368712218996, 2.4266010967355558, 15.372984708445133)]
[(8.3947645564480595, 5.7512278188821018, 2.9024408230854002)]
[(8.1232492276210788, 4.3263877951050107, 4.4815851729342171)]
[(10.02272543725913, 6.402157043961509, 8.6015805618936998)]
[(7.8155383900211115, 5.4434666828118923, 3.6851183716493674)]
[(7.6443994410725091, 5.2722997594591439, 3.8562786771170741)]
[(9.5288440015596958, 6.2261744934744661, 9.0765088734610586)]
[(10.02272543725913, 6.5069394338559441, 8.4074063353973258)]
[(8.4260992227666822, 5.44832831982046, 3.0744813466975902)]
[(13.32837597944641, 5.2578453065775124, 9.0765088734610586)]
[(8.4260992227666822, 5.44832831982046, 3.0744813466975902)]
[(14.296546908944743, 9.2268389098651067, 16.049455015695042)]
[(18.633607438238045, 9.0758545410286491, 18.986756467132757)]
[(19.045237433039865, 10.500694564805739, 17.693178062440602)]
[(14.92491197809313, 9.0758545410286491, 18.100146793240867)]
[(19.045237433039865, 10.163913269557323, 18.436915067399383)]
[(16.193127014972909, 1.951654422143192, 9.5514371850284174)]
[(7.9797860262348346, 5.4197677961973296, 3.3773691346527586)]
[(11.439713641842161, 2.4266010967355558, 9.5590570884470161)]
[(9.745548856385378, 2.7038229849443147, 6.7018673156242681)]
[(10.972463542078154, 6.2232555455628837, 8.126652250326341)]
[(18.569442907673427, 9.5498755913861029, 17.625218481673507)]
[(18.353183629817597, 10.242968142085537, 18.317358646652465)]
[(8.3830482556203609, 5.7512278188821018, 2.9024408230854002)]
[(15.721154066173277, 1.47539485197112, 9.5514371850284174)]
[(7.6261463717453193, 4.801334469697375, 3.874534024254348)]
[(7.1670120976780431, 2.4266010967355558, 10.032865332736538)]
[(16.19602311858279, 2.4266010967355558, 9.4658979020676313)]
[(17.023368712218996, 2.9015477713279196, 16.200433546971432)]
[(16.633961931704668, 5.7881640947934594, 18.538140256976678)]
[(16.191928859613238, 2.4266010967355558, 9.5555319549226905)]
[(8.588089219517002, 5.2762811442897384, 10.966191807685187)]
[(10.02272543725913, 6.402157043961509, 8.6015805618936998)]
[(8.3520230175357053, 5.5224166335616021, 2.9024408230854002)]
[(16.193127014972909, 1.951654422143192, 9.5514371850284174)]
[(10.02272543725913, 6.402157043961509, 8.6015805618936998)]
[(16.19602311858279, 2.3410585064124727, 9.5514371850284174)]
[(10.02272543725913, 6.402157043961509, 8.6015805618936998)]
[(16.65302084337748, 4.8192087185627042, 14.793522170056518)]
[(10.62605063379247, 5.7512278188821018, 8.4731083876603446)]
[(18.570368380630352, 7.8697474663467499, 16.894086350687491)]
[(15.960857911315856, 1.7119113949658977, 10.026365496595776)]
[(8.3520230175357053, 5.5224166335616021, 2.9024408230854002)]
[(15.72657788873474, 7.1706431335186966, 11.92065424346209)]
[(9.6858865899244329, 6.8391739355844141, 7.9886048203899165)]
[(13.083511638046902, 5.5396213489718571, 12.189408765935323)]
[(18.169476614598569, 9.1498439197472479, 19.524931727942942)]
[(10.02272543725913, 6.402157043961509, 8.6015805618936998)]
[(15.053348793752351, 8.6009078664362839, 17.150290170106153)]
[(18.793185491764145, 10.277841031945881, 17.877301876643035)]
[(9.2032334624259384, 7.7812819372938096, 9.0765088734610586)]
[(14.044395100386994, 8.3781542171827823, 16.423178583824747)]
[(19.015583393708152, 10.025747890213376, 18.604732844683046)]
[(7.8029947734523253, 2.106294293714682, 5.7520106924895504)]
[(14.92491197809313, 9.0758545410286491, 18.100146793240867)]
[(18.725961676549549, 10.345075835577704, 17.780831194161625)]
[(17.138763482905254, 2.908546655676433, 16.207432160719698)]
[(18.889781546785521, 8.9203732439264769, 16.675361858538789)]
[(19.045237433039865, 10.26816867819757, 17.625218481673507)]
[(16.657279405666692, 4.8149494601681146, 14.775648612269359)]
[(8.1232492276210788, 4.3263877951050107, 4.4815851729342171)]
[(16.19602311858279, 2.4266010967355558, 9.5440872627475262)]
[(8.3520230175357053, 5.5224166335616021, 2.9024408230854002)]
[(10.62605063379247, 5.7512278188821018, 8.4731083876603446)]
[(13.083511638046902, 5.5396213489718571, 12.189408765935323)]
[(16.189772417092477, 2.4203493735044255, 9.5576886665470422)]
[(14.948270961304695, 2.4266010967355558, 16.023556477192884)]
[(8.5870466331783142, 5.7512278188821018, 10.490220779674242)]
[(8.8577601726633706, 4.801334469697375, 1.9525841999506839)]
[(8.1232492276210788, 5.5027476706487457, 3.3773691346527586)]
[(8.1232492276210788, 4.4807531785331367, 4.3272257577874758)]
[(15.246285013763764, 7.2891877360551609, 15.612389715601065)]
[(15.364080239077193, 7.2938823228018661, 15.725505235404075)]
[(8.3520230175357053, 5.5224166335616021, 2.9024408230854002)]
[(10.02272543725913, 6.402157043961509, 8.6015805618936998)]
[(8.2213570450971076, 5.1781572900917796, 8.6997006222956728)]
[(17.141883254979533, 2.9015477713279196, 16.679240310894784)]
[(10.972463542078154, 5.122836116559677, 8.4481414668609958)]
[(14.759773406045397, 10.500694564805739, 15.238932915647281)]
[(9.5288440015596958, 6.2261744934744661, 8.6205953177488936)]
[(9.5288440015596958, 6.2261744934744661, 9.0765088734610586)]
[(14.290443411812991, 9.5508012156210125, 16.200433546971432)]
[(16.670892170992303, 4.7190371258068362, 14.300720300702002)]
[(19.045237433039865, 10.26816867819757, 17.625218481673507)]
[(9.1242856722375159, 6.174867768440973, 9.0765088734610586)]
[(9.0688229726968643, 6.2303395339247185, 9.0765088734610586)]
[(12.850677484834501, 9.0758545410286491, 13.825791989134641)]
[(15.340636902762236, 7.1760678426591928, 15.631141572183941)]
[(8.1232492276210788, 4.3263877951050107, 4.5373461466995515)]
[(14.92491197809313, 9.0758545410286491, 18.100146793240867)]
[(19.045237433039862, 10.312948463273475, 17.625218481673507)]
[(10.972463542078154, 5.122836116559677, 8.4481414668609958)]
[(18.810141528460147, 9.5508012156210125, 17.86034372399433)]
[(15.053348793752351, 8.6009078664362839, 17.150290170106153)]
[(12.51657391858728, 3.9709638738114905, 10.026365496595776)]
[(10.233915294617997, 6.2261744934744661, 8.6015805618936998)]
[(18.570857273004201, 9.0753655687403629, 16.675361858538793)]
[(8.2791627101200866, 5.4322201124353402, 3.2214361956285815)]
[(15.053348793752351, 8.6009078664362839, 17.150290170106153)]
[(19.015583393708152, 10.025747890213376, 18.575075104808224)]
[(7.9797860262348346, 5.4197677961973296, 3.3773691346527586)]
[(9.0708080591807452, 1.0017610729584643, 7.6539034839709945)]
[(14.771415961354254, 9.3521588649145819, 16.873996529068375)]
[(17.126874718013635, 8.1448507844237525, 10.976222119730492)]
[(15.053348793752351, 8.6009078664362839, 17.150290170106153)]
[(13.346808804125716, 4.0246445356084042, 16.027236828498289)]
[(15.053348793752351, 8.6009078664362839, 17.150290170106153)]
[(16.223493297957873, 2.3991264270798895, 9.5514371850284174)]
[(8.843115670413864, 4.801334469697375, 5.9819110403209308)]
[(9.5425308477432171, 6.231500901094142, 9.0765088734610586)]
[(8.1232492276210788, 2.6020049055516625, 5.1016853538032709)]
[(8.3343436203202685, 5.5400989206545663, 3.1662483993737069)]
[(10.02272543725913, 6.5069394338559441, 8.4074063353973258)]
[(17.620630275811326, 9.9655100836469472, 16.14019806939983)]
[(16.193127014972909, 1.9487578451356802, 9.5514371850284174)]
[(10.602106883955452, 5.8557572967841516, 8.0221268138830908)]
[(12.767695568425358, 3.9557023435769114, 10.026365496595776)]
[(8.3520230175357053, 5.5224166335616021, 2.9024408230854002)]
[(13.131790416394491, 5.4913346789662612, 12.185961834444084)]
[(15.246285013763764, 6.7314520789298626, 15.755834973572773)]
[(8.2791627101200866, 5.4322201124353402, 3.2214361956285815)]
[(8.4666904190452037, 4.3263877951050107, 8.7330248238307195)]
[(14.296546908944741, 13.110432881928322, 16.915294312021565)]
[(8.2550563721490029, 4.669505779949306, 3.8522974462201174)]
[(8.1232492276210788, 4.43640733771743, 4.3272257577874749)]
[(15.721154066173277, 6.6247366634068934, 17.15029017010615)]
[(16.110494508782033, 2.3410585064124727, 9.5514371850284174)]
[(8.1232492276210788, 4.3263877951050107, 4.4610122863877244)]
[(9.1242856722375159, 6.174867768440973, 9.0765088734610586)]
[(10.62605063379247, 5.7512278188821018, 8.4731083876603446)]
[(8.4268828281805455, 4.3263877951050107, 8.7728373823054984)]
[(14.916545587188269, 8.7460612151856978, 17.954999056604802)]
[(8.2228223669591465, 4.3263877951050107, 4.2276401926651799)]
[(18.716014255210585, 9.8800782083316356, 17.625218481673507)]
[(7.6475870706271607, 4.801334469697375, 4.3280189613438189)]
[(16.19602311858279, 2.3410585064124727, 9.5514371850284174)]
[(7.6464732791609631, 4.801334469697375, 4.3291328918006382)]
[(18.562136373406485, 10.500694564805739, 17.158523204606514)]
[(19.381963686952741, 10.163913269557323, 18.436915067399383)]
[(17.023368712218996, 2.9015477713279196, 16.200433546971432)]
[(7.6400434481653026, 5.2846192340589431, 4.3355635251782765)]
[(19.499325168156233, 1.4767077475508281, 13.846575899739262)]
[(8.1232492276210788, 4.43640733771743, 4.3272257577874749)]
[(13.098021124348076, 5.5023994722244609, 12.174897468987755)]
[(8.340183544442894, 5.5342580419368659, 2.9024408230854002)]
[(15.56262541645806, 6.859675730904355, 15.725505235404075)]
[(10.010419242260767, 7.1760678426591928, 8.6138882925885856)]
[(14.761166215763929, 8.590656445420656, 16.685612883200239)]
[(10.02272543725913, 6.402157043961509, 8.6015805618936998)]
[(17.856889516956894, 5.9898766333497848, 15.489216511344024)]
[(18.810141528460147, 9.5508012156210125, 17.86034372399433)]
[(17.145761223401816, 2.8890377968339829, 10.513803298979665)]
[(13.083511638046902, 5.5396213489718571, 12.189408765935323)]
[(9.0708051521117863, 6.2283570305023837, 9.0765088734610586)]
[(8.1232492276210788, 4.4807531785331367, 4.3272257577874758)]
[(9.0729873324401051, 1.0017610729584643, 6.9544979892856347)]
[(17.111685038897772, 11.450587913990468, 16.675361858538793)]
[(16.19602311858279, 2.3410585064124727, 9.5514371850284174)]
[(9.0708051521117863, 6.2283570305023837, 9.0743264208173144)]
[(10.96744467106357, 6.2261744934744661, 8.6066000592158272)]
[(17.140649460136238, 2.9066603701632632, 16.675361858538793)]
[(16.19602311858279, 2.3410585064124727, 9.5514371850284174)]
[(9.0698758754280231, 6.229286459085885, 9.0796207187534925)]
[(14.92491197809313, 9.0758545410286491, 18.100146793240867)]
[(16.306532513446264, 6.590593709317301, 11.561673616686607)]
[(9.4968718318391634, 5.802220705836989, 9.1274997888605949)]
[(15.234172546376531, 10.037862337506763, 15.250576923836716)]
[(11.91169200445845, 6.2156631331276468, 9.0765088734610604)]
[(9.1242856722375159, 6.174867768440973, 9.0765088734610586)]
[(14.668936511039094, 8.4984116648112842, 16.777854097318251)]
