iid
0.596891459371 0.207007078873 0.678764830812 0.74936824358
0.873889911137 0.796318184907 0.967412917155 0.552835443241
0.708275018119 0.947510714995 0.96529453276 0.343916307548
0.770081826357 0.905647106 0.968194596272 0.410863691163
0.773016478779 0.74830847609 0.942741036989 0.517529923877
0.603118355013 0.56517109265 0.850007286787 0.526310343146
0.678707319341 0.381680997411 0.808798973704 0.694059810526
0.853645908532 0.0970447671175 0.759149931852 0.928824350199
0.270175623933 0.155993308368 0.391579250927 0.576864302266
0.937368230719 0.648494614333 0.954280647998 0.689141350131
0.230760602249 0.698723983545 0.748373384556 0.208737964823
0.224276265497 0.776997303301 0.782926329584 0.164563999313
0.26129188662 0.300248486605 0.507885392029 0.474751941829
0.486278489241 0.500901661759 0.776505190244 0.491107553111
0.720502207463 0.869810736837 0.95500445654 0.401834324774
0.924702956573 0.767728404276 0.97055026811 0.605228206287
0.0196976306214 0.822714926522 0.701254656069 0.0552785523401
0.929727098607 0.648477734057 0.952982792175 0.684429530955
0.812934909354 0.940698567896 0.978526976157 0.416010277768
0.152521824432 0.622132706266 0.660575573745 0.207821000021
0.292501657547 0.206662958546 0.456097891645 0.558098905898
0.503729420503 0.408569873835 0.739629142361 0.564367850213
0.595544566719 0.0514232512738 0.573798511622 0.832964396335
0.73177694377 0.923355496043 0.965199956008 0.374369509618
0.111200304996 0.921081106779 0.79670231318 0.0527510859245
0.152605937616 0.648346707258 0.676819707557 0.193851627697
0.295685755279 0.323926692699 0.5532685935 0.481925902643
0.850856813309 0.877563708082 0.975350506028 0.483172863956
0.197867325278 0.863193686616 0.808959331068 0.111447563571
0.96415227946 0.72071710231 0.969502021254 0.660805212553
0.331137904308 0.806945672025 0.839120383073 0.204535925852
0.0521373739228 0.293919196372 0.316183449824 0.342060440083
0.837308780185 0.0962012154974 0.750592290373 0.922616453404
0.84496240229 0.884187565067 0.97544416126 0.474805246089
0.18344358343 0.501736671757 0.601067329441 0.294757203095
0.448785521323 0.104761397629 0.501513703338 0.722408011018
0.240444269638 0.390935254379 0.562095101612 0.400873383948
0.246048556853 0.369662905001 0.550286267658 0.418519822991
0.448470985951 0.778812142376 0.869629233878 0.287583894982
0.396959512387 0.326960612292 0.627736885152 0.547607155949
0.158117122328 0.26453871356 0.388312298982 0.42983492043
0.840532154533 0.90196790484 0.977143643331 0.459983222657
0.348073873718 0.311284133908 0.582723144685 0.525435339255
0.79786221866 0.0130905866187 0.683080700308 0.939781463777
0.510228498176 0.786393165712 0.890380102285 0.320708165205
0.941362114769 0.061571956007 0.783876896588 0.973921476673
0.540702587947 0.494624681342 0.798134211441 0.531715282609
0.446986556863 0.468480900202 0.741255445055 0.486496742974
0.247852795854 0.701994619562 0.758557185527 0.216274699103
0.572164740627 0.468396891614 0.800397018286 0.570097647425
0.319255793416 0.0295963305456 0.319037391436 0.689398281687
0.231728708987 0.65949605815 0.728414833561 0.230885845802
0.58403059929 0.886275761309 0.932602890718 0.304668477939
0.813112532373 0.29402370501 0.827570347561 0.82023561175
0.0889428886766 0.684655209788 0.659887405283 0.143485227284
0.116906337744 0.390645077762 0.463155841501 0.322068579363
0.614888521805 0.120953205973 0.635751443762 0.80700643902
0.998054364465 0.610272322657 0.957987705883 0.748292256128
0.412274742365 0.913115533685 0.898272451949 0.19124488215
0.786442695401 0.382010128977 0.850102648835 0.757784369552
0.617917456626 0.0644217102779 0.599251193417 0.837682777218
0.0291067864225 0.363018717477 0.3600036621 0.285290005959
0.492756899627 0.985347339857 0.934198925853 0.195626057159
0.430385664886 0.214473426602 0.572176077834 0.643124601408
0.760105409494 0.725808668066 0.935818491686 0.523933941016
0.0140083191455 0.694452522984 0.617123721273 0.104764498816
0.701190696407 0.305112583655 0.785339195768 0.75297074855
0.595114312769 0.189388801739 0.666888519785 0.758456966465
0.0909468581831 0.745085717841 0.697600724398 0.116404847564
0.0582832251577 0.275038950469 0.303824053999 0.357952532746
0.78383342544 0.692548990742 0.933881614342 0.561908548601
0.0878813616018 0.536143147225 0.556507415569 0.219453089679
0.704426753586 0.796022448894 0.938706572714 0.439872007157
0.302198434846 0.965494100751 0.881986981861 0.112375438049
0.602701867194 0.66145374689 0.88098990441 0.461677576616
0.154700498924 0.160487779334 0.286100675361 0.496885534633
0.860845057606 0.44995850899 0.894385083618 0.76148479105
0.250979852261 0.783200616604 0.797562833655 0.174932491163
0.84167088697 0.532661626732 0.910915033336 0.701445451432
0.524524500113 0.111553337804 0.565723021574 0.762554070253
0.839011514379 0.59727753228 0.925356468031 0.659684151242
0.149037458282 0.409843245057 0.50568682105 0.330142211715
0.892120721203 0.00819287506744 0.733464571537 0.975297911749
0.167503166193 0.0530812796059 0.190340383913 0.576982049935
0.926247180534 0.519998761689 0.927544052491 0.758867812071
0.226934353251 0.43077017836 0.581472660908 0.366288175921
0.476668118809 0.59553315446 0.813617148612 0.421741355349
0.153495606185 0.214860305103 0.337636476329 0.459757291015
0.201438253019 0.786825209632 0.776930134131 0.148485087772
0.416751390783 0.226185270812 0.570753712926 0.626840697081
0.0 0.51407683058 0.468619567378 0.184198316589
0.328492419279 0.234804702597 0.509330904362 0.563322488246
0.503452141705 0.329129124363 0.695740698781 0.616359253056
0.300170027987 0.83261958485 0.837159873304 0.174830692562
0.894419423785 0.0228438974141 0.742321824153 0.971135763011
0.100188442921 0.295286182345 0.363173322798 0.371858155942
0.518981084296 0.0157666242705 0.486145954908 0.811869913717
0.358406369068 0.163967150579 0.475771634662 0.629316288638
0.482519688196 0.616152619192 0.824202966865 0.412020485813
0.0687284176928 0.281301692161 0.320029354879 0.360629170663
0.945511381284 0.288382312391 0.871806334606 0.886886721292
0.352422434934 0.824275795433 0.852875578866 0.206673775718
0.4775349789 0.881706602423 0.907097022576 0.244312163925
0.157600252539 0.532452123867 0.604468669541 0.261119708379
0.276524514156 0.392230722765 0.589458009989 0.42374682751
0.624230717191 0.179413595098 0.678621001074 0.780422121949
0.878551353803 0.791716143591 0.967421866242 0.558992944055
0.642963992442 0.931350740509 0.952287483093 0.313198435697
0.693536143062 0.394530371716 0.820065765588 0.695279005928
0.97537904297 0.633003951034 0.957994607903 0.721612100649
0.929165893185 0.224349895352 0.844848180473 0.90762958558
0.0371055644587 0.0367598176492 0.0343396612591 0.500941417751
0.321416762232 0.530681057395 0.706879710947 0.362843582875
0.642648166976 0.545515044854 0.856851563907 0.565731089771
0.145664495349 0.549954285295 0.608337894602 0.244131692184
0.918696639273 0.941344058304 0.990404169837 0.485913990211
0.401236225427 0.226857938476 0.559707383998 0.616355527733
0.795650237935 0.780995519762 0.952702792175 0.51081608249
0.418804387264 0.283256498184 0.612901522701 0.59099717305
0.970764269109 0.28529566477 0.878628548246 0.899363595115
0.322111605907 0.310352414551 0.562941449159 0.508690300347
0.779669570318 0.274488815965 0.806220694131 0.812983120834
0.122765039499 0.600863238037 0.627431609652 0.203238267588
0.25719270419 0.658514242835 0.741320778419 0.245865375894
0.940660836782 0.117085184526 0.807763104302 0.954275581764
0.94163913144 0.841542725404 0.982075149944 0.567812690966
0.309458510997 0.660063958116 0.768123030175 0.275434309048
0.633651440498 0.425372987996 0.808219947388 0.638316976627
0.452281398205 0.642164082177 0.822535511414 0.375356107879
0.945374384253 0.873685475999 0.98611517012 0.548950035509
0.0406515436438 0.924900275401 0.766141446821 0.02660278668
0.831164636183 0.555805790404 0.913989101202 0.680741335451
0.760467645172 0.524706792778 0.88716579631 0.655876941901
0.296073530884 0.967632862052 0.880801515285 0.108723406049
0.162623464832 0.0511258811895 0.183244173627 0.575048247245
0.0933010242448 0.18011927413 0.244371434342 0.442800523551
0.049493050046 0.432883253229 0.441498955698 0.256118206588
0.122539327072 0.599917714564 0.626645769998 0.203624715063
0.79727937413 0.419272438924 0.866263484495 0.742552423993
0.936220738801 0.312674422734 0.876446538252 0.871572270974
0.281639528044 0.569769943092 0.706476246846 0.313223507305
0.748228912302 0.759911332046 0.940212899222 0.49317908696
0.404502450008 0.978869646706 0.913058660578 0.153905983276
0.882767091413 0.569251796284 0.928782567651 0.704201769189
0.568258454139 0.888787964148 0.929815748105 0.293542779851
0.118484969695 0.0311216551223 0.115728962902 0.559042382368
0.94705828385 0.881531281671 0.98714298936 0.544847735662
0.280596316027 0.148288035019 0.394056623619 0.588813750102
0.62382416524 0.294670793337 0.742873752356 0.713564240827
0.538620834306 0.302807074985 0.70086702697 0.655826590808
0.0422036817691 0.320942028111 0.332603658207 0.318939235861
0.00362321464812 0.806342068267 0.682204802291 0.0553862801968
0.531433567252 0.109227602853 0.569123834973 0.767775257324
0.587423225367 0.751195203449 0.901806351244 0.392340038263
0.368809938644 0.482380145824 0.706381365133 0.425193446312
0.818312985949 0.566749237769 0.913527234364 0.665869642974
0.243426253233 0.906553560018 0.843430759846 0.112434601666
0.558089545564 0.159126669371 0.623291530726 0.754577301026
0.975248131335 0.0469489549426 0.792511677296 0.989676936942
0.791610857448 0.434792236392 0.869415046561 0.730122579089
0.91343815832 0.380344921902 0.889646486538 0.827462251909
0.0894797841876 0.277322742036 0.33612038776 0.37653323212
0.652717332402 0.0683933020091 0.625953852356 0.852875492946
0.0411402579319 0.505585527876 0.495759455019 0.210584940332
0.162947214155 0.0225720530411 0.153736759815 0.594066195026
0.699945055113 0.350798373393 0.804762766818 0.725545155141
0.186496937157 0.0114935066401 0.166827672353 0.616678139291
0.961845375424 0.0637679825531 0.794011450907 0.979991359366
0.443619968855 0.156502242633 0.538422521373 0.687876794492
0.803072550023 0.795138256093 0.956320870237 0.506323764851
0.659405761457 0.807214819093 0.931844758369 0.402791773199
0.254984720818 0.220488214636 0.435590206915 0.523865971839
0.0692716052851 0.324724204296 0.361775005062 0.333464965563
0.478660483467 0.877067576507 0.906206355887 0.247609836541
0.293812323124 0.171738221223 0.42690012394 0.582080899633
0.349848790651 0.102154901259 0.41491611885 0.663258831749
0.500536823974 0.123886882071 0.556993638037 0.741658836229
0.752780117342 0.946785003515 0.971514776912 0.372813201192
0.229461335815 0.574374336044 0.678594238373 0.278788562629
0.0556200047694 0.865730960515 0.744168478808 0.0526537987555
0.875158416027 0.793750559087 0.967225827739 0.55538620909
0.061239916968 0.99093998586 0.805207928128 0.0119270308301
0.454441501012 0.876202820397 0.899681525396 0.23433336542
0.238005038359 0.801741129638 0.799961280189 0.15908822136
0.549136927151 0.98608609637 0.945313668174 0.225866621805
0.789497160223 0.110285734145 0.733151350798 0.896598604247
0.351039506686 0.245109814955 0.535301002418 0.571440926614
0.0410851431586 0.790596500596 0.695056428084 0.0759499415352
0.40632530885 0.105882872192 0.467246420549 0.696054104341
0.54345239177 0.493649228672 0.798901290326 0.534202886873
0.611716979421 0.788088959324 0.91701266206 0.384159519579
0.0539094114069 0.251593849683 0.276463451429 0.370175143022
0.00557104938002 0.513040668072 0.472440568798 0.187642299411
0.0937190513774 0.46733088941 0.507409817535 0.261820935787
0.444032099531 0.901823917755 0.90366853851 0.214341154692
0.677381491394 0.40106668067 0.816203611972 0.681277803333
0.475853669296 0.187870083057 0.585930329801 0.688422795036
0.384211418247 0.966352106404 0.904872476534 0.150111088273
0.980242965487 0.240631374665 0.867688187762 0.922045542176
0.795212022709 0.775641826422 0.951706577469 0.51410333381
0.644392132583 0.227394241305 0.717984665311 0.764874805449
0.168722868388 0.56387711577 0.633430946768 0.249370513348
0.288267312918 0.544849832556 0.695977603879 0.332838504948
0.201012648225 0.636357985619 0.698412807184 0.226643440921
0.839069801751 0.516553271691 0.906234360684 0.709639744989
1.0 0.576301704215 0.952664789344 0.768772315276
0.20642837622 0.606864883818 0.684269009307 0.246354377888
0.0745848213026 0.308985678809 0.351998268576 0.346736567621
0.356756613457 0.111410040625 0.429237074173 0.661782192987
0.236559474753 0.743994170608 0.773334298194 0.187732606168
0.0287464593091 0.127208768223 0.122418693421 0.435052480035
0.349320664304 0.444248283906 0.672387410732 0.437521792752
0.45400520055 0.1168952679 0.515477936963 0.71827935974
0.497847762758 0.542164405325 0.800142152394 0.471266768814
0.810979942702 0.110524666222 0.744478732823 0.905750854232
0.487972204368 0.744068617681 0.871138944957 0.333217963599
0.248962803708 0.36387536288 0.548099354708 0.424259874977
0.218290645749 0.773942701374 0.778775095772 0.163098122514
0.37547302073 0.0234171844604 0.366510225235 0.727156588114
0.942378552824 0.316061451698 0.879340374711 0.87285922156
0.955731223615 0.69389941309 0.964401321271 0.672358530572
0.453802019925 0.876046914892 0.899469952187 0.234060970311
0.964994165473 0.930087732069 0.993819571427 0.524423044377
0.348379929012 0.456407006326 0.679211957108 0.428848297778
0.991049912797 0.0482885726086 0.799979229175 0.99416543539
0.63679861359 0.988282286404 0.960616252821 0.275029396424
0.828775727365 0.226624438834 0.806753916937 0.861485141442
0.948158172411 0.092899754659 0.800706028011 0.965536789831
0.0333447179921 0.424098958247 0.419589414638 0.251856222497
0.792611530756 0.23409067345 0.794444667696 0.840242184687
0.256007238401 0.298094453335 0.501870519024 0.472659013686
0.458157762969 0.913114974479 0.910103431226 0.215896681029
0.21158091736 0.561791566922 0.659791484631 0.275633841092
0.434606807667 0.0510068973025 0.444506512829 0.745676347596
0.329506945265 0.958657073016 0.887948887955 0.127838686158
0.64392569555 0.356028279978 0.782438553341 0.688431517806
0.533484573817 0.267244865437 0.676822210429 0.674954467996
0.131395098996 0.415273356518 0.495756625606 0.315792200291
0.966734792676 0.135349995729 0.825647770789 0.957101795713
0.974735119493 0.878327238107 0.989700327497 0.565381772075
0.967563738237 0.653993232986 0.960093982562 0.704266059206
0.385454636638 0.345728344407 0.632576640566 0.527411947606
0.466377910115 0.494646246007 0.764078633764 0.48197568753
0.735703985038 0.43425068179 0.850616331157 0.696793272132
0.197544055579 0.261616609809 0.421199829443 0.457970503923
0.544411210191 0.10734330359 0.577280598558 0.77609818578
0.47582956158 0.0532376290245 0.481414234385 0.767973870232
0.634931997901 0.0262530880307 0.584167976413 0.86452382144
0.967917901233 0.824217036031 0.983110831734 0.596562148133
0.0247106989739 0.896833852207 0.744258397129 0.0306790729375
0.239460350318 0.786055446782 0.793779309864 0.167642483429
0.444332974219 0.298857758435 0.640513120807 0.597520066727
0.150226058761 0.479031596671 0.560467186468 0.288400249915
0.367627451147 0.337995793411 0.615326814534 0.520659644365
0.527035079314 0.744577692017 0.883183427012 0.357628802985
0.977384290508 0.961237927257 0.997754600035 0.511886282555
0.735147863865 0.214130727916 0.75842027639 0.82120817902
0.823699432662 0.823880340847 0.964082274466 0.50090316936
0.439215515782 0.468834705032 0.737392490717 0.481061926469
0.761526622305 0.725986408104 0.936140815498 0.52476537137
0.505795925851 0.222722803262 0.630852496952 0.685401292352
0.327667498904 0.351557233811 0.596930435945 0.484847501702
0.464715416067 0.346609536023 0.683184447402 0.579531031025
0.451540145122 0.959944559685 0.919710803519 0.187292989154
0.109694502899 0.446754521647 0.503701963511 0.283433136579
0.788990526246 0.981616863766 0.980582404591 0.373715788204
0.0163630042054 0.879702706766 0.730932751544 0.0336760497909
0.408617603056 0.600216032861 0.786402521932 0.374232276703
0.651800408293 0.175285198238 0.692584318566 0.797719491052
0.468243877076 0.0255259898462 0.451561474808 0.77920912346
0.867335950329 0.92773718403 0.983439492135 0.460683395499
0.500723480977 0.879505396579 0.912308922103 0.25895011922
0.647235171015 0.914717673321 0.950139401656 0.326158859827
0.525604302145 0.491440054459 0.790109913347 0.523751881587
0.404712055883 0.905853067513 0.894244655629 0.19108463138
0.477310290648 0.50442515262 0.773957164552 0.482751099245
0.709352754712 0.191258195707 0.733564134628 0.819688968627
0.346334548143 0.841299445362 0.856612521956 0.194322835968
0.368817877481 0.813159992058 0.85469210483 0.221708260065
0.531543282835 0.184299152973 0.622352048469 0.724354615905
0.80850242391 0.583691939353 0.915237334959 0.648942926888
0.535976408245 0.898076184103 0.924822250533 0.268723020333
0.763058953437 0.526113521092 0.888310829824 0.656627923345
0.55800648543 0.386664903982 0.756090522288 0.614443868617
0.669495835248 0.303999552073 0.770119368946 0.735191884889
0.314421398166 0.228267173161 0.492586590195 0.558317144845
0.662176023788 0.696580063148 0.907002130177 0.477953209747
0.417230971215 0.793953460653 0.864449907129 0.260119787252
0.005801483432 0.374880370224 0.34923644242 0.264440266446
0.369924762104 0.0608461090335 0.395819032297 0.701316187021
0.660734630667 0.830925541034 0.936960041655 0.388191875256
0.262884707342 0.629891007136 0.729255345058 0.265744710004
0.13888600472 0.594320893686 0.633821339674 0.215530726933
0.342190531404 0.301804462047 0.571501050773 0.527835389805
0.457296522639 0.555461404324 0.78817839229 0.435418989883
0.399542232023 0.199244800077 0.537368975523 0.633103465425
0.43493454391 0.459551280734 0.730223788744 0.484404248456
0.405783444972 0.522262647465 0.747695887906 0.423287561613
0.839672085789 0.49814188778 0.901634934028 0.721059575172
0.614802444407 0.676161928242 0.888796117058 0.459944260739
0.729564128469 0.759769210221 0.93650261228 0.480786156743
0.494624371556 0.74031551089 0.872049681844 0.339761230937
0.629777467217 0.496115829149 0.834663258963 0.589840448125
0.314478708914 0.256435724263 0.515422664156 0.539608283178
0.757622842794 0.74804341112 0.939733377711 0.507406107739
0.75911287599 0.617517784532 0.911467332686 0.595099846812
0.338556471239 0.450925343769 0.66987162315 0.425974981184
0.922460127482 0.962101993279 0.992816450975 0.474557808232
0.0692207023733 0.24540490835 0.285495464354 0.384071300632
0.904425719212 0.806754380312 0.97309266476 0.566191323229
0.424708580286 0.650520120875 0.814837681767 0.35232124459
0.810532195816 0.253841135555 0.810483593972 0.839336019403
0.498661861936 0.0955347152327 0.533851486655 0.756940630049
0.335036074791 0.850667170952 0.855955144552 0.183495390637
0.730630031237 0.592710498978 0.897772990765 0.592676918788
0.36982214027 0.682814639934 0.805477998904 0.298039739317
0.546051990444 0.570969461869 0.831296279064 0.484247528064
0.873877660978 0.718672923544 0.955392270763 0.604052668708
0.325130441215 0.923557092924 0.876271583239 0.142255675269
0.673251858843 0.863818605834 0.945667714529 0.374999758608
0.546107531591 0.867117768152 0.920124461592 0.293244087897
0.290017279308 0.510724222487 0.676741313351 0.355520175399
0.295914413376 0.664980205672 0.763966622781 0.264549329503
0.973687767267 0.754164761581 0.97528661202 0.645636783019
0.00513771040692 0.358062735577 0.332634821622 0.273952066059
0.565892780972 0.0558575240385 0.555007072578 0.815455115438
0.700670432438 0.578631388014 0.885459902497 0.582217867253
0.54409346285 0.30188712892 0.703476673285 0.659871280084
0.236176579217 0.972868506121 0.863716534366 0.0811628972957
0.64540097057 0.926220103618 0.951823703052 0.317873648499
0.308940281782 0.988044153254 0.890448450771 0.105424657464
0.0364754234223 0.727277498738 0.653632606633 0.100292470667
0.174642105008 0.261553819339 0.400627767989 0.442770703371
0.318795832718 0.933446897622 0.877354424135 0.134579753942
0.284013194896 0.271050705597 0.502664324131 0.509479963115
0.951556882026 0.612368003244 0.950517218968 0.719700820951
0.990787589879 0.028742223869 0.791336579332 1.0
0.911457967935 0.927555088318 0.988243800961 0.490291471849
0.797928512131 0.273086347926 0.813210711439 0.823198988934
0.059605959807 0.536751072811 0.535327226067 0.20372985024
0.269177382223 0.356698313523 0.557982272074 0.442403715535
0.246510391443 0.382264159338 0.560148253811 0.410534643585
0.341293279094 0.645135783098 0.776114943349 0.303603667311
0.543382283236 0.064505100011 0.544447573078 0.798954044978
0.795431630304 0.355321782737 0.843827980816 0.777871619843
0.607575194167 0.20570109121 0.684401816951 0.756261354709
0.1008528282 0.484174191196 0.526494814715 0.25617587226
0.385640770531 0.03666207192 0.388113793276 0.725333930974
0.8722338046 0.607910188041 0.9346618455 0.673884560592
0.859464325066 0.817209495777 0.968336681087 0.529289656622
0.291511213658 0.467092341737 0.65043748355 0.384548551531
0.90124174177 0.677055745325 0.952995695313 0.648580662521
0.741805123855 0.406043150324 0.842768710552 0.717574861615
0.0848542909972 0.290215046867 0.343973795924 0.365255222223
0.129116991409 0.629728110131 0.650530240204 0.191276791576
0.795027715303 0.0220459314617 0.686729248128 0.935238051236
0.47132738453 0.950448516783 0.922064644942 0.202800989028
0.370515876423 0.584324008071 0.761042273813 0.359954732611
0.566757310948 0.843535910373 0.91945169731 0.320348213775
0.977950305982 0.671709156124 0.964407613657 0.699807334958
0.807215608505 0.0896959494556 0.731633890692 0.91292957442
0.745962491938 0.463369431605 0.863909690366 0.685193046294
0.492641226004 0.54502191978 0.799130313103 0.465882735108
0.609092492729 0.59333111141 0.861613318771 0.511481783101
0.0882487063789 0.610568246516 0.610528442348 0.179961170258
0.431156738673 0.2593328574 0.604887851067 0.614708074766
0.0589425437612 0.937493460843 0.780667586973 0.0285147519881
0.870893775322 0.0627844134469 0.750687172418 0.948585448635
0.146608326044 0.656276838727 0.677989170664 0.186538241889
0.850426388409 0.144557309546 0.780217179786 0.908054736766
0.39034829857 0.824053823402 0.865489919006 0.227620034719
0.0747209032461 0.994083135482 0.812127854255 0.0151846036151
0.0461891803615 0.96361321116 0.786741350785 0.0157949161224
0.563393368622 0.0749573547336 0.567427373635 0.804070286106
0.502481109416 0.947882988103 0.928378435407 0.221166856357
0.449453911747 0.506765260814 0.761738671957 0.462577021729
0.619851188101 0.845732773796 0.931623051255 0.352350772076
0.195603133111 0.325106439227 0.474296404839 0.414623113485
0.0337872389155 0.867121953587 0.733508625333 0.0442030915023
0.811990148038 0.265682733189 0.815922553825 0.83413217422
0.27967914399 0.515409490724 0.673292491228 0.345972123128
0.140262033072 0.202367226413 0.312917243829 0.459258559444
0.690856754378 0.587063125089 0.885056699697 0.570161600626
0.8463367938 0.700828842737 0.947526222356 0.597698699102
0.761941028104 0.374109188019 0.838466760687 0.748239584649
0.614433813745 0.987762559147 0.95695547437 0.262167646686
0.277023651077 0.111114300372 0.356405569854 0.610801312615
0.987727254061 0.162995533808 0.843858253344 0.954705213748
0.843470522616 0.826106958722 0.967319488178 0.512646889523
0.630088461293 0.552455643381 0.854938889037 0.552779302207
0.752408954378 0.546846233675 0.891160972007 0.636620853391
0.181896033934 0.0155405781138 0.166245434341 0.611054774514
0.355461035769 0.844837809387 0.860859763238 0.197288109856
0.515036827784 0.692218301158 0.86318503437 0.383597136753
0.456963806724 0.300801117642 0.649962671351 0.604515814433
0.958215308948 0.82470013353 0.982045269172 0.589873026014
0.611874925819 0.62260521714 0.87192766587 0.493761524956
0.58572360408 0.941591332443 0.943847571424 0.272416197205
0.16867669049 0.300937753165 0.430411158245 0.412799042698
0.372240246438 0.903448500801 0.884350935988 0.175486604761
0.000124504130983 0.54197734672 0.491950973037 0.169962766867
0.396584671668 0.88345070481 0.885620029431 0.198637081326
0.145080545742 0.978948351875 0.833854917304 0.0440360822586
0.670493429107 0.00308014377509 0.59306586191 0.891387274741
0.602193964328 0.481445267383 0.818275281373 0.581328396742
0.870744934881 0.96425428292 0.987819044868 0.438668554576
0.609083936392 0.0933185639381 0.613214680038 0.818450485035
0.13486160368 0.658073306749 0.671920110399 0.17951592613
0.38954059844 0.504624468835 0.730038151727 0.424202171046
0.229321950153 0.66865460217 0.732016432138 0.22443647454
0.889148665937 0.882475095711 0.980710628059 0.50551477197
0.886903460072 0.917651799207 0.984511013414 0.480485830795
0.581671176725 0.497710108014 0.816557447244 0.556966344584
0.358133731378 0.188464119724 0.495809531603 0.61327945424
0.842498087116 0.390695835348 0.871567632523 0.784343746714
0.427378742298 0.0855272415931 0.467846532967 0.721104477665
0.0929007868536 0.341786827502 0.399219425292 0.337598505443
0.374098470341 0.850732944555 0.868836241711 0.204105143925
0.824774700224 0.98109867204 0.984654130392 0.397289602309
0.962169588461 0.251923445559 0.865500352247 0.909926380744
0.443211045099 0.201130341738 0.571800596431 0.659753925416
0.722657053593 0.144706256428 0.715566565071 0.849796567593
0.283543285518 0.912653102854 0.859480007734 0.127844627846
0.853312214283 0.271336421399 0.834246529113 0.85179411489
0.553799423673 0.787010576286 0.902374204892 0.347671723702
0.116754257069 0.780677988406 0.731691600939 0.112047671604
0.605990447197 0.313311079574 0.74328370153 0.691362783578
0.925665010226 0.671568839565 0.956172129014 0.667500641695
0.0845056471682 0.477794266881 0.508411840313 0.250414280572
0.378499545885 0.795480285985 0.851941214707 0.237004119157
0.748642410352 0.748114485641 0.937983622582 0.501347397668
0.710354535745 0.61775164603 0.899046437257 0.562754121589
0.0540813345472 0.578253361798 0.562725491503 0.178996868846
0.82358842572 0.91751831652 0.97696694558 0.438371009193
0.168968327036 0.104436039088 0.244400955079 0.543875671883
0.255913412079 0.633214935532 0.727297003982 0.259726535647
0.573848658572 0.927980970669 0.938962284235 0.273438354988
0.473638792292 0.286940045402 0.65177245065 0.62436468262
0.589154759484 0.925604958428 0.941470119379 0.283969443922
0.308974628527 0.105367063669 0.380771911835 0.635195899382
0.107374009908 0.431479809769 0.489332151403 0.291216267175
0.258277006594 0.627667829002 0.725582118535 0.26434585701
0.491864023778 0.0826470458917 0.518369684712 0.760410581522
0.882146876994 0.326971704409 0.863866553547 0.83860097041
0.703236524884 0.129465805595 0.695880438365 0.847747030499
0.636335204063 0.60890672675 0.875271891831 0.519294125938
0.28663733495 0.49782221427 0.666747303816 0.3616006522
0.0350619259448 0.904176543154 0.753228607927 0.0317041564278
0.054523249879 0.376865527666 0.396209016072 0.292261820448
0.986218704267 0.255172310625 0.874148446768 0.918558855119
0.671278237887 0.693300248944 0.908468691773 0.48623342611
0.683545547763 0.814804418434 0.938290712233 0.413660001966
0.593875782392 0.0393965925188 0.563665446674 0.838167338602
0.0623508124872 0.0632047805903 0.0900218927484 0.500148909088
0.576272504168 0.659364881237 0.872283071389 0.44546648857
0.638553024675 0.864289368117 0.939168258231 0.35245025083
0.189263198012 0.850616000353 0.800005936508 0.113208797703
0.764475612282 0.336458369481 0.825152419151 0.771117801528
0.54693841155 0.11746575233 0.586450666998 0.77186025888
0.160226825783 0.274683074762 0.399456946662 0.42452617042
0.388910572349 0.7699688839 0.846646086416 0.257588458041
0.352237477039 0.377743823272 0.631764947038 0.483776500758
0.452529986703 0.83248858573 0.887068193926 0.258249310547
0.122222907332 0.397309219497 0.473271948987 0.321233704623
0.499023306783 0.131303100615 0.561423092982 0.736437472182
0.907688834689 0.101464009263 0.786680426499 0.947894060803
0.343904086748 0.335216480529 0.596863613134 0.506644358744
0.466511809425 0.228859090781 0.608298782704 0.656963537333
0.589354685527 0.985120489066 0.952309552872 0.249163407466
0.517744683691 0.93931254059 0.92981163658 0.234463558672
0.854251724555 0.657384475371 0.940900574364 0.631070990052
0.492433468427 0.770784624431 0.880690842092 0.319345672429
0.0803325740073 0.593466520553 0.592975654697 0.184713160592
0.825134997918 0.559226099777 0.913358805802 0.674856663802
0.713779807674 0.575304692767 0.888277335155 0.593035028731
0.583971431628 0.476190334275 0.808681214873 0.572757557137
0.173396267353 0.555399969113 0.630905195296 0.25696508634
0.857906163274 0.978022884108 0.987916330964 0.421065917132
0.0914611162346 0.398534238952 0.448117098897 0.301541157814
0.794511086336 0.666041648246 0.930587205418 0.586490219405
0.59516881395 0.97094723516 0.950862987929 0.260731761586
0.530442773025 0.370593186281 0.733732362813 0.606950812343
0.967182957393 0.0535786602474 0.791875526461 0.985019874361
0.259637869118 0.176582445688 0.400695666415 0.556236932792
0.92817259355 0.177899367829 0.827185641957 0.92632298507
0.762387397728 0.460372626852 0.868249671519 0.697146550877
0.37708507709 0.145014103633 0.475551326872 0.653392953239
0.00613714506102 0.628469367123 0.564398179385 0.13090680887
0.184347670723 0.706224891531 0.728049841386 0.180218734073
0.271549994287 0.538998547702 0.682650389847 0.326040248518
0.523490279986 0.230080307663 0.647288121206 0.691781792955
0.564340399449 0.648127940381 0.864896170944 0.444999939204
0.369097537228 0.352678483314 0.626287239337 0.51182584386
0.371365542746 0.209054784088 0.522992971538 0.608493727371
0.598137577765 0.0879768855925 0.601896748108 0.815530605931
0.0637449526551 0.0680578428693 0.0967070828081 0.497835529916
0.957542383259 0.312739995767 0.88286746304 0.881336994143
0.64148200237 0.157059171036 0.675531143281 0.801955195719
0.330818980811 0.536187041886 0.71523879112 0.365344711599
0.0332857688865 0.0973249125787 0.0954129579456 0.457927448628
0.496093428878 0.547686544022 0.801754852841 0.46640955134
0.732336411255 0.0203699676467 0.646810542231 0.910590727758
0.341164908398 0.160647275967 0.458384855042 0.620313749071
0.114765932657 0.394254620713 0.464401079512 0.318501283952
0.490201955322 0.295087905011 0.667337371055 0.629801849967
0.219468212749 0.970780192753 0.857470694168 0.0752735055076
0.507033269804 0.040699517355 0.496809221158 0.792170935669
0.768188915604 0.757901366556 0.943638445577 0.507884000153
0.461388120027 0.239025603625 0.61178439122 0.647252112165
0.263859737999 0.925798440824 0.857280443793 0.112968051064
0.713233822381 0.983039457189 0.971061552396 0.324736065476
0.697532430073 0.748542356023 0.927477389121 0.466878880972
0.0338491192869 0.161605446068 0.16407845762 0.415709061807
0.574617869972 0.745107078116 0.896772145032 0.387964590856
0.435028051658 0.714435973285 0.843286024671 0.31866969485
0.0266809205855 0.0189937240227 0.00377130184059 0.505848485397
0.11363742058 0.69951075774 0.68414929427 0.148224526555
0.528967743698 0.259572000706 0.669360846085 0.676920456652
0.372299063228 0.77549260518 0.84266849626 0.244834729356
0.815248527565 0.454714530822 0.882748323764 0.7323234114
0.257649538196 0.485250160848 0.64024982957 0.351120477211
0.673732807611 0.45704957214 0.836497605418 0.643709917388
0.482678321241 0.839896938733 0.897527130262 0.27158178183
0.709232816743 0.267408811062 0.771622188895 0.778793623389
0.0679688359923 0.379782322338 0.410965591638 0.298646771866
0.804060806962 0.0771765355539 0.723208042034 0.916805625542
0.908323353646 0.0723070865848 0.773558937683 0.958748107584
0.398635131765 0.564856714363 0.765251860297 0.390671777938
0.761151522972 0.713070964137 0.933434627113 0.533139930265
0.177377323937 0.813434179824 0.778105943798 0.124622450022
0.0119586428415 0.119208660296 0.0959945744072 0.429229349319
0.592809414111 0.810133473884 0.917746200221 0.35779337534
0.458466314393 0.0796596514134 0.488905074112 0.742900193716
0.893473710423 0.183775907954 0.815770914389 0.909678740086
0.247059558324 0.575384384043 0.689713785593 0.288724258798
0.0151961264272 0.285061818102 0.271229985372 0.324439301945
0.141690889884 0.848801172362 0.777948077547 0.0933801770207
0.082725642254 0.10984573917 0.161088472926 0.482590167594
0.0538389350683 0.70927733597 0.653233286877 0.115812505193
0.774717680827 0.367072072918 0.840574807303 0.759612322804
0.0869473018095 0.948894079142 0.79823941551 0.0341694783243
0.499906941672 0.954945301691 0.929339749501 0.215865878894
0.0987763311649 0.876812823121 0.770951379998 0.064766859256
0.959891284058 0.685642173536 0.963786772765 0.6800998002
0.184029055955 0.468145468233 0.577430195762 0.315664479775
0.309849532588 0.480097025237 0.670147371996 0.388018980959
0.529904517843 0.517661990045 0.803375083139 0.509096558395
0.322452325401 0.776001078162 0.824079836684 0.216624271872
0.455326043207 0.720279685253 0.852519626738 0.327664848021
0.0224280514222 0.784640681929 0.680470630814 0.0709095751383
0.428570617586 0.356792503554 0.667359969416 0.548804105433
0.45535542732 0.854403962146 0.894031171199 0.247234250866
0.595344848278 0.0531685380625 0.574932038809 0.831981250849
0.537680357814 0.679892218036 0.866542658802 0.406410920973
0.245837789839 0.675023489652 0.743975278471 0.230096451844
0.0627097612763 0.0196399396838 0.0435307732045 0.529516336579
0.301731434066 0.172619080806 0.434633094833 0.58671976323
0.377893924232 0.519723278343 0.731872682413 0.406599181553
0.660148477629 0.929620832331 0.954907684217 0.324923865337
0.414423265185 0.189033748994 0.540983125653 0.649161732511
0.40441200531 0.485023313959 0.727509660336 0.447046993699
0.833666324403 0.903098755381 0.976418119746 0.454653734292
0.852748544497 0.604987166225 0.929998208968 0.663490364575
0.487817685366 0.93264260639 0.921768704111 0.221480713578
0.552836053235 0.801868043711 0.905956982819 0.33767939407
0.795896104131 0.818067601789 0.958873371771 0.486183204983
0.870505237387 0.276023338396 0.842318938435 0.857834912844
0.217530321931 0.294151124944 0.466705903121 0.449625851789
0.51170023625 0.989716680326 0.938874044081 0.203406788934
0.839214129123 0.998707827292 0.988124825415 0.395226658087
0.227247358769 0.453762234212 0.598149180991 0.351799062801
0.989759484261 0.603701415051 0.955554861129 0.747292332057
0.12913400635 0.404964805918 0.485416656948 0.320774194464
0.872034206675 0.331690702624 0.862094595795 0.831136843296
0.652425366611 0.923948678571 0.952641662129 0.323644481383
0.989854072191 0.218827715127 0.863744823983 0.934523122892
0.00796099488651 0.627621787345 0.56512565198 0.132150875299
0.351466050687 0.119370891743 0.43158041454 0.653398596436
0.822317921792 0.651906405916 0.93344252876 0.613941912894
0.362914094306 0.192467023515 0.502959541067 0.613786783615
0.707661479611 0.438037561493 0.841982982 0.677129020057
0.712032394292 0.924433122254 0.962386443061 0.360985141362
0.0219082137054 0.602967812113 0.55711911119 0.150531118803
0.588384027262 0.702555800015 0.88878464852 0.424882739087
0.662271481832 0.954765232037 0.959350189339 0.310676984276
0.434158718005 0.585694184354 0.791332531525 0.400265980832
0.740028880724 0.548350178541 0.888080381017 0.627683135148
0.352852395945 0.769803734519 0.833384933325 0.237012083264
0.542774065335 0.095507726483 0.567367146785 0.781747814457
0.944794993639 0.000959772021956 0.756741818767 0.994486273843
0.931569246947 0.90920684906 0.988429483423 0.516024882889
0.023298541844 0.434090025837 0.419535153788 0.24038960659
0.133572605024 0.0405041341762 0.141667351964 0.562834600022
0.312629469461 0.614091728335 0.746993406228 0.305048232606
0.0633870629675 0.130269995751 0.162214168927 0.456045222031
0.0117617271119 0.345785677943 0.327226317045 0.285216635532
0.332248066929 0.308799623462 0.569321698101 0.516511880685
0.792088325324 0.425884328531 0.866720408912 0.735650430462
0.430296713951 0.0 0.395421223956 0.772282465158
0.740228606345 0.0284232641634 0.65701103782 0.910525156445
0.503377202379 0.0627756846967 0.511706465347 0.778047697638
0.632757697049 0.996319810408 0.961239125422 0.267896789592
0.779212141709 0.7143755878 0.937358397488 0.544321043071
0.508369269363 0.356820927508 0.71428921662 0.601520309393
0.180940060211 0.940449284224 0.832868456832 0.0720119607942
0.571254874542 0.462869787636 0.797621487833 0.573151955067
0.334415810258 0.54181501481 0.72032395358 0.364043603771
0.626505844653 0.444849106083 0.813307928733 0.621161818907
0.3657021967 0.617784913628 0.774747201832 0.335691170692
0.244400740437 0.724991125176 0.768041997268 0.201940822189
0.219192237483 0.55875018755 0.662662093166 0.281978651754
0.618777973321 0.150577227855 0.657410191594 0.793219671181
0.61560389569 0.109361603775 0.628524156836 0.813487938869
0.99080175466 0.371189007467 0.907867298683 0.869756096475
0.106493854852 0.644843251442 0.645683322889 0.171769460668
0.51694928983 0.905655957226 0.922258407728 0.253204048063
0.0170260931311 0.0719484363905 0.0506561304145 0.463998020021
0.365567073446 0.351475111897 0.623096321096 0.51026799017
0.679984048403 0.0574239417796 0.636809802005 0.871042728508
0.157499472025 0.720523616279 0.721246407703 0.1594167742
0.876738677063 0.214204777982 0.821251727908 0.889278636658
0.530126619795 0.519918616411 0.80442498858 0.507735745487
0.765184851184 0.365246511836 0.836387392667 0.75520713143
0.0961935817254 0.36510451877 0.423039589737 0.325063876763
0.022742629815 0.686431991128 0.617614607717 0.112126735476
0.586642537758 0.386053679238 0.769715839337 0.633362652108
0.100893497315 0.316704091406 0.383649048963 0.358572316155
0.678395051943 0.670746587311 0.904552259903 0.506082781779
0.318008956861 0.760110158397 0.815983810732 0.222931143441
0.701249146516 0.640466975918 0.902633456733 0.541588290241
0.213671800482 0.101839664713 0.286454004872 0.575289458986
0.685652936613 0.223126509819 0.737850750196 0.790158949
0.830105494392 0.445093377472 0.884287659641 0.746631598467
0.604253523855 0.0698974016955 0.593448571246 0.828012298122
0.536696386958 0.310744352072 0.704307075003 0.649566068358
0.478331166792 0.965899953017 0.927048691708 0.198288826234
0.915052723104 0.173750864503 0.820411572053 0.922713764715
0.188304810237 0.0235317951165 0.181271441864 0.610026858077
0.551972996567 0.832333008356 0.913306056679 0.318123339272
0.440852486805 0.270476636494 0.619252833766 0.613770724894
0.122286496535 0.720809113726 0.701681702571 0.14215213108
0.857295437623 0.318076895927 0.852521880114 0.830561982349
0.989769508327 0.4716941643 0.930803977858 0.819765679226
0.509786970796 0.406928514489 0.741920335317 0.569471019384
0.450579514063 0.344911521236 0.673600942313 0.571307086186
0.564268857002 0.147052203066 0.619297467877 0.764971442573
0.0204710180247 0.989424704876 0.786776444106 0.0
0.540384063508 0.894301310175 0.924962896859 0.273553810503
0.52023787875 0.525509063064 0.8025993751 0.497376730457
0.987748680848 0.084821325946 0.813892101033 0.981578799161
0.386263065762 0.707805535641 0.822371380187 0.292864685118
0.670841986711 0.674014252781 0.903444701347 0.498840975675
0.910961530657 0.0917511055889 0.783768007 0.952679392649
0.622594926537 0.231387933969 0.708047365313 0.750140113287
0.152290967512 0.626400260741 0.663105403618 0.205392801109
0.943252266049 0.370765974183 0.895279655192 0.847187507956
0.888831433121 0.578899612249 0.932105065849 0.702024467806
0.268016300033 0.107345312103 0.344354257022 0.607384398178
0.317747390359 0.0130208404795 0.301483460747 0.698642055441
0.261431405847 0.546447205087 0.68104386895 0.315137548237
0.648896893738 0.234673749604 0.724423912351 0.763305881524
0.365245112959 0.174376615152 0.490091184301 0.627016013472
0.696951111262 0.0618578902486 0.650724402939 0.876836886506
0.55365857987 0.435754366921 0.777561696351 0.579432991602
0.364656991382 0.344857534999 0.617985718959 0.514084797827
0.0516163582033 0.249329729632 0.271936102343 0.370155645767
0.369730301786 0.907617070591 0.884834272882 0.172084013233
0.96981043121 0.756987802465 0.975149939498 0.641355184147
0.492399333086 0.0904043336919 0.524929433132 0.756291186904
0.670816362584 0.360440131557 0.796401795264 0.702215807807
0.78498465044 0.938092478123 0.974652069331 0.399375012806
0.872590753604 0.631555091402 0.939450343388 0.659255726856
0.727121815133 0.982313473608 0.972845492824 0.333874900047
0.526922786023 0.720581613919 0.875946295736 0.372949351574
0.152998858409 0.158751658434 0.282706467639 0.496907921108
0.212533139481 0.948316370885 0.847307392672 0.0815265414564
0.500414251221 0.653609563341 0.844938451213 0.39920683761
0.376737989509 0.820648356851 0.859895589394 0.221949537045
0.54820365267 0.820007895917 0.909357122138 0.323431048587
0.414351684381 0.971105438285 0.913564367469 0.16260722806
0.403827412472 0.792051862001 0.859398055899 0.253443543747
0.952870208146 0.140258384763 0.822133899886 0.950267713785
0.981420157435 0.403928737426 0.913619936985 0.849647768999
0.707413133383 0.944381708391 0.964702180288 0.345349944397
0.967910390569 0.868482477775 0.987972112516 0.567380266278
0.974420858174 0.0377777768842 0.788066119721 0.992276312994
0.827085695298 0.826669407807 0.96500424516 0.501304035443
0.605944426921 0.805620480951 0.919750535975 0.369106008498
0.00203174420215 0.686384391521 0.603259973931 0.103065282388
0.288298643775 0.820853626742 0.828226894412 0.174773270907
0.967020972437 0.998186664076 1.0 0.480238855913
0.461502486942 0.655057293059 0.831101531486 0.372991229483
0.379495083497 0.816782961958 0.859526402379 0.225621994435
0.417706003635 0.512591329761 0.748842037719 0.437576891234
0.00794001474258 0.9610030772 0.76775970982 0.00473989237509
0.585813664673 0.268254995785 0.708083417901 0.706547897847
0.461543455938 0.309418171187 0.658365923714 0.601879305913
0.950209474249 0.00820077294278 0.762950790536 0.993926845671
0.678354352762 0.101738405117 0.664176546799 0.84913193302
0.0676850887044 0.995980425041 0.810007455793 0.0123676694919
0.467156169947 0.500421706156 0.767236915187 0.478636187323
0.275935635193 0.324818477613 0.538833634813 0.468130369117
0.452596147798 0.246869867654 0.611126930074 0.636610981912
0.205364490029 0.0990977846899 0.275520372642 0.571606371264
0.632348512023 0.694201428612 0.898618229422 0.459622397901
0.476307938734 0.416523901296 0.729353493488 0.540833450492
0.497020973688 0.305431219449 0.67785362442 0.627532176941
0.181833052653 0.702099269312 0.724468828123 0.18104920724
0.158160922426 0.0557334883132 0.183392163764 0.569046705349
0.0989532236796 0.635294207284 0.634494417263 0.172787245773
0.0988917836463 0.850882220789 0.758477248 0.0749743431336
0.68652854273 0.151225286695 0.698801578477 0.828519949489
0.60800806363 0.98366543497 0.955220017451 0.260806792076
0.80261765375 0.21254783498 0.789346581019 0.855695078064
0.0446508632937 0.200749848242 0.215836701121 0.397132493663
0.591020845106 0.0530357639627 0.571655839747 0.829855111032
0.824422960917 0.400453196678 0.868936027328 0.768866026564
0.0443466664571 0.244207714555 0.259564026091 0.368771552431
0.151608820436 0.479143999718 0.561586941535 0.289165272325
0.38838102701 0.184018427355 0.516641147135 0.63571114331
0.681742692513 0.796084722243 0.934165347006 0.424807109438
0.896501319581 0.933917949424 0.987334980458 0.476033892548
0.112239740302 0.683618558828 0.673701996429 0.155285121601
0.146797697037 0.310995843175 0.419960148 0.391891202554
0.15871473152 0.692932587757 0.706569475169 0.17388593066
0.904496481906 0.967025081107 0.991546684648 0.459280369816
0.970342972886 0.33226578497 0.892134907737 0.878277988124
0.791733390875 0.169694451092 0.764368013197 0.870831278682
0.414183264986 0.168412798289 0.52472913452 0.662071053741
0.263081169521 0.515634275024 0.663161871587 0.335357230973
0.1007582396 0.970000615394 0.812935713909 0.0316739862067
0.224416250901 0.288668757648 0.46789541661 0.457861304207
0.597499131194 0.954449536176 0.948359437134 0.271780650782
0.634035984952 0.805827074802 0.926115292593 0.387141711032
0.561616181333 0.560547336891 0.833246247435 0.501634587163
0.632567938726 0.141892443205 0.660633612137 0.80528303587
0.452864961757 0.826027072789 0.88529798963 0.262208640244
0.614480646842 0.537445642413 0.8442107706 0.552375537044
0.897624926861 0.733691580848 0.961610735813 0.60975569023
0.035986052847 0.836086479842 0.717942264288 0.0563719564498
0.388205557125 0.374687368775 0.653218120161 0.509893251544
0.110157849214 0.282830347509 0.360855917551 0.386366153725
0.742452462159 0.679242638515 0.922082985092 0.543222576511
0.961561434127 0.584127971109 0.947271785289 0.74227560596
0.471138946759 0.690798378217 0.847746779564 0.356256951891
0.657948922731 0.714002298292 0.910300730993 0.46349884665
0.100881719806 0.726689369896 0.692676097914 0.129320647232
0.140679668 0.0558256417932 0.165245164718 0.557384690086
0.354283061718 0.571915371047 0.746739694769 0.357505739016
0.373160319867 0.922101693797 0.889973459939 0.166502991828
0.710839110057 0.595136270903 0.893027664106 0.578041979641
0.282534823081 0.0561132275289 0.309137156441 0.649768266596
0.124335922559 0.463227418637 0.528496528886 0.282343069731
0.803363509935 0.537599535521 0.902453008476 0.674758115035
0.719501542596 0.628952573317 0.904381631834 0.561395070605
0.379213565774 0.787348463878 0.849355565785 0.242020207016
0.818353218035 0.606922063097 0.922900960162 0.640406950085
0.182910916791 0.342500647488 0.478223233045 0.394908534335
0.254065662175 0.219044781104 0.433522666461 0.524215993247
0.99591159131 0.689996924243 0.969650042768 0.69961464395
0.322617588465 0.308886887991 0.562225119665 0.510009210232
0.488530901802 0.15416168082 0.570605270135 0.716649290371
0.681221629819 0.0556631425695 0.636465530741 0.872435467607
0.60926460225 0.078639641789 0.603155377058 0.826108173991
0.0963549100099 0.292135988377 0.356635574576 0.371416607188
0.114269244657 0.833675858579 0.757579772126 0.0882312192774
0.106581294575 0.210392625406 0.287832074685 0.431541499176
0.0742772200861 0.627196115373 0.612355416862 0.164420254872
0.322574413643 0.632652013968 0.761217160356 0.299795073674
0.033655815303 0.20102218331 0.204816457402 0.389785167038
0.997390310811 0.343536017954 0.902473639088 0.885433004992
0.791145993118 0.760968983092 0.948409889316 0.521193114433
0.165150502328 0.0793232158789 0.214960502947 0.558040843959
0.13476435312 0.23523095187 0.339185685263 0.433766844378
0.578674559861 0.173067615804 0.646127891311 0.758383742559
0.454753134599 0.594437467771 0.80404442946 0.40803613433
0.844355013967 0.356955332329 0.861291592507 0.803607748407
0.898198552566 0.742882133904 0.963107575435 0.60413509951
0.381000118138 0.920172262496 0.891635723285 0.171435238689
0.179180105257 0.887120795852 0.811123630113 0.0930398948416
0.521843256348 0.630601539968 0.84437707476 0.428433306586
0.457846409563 0.920153667315 0.911758605669 0.2118828477
0.850889676852 0.153410210198 0.784472417888 0.904493708849
0.121219132107 0.422808572241 0.49359020865 0.30490055978
0.709701549628 0.482728842508 0.858303725402 0.65028089173
0.0304170841298 0.215294595752 0.216146560238 0.378426752496
0.311236242196 0.0741533256095 0.35384294929 0.656544250785
0.994395150493 0.307496934118 0.891939027842 0.899987822479
0.295515783864 0.872061947362 0.849694008199 0.152809042959
0.771468281178 0.903271194772 0.968053618566 0.413336774944
0.102771249088 0.155286263344 0.228798603312 0.465637891499
0.116913959031 0.43523987875 0.500221196998 0.294713277937
0.803403403291 0.0756380685005 0.722012538933 0.917167911514
0.927959969131 0.395520830401 0.897842389398 0.827132753278
0.726937955882 0.537983466042 0.881239877001 0.625919732709
0.264330587532 0.170943325403 0.399842478283 0.563097815223
0.754007822159 0.962708981719 0.973815214042 0.363369732753
0.654225857257 0.495718214283 0.843506237476 0.606123487443
0.992806225383 0.160016758117 0.844613553921 0.957611562529
0.491209322412 0.207036359138 0.610299827215 0.686075848887
0.725929145273 0.786932346117 0.941121569033 0.460225919058
0.806408615565 0.249325207937 0.806888118855 0.839530376964
0.685382534994 0.199554695263 0.72517535128 0.802719227758
0.672956177832 0.873945262274 0.947459817184 0.368287625811
0.026477949723 0.205965093737 0.202509495102 0.381913816505
0.930402801119 0.651175157645 0.953556435619 0.683177781189
0.660864180755 0.616762756832 0.884966258004 0.530443573222
0.812702667879 0.590341476718 0.917800602156 0.647384866968
0.168854004327 0.152339668312 0.292019383634 0.511809635911
0.337257890005 0.0992203751943 0.400970648581 0.657158207271
0.70626220966 0.417708942971 0.833959115419 0.688858859808
0.55941037721 0.0373937456766 0.535905851385 0.821669931405
0.845901890904 0.0607971304413 0.736811999938 0.939919769428
0.0521095313198 0.262787648775 0.285753239127 0.361835405963
0.282411734423 0.546053050164 0.693262662415 0.328419773718
0.815182479281 0.190724463891 0.785190704199 0.871962074886
0.893119797937 0.385567601296 0.885314874246 0.814260067822
0.144079961482 0.116047098526 0.230929522138 0.51950174536
0.247202411247 0.624856716487 0.718004324416 0.259518153028
0.478772994281 0.717094138277 0.85940894465 0.344407954847
0.293853396923 0.00109238764108 0.266102692283 0.691298408896
0.291293122344 0.305947583871 0.536120414362 0.491008788859
0.140977357869 0.110957726873 0.222579190252 0.520828549209
0.151708292571 0.216891357652 0.337867486648 0.457212501438
0.0147462525615 0.196077372028 0.180109812986 0.380715122193
0.909372534638 0.912065906626 0.986371096082 0.499256585524
0.901194804046 0.967182355729 0.991235821317 0.456974603374
0.694488822765 0.563335702959 0.879110724208 0.588216558136
0.108727005896 0.196755411056 0.27647522816 0.442003278228
0.0295287124653 0.786116951831 0.68560858464 0.0731312098221
0.0664533703843 0.960102744165 0.794190608102 0.0234928580396
0.0461085902484 0.752563420228 0.675394448426 0.0936323948372
0.608061547626 0.988359233329 0.956006830793 0.25810621966
0.163272927961 0.642947424235 0.680010131718 0.202405659366
0.784830667412 0.3593351296 0.841442787665 0.769710029717
0.54946188319 0.0492959764352 0.537415675284 0.810276299106
0.146541401232 0.861780344819 0.78610124969 0.0899734271769
0.258906350248 0.924127602315 0.855030500631 0.111510241774
0.456100590332 0.691990378087 0.842794799489 0.345937844059
0.39665408855 0.161181280889 0.50496178077 0.65555696348
0.778553118614 0.522528036976 0.891676554718 0.668655869876
0.798945538378 0.571573427736 0.909967148702 0.650568689863
0.404063961345 0.485172920863 0.727402893923 0.446716116664
0.318961733707 0.381659899104 0.61186912807 0.458934502698
0.44761432187 0.880794537088 0.899085346475 0.227932051605
0.018440544341 0.578321116435 0.535622308361 0.160934278677
0.488016691878 0.458851656829 0.757157910199 0.520395772489
0.590547151677 0.133931237498 0.628188153808 0.786901174909
0.106814279262 0.299709687383 0.373447132659 0.373279809545
0.800520078918 0.685349127592 0.935814305038 0.577726162032
0.46442508996 0.770275223097 0.871969049594 0.30242283904
0.92868807947 0.370204619641 0.891088812559 0.840263992748
0.800250973253 0.149759136235 0.758799559021 0.883867373147
0.203778240582 0.423993671145 0.559377234818 0.355800685266
0.228498018152 0.412394795099 0.569161421958 0.379137435979
0.997456690349 0.0961829552536 0.822346072426 0.981042399415
0.300805891948 0.0710383166059 0.341036819181 0.651901892558
0.625763513043 0.0855102639657 0.619290269466 0.831016604934
0.459799910953 0.348332684789 0.681267772879 0.575145398429
0.0405897390401 0.599940936897 0.568810651731 0.161203801683
0.157708223681 0.0469498894093 0.17377481125 0.574557740346
0.738363310982 0.868194427591 0.957676687527 0.414620572703
0.590665809807 0.980419856726 0.95172554926 0.252624884138
0.260912224022 0.899411081975 0.847131222905 0.12352872802
0.536878200358 0.723784301659 0.87993474037 0.377310948712
0.819957504082 0.194130218835 0.788870060451 0.872598443875
0.90258245683 0.21155278983 0.830277903252 0.901744690758
0.746939935471 0.651991711278 0.916825775889 0.564323983164
0.667618419279 0.224076532614 0.72880617776 0.779731145092
0.75574649281 0.283914292676 0.800057353262 0.795228580595
0.339850062042 0.0662369149025 0.373171377923 0.679474612467
0.698739825084 0.105721577157 0.679141649536 0.857083392293
0.848445328133 0.804001385462 0.964811744972 0.530747022983
0.163111949492 0.674552848372 0.69856971745 0.185619721465
0.893371940616 0.219542747024 0.829809397172 0.89427163101
0.171738642641 0.264186198019 0.400381144516 0.439096053658
0.00151578536674 0.536076164291 0.488239887258 0.173663671877
0.547774040909 0.757004653039 0.89266856556 0.362951693447
0.462668222753 0.175781526311 0.567456216239 0.68774124828
0.229550171982 0.610661214233 0.700061251844 0.257502618274
0.336988087455 0.185790086406 0.47609955317 0.601224282851
0.0339546030905 0.00824309822947 0.0 0.517905923305
0.196016033954 0.99569938275 0.85796024374 0.0565639032937
0.794382794557 0.381042880759 0.852527336411 0.762854509203
0.550373191561 0.6155361538 0.849162394923 0.457384392452
0.771525878389 0.343948804012 0.830758880797 0.770873446684
0.971781110784 0.671353206558 0.963425601266 0.696251862296
0.611537941599 0.061739224707 0.592829779723 0.835827971629
0.561437739162 0.581708259799 0.841023031065 0.487360770652
0.29432234642 0.226642392261 0.474559687755 0.546022239982
0.260824144741 0.639956185589 0.733512139768 0.258663250887
0.539444379529 0.010146553899 0.498340512115 0.825407341154
0.889199567615 0.509175167183 0.916714496285 0.743757951539
0.289909119772 0.866718010046 0.845823581523 0.152679147812
0.410909182422 0.818355176103 0.87024920733 0.242423053193
0.714232960574 0.327492351746 0.800932092912 0.747592103472
0.0879683554357 0.894138851605 0.774022590727 0.0541203628993
0.758061101178 0.550240201351 0.893678896137 0.638071283292
0.702962780642 0.727199492352 0.923979886386 0.484765278504
0.626862208508 0.723975317788 0.904979931417 0.436182984188
0.822247541439 0.504041321417 0.898578699985 0.707025814095
0.568849938853 0.681153280242 0.876717882514 0.426109068571
0.0664708006619 0.336392958379 0.370032296319 0.324423203071
0.0786798963233 0.764382557525 0.701647761108 0.10250102886
0.205624666551 0.0805229512124 0.257248314103 0.584041359141
0.320104082369 0.398358083819 0.624036706874 0.448580562622
0.810855558165 0.0702963146953 0.723163791565 0.922388273042
0.143714554841 0.366044766931 0.465041791703 0.354430245789
0.253363308169 0.609911015991 0.713137670431 0.271897189636
0.0523782433632 0.83024544792 0.723717339146 0.0648214282821
0.620091427377 0.0964461401925 0.622857935796 0.822528208566
0.90170311811 0.512369695249 0.92036778757 0.749155214534
0.235829084738 0.917473463865 0.84462350591 0.104300342135
0.822463087199 0.360705947699 0.855191373388 0.789784392658
0.250263816689 0.174943733184 0.39069201385 0.551090229084
0.781742077788 0.725597510212 0.940061476709 0.538528318064
0.106390733706 0.131967288773 0.208647199075 0.483631467399
0.482661125787 0.13895972646 0.5548717826 0.722227686109
0.969413759274 0.684893874643 0.965098789167 0.686466585429
0.863472691131 0.37451778428 0.87307045287 0.804441696216
0.360182174629 0.115580523267 0.435898299713 0.661313698653
0.61442560513 0.130562352486 0.641753498849 0.801647574936
0.893688490924 0.645235564263 0.94603218861 0.663941151828
0.813921419976 0.691213597815 0.93963644495 0.5827032316
0.264710096432 0.0613322161912 0.29683125152 0.635031418767
0.275610693211 0.976443132753 0.87728915232 0.0960692525611
0.876130758002 0.512825713315 0.914472677845 0.73397637514
0.851216645077 0.582395928271 0.924766456567 0.676682035554
0.339319654944 0.552395095346 0.728711829119 0.360411305111
0.447150002265 0.0903030810145 0.488344729551 0.730017815904
0.91238864099 0.919968978014 0.987542057014 0.495988586961
0.771686265689 1.0 0.980709722981 0.350862306467
0.705159341792 0.0554360798796 0.651871450252 0.883495161039
0.972062027372 0.293533292451 0.881483625113 0.896348366226
0.0414224259156 0.642975565655 0.600458042097 0.140685866656
0.235459960711 0.260057161549 0.452943051246 0.48433771213
0.610222891929 0.291686319254 0.734218742882 0.7071492782
0.262756633002 0.104022206416 0.336196379718 0.606119006912
0.923603937988 0.0203609869739 0.755848234738 0.981668945136
0.816054357049 0.06537797798 0.723317893665 0.92645734239
0.289258330212 0.939690482323 0.87012651694 0.118124191952
0.602869843326 0.784351364651 0.914016660324 0.380845006567
0.597198698531 0.575583141823 0.851571047495 0.515392049235
0.196267659696 0.353257267683 0.498119797402 0.396610174231
0.560534914369 0.255238191032 0.685873045934 0.699078786283
0.455171475934 0.742436976152 0.859985199877 0.313820635678
0.670747179207 0.214986253259 0.725600904445 0.786459259381
0.486855230841 0.262631467515 0.644631094926 0.648447250744
0.94441481292 0.831980550119 0.9812799334 0.575975461094
0.732901572365 0.130008962275 0.713094410087 0.861810343976
0.938340124314 0.00759997876217 0.756831658446 0.990433813284
0.0397717591219 0.882414160772 0.744592100945 0.0408933527734
0.182364769325 0.0346363739804 0.186633587707 0.598893369049
0.720011550444 0.71176006106 0.924340472981 0.506502787203
0.127788950954 0.75764906344 0.725266170189 0.12745570836
0.396700050213 0.911488722129 0.893588259818 0.183951637147
0.35678338828 0.45955558408 0.68613727993 0.432328089903
0.167244374306 0.0632454270831 0.200581919788 0.570090644664
0.322813850393 0.0760864841085 0.366490397247 0.66263978019
0.847167592127 0.831333943606 0.968595106894 0.511625153737
0.208387326905 0.171646007811 0.348738442424 0.525347287461
0.378004498172 0.583783375242 0.764422724195 0.365099250649
0.092358942614 0.362224848993 0.417078152814 0.32446783695
0.17822762405 0.189303792712 0.336865369221 0.4933570415
0.733839599528 0.159193783327 0.729543425362 0.848184590415
0.469305081791 0.0724411594126 0.491888906536 0.753342597629
0.106373817229 0.489193886347 0.53473569264 0.25646838994
0.45917759514 0.96604561216 0.92284102373 0.188098368654
0.870881209187 0.0737940875706 0.756185080104 0.944468989443
0.493523652604 0.335735352145 0.693800630282 0.605591413609
0.0694688926919 0.532948213742 0.540022598429 0.211119096587
0.753474670529 0.215838475476 0.768149659583 0.829727113559
0.717288999687 0.338642567086 0.80694866097 0.742896847013
0.730942277073 0.386709245127 0.831577552168 0.722632879392
0.45682798475 0.0875231261115 0.49401932048 0.737351604516
0.083460624385 0.476263881802 0.506336271493 0.250693227324
0.0479829025487 0.537603120432 0.526909240528 0.197061235642
0.597058650244 0.406387531388 0.784016194933 0.626977922766
0.149243678744 0.340310100604 0.447765800805 0.374475587243
0.695360948334 0.059088527326 0.647921223185 0.877377012751
0.412774039188 0.802193330985 0.865677286753 0.252756785373
0.315993539896 0.582021460818 0.732064311895 0.326942632103
0.111319688509 0.14209766167 0.224074249238 0.480156644784
0.765687053582 0.0878795957859 0.707860517249 0.895979740104
0.304382909436 0.727454226434 0.796559262531 0.233545910356
0.52366276837 0.596172822123 0.83235847932 0.452482069926
0.499764168909 0.358136053076 0.710212315934 0.59501998601
0.0369068982505 0.120181239292 0.123626422867 0.445131736409
0.642871335653 0.787200638811 0.923951752087 0.405064236351
0.103204704815 0.653461425512 0.649120928015 0.165762066537
0.042189459353 0.740677474734 0.665667624883 0.0970067574009
0.616295340415 0.486109399007 0.825690883874 0.587549677479
0.215339097217 0.0368187901427 0.222852020336 0.618970692711
0.784693546058 0.314461019957 0.824462233346 0.79437327241
0.884159851655 0.150539611631 0.7979512807 0.919586101653
0.354527528406 0.286961064093 0.569657350896 0.545970588773
0.0890376603298 0.987787583293 0.815404425306 0.0218244470759
0.614066897359 0.354641596334 0.76782058572 0.670725122126
0.950422288825 0.706760895956 0.965522200727 0.660942777245
0.117766997107 0.726214414596 0.702187833967 0.13744154654
