iid
0.729564077328 0.191301239456 0.789090776544 0.669756452866
0.62781742815 0.398108206289 0.850161702096 0.938820061414
0.102432670224 0.0488675256827 0.125443718663 0.996579632357
0.930913324852 0.697151812323 0.998439879675 0.937011406055
0.217348771108 0.513783206384 0.657549423238 0.897938715023
0.531652985821 0.226719402105 0.677650373418 0.892235472236
0.369502333309 0.339359029683 0.64004145403 0.998944304582
0.23236540763 0.919155727216 0.910593634174 0.468969147105
0.238471895367 0.254137267157 0.456920530069 0.999718601282
0.554370407149 0.938368677024 0.996756609984 0.828868425544
0.712678815398 0.632107679165 0.97343190403 0.99256514954
0.196627787588 0.861465816523 0.867393191132 0.501258527015
0.27163969609 0.632584810403 0.779241820449 0.849077931911
0.948896374017 0.366508745436 0.966035771342 0.615515567148
0.575215445049 0.617983291681 0.926967693507 0.997798288462
0.373717216347 0.128580286132 0.465415409417 0.930019532155
0.804029351929 0.374193112341 0.920956108523 0.78789908803
0.279356837406 0.311281151239 0.543307218782 0.998811682236
0.53455420929 0.173333962614 0.63899164078 0.849181402484
0.655449409677 0.810164809129 0.994140297601 0.971733230379
0.553194919153 0.807456816644 0.977068577182 0.924343168176
0.0484615343515 0.567461876248 0.565183876858 0.692095568148
0.566666647289 0.923893498522 0.996573982088 0.851599045888
0.765584503675 0.781358521887 0.999660656912 0.999669974231
0.970028000313 0.449904566464 0.987954862858 0.691806570725
0.308402394939 0.205743298479 0.476206729493 0.987659971945
0.111843686352 0.868995459218 0.82582585642 0.360469590925
0.782299343903 0.918469578596 0.991567059342 0.977973660183
0.287167734753 0.117166840897 0.374932508295 0.9661963445
0.566227529872 0.717460671047 0.957470718235 0.973053467826
0.679196869005 0.445823729957 0.89870244037 0.936917624413
0.603279192748 0.487105205213 0.882808156435 0.984379677859
0.752556910428 0.254194991454 0.839593482098 0.716060280432
0.948392783626 0.51348099267 0.993648488034 0.783244325374
0.926912339496 0.395053415886 0.967747152909 0.677919417458
0.79096937142 0.0309564942225 0.723330416302 0.356852894492
0.469248226937 0.913595368128 0.98165101427 0.772085488916
0.0134832481889 0.881765431068 0.773863421207 0.171906905835
0.220589130626 0.0436320710192 0.238892868993 0.963320344583
0.017836225957 0.319810759883 0.311526923572 0.894424678938
0.653133465375 0.306494749058 0.812768236763 0.861218968886
0.60091175851 0.0562591302077 0.598323130471 0.661702378643
0.837625609384 0.489543168986 0.969113592237 0.860398094943
0.457419406186 0.456676815725 0.785229082871 0.999999804985
0.469393651795 0.562688667705 0.853624628573 0.989733052055
0.389179694064 0.715374479747 0.889696507714 0.876303451034
0.41425931711 0.331939715787 0.668689299502 0.992107923282
0.594563605826 0.85711805809 0.992529963343 0.919310968155
0.913348804922 0.247030198653 0.913646755751 0.500677319515
0.635786172302 0.208594339452 0.739143005071 0.790103856166
0.857098027923 0.0540504106722 0.782806515408 0.286141288733
0.896097650351 0.00752677154512 0.777969821896 0.136472449897
0.475614453232 0.368812767785 0.739419855968 0.986738163861
0.98086693438 0.0429669569287 0.84861786343 0.0454211278961
0.287253520649 0.856474237196 0.907242967677 0.630564406398
0.44307791634 0.369175476067 0.717054719887 0.993653713076
0.535900490273 0.332589770436 0.755576837714 0.951969671229
0.352751963257 0.92907852701 0.957065423793 0.621353262056
0.734187938313 0.191359205091 0.791997968475 0.664271102891
0.975148842563 0.85737470725 0.965561899999 0.984171061773
0.820315222886 0.431388531243 0.947418736292 0.825992155055
0.571244265423 0.767657295476 0.972122481915 0.954680419758
0.851101854511 0.887671222109 0.985860758732 0.998328744574
0.874045884215 0.630995934885 0.99763382294 0.931829158585
0.755707376737 0.62499404368 0.981108905592 0.980309753771
0.493488261172 0.955221202683 0.992186173342 0.754183227257
0.632388152141 0.669903326436 0.962706059551 0.99828802416
0.492191687403 0.0871359966486 0.533186447892 0.810742241376
0.257222182103 0.740259134105 0.835059602509 0.732023653742
0.792568260903 0.832534537919 0.998586565511 0.998027238192
0.915808310522 0.21533551592 0.901179005511 0.450229243029
0.823098048243 0.810700528693 0.998083134815 0.99985147259
0.679218282199 0.633613662749 0.965517028599 0.997650075525
0.575882447318 0.921158976685 0.997094648177 0.861233120271
0.471080546038 0.710399120141 0.922530920037 0.933017915293
0.036248060193 0.192790613806 0.204175265773 0.971571712773
0.0441823953282 0.11472900329 0.133319140974 0.994270121396
0.98070871568 0.861645580197 0.962921942592 0.983822048625
0.943404568947 0.0112128029871 0.809405150135 0.0560171731543
0.954708467887 0.564782450457 0.998524476973 0.825371998263
0.941290310022 0.737849513205 0.994210565725 0.95233487088
0.843261424218 0.422183974921 0.951773040857 0.796434003412
0.829275383483 0.206570609798 0.855186723956 0.56171666321
0.361644895001 0.461211540608 0.724655597007 0.988369120662
0.255095624624 0.272482793469 0.488311897987 0.999651100957
0.753414577112 0.581705022471 0.971117148579 0.96593109283
0.485323442065 0.12468300987 0.559377918307 0.849569808344
0.924404154416 0.850767127873 0.979035780403 0.993882594817
0.205601058339 0.886254396913 0.88393080259 0.478140491579
0.836312841708 0.493673930887 0.969815518157 0.864700246891
0.177100605067 0.843322552887 0.847748484884 0.499319645023
0.878036190807 0.470673139489 0.974251184448 0.809406100709
0.342234304807 0.942718358006 0.957985857891 0.589958300835
0.869871913827 0.945831493554 0.969803377573 0.993020126257
0.675952743524 0.224724239818 0.776399185768 0.766280274351
0.900247797897 0.365344615164 0.951779193843 0.674229491986
0.398109834656 0.48052659857 0.7624949719 0.992009393231
0.724600032328 0.182289950449 0.780294229789 0.664871858179
0.0558068510584 0.101247349444 0.131404237085 0.997641972219
0.0599192373742 0.868245947483 0.794549349802 0.276130494482
0.398239112158 0.13996138604 0.497451052382 0.922386892759
0.213267659714 0.588686439133 0.710082572524 0.836985236718
0.833038234841 0.918457427766 0.983608378053 0.991222640397
0.00754365142485 0.0846340829773 0.0652406860313 0.993163022083
0.63379177496 0.47730184523 0.89245814455 0.971625836378
0.106499501314 0.954520364049 0.86896927686 0.207451312809
0.938640827205 0.421835615401 0.976844221625 0.695569192083
0.0388707392141 0.392779586565 0.401158042265 0.855267094941
0.29882864402 0.499733506242 0.707512102143 0.95288196549
0.107186856501 0.98631523717 0.884815390765 0.152049813109
0.466755349557 0.313494886882 0.69395341239 0.972654894663
0.951129856139 0.974318843739 0.936754064582 0.999290257299
0.923412023963 0.704759093513 0.998432919818 0.944896044532
0.104228204866 0.239214735177 0.316964473168 0.978829979548
0.568459998402 0.441085735318 0.84135741323 0.981185300834
0.468107186396 0.577824790446 0.860868122849 0.985820850381
0.481336688704 0.274002387019 0.675462109807 0.949993245356
0.76112139135 0.332915994467 0.884377404623 0.789392048798
0.498022945569 0.342325534513 0.736587222115 0.971803466571
0.0153234505181 0.488178221482 0.467223874834 0.743572307365
0.706503089326 0.728117680125 0.990234413182 0.999407288905
0.125413255671 0.288752910177 0.384561357866 0.9689691157
0.710718332178 0.11941716613 0.729194010065 0.603279606011
0.937755795216 0.825059585425 0.981518070153 0.985500063151
0.246074025496 0.586023567762 0.731277755938 0.866009582629
0.727723743803 0.0834964659897 0.715870818231 0.531588191098
0.742202466085 0.00676905222801 0.67023124317 0.395806016787
0.656866425501 0.0910058334501 0.669544817367 0.63568628684
0.532559408614 0.295028877246 0.727696714318 0.934472581708
0.160426678098 0.39809752178 0.515778711943 0.934314153822
0.364180375876 0.0405301614944 0.375125629669 0.878418348249
0.284455261444 0.424407254896 0.640190848241 0.977109520894
0.530474387291 0.522497766164 0.864412954714 0.999934245582
0.458312452266 0.346381761644 0.711651110324 0.985420547396
0.614187897151 0.693494738583 0.964182645732 0.99250935405
0.539324288863 0.910581953979 0.992324090505 0.839920515071
0.879730999086 0.276415898683 0.911923177233 0.587966433336
0.733965081771 0.551631381418 0.957918616602 0.961552641144
0.763395242468 0.877993292784 0.99756761367 0.984359188167
0.806006251618 0.0031299312025 0.714265021492 0.286237639948
0.12200936944 0.0157129853307 0.111563751175 0.986667291354
0.205725325464 0.62279865541 0.728857247768 0.799348971982
0.613911070791 0.524234122506 0.904529161057 0.990724031464
0.857040736203 0.326525586867 0.923010002754 0.679326312903
0.292181087064 0.681912594204 0.821708999203 0.824314324074
0.223245322412 0.20212446632 0.394890498007 0.999467339565
0.852910278163 0.840405290861 0.992538152228 0.999850391589
0.748511631951 0.447718071985 0.927971118707 0.895459960907
0.577752964751 0.670457359793 0.946455889921 0.989809306655
0.452577838325 0.144533685595 0.548503076134 0.889914282207
0.55461193011 0.825354668697 0.981052772783 0.914299276377
0.147609644698 0.128219316689 0.250573953926 0.999542505016
0.475999829924 0.414406962175 0.770067953404 0.995608650036
0.733731581814 0.0419336428458 0.690149162154 0.462638252269
0.3360430273 0.955407611327 0.959860190775 0.564629995647
0.691418717104 0.959531481157 0.996831588891 0.915752830052
0.924423197082 0.78406430623 0.99056603233 0.977400213173
0.921639003614 0.0187132786045 0.80083820575 0.110339209608
0.317649314874 0.493214819342 0.716268065615 0.963973960812
0.962923291738 0.796975585868 0.982090788792 0.968366521002
0.873715479243 0.671349032369 0.999602321074 0.952768134797
0.999884471273 0.606511290605 0.99943129233 0.822389433009
0.671656980574 0.0138190656323 0.621035233844 0.512102447639
0.710568302023 0.66622169743 0.980353624868 0.997787345196
0.427970222348 0.641520677621 0.872838507524 0.946642681795
0.359543569016 0.655476894484 0.844603695908 0.898064260828
0.748328453416 0.251953426756 0.836010584694 0.718267307526
0.121524671835 0.141703254532 0.23812536483 0.9995430047
0.938604872394 0.110751843395 0.862092439994 0.244179032581
0.553309929132 0.0413562057346 0.546226215167 0.700162929066
0.57163924842 0.550278953421 0.897424245373 0.999493905717
0.691607664124 0.690867974328 0.981483385622 1.0
0.164166796976 0.0226384881595 0.161340621327 0.976459832263
0.977879605044 0.395352980751 0.979513520999 0.615420027453
0.00376484761659 0.0249217668392 0.0 0.999509298971
0.656584543631 0.0715942802206 0.654528210131 0.611318109548
0.0358927801205 0.774141857992 0.716125887769 0.390844742268
0.706487604279 0.171985433152 0.761934362336 0.674191757249
0.311964373423 0.221909524995 0.493790551555 0.990503579637
0.657558483739 0.886408361812 0.999584533202 0.938494663264
0.631006070148 0.19517992067 0.726564396677 0.781643837782
0.0969912334605 0.404137274381 0.46491788111 0.890673174901
0.565746895034 0.205957178222 0.68750481033 0.850419764122
0.375115043011 0.313758503398 0.624268895062 0.995610234619
0.414112374516 0.937644419782 0.97517696842 0.685856167464
0.744180505293 0.492014350196 0.942322738099 0.926450583898
0.283641329804 0.369470643515 0.595586148541 0.991387349149
0.357894715535 0.829445437296 0.924907877229 0.744146611646
0.587816750881 0.424278508722 0.84273060615 0.968966847438
0.0404870205649 0.453338267113 0.458424409064 0.803682279754
0.200883471867 0.760573271846 0.814444918512 0.642751867375
0.552526212507 0.29307383442 0.740104695956 0.921889606043
0.852032657225 0.114035399015 0.816301981595 0.392159519487
0.40945256877 0.478609749004 0.768642171569 0.994363705461
0.779298586726 0.118837506853 0.774620737652 0.508686444175
0.631650715044 0.475239929071 0.890527112428 0.971652865426
0.986940560691 0.448934509781 0.990323046348 0.670753166328
0.315844045011 0.9091277722 0.938784137891 0.599520863125
0.438612653041 0.74545037575 0.923567952345 0.890351403202
0.603276561386 0.747333189412 0.974823126029 0.975508857024
0.0585283272989 0.132918921006 0.166273733372 0.993617777344
0.488660143789 0.137410359132 0.572859574272 0.857236499842
0.990445157993 0.819392196807 0.971302859198 0.966401611141
0.28742174815 0.0421357122395 0.303070966983 0.929825115474
0.138376630328 0.446109964348 0.538304955018 0.890191819445
0.168139719208 0.444606473393 0.562285909866 0.911220146598
0.634636858584 0.229505066675 0.752526312344 0.810965433354
0.0317752654852 0.280993599287 0.287225971396 0.927966125251
0.247622931314 0.214108944013 0.428658416675 0.998672553322
0.813190289602 0.421289380385 0.941686061077 0.823332721628
0.783940445719 0.708648913498 0.996702309907 0.993545029189
0.492529773469 0.179867710167 0.610867564708 0.886676858484
0.439960162962 0.743589012253 0.923366660012 0.892611072919
0.531289073424 0.300603381989 0.730693522207 0.938184320269
0.490993783669 0.961060179098 0.992604481922 0.7454091439
0.197775145774 0.0854212920694 0.257754886651 0.985157088098
0.572126323142 0.684427022646 0.949159354049 0.985086955523
0.0785680232131 0.915133515818 0.833165279207 0.227584913498
0.997257395714 0.323159175183 0.967309536256 0.489645166843
0.671367125932 0.0280756828977 0.632115356858 0.532726234984
0.582997524057 0.332304056606 0.785810772551 0.927097359339
0.0725562272833 0.575000553464 0.591419765398 0.710979804342
0.945284839913 0.285003434383 0.940144171575 0.50947632694
0.915488868426 0.14833068471 0.869467957918 0.345737306932
0.931057840513 0.700972526902 0.99820721018 0.938980106229
0.168333308633 0.306850648428 0.441180533461 0.977659670175
0.929344321774 0.0956549869819 0.849305139476 0.234055034917
0.837613729101 0.0818184546286 0.788044398408 0.363807157855
0.271147337451 0.403104181781 0.612758686002 0.979656801016
0.87372565583 0.924251678022 0.974034832642 0.996859617341
0.00419738303925 0.365061176262 0.342088720868 0.849638831332
0.325042396781 0.252856980162 0.532276587536 0.99390173988
0.258039983751 0.583636501871 0.737867601603 0.876972053423
0.412084324107 0.514294298137 0.792959072255 0.987717617174
0.816856142332 0.675801650391 0.996701892736 0.977095374429
0.357998474034 0.950553892983 0.964569667031 0.600351402803
0.843628686778 0.0160247295328 0.749199360866 0.244242796796
0.358783495554 0.113305233714 0.437954268329 0.929806402569
0.235844081329 0.202822970098 0.407298735321 0.9987090946
0.202406521246 0.682735148541 0.76704142299 0.735095770049
0.107874059534 0.536552918623 0.588781880338 0.788406490836
0.954156009776 0.572093307992 0.99887337957 0.832283898893
0.901287824858 0.592934768242 0.996814222171 0.890405695848
0.4286159268 0.876334704539 0.963556203322 0.768766587391
0.561015840379 0.722931040375 0.957549829539 0.969140586926
0.256839976936 0.0694120279011 0.299915068014 0.958904948661
0.372893772202 0.841130572754 0.934852557167 0.747628270938
0.70653033577 0.51352758255 0.936744778135 0.956883826873
0.764912774364 0.44389978238 0.932641222698 0.881035937137
0.435893329366 0.939572920221 0.980211199705 0.708668077485
0.221696724748 0.748098577399 0.819304164026 0.682990116826
0.741761921297 0.809604343656 0.999768646975 0.994456347848
0.262229424798 0.648445697933 0.783346934543 0.827489420078
0.718619798625 0.721884887416 0.991045303843 0.999979641105
0.857095928566 0.781119748925 0.997800903911 0.993454104628
0.729272221671 0.51847187682 0.946191971746 0.948581118404
0.59045429291 0.883985989522 0.995082929797 0.899349622422
0.0816802252776 0.131173117761 0.187813448048 0.997190223703
0.925158368229 0.637038326972 0.999940175846 0.90431316808
0.801729076437 0.0816833052838 0.765037195799 0.419973696809
0.126328272062 0.738289578721 0.753603806422 0.575280590303
0.0214012415875 0.478068624183 0.463572016905 0.760538142114
0.00554341749091 0.503856188196 0.472553115547 0.715787766029
0.556642662758 0.818307190807 0.980053017773 0.919904051409
0.984872740831 0.551588220518 0.999308794094 0.784923211142
0.126444601393 0.943777130314 0.873533451415 0.260556293859
0.240895064711 0.49798375362 0.663427685588 0.923080289312
0.526229861393 0.314421347806 0.736752060205 0.947865127449
0.882624398542 0.460754983493 0.973015219538 0.795760851095
0.185637968372 0.943727665401 0.901113992996 0.358694314938
0.568284268129 0.424571833389 0.832074398315 0.976033265937
0.607478056976 0.371711988558 0.824243833838 0.935531357219
0.764532079842 0.512784857237 0.95545270686 0.926720837271
0.233828587529 0.275133020122 0.47170107833 0.998018529815
0.537826049342 0.997586612758 0.999306905665 0.75613694778
0.0661047161259 0.991106065606 0.86709419228 0.0679007875228
0.57594232484 0.519224186873 0.885107443527 0.996309260242
0.423463739701 0.723733474543 0.908589830263 0.894979659629
0.581808249588 0.400776613479 0.826224536233 0.961958381807
0.613845193693 0.0953591814811 0.639883007364 0.692784075144
0.907065676265 0.0528425258003 0.812598297759 0.198048443964
0.0221855970443 0.460655066101 0.448474683593 0.778967166679
0.91003265336 0.653918490896 0.999958377147 0.924352090138
0.0987761521268 0.833756830492 0.797183256603 0.39576651567
0.298794992077 0.823892446792 0.898040797085 0.684321479118
0.70342016376 0.15876977658 0.751114952224 0.661982686282
0.459749464098 0.427517883986 0.768051948416 0.998807435323
0.543169237346 0.806473035857 0.974634257668 0.91892364482
0.0726642776616 0.111546902627 0.158922099548 0.998277477496
0.303064790011 0.565746722407 0.756136693154 0.919629768448
0.201478530087 0.503638652593 0.63740321618 0.894010020364
0.208438437388 0.533035639518 0.665456220953 0.877802486667
0.228095371205 0.674642280846 0.778355927712 0.770407821143
0.28565162426 0.844145535071 0.901205617033 0.644002798307
0.172059686714 0.799426350618 0.820352200863 0.554185265471
0.0754194502502 0.857661072057 0.797551011077 0.319702404562
0.485004630311 0.840403890571 0.96886967674 0.853244132077
0.315140420968 0.40646642132 0.650047252601 0.990233730566
0.59546294508 0.813212130028 0.986263632476 0.944345094533
0.252793032564 0.674058023127 0.793471515141 0.795252519773
0.11312151267 0.477505572504 0.543615378298 0.846515017673
0.409870794655 0.601836818682 0.842735914758 0.956858687312
0.667376827012 0.569996180031 0.942780319284 0.989077125397
0.245242560724 0.439932325113 0.621554519913 0.95579773971
0.614213679995 0.0200223091653 0.57942352732 0.599218346059
0.12466115743 0.963839554339 0.882419165342 0.222856192491
0.377143864015 0.457614653516 0.732918053318 0.992390070415
0.081733261712 0.763809157247 0.740783693981 0.476449705326
0.0858328108296 0.413017522636 0.462881962594 0.876068524574
0.573218421158 0.144735432641 0.646770727329 0.788714597594
0.979314492465 0.0495693751698 0.851321859109 0.0607630480646
0.142764225002 0.488823125099 0.578098077198 0.861379883023
0.288951075736 0.990063527537 0.956275497447 0.447315216062
0.389003690114 0.21573316456 0.555102386018 0.964979129692
0.131774525374 0.131567262213 0.238215809127 0.999999572523
0.974038822806 0.30712100066 0.956457960549 0.500006575823
0.342710739979 0.896677856426 0.943704022346 0.64944637483
0.154119672834 0.051291571671 0.180154493166 0.987536332346
0.336093986392 0.394374926956 0.656837522661 0.996014456537
0.0738135318216 0.912849161341 0.829195759275 0.223302967102
0.393276047076 0.521379404165 0.785670920173 0.980745162443
0.866392153881 0.60837173586 0.995053488999 0.923164124008
0.992506339596 0.341822303563 0.970795519746 0.523310438417
0.353935512576 0.406155468127 0.679231408685 0.996794614906
0.169907410646 0.190983618331 0.333685388113 0.999495279876
0.357675197254 0.510485797879 0.755622591357 0.972658082191
0.952715815141 0.677427673816 0.998322792201 0.912671939972
0.960031539447 0.314938737223 0.954615294069 0.531100586683
0.700001030085 0.29097625943 0.830848042693 0.807495203465
0.627515274885 0.796149891345 0.988650638156 0.966482798184
0.567364772903 0.917278278699 0.996059423307 0.857540956084
0.449013059289 0.714276532418 0.915268355698 0.917851150345
0.90596539716 0.697455449963 0.99952195424 0.949883664367
0.920215298813 0.774491627992 0.99238384135 0.975621892788
0.610528731042 0.630710423269 0.944123748109 0.999490922844
0.11247261195 0.185887386962 0.272900794606 0.993764756145
0.192493782646 0.432685673602 0.572667793525 0.932878089799
0.687390725773 0.788477704558 0.995203928805 0.987839094264
0.836381845479 0.0647522574695 0.776462518313 0.33816854324
0.358976225729 0.539774938462 0.775618407618 0.961761394598
0.394563702501 0.62774871951 0.848503801963 0.9364796563
0.616667504257 0.669041801298 0.95802771009 0.996703178158
0.673595545042 0.190956795303 0.752742792373 0.733194127076
0.749458064929 0.860793427733 0.999270238636 0.985236860316
0.667592155082 0.453286826487 0.896862080258 0.946787522785
0.0170275684727 0.413710116762 0.40035007947 0.818629603952
0.433952349592 0.525254919497 0.812808773321 0.990181968174
0.208499709507 0.369497475083 0.532585430333 0.969783355007
0.697207979884 0.192325898835 0.769180894673 0.708586260842
0.27608032622 0.817246366227 0.884553842671 0.66524558957
0.318141169074 0.570517565587 0.769162263143 0.925760262295
0.272249422878 0.670147238471 0.802959616167 0.817012395699
0.362658359515 0.213851089645 0.531004462113 0.974140844078
0.483021292866 0.240084368994 0.650915954314 0.931401974427
0.685921884904 0.56980099541 0.948812292509 0.984443803087
0.730209772897 0.0603947334936 0.701071146107 0.495015718234
0.482673693364 0.379781258654 0.751623395292 0.987697364873
0.388718498666 0.638864848349 0.851331602285 0.926968141618
0.26296699261 0.840610606332 0.889374239124 0.619925888559
0.490478486077 0.878943764729 0.97895363396 0.825046653975
0.52042934139 0.748783746912 0.95316067353 0.938921520187
0.0732140231099 0.815279132258 0.769409903268 0.384685447099
0.353677160815 0.978675317498 0.970661567163 0.556880874452
0.898890380423 0.480278266847 0.980743564105 0.798900722932
0.512363993758 0.896996077662 0.986409138239 0.828393389805
0.531728362188 0.00226032062844 0.493457212669 0.679705673565
0.686522749823 0.921859741363 0.999335679669 0.934951210787
0.155796306602 0.761416772064 0.787608400429 0.583685850892
0.826049876164 0.959298094992 0.976832790152 0.978869710014
0.0427228159129 0.616465456865 0.600982571711 0.625527328555
0.960754054488 0.989280824836 0.927737715016 0.998947543596
0.759247896227 0.149909222339 0.781684119248 0.579576513517
0.177537262185 0.625066835764 0.710604962053 0.769527142608
0.228355690797 0.979328085995 0.932666619227 0.369963586301
0.316381121399 0.230171073654 0.50497954169 0.991298620736
0.884786527859 0.724403890037 0.999322108852 0.970401513018
0.151240214043 0.681173314363 0.731643622056 0.679007431283
0.382713255026 0.775596725489 0.913281551992 0.821316097208
0.12797128532 0.0585940715167 0.161179638145 0.994295279757
0.62293358229 0.994275958384 0.998962715283 0.839689391682
0.128958596268 0.547829856977 0.615052557863 0.797802937876
0.555157380949 0.607109183862 0.914752330381 0.996772377668
0.381965113458 0.374887134719 0.676762681697 0.999943823709
0.313832725542 0.695455607327 0.841528207216 0.831419559603
0.240254321879 0.529178685798 0.686363244458 0.902978610785
0.651001894489 0.543455166084 0.927381825883 0.986650037309
0.369329907861 0.429633365658 0.707687229451 0.995722872586
0.26073757889 0.501478555187 0.680971565242 0.932486914597
0.291933074276 0.699423079409 0.83157662634 0.808164174496
0.0553369172177 0.66908057119 0.652665402481 0.573093197695
0.624757228354 0.828816190175 0.992754062727 0.951049653395
0.536096298961 0.79020520256 0.969065037717 0.92445604389
0.710514045378 0.0512842509362 0.679911349412 0.51023273263
0.248994886397 0.486760465044 0.661032537257 0.934152900192
0.803804378711 0.92573906682 0.987369627442 0.982287562534
0.942632480366 0.560788496749 0.997508477426 0.832451871898
0.660527752302 0.00114979974789 0.601885265407 0.509860195309
0.531368724888 0.903709385716 0.990354044234 0.839012482262
0.328747514733 0.105792549614 0.403253869554 0.942015577777
0.656580622789 0.586580858538 0.944730749878 0.994386074162
0.698645195333 0.228250293196 0.792882896133 0.746393984234
0.62888618639 0.432055457574 0.868343065186 0.955074990588
0.347183588198 0.950442057491 0.961591914229 0.586261943756
0.041794631776 0.878929195166 0.789960360169 0.22673789359
0.941732151437 0.648729023205 0.999843476099 0.901074778798
0.212454064166 0.972234373325 0.924007308729 0.355871901639
0.249659414558 0.624325129375 0.75964627714 0.837561658405
0.590226237258 0.553100231429 0.906782199379 0.998438535845
0.119086936335 0.568639342806 0.623811102566 0.767605569021
0.834204105735 0.78177261217 0.999039964432 0.996920962938
0.962971581675 0.819752492046 0.977464598087 0.976490620591
0.802062221126 0.197721798534 0.835666044728 0.586374022579
0.216443654975 0.456187420788 0.611552542585 0.933097670097
0.599394640981 0.687646488987 0.958425445188 0.990748138107
0.834548492719 0.6005306896 0.990258794043 0.936756711139
0.218571063692 0.659908396478 0.762655374635 0.775670532343
0.808346301805 0.753349588919 0.999937482996 0.996597927131
0.25526447901 0.668868912506 0.791784305716 0.802523145989
0.294980539357 0.745850492307 0.85842209121 0.765862299488
0.908184049674 0.909591705887 0.969309736517 0.999991244455
0.726928434081 0.84539461588 1.0 0.983318974977
0.875209765423 0.418418595601 0.960136871257 0.761031530921
0.674114583884 0.527602163163 0.930094102302 0.975168631556
0.0114154701669 0.592285984388 0.554939475531 0.616508910281
0.0210923049283 0.0929727921682 0.0876271830922 0.994058190812
0.603627318898 0.767049880026 0.979160665418 0.968530187868
0.521853245103 0.447454719014 0.818629301237 0.993598411746
0.818990640229 0.652473019125 0.994726334221 0.968023567441
0.844154985687 0.406105302773 0.94693158895 0.779914339527
0.0391509367648 0.267227674201 0.280943269255 0.939638264699
0.0374235733456 0.311851660811 0.322757248652 0.912703050807
0.000341398209043 0.206843530077 0.182288146371 0.950548649844
0.978426552148 0.697344287175 0.994580750021 0.908999081269
0.312552765175 0.0 0.286399952277 0.886466119912
0.753184528093 0.155538379456 0.781417412132 0.595087313859
0.669132205239 0.737483334421 0.98588841032 0.994400385074
0.112656153527 0.396491535229 0.472111672253 0.906532246386
0.653464146977 0.745232243428 0.984517824706 0.989976111056
0.717332426387 0.583648640393 0.962293113769 0.979372457905
0.960574743727 0.363107108818 0.968165274493 0.59593179838
0.0750980176632 0.39647322391 0.438060651383 0.880417456968
0.364958486985 0.721623547661 0.881243531389 0.852428619566
0.210411303464 0.511851659996 0.650735197201 0.894497103171
0.585255180153 0.3838544684 0.818430931582 0.952918562919
0.443111227422 0.658793174923 0.888408857796 0.945560685523
0.831631059162 0.232022403791 0.86947857503 0.592730651386
0.496488624918 0.314819147177 0.716299493517 0.961609241383
0.305218459298 0.233431929707 0.498032516609 0.993961505448
0.293962839043 0.702299725965 0.834331921529 0.807372759226
0.057955694999 0.420721285779 0.444601093656 0.847964501992
0.700263602463 0.768856890939 0.994507900616 0.994349810397
0.336847422522 0.497483243233 0.732684298857 0.969811610187
0.68171380598 0.91536838807 0.999687528671 0.935876305798
0.803084666847 0.824693163409 0.998439985287 0.999396192399
0.196566070242 0.983119100904 0.922067422234 0.312119694679
0.570968730748 0.211672184581 0.695532167824 0.850835378554
0.729212561349 0.751595872032 0.995672871181 0.999363316247
0.809008893411 0.439975056589 0.946540133996 0.843168749048
0.568193846305 0.400658028056 0.818302671119 0.967411806282
0.464973930054 0.111385993628 0.530678021372 0.855304366689
0.70541903217 0.211419536827 0.78660432742 0.720801684327
0.723319109795 0.209470265897 0.79648444451 0.6984224134
0.492210909874 0.814861467471 0.964091649694 0.878781174319
0.777761500845 0.132705713012 0.782487644234 0.53058008848
0.904658946715 0.448916720666 0.975339248389 0.762179473257
0.939818656488 0.131364550295 0.873110603803 0.277324283248
0.882864808178 0.84566226655 0.987560651026 0.998487491996
0.135886720745 0.136017003484 0.246708815072 0.999999929748
0.379110640487 0.812657366819 0.926589178628 0.783048167817
0.835340693676 0.573995393481 0.986284633217 0.921130981058
0.0858279577912 0.910450073201 0.834600740368 0.248214392495
0.447527600804 0.2611099743 0.639730162125 0.959530071646
0.698420533619 0.61305609445 0.96514669437 0.991637974836
0.315854455523 0.366754419501 0.619380156771 0.996964456425
0.243779866738 0.026588550967 0.24494663625 0.944867745168
0.864489460491 0.891473045497 0.982794249408 0.99906738848
0.733072088184 0.437922198043 0.918136041569 0.899306966805
0.919448878236 0.741133651642 0.996052733432 0.963403883947
0.925249652132 0.790595648342 0.989515782569 0.979215197714
0.328951334449 0.324060285728 0.595421293919 0.999972378135
0.844771336512 0.193671684922 0.856532722637 0.52225372233
0.0358759933533 0.477273614251 0.47585918738 0.776018268226
0.98536422607 0.647249420771 0.998179047595 0.868485652252
0.961702771133 0.748049031422 0.990401123565 0.947435220222
0.129251319863 0.212706294002 0.315469869802 0.99192450984
0.0555097656713 0.404811164409 0.427752903279 0.858949720413
0.0546927665357 0.961492469352 0.845605803088 0.101768109314
0.944463418456 0.506289093066 0.992316760675 0.78001283315
0.689125074025 0.299895289224 0.829753892088 0.825463579879
0.383001452836 0.00355204725883 0.357830993908 0.833446729102
0.711215826758 0.0512067890408 0.680375775565 0.509117124392
0.0776570218417 0.832995100479 0.783592699531 0.363507580118
0.765578571325 0.75342835547 0.998521078055 0.999854592156
0.10904971484 0.0702579537673 0.153873924524 0.998195366903
0.0757570702978 0.710207190089 0.698761923053 0.544695781153
0.0 0.839420934868 0.736714111539 0.222918656396
0.90640801841 0.474983139183 0.981178172704 0.786572136503
0.0257042769896 0.590120071551 0.565143335069 0.637341887331
0.834473224901 0.542667714134 0.980368483347 0.901719216665
0.88704348575 0.0580279009233 0.803747362378 0.2419751322
0.99817498288 0.357592425906 0.97578133184 0.537543855065
0.517833344041 0.412919338536 0.795513953466 0.987227004718
0.848733037466 0.62104440436 0.994542398481 0.940150169382
0.099567481253 0.427953395887 0.488569691536 0.87514048349
0.389638288796 0.893542706675 0.957437661302 0.708530522996
0.268808264844 0.130136884553 0.369863102763 0.97747272369
0.108488663367 0.156752546648 0.240155347572 0.997322748747
0.302809182934 0.107143623649 0.380212176463 0.955274346431
0.67339554356 0.822223498406 0.996966526499 0.973815516917
0.0292191521503 0.383594899454 0.383489086366 0.85490578804
0.935135293628 0.175114604696 0.891762419531 0.357359412965
0.480593358653 0.952282696883 0.99005821075 0.743707106338
0.601242238781 0.25043972874 0.744174867978 0.857798701114
0.608794762377 0.0934049028869 0.63439707773 0.696352797555
0.703378408217 0.270616929955 0.821119998263 0.784819697394
0.83807357076 0.222747752532 0.868047044245 0.571760906138
0.836812784925 0.11495737672 0.807845486353 0.4172987811
0.70918889749 0.608780557276 0.966843735106 0.988403945944
0.384026870491 0.375552710457 0.678799294005 0.999918972741
0.333875984657 0.458771662202 0.703191727229 0.981733574355
0.332716195328 0.08832214482 0.390594026227 0.930389267058
0.72210876567 0.234410966592 0.810832655393 0.727792325794
0.216587822927 0.0830816233459 0.273960513668 0.979079622892
0.840412689614 0.74394189231 0.999931235115 0.989368107738
0.918496744937 0.842038657894 0.981949875521 0.993393615195
0.660279223718 0.460322143815 0.896744715667 0.953668604322
0.0793137045948 0.916579339391 0.834393397246 0.22636405771
0.587695190299 0.371464513068 0.812577369596 0.945737831689
0.0727776153974 0.983923080984 0.866828491745 0.093661811789
0.917689568092 0.460153592221 0.980471655711 0.760360995363
0.151106563393 0.223152451876 0.346570782513 0.99398194695
0.158560585563 0.563732072066 0.650847597992 0.810586378182
0.887043081777 0.84066833091 0.987691912405 0.997617854798
0.937512908179 0.801525819023 0.985848397634 0.978806600123
0.34216600504 0.0665672676698 0.378976999835 0.911607875032
0.686024734619 0.963068485745 0.996978715339 0.910109239206
0.561211734784 0.48821674056 0.862562692996 0.993853967917
0.296377131097 0.994772946599 0.959799833294 0.451390332488
0.620926360014 0.736854396017 0.976411064948 0.984084498036
0.195321994518 0.726460197472 0.790405999575 0.677462522614
0.264006763574 0.23960164666 0.466819336743 0.999295854828
0.952093339372 0.676485025966 0.998413375234 0.912468027015
0.51920484689 0.0325327556994 0.509137449267 0.728419720874
0.808611742475 0.87041508978 0.99419056961 0.995364595591
0.390461805494 0.560700010105 0.808077992496 0.966057222581
0.203288290132 0.143694432235 0.320179910627 0.995805713497
0.476112594758 0.000207759647233 0.441591700873 0.739986945207
0.944453349699 0.55908639155 0.997516679364 0.829376323655
0.136871812137 0.528835299501 0.606103904385 0.822632180171
0.403267082439 0.130048658043 0.493114808893 0.91320527562
0.657573088507 0.531998830001 0.925509724458 0.981773064798
0.985083621186 0.053911955884 0.856658093123 0.0581090211074
0.718611541628 0.25734424013 0.822235447129 0.756031667377
0.694962566117 0.969991015355 0.995601817954 0.911387404546
0.333118823922 0.68953276864 0.848759748941 0.852692224453
0.49256384746 0.694920027019 0.924847279641 0.951997044019
0.602016856397 0.711978746114 0.965869085493 0.985680661626
0.67731499782 0.957175550061 0.99801872101 0.908302222463
0.125532864683 0.964578659174 0.883186545416 0.223083951479
0.767271582171 0.975638009747 0.985116217099 0.94882111153
0.518966405352 0.101689981889 0.568274171364 0.799363317972
0.155694465664 0.430677694567 0.539889943131 0.912183174123
0.916577978177 0.151346367436 0.871518318359 0.348867736729
0.213557774428 0.654274522538 0.755618008511 0.776302238545
0.52463815064 0.719290738558 0.945083566229 0.955531560037
0.778884097095 0.332426200245 0.892408985257 0.771355369761
0.124630929488 0.088491711005 0.187987947307 0.998434008713
0.288999597917 0.40803835297 0.630891283422 0.983431913258
0.852897046888 0.681700906952 0.999248384845 0.966223320237
0.436919836492 0.623928233753 0.868511783943 0.959023015944
0.747613274074 0.503819953736 0.947383598361 0.931252423871
0.781511322365 0.102580675788 0.765511400382 0.481860295636
0.70943611642 0.00842855189506 0.646465365378 0.448726756562
0.970557333068 0.469478115219 0.990904986088 0.71356115664
0.834650970152 0.0376204776188 0.757646669409 0.296162175319
0.628884993387 0.927826128006 0.999874663482 0.895582234872
0.594906102393 0.0634739505189 0.599320098421 0.677546293488
0.883900719086 0.862316344964 0.984580127581 0.999516688527
0.714176323266 0.882782902852 0.999692465641 0.96641741574
0.571073106526 0.541895488974 0.893379223004 0.999041533527
0.851731530104 0.164364570806 0.844590958486 0.469628790192
0.938473734288 0.652496386893 0.99983407305 0.905747759908
0.781533008855 0.449529511046 0.940537788169 0.872828175399
0.473899214473 0.855102572843 0.969772027982 0.831473748037
0.799888831074 0.93186991573 0.98700962455 0.97928387065
0.208645555102 0.322061277956 0.491185049763 0.985006773723
0.10256341844 0.0970941409232 0.174467197563 0.999958668373
0.311711013456 0.720386685764 0.853818981228 0.807020508453
0.914702143817 0.74952032793 0.99571717555 0.968618603088
0.042887038979 0.451450901185 0.458884215365 0.807683109789
0.461989300913 0.199275557778 0.601910182121 0.919797940389
0.513043593271 0.00674828862515 0.480853126263 0.706517927249
0.527187890226 0.188327109326 0.644955728396 0.867112896521
0.28440926904 0.579135396033 0.752650018169 0.899002130063
0.518151396249 0.0453386222705 0.519412602122 0.743394510929
0.270169597081 0.258657047824 0.489392201653 0.999842102023
0.966506398777 0.914925274829 0.951459746339 0.99705702359
0.863944034105 0.521156645038 0.981916217077 0.864632140171
0.90989348427 0.366454861215 0.955064561708 0.664008122644
0.468088539163 0.614063655671 0.87899706877 0.974959556625
0.390079738447 0.209539736426 0.550756413568 0.961985081885
0.331378769043 0.415915648208 0.669657391163 0.991623735511
0.298653522527 0.803984258252 0.88890051922 0.70714451191
0.761830270655 0.747794555407 0.997958952874 0.999800948671
0.0763922719805 0.789590011475 0.754589194499 0.42964314308
0.848786435955 0.10960934494 0.8117789749 0.390288958191
0.488243826808 0.250791874905 0.663126568012 0.934461367653
0.935429620579 0.337946858617 0.954149009557 0.595838025332
0.0784226314242 0.806823801977 0.767290233983 0.406134396677
0.544235909638 0.831716112903 0.980260144326 0.903488693779
0.312747476956 0.745897675303 0.867540840691 0.783584276538
0.519861191863 0.360323908637 0.763334011533 0.970412825897
0.630339768106 0.472465084691 0.88863357942 0.971117346337
0.488664676861 0.458323342982 0.805440547122 0.998949086007
0.318500255137 0.772050625325 0.883190573789 0.763063903436
0.414359478111 0.99566629865 0.986556194552 0.614790702973
0.375594430767 0.834877348642 0.933564129833 0.757010489435
0.549685922762 0.453132205827 0.837667624358 0.989204242947
0.153756513965 0.166748204208 0.294528520852 0.999812965071
0.906780418111 0.420508778589 0.969105082385 0.729804309191
0.524577633667 0.84160971871 0.978262509999 0.882872992559
0.980574588656 0.840954250402 0.968407405735 0.977679839084
0.291324609866 0.90017475825 0.926561458222 0.578963712867
0.792055663286 0.10078721147 0.771188740422 0.463623056748
0.30229597796 0.075788656052 0.349911345432 0.94012970393
0.803826356737 0.0772244250205 0.763486057827 0.409823630513
0.685803347995 0.701230085502 0.982361116485 0.99969031495
0.743132367043 0.0309291402074 0.68895224342 0.431824215807
0.708145938392 0.0975010033001 0.711933154907 0.577672187898
0.762731683487 0.965917557278 0.987498290868 0.951318487238
0.523364562386 0.608290363404 0.901788646197 0.991461099879
0.282557857366 0.241827966356 0.485413918511 0.998049968157
0.636696763647 0.937355561565 0.999998510573 0.894378645101
0.728275509964 0.841864942246 0.999997056694 0.984651634652
0.792862218281 0.913289741247 0.990847766195 0.98272528465
0.674281082507 0.81261038523 0.996238168767 0.977354638564
0.0656821799348 0.92990839293 0.834241060051 0.178937967121
0.380326969624 0.304830453397 0.621300020927 0.993351317657
0.692763259357 0.909541501338 0.999541817109 0.94472707219
0.6687238018 0.729020064419 0.984341876528 0.995628767486
0.234159029022 0.421309795734 0.597602406981 0.959158335597
0.504799261524 0.933424569224 0.990799349019 0.787595351041
0.398417840993 0.996048391985 0.983860034016 0.593563911993
0.580406714074 0.614921823059 0.927772109523 0.998555730089
0.480122544054 0.818554262577 0.961801729697 0.866785785099
0.668287629907 0.11184063358 0.693534378821 0.647443455316
0.00885605131416 0.719441816463 0.655731698479 0.433870028776
0.0620094412516 0.0519469845056 0.0874225376435 0.999867767902
0.863304406296 0.933698095654 0.974252965844 0.993992324016
0.742274666911 0.332695866794 0.875195874407 0.807067443555
0.474276426311 0.683010437067 0.912773248183 0.948960651343
0.144922808703 0.97865928625 0.898593119493 0.232241346126
0.304899237977 0.722675113274 0.851426526353 0.798471383172
0.192900422411 0.796409246082 0.830545329847 0.586387141782
0.175261050769 0.370085777689 0.504196044502 0.955807391205
0.936394253622 0.0428436786835 0.823848684165 0.127568931266
0.0887719666495 0.24904668575 0.311539810938 0.970153725172
0.856595660068 0.36232914137 0.936222165123 0.720879950112
0.66757380029 0.651170868768 0.967068315594 0.999714432174
0.230019040913 0.980629116888 0.933746423232 0.37053683763
0.0476567147924 0.0285874359092 0.0487998245571 0.99954702473
0.585031456033 0.963667551357 0.999715318502 0.833491597071
0.617304010702 0.551794134827 0.917476042761 0.995077053886
0.174106098437 0.214371075893 0.36010980164 0.99812991646
0.697149929089 0.422748513179 0.896391610218 0.912872126866
0.611458851743 0.931552049354 0.999559216829 0.880479757107
0.673504008225 0.238645820832 0.78369823994 0.782692533019
0.95701722732 0.695591208032 0.996745056837 0.921246074636
0.593943532978 0.949923333123 0.999585762529 0.852570944941
0.346880871447 0.190411168513 0.496748882828 0.971399819825
0.510860927686 0.0516793640158 0.518599406355 0.757717450048
0.0203019337622 0.586617857637 0.557647132564 0.634973881168
0.449854089525 0.282560407018 0.65813441757 0.967403191926
0.515413130094 0.596582212709 0.892991614118 0.992198855917
0.833064807406 0.712478848291 0.999618458042 0.983308834027
0.321817691963 0.169921648132 0.455962184526 0.973025141091
0.361524319124 0.792159910226 0.911378533779 0.78594439363
0.324307593482 0.772660712408 0.886221822874 0.768358956622
0.0334318376006 0.168503748928 0.176921428864 0.978852823803
0.250931658852 0.880863548711 0.902116850684 0.550408497179
0.771662683012 0.980183839042 0.983518996007 0.948740939841
0.864674075727 0.360896400396 0.938564759665 0.710257216332
0.704932673842 0.23433843723 0.800474605727 0.746197471148
0.459196134723 0.456634035265 0.786316488418 0.999994151025
0.925081287183 0.102545683073 0.850716075281 0.253271393799
0.998829518971 0.614689450672 0.999161425174 0.830557938897
0.594983305954 0.976600884389 0.999999799814 0.830875840124
0.821614686136 0.459954346043 0.956679696145 0.849347538731
0.735851334323 0.0160268666134 0.672433719979 0.420088217266
0.693043741802 0.604763268708 0.961427145556 0.991048832001
0.34683306426 0.869177059608 0.935587080215 0.687422910148
0.0160059507659 0.0177372177955 0.00517641626504 0.999998678912
0.295946541753 0.433104105104 0.655817511253 0.978005286597
0.809468861287 0.497808889584 0.963955957643 0.887904532593
0.135809441191 0.439087097024 0.530048780332 0.893332451515
0.275912195218 0.106230927561 0.353848743267 0.966313038129
0.728234360348 0.971527441078 0.991683197584 0.930464017372
0.860047758813 0.485083192452 0.973435477325 0.838228916511
0.0331394856669 0.205299273241 0.213597588461 0.965609211409
0.920542349979 0.301190047557 0.937169165712 0.566557663004
0.100410458643 0.0274332558356 0.101530349905 0.993681268446
0.192335377891 0.525525775691 0.647358716204 0.871330231842
0.647583967121 0.283434708209 0.795499335004 0.846959671798
0.640653086789 0.751932892222 0.98341750858 0.985315155797
0.29074558662 0.604124022974 0.773220465307 0.885908585517
0.304362727038 0.733055051559 0.856627837889 0.787966202434
0.31246030069 0.820084834984 0.902385002761 0.70450190142
0.372896520392 0.594665911746 0.817804049546 0.942542215467
0.986379147821 0.427925561895 0.987049286876 0.645839307963
0.515758865439 0.41735444662 0.796967998026 0.988767081857
0.0302071082749 0.0943749485061 0.0983586493351 0.995271868744
0.551073186065 0.647353633845 0.9289655991 0.989027218695
0.231320336404 0.222948187146 0.421798716876 0.999914248371
0.258798099269 0.626376883182 0.766981025031 0.84356521926
0.675508495475 0.960752793981 0.997903822763 0.904777552591
0.105053109693 0.903878027918 0.841588018379 0.291982949221
0.239804854992 0.953233421298 0.927191619649 0.428729940268
0.340750345707 0.715404043445 0.866248295421 0.837397541739
0.220082067916 0.929027403735 0.909590621616 0.435654075304
0.135224109233 0.0986486415995 0.208798472399 0.99839846823
0.563073563286 0.24093992249 0.710997313005 0.8798748387
0.580512333008 0.691740340868 0.954048327412 0.985363858922
0.974803878758 0.365663648481 0.972280427748 0.580486539839
0.668861030776 0.782923527907 0.99252216225 0.984560354882
0.0792560631567 0.643681231141 0.651482220371 0.637180376999
0.111995146925 0.658619021341 0.687448170269 0.659073939294
0.891462488203 0.279679843687 0.91805330326 0.576694152275
0.5596645443 0.280500099579 0.736366113904 0.909633521397
0.688764636011 0.299315451995 0.829220858274 0.825268106013
0.497406749548 0.530039883651 0.851129370754 0.998720784393
0.0238094191686 0.773483764879 0.707041288096 0.372766641926
0.532728349958 0.330755610752 0.752238097451 0.952595843851
0.452533901503 0.662914461973 0.894627705648 0.948180426357
0.778051874241 0.726166687178 0.997591163828 0.996971302786
0.0634339813804 0.891990481262 0.811055921758 0.241520623989
0.491000254896 0.740287922677 0.940838877023 0.927333556048
0.157352953913 0.812030618943 0.819147995351 0.515973423078
0.944631226361 0.499871457347 0.991512298835 0.773439031785
0.504292436852 0.00380910350255 0.470384042903 0.7130610152
0.957218547658 0.982498872255 0.931592426347 0.999163674698
0.863407487127 0.231364525136 0.884617209477 0.548995771088
0.180549184486 0.809005596429 0.830699579963 0.552659513222
0.749348998216 0.566716386024 0.966325128672 0.961440718817
0.483633293636 0.529384800224 0.843361842915 0.997507002886
0.633352341199 0.0862325993511 0.647931726497 0.658792053063
0.953335886219 0.729573102901 0.993795468112 0.942319236339
0.105170719529 0.908478174436 0.844166437645 0.284441778235
0.377988136269 0.740049246468 0.89587419777 0.847956070235
0.118621235675 0.918842114839 0.856868953549 0.289587190746
0.95809521589 0.68079495387 0.9977706116 0.911399819814
0.587981107448 0.257409849645 0.739907575632 0.873588583664
0.584662035058 0.846671721779 0.989803355721 0.9196561957
0.440105459567 0.823069267719 0.951345438887 0.830000304297
0.743683586854 0.258641152405 0.837153184664 0.730748500048
0.959447413756 0.586333590426 0.999617199828 0.83999761622
0.32055769063 0.151907621993 0.438377933023 0.966759296496
0.0680225221899 0.128075724222 0.170951655136 0.995852508262
0.0859109727687 0.0827202541442 0.143098877302 0.999983982236
0.443589600336 0.458231630588 0.77746336039 0.99973875644
0.386518780028 0.704393853279 0.883290498231 0.882481486669
0.412912552381 0.312019330822 0.652446359014 0.988135473518
0.963991710361 0.0342159650138 0.834583224335 0.0606413709297
0.130167661471 0.77398365962 0.779396397879 0.531441459962
0.193821343711 0.592857106468 0.699089666984 0.816137314027
0.587260150279 0.751201034786 0.972009089291 0.968345518229
0.405679698085 0.712604682836 0.895957707752 0.890341681477
0.214480268376 0.121653207663 0.309629449986 0.989863019465
0.931172348399 0.60729053274 0.999386498395 0.879187879108
0.894964009169 0.941244962374 0.964534247628 0.997348078015
0.589666525973 0.0829763463179 0.61089052164 0.706263770639
0.0953980563397 0.607823184287 0.636101225507 0.69956630724
0.0653037822039 0.799754498558 0.753989032974 0.396716038461
0.119608762835 0.701441154115 0.723767848408 0.614961396175
0.710340420712 0.317462603958 0.851065868078 0.822254103187
0.823113392599 0.222502125031 0.860294399229 0.591380815001
0.757984921911 0.923180671521 0.993942090151 0.967714380704
0.0696050175323 0.0442783475746 0.0873304417694 0.999215829611
0.976226296066 0.34565143082 0.967696481839 0.551370453084
0.999423628708 0.996279662446 0.909481593718 0.99999696721
0.233470724309 0.106014935278 0.312844989401 0.980938658217
0.463624052893 0.343158462286 0.713133042869 0.983111538915
0.832450982283 0.505002805794 0.971637206648 0.876359410638
0.0897549015009 0.2412061785 0.304868100671 0.973352360948
0.381403702452 0.299040662615 0.617531567074 0.992085461984
0.82524899296 0.499053415855 0.96839921631 0.877286501075
0.316954785782 0.247061337197 0.520261815883 0.994279870455
0.590600861718 0.632822353132 0.938025890418 0.997849979098
0.64047175101 0.648277175405 0.958892100537 0.99991464956
0.353813845702 0.760598158006 0.894257264109 0.808690828224
0.620443884327 0.56182847393 0.922710688935 0.996069112666
0.925865038529 0.761099618521 0.993322254717 0.968787060015
0.829484848093 0.289767620342 0.895967504806 0.668278004867
0.794381584351 0.856144219117 0.996884167431 0.995375268503
0.760721363581 0.230870019329 0.831118448525 0.679857084682
0.593045992927 0.705064724198 0.961574102613 0.985148987057
0.962607134719 0.854095551736 0.969607019395 0.986582753203
0.807849749417 0.263913143625 0.873543128504 0.663129963028
0.155742579683 0.943879713096 0.887643037604 0.30964147943
0.688122450079 0.725168642427 0.986992651936 0.998318740328
0.545991377028 0.477655871233 0.849039071964 0.99461348516
0.282021216486 0.553296790988 0.733451764214 0.914346906867
0.896919421213 0.071342925235 0.81752902096 0.247939273145
0.0352680217503 0.885348259152 0.789902425997 0.204109609839
0.834983100111 0.824075302539 0.996172080929 0.99988878478
0.14453694878 0.134767483607 0.254022385096 0.999879382934
0.500645405424 0.289567206052 0.701158698904 0.948195514893
0.844183875828 0.991000946974 0.964777775711 0.974381683694
0.30939804353 0.528054056917 0.734882810922 0.944208930778
0.198172763608 0.107362613277 0.279766710517 0.99028965673
0.0349672629815 0.277513076827 0.286936326591 0.931758624752
0.365543912917 0.187027919364 0.510169986092 0.962808436368
0.634750798383 0.494291338152 0.900529325305 0.97715690595
0.540804971421 0.265095128796 0.712380671653 0.911819706997
0.569819468658 0.648818234374 0.936348104134 0.992585386198
0.52450292638 0.469689475061 0.832881523648 0.996540816895
0.563301240343 0.270555121836 0.732005811448 0.900678240608
0.0559704850861 0.583638793465 0.584904980646 0.681934239449
0.761669926449 0.749170278226 0.998036952659 0.99984509174
0.911658146451 0.0139488984256 0.791789222148 0.119867718993
0.398140787368 0.696882770167 0.885227475384 0.896075836835
0.851418702529 0.166404039803 0.845529025941 0.473115536404
0.431410373063 0.80546185906 0.942789164236 0.837740251204
0.53055903521 0.483982189069 0.844135091493 0.997511251425
0.267564674327 0.48771440096 0.675775143739 0.943494918344
0.806844010903 0.2634115647 0.872798189581 0.663737311608
0.498728170688 0.907813372359 0.985940421746 0.806249490357
0.658408380623 0.802120494867 0.993568628184 0.975583614938
0.539010640607 0.31787777658 0.747793902098 0.943196798064
0.0039276044534 0.640194204438 0.58872174588 0.54239436562
0.971368270655 0.663031943452 0.998066111367 0.890528347855
0.134352493344 1.0 0.903347433927 0.176130387239
0.314741088265 0.940687897384 0.948983621213 0.555698443082
0.817205084909 0.901731988739 0.989021757563 0.991409606844
0.0055559085838 0.121052598125 0.100485071774 0.984572967338
0.568478773591 0.106813676262 0.613061938734 0.75526790516
0.692829964459 0.346468890408 0.857158510293 0.86150982506
0.606982968863 0.693322161792 0.962174463204 0.991138302744
0.615361967066 0.000350478608167 0.563942197255 0.571513747795
0.770286241249 0.687762145188 0.993251176179 0.992220989919
0.359618690959 0.209158221306 0.52431660339 0.973561355314
0.393966240063 0.00511305390514 0.369725190269 0.825212793023
0.735276180249 0.640072458882 0.980052996695 0.98959703784
0.817269589696 0.472196199106 0.958984793264 0.862749654341
0.283830272284 0.601390004396 0.766974109713 0.882880267302
0.832616307833 0.541783756511 0.979817213453 0.902368759539
0.165987058346 0.40931679774 0.530342489378 0.9311529572
0.571121066379 0.618195446056 0.925485751164 0.99734023903
0.679765969555 0.476180557345 0.912025689641 0.951991646035
0.237104386543 0.460199017004 0.631192380996 0.942013925666
0.0818893917935 0.461398390998 0.502566039771 0.833708957269
0.491368309186 0.096992698135 0.540952396913 0.820471163231
1.0 0.122703935971 0.897347730768 0.157284771631
0.51774283277 0.0188301981775 0.495774796933 0.714857031343
0.406707005104 0.400244213666 0.713343891523 0.999954176705
0.0604331618003 0.26563589424 0.300164405988 0.951105084358
0.525899783303 0.152545001463 0.615670409109 0.838967016823
0.0671778075116 0.547894222973 0.564433089273 0.735002875098
0.161711660215 0.752933368692 0.78598935331 0.602667954712
0.78499873311 0.25694464919 0.858431538876 0.682042786374
0.742643806265 0.137395222236 0.7629112691 0.584989132431
0.380184652177 0.568159951599 0.806402287568 0.958655607076
0.0836930846725 0.120891917922 0.179480078352 0.998423302709
0.169344561342 0.915443462381 0.880591316446 0.377944835457
0.360274609564 0.928845061055 0.959178541959 0.631179509163
0.691482707524 0.856968796007 0.999703452646 0.967659373716
0.43024719607 0.525822830092 0.810952771818 0.989246870013
0.902879267258 0.506686360442 0.986297813249 0.819662135015
0.23204533619 0.994433950468 0.939375257732 0.351585932864
0.388859064734 0.696286548338 0.880527510184 0.890012046359
0.483253324181 0.168275053651 0.593924972748 0.88498837146
0.972566739552 0.800966125114 0.979395072031 0.966168887166
0.368578488674 0.267803402884 0.581657819889 0.988139980148
0.545980248575 0.891200444608 0.9906428386 0.861330902694
0.608211052604 0.571429012165 0.921688142428 0.998471218129
0.782042996818 0.166935209341 0.806243780461 0.571886379396
0.00710322898456 0.968050123883 0.822689869385 0.0
0.802546425254 0.885582406509 0.993152702187 0.991712338879
0.945613349429 0.354782692165 0.961990334747 0.604576817055
0.247306310216 0.124057527736 0.343588394344 0.98218187042
0.410725307776 0.764759498996 0.920219000995 0.854491209118
0.607972200633 0.695764653727 0.963116719773 0.990839493962
0.83311911148 0.246185734296 0.877217695492 0.609313674331
0.145716712394 0.16089173496 0.280935292535 0.999743360379
0.013460019374 0.0404697879664 0.0259493420432 0.999187169307
0.223862430416 0.554101939166 0.692675430051 0.873527017762
0.818121675174 0.129739594825 0.805523383695 0.468008973462
0.667291750905 0.511375979737 0.921252732471 0.971861287426
0.656180766251 0.554046069302 0.933246736556 0.987970459095
0.0443493357556 0.150882380072 0.170129838809 0.986864229787
0.251093819731 0.365953961114 0.565748344734 0.984596651467
0.14848091026 0.556978778984 0.637764554367 0.807525212328
0.506987178985 0.0495198200941 0.513339426197 0.759484297122
0.233047868866 0.677605746844 0.783374510994 0.772404652541
0.284895019294 0.460983594933 0.668665433786 0.963789559424
0.749935373336 0.111506396516 0.750542850129 0.539776873671
0.290190918008 0.61985249258 0.782908244549 0.873853241967
0.855001554354 0.97912472777 0.965066206484 0.981619165749
0.224179982797 0.24204526863 0.432844498561 0.999634363003
0.916806819449 0.550818271492 0.994295774997 0.845926664588
0.56181216018 0.432191915153 0.832728775435 0.98050935708
0.516188383042 0.14551670566 0.602169686332 0.841231356571
0.0784769243471 0.874136968899 0.80936213551 0.29738655648
0.497882921378 0.829363935066 0.969322622278 0.872115647346
0.241317937057 0.931253165189 0.919208619786 0.464258132805
0.711064362263 0.970064877771 0.993934458967 0.921306721529
0.603593020166 0.894684535387 0.99718468143 0.900981058547
0.702047724806 0.189517863845 0.770491870445 0.699883010155
0.23308598012 0.478377361454 0.642311494145 0.929957323856
0.40132916684 0.800392722862 0.930322940674 0.815690138948
0.61536999411 0.140457120003 0.675603688974 0.741383065919
0.750777611494 0.874201791809 0.998588186736 0.981891087099
0.605379743483 0.331439143469 0.799114468348 0.913034047336
0.583731547221 0.222740685828 0.712720507337 0.849461833861
0.248972666951 0.806524120401 0.86601853661 0.645273733014
0.399744336604 0.0275856053508 0.396358859768 0.839746686688
0.195062259381 0.808171308665 0.838336807528 0.573528158656
0.887944540334 0.565734942223 0.992695229435 0.880355416176
0.474784758891 0.569453067788 0.859983663203 0.989427261869
0.698194815075 0.363033426433 0.868409454652 0.870269381797
0.813443837652 0.183993718522 0.834340313134 0.552419656034
0.0324253699619 0.0344739229389 0.0392366460803 0.999997647128
0.99941874825 0.122086006689 0.896810342936 0.157216411187
0.529057721539 0.342682893622 0.7577472119 0.959627517659
0.745405012789 0.188307103154 0.797020780795 0.646851445396
0.70617567612 0.65261008606 0.97658920248 0.996748080579
0.0588543240965 0.42783918923 0.451909660803 0.842756362099
0.21376948323 0.00945004603193 0.197938177659 0.951150581467
0.687609457562 0.664295296435 0.975072892964 0.999407998389
0.054746401497 0.229471306217 0.259080122987 0.964555987819
0.376186828855 0.0732204990295 0.416995234128 0.893370604501
0.983002192231 0.792849798107 0.978921992009 0.958421642925
0.904001177129 0.773745492166 0.994352474457 0.980548146027
0.549258224184 0.247729058004 0.705976602824 0.894641322263
0.856654382133 0.565087412073 0.988276479859 0.901912574981
0.586981905676 0.140663537885 0.654237388282 0.771063504537
0.0839435046545 0.416155390556 0.464014215075 0.872263322424
0.511060866305 0.179475201212 0.62534893826 0.872686398274
0.661916862134 0.483441866503 0.907581850757 0.963100120735
0.564770966154 0.261474763009 0.726709451116 0.893434355473
0.443826774047 0.443919574756 0.768386767986 0.999999840194
0.0236179445814 0.817536566982 0.737868625635 0.300502604001
0.694418061969 0.567723969216 0.950843691543 0.981469151115
0.102575787123 0.852119806125 0.810570500482 0.372693934149
0.51604176089 0.23486439617 0.672071277378 0.908268422487
0.978231984274 0.662312924336 0.997660295143 0.885107626752
0.725775469129 0.455981984481 0.922416905584 0.915805039874
0.214569246447 0.462125968355 0.614824238958 0.928687016508
0.0468149914696 0.277452499132 0.298436397387 0.938268399582
0.594292360587 0.447877652384 0.858771243612 0.975141224341
0.059188226831 0.718462795894 0.692715318145 0.50971141979
0.655266982409 0.0645144141791 0.648046068678 0.603833615639
0.813530033693 0.77184092738 0.999917831165 0.998071552124
0.343051072026 0.111864370368 0.42216642037 0.937690715179
0.896549392547 0.748691597791 0.997309727991 0.974879045726
0.547207243524 0.298529201694 0.740206065768 0.928215640326
0.474360318503 0.473554027217 0.806017231308 0.999999778667
0.539753511675 0.27257711064 0.716956437886 0.91717013692
0.10341671974 0.0982238014862 0.176466127756 0.999962451103
0.218184757245 0.940914004373 0.913758990804 0.414466197986
0.124473931622 0.00177480923747 0.0998463236837 0.982261208135
0.625717604913 0.198139431996 0.724943475852 0.789707367621
0.359040544288 0.828916723231 0.925144858982 0.745923969997
0.683301705769 0.214170355488 0.77433162205 0.747695883368
0.77230990696 0.418872922532 0.926029618185 0.855982343571
0.327589062125 0.66957532821 0.834794578823 0.864271187191
0.606013064479 0.578368100087 0.923546283595 0.999146436501
0.422463213287 0.721587085186 0.90725177046 0.89577458953
0.724032084795 0.581309299873 0.963483171945 0.976478285666
0.557997620708 0.846192494376 0.985516217057 0.902991934524
0.107582119816 0.989670664207 0.886583001546 0.146700209149
0.148144143395 0.272941726823 0.391026036218 0.98188302692
0.305311412757 0.77143304722 0.876543207274 0.750020216451
0.515009832899 0.360990127222 0.760586099818 0.97242185535
0.605988058347 0.323081438043 0.794354908928 0.907273488914
0.749617743493 0.197661727934 0.805265116061 0.653197964292
0.427062438947 0.0275525335989 0.421714840665 0.815693261381
0.272336136097 0.400360595941 0.611504894799 0.980849633212
0.573044509006 0.347657130997 0.789206766423 0.941033963659
0.851604754251 0.454090385766 0.963501886417 0.818365382365
0.854307284062 0.146210975399 0.836010432916 0.438470162957
0.488725031158 0.662203575745 0.910104210777 0.964668484161
0.616760123531 0.115008488479 0.657353714998 0.711917026882
0.715481837013 0.734405282306 0.992272253768 0.999539704987
0.0690330368179 0.42846509815 0.461692930387 0.850699915857
0.371619396399 0.243370812874 0.563792490904 0.980793925654
0.368997367123 0.586099849345 0.810455467893 0.944928632912
0.24379426793 0.864524728247 0.891584490018 0.563050607443
0.641705283389 0.929433951669 0.999999271479 0.903178205762
0.593298863185 0.539860749685 0.902379473864 0.996732688099
0.511317626517 0.194787902973 0.637635687826 0.883906338255
0.804887712383 0.270887091843 0.875522083199 0.675051024258
0.408804304091 0.00986246393433 0.388203934399 0.816173310708
0.691144614996 0.15079962865 0.737387490144 0.66715124709
0.879283133143 0.869015828368 0.984206578606 0.999905026207
0.519063233583 0.445736745899 0.815994031996 0.993781569079
0.660801042382 0.708132577062 0.978773321963 0.997288939042
0.431909869052 0.0736031304122 0.468198422253 0.851393736323
0.117865994939 0.135952101899 0.228766533349 0.999635048965
0.551175324643 0.359420510008 0.782889051035 0.957286063193
0.719427437219 0.379687654505 0.886815870157 0.866762817625
