iid
0.514628434721 0.966840500758 0.619607539158 0.380392460842 0.746855344624
0.230548449538 0.346110923242 0.0890315737353 0.910968426265 0.275798516237
0.403865463633 0.355162627664 0.149178990614 0.850821009386 0.370607975611
0.104374562508 0.205532958146 0.0269856547319 0.973014345268 0.136972771938
0.937935587634 0.85535204773 0.831670563127 0.168329436873 0.90881605289
0.159577453973 0.403990834164 0.0971039777809 0.902896022219 0.269060484618
0.963428144587 0.867790323705 0.867725284047 0.132274715953 0.928547668679
0.217292935494 0.863177638406 0.40910182488 0.59089817512 0.53828824308
0.151193557312 0.258184396523 0.045844598362 0.954155401638 0.188740465408
0.683596154633 0.0610835312982 0.242869841201 0.757130158799 0.36280905843
0.0271396905267 0.453674161691 0.106174349848 0.893825650152 0.226100534816
0.0117650490084 0.630198127632 0.204721134652 0.795278865348 0.31007352707
0.909061102711 0.28679714735 0.46858413637 0.53141586363 0.597602097296
0.0309303223782 0.0889581737854 0.00399294238116 0.996007057619 0.0380620961926
0.572396004216 0.327391989257 0.224314009227 0.775685990773 0.443745709842
0.128765979751 0.980964123827 0.505437181527 0.494562818473 0.553634252571
0.175312369034 0.804113504022 0.349659076219 0.650340923781 0.485694792035
0.0105744435885 0.308531919724 0.0486449319849 0.951355068015 0.141873713766
0.520663598804 0.759640670456 0.437968583163 0.562031416837 0.64204606085
0.110233085043 0.984454334315 0.506671012001 0.493328987999 0.545818797152
0.493187766987 0.503107560114 0.256180837656 0.743819162344 0.494115539624
0.524578699286 0.258738172592 0.176446640945 0.823553359055 0.383122192587
0.351091837363 0.848922186008 0.435844692336 0.564155307664 0.600412872354
0.930379202231 0.0139157862106 0.446362058806 0.553637941194 0.466518584419
0.964679919603 0.126718167593 0.488069947992 0.511930052008 0.543116319907
0.949633897274 0.369137234206 0.535365198802 0.464634801198 0.6615900113
0.076658926819 0.661187022346 0.228468244397 0.771531755603 0.359951212284
0.801005043143 0.93583951269 0.783442951975 0.216557048025 0.879568931568
0.171343719442 0.648055813134 0.231829212805 0.768170787195 0.402329234368
0.772310901201 0.930848405558 0.755354709761 0.244645290239 0.862052875206
0.261745451228 0.586896313231 0.213094818625 0.786905181375 0.417459166863
0.595044816488 0.731617914673 0.459193265939 0.540806734061 0.666111706761
0.190632514293 0.0787029688097 0.0215856680936 0.978414331906 0.115735824231
0.435973684184 0.637831599974 0.308173022566 0.691826977434 0.534562707641
0.648533908109 0.0589872749297 0.218650999697 0.781349000303 0.343490883866
0.420004883428 0.850167273665 0.464394162396 0.535605837604 0.636883943937
0.351333618697 0.288912700089 0.106623533797 0.893376466203 0.308786116724
0.769899693322 0.125140441249 0.31372147354 0.68627852646 0.441043620211
0.920740825267 0.79001473819 0.759644443161 0.240355556839 0.865838584807
0.228514482144 0.976182279393 0.519108730927 0.480891269073 0.602994327034
0.702025688303 0.314359194499 0.305201187915 0.694798812085 0.5043400719
0.138889734989 0.706487938426 0.267496455429 0.732503544571 0.41590082309
0.384872310328 0.613932133323 0.271044723802 0.728955276198 0.495548081389
0.816530670616 0.338660414061 0.403052243776 0.596947756224 0.576522492976
0.685539543623 0.830608469723 0.598883494159 0.401116505841 0.764724583006
0.651920357249 0.482685623129 0.339557932909 0.660442067091 0.565988608544
0.639375008542 0.663233830273 0.438126619983 0.561873380017 0.653528864798
0.0374977453763 0.107806719115 0.00615410843127 0.993845891569 0.0512956480636
0.953277161177 0.703079317616 0.723987331894 0.276012668106 0.83746022362
0.0772522306941 0.239461602176 0.0322091172213 0.967790882779 0.140550095953
0.217786087467 0.638266186435 0.234699453762 0.765300546238 0.421370748798
0.146683957068 0.158631475805 0.0236934675871 0.976306532413 0.134531434186
0.252783159063 0.239787001561 0.0623985171061 0.937601482894 0.231964183094
0.59438926177 0.353788922741 0.246847177349 0.753152822651 0.468930467241
0.48649905151 0.699290664862 0.374706817554 0.625293182446 0.592845625999
0.413429910504 0.689226168513 0.333530206484 0.666469793516 0.549619416377
0.0335056196828 0.841765857783 0.36620280416 0.63379719584 0.431596783316
0.316453247821 0.985701221732 0.553566379637 0.446433620363 0.653665849778
0.0365897870757 0.246508867602 0.0315268952056 0.968473104794 0.123084395275
0.416072282525 0.17799523511 0.105521727616 0.894478272384 0.284653073562
0.320977140634 0.730569957474 0.328775567897 0.671224432103 0.523099769433
0.169036455957 0.355598860336 0.0797209023346 0.920279097665 0.248766329136
0.660775368636 0.73105130642 0.501343087135 0.498656912865 0.699984599893
0.965772697466 0.384369190403 0.557227481086 0.442772518914 0.677914798319
0.197901897363 0.356180872204 0.0854342705416 0.914565729458 0.264074390269
0.0870017266084 0.410476199298 0.0905008830435 0.909499116956 0.234712869796
0.815246138498 0.745049406062 0.629580003148 0.370419996852 0.7875743581
0.835940437687 0.872463512488 0.753698798729 0.246301201271 0.864711582043
0.173973381418 0.833620824809 0.374389478562 0.625610521438 0.500371414232
0.421371345266 0.853533142437 0.467951395934 0.532048604066 0.639347801186
0.587350929443 0.0286832413271 0.17826988424 0.82173011576 0.295898997163
0.795904666376 0.0798808281393 0.329913660406 0.670086339594 0.430982288396
0.100696136902 0.499707072992 0.13382247094 0.86617752906 0.288318796825
0.912873805504 0.688753232475 0.674825650465 0.325174349535 0.808994163717
0.998732965221 0.110837195909 0.520572450516 0.479427549484 0.552544156801
0.228265567232 0.946331763904 0.489393563699 0.510606436301 0.587313483899
0.490574919733 0.801760291149 0.456250163485 0.543749836515 0.648348732938
0.958665857476 0.647366776148 0.690414980378 0.309585019622 0.811236387828
0.203427786576 0.643098545682 0.234763132851 0.765236867149 0.416424562038
0.442237961412 0.749104338731 0.390769206035 0.609230793965 0.595789619316
0.789169166934 0.511993565336 0.456610183391 0.543389816609 0.652602126281
0.164119201301 0.705918144413 0.271057398822 0.728942601178 0.428718764965
0.971466251033 0.318667656782 0.539036856068 0.460963143932 0.646645391678
0.627927033981 0.272781779777 0.241758261345 0.758241738655 0.444161173366
0.298535558867 0.15696383445 0.0584659889512 0.941534011049 0.212598194061
0.861524499568 0.865214677566 0.769574382342 0.230425617658 0.87423421875
0.223098727633 0.303083589085 0.0728418768466 0.927158123153 0.249509718251
0.987011213721 0.444675539918 0.604440226296 0.395559773704 0.720373274414
0.43428473841 0.32092529237 0.150383499606 0.849616500394 0.368583648623
0.881571763026 0.894192502493 0.813932457115 0.186067542885 0.899751995491
0.614777462943 0.464887321643 0.306573742087 0.693426257913 0.537408455856
0.529317701095 0.906237145386 0.568860894854 0.431139105146 0.722918130251
0.353816448464 0.744130567965 0.350567080923 0.649432919077 0.547235087591
0.79494268742 0.487389932756 0.448617259058 0.551382740942 0.642785376902
0.480417810463 0.619069101096 0.317014771266 0.682985228734 0.547890829142
0.742659886841 0.120407800066 0.291877837092 0.708122162908 0.424418212113
0.669517619411 0.167884804942 0.245693336512 0.754306663488 0.411131827257
0.0470619235884 0.896521232683 0.415975199172 0.584024800828 0.467169954706
0.395709703624 0.298482766613 0.126660411678 0.873339588322 0.336839502917
0.81931568547 0.869171907304 0.736551295288 0.263448704712 0.854354843518
0.666111267251 0.600173471004 0.414954833756 0.585045166244 0.634573878898
0.0697429334045 0.16512812309 0.0160799260564 0.983920073944 0.0979205269471
0.00639200376044 0.209901867796 0.0221690066054 0.977830993395 0.0883155412435
0.129800473133 0.373297362158 0.080288189464 0.919711810536 0.237591188256
0.0532330476103 0.961618915179 0.478813115573 0.521186884427 0.504292270107
0.941624260303 0.55661483475 0.617258573725 0.382741426275 0.755098082389
0.911166139014 0.556103816598 0.587881526659 0.412118473341 0.738999099869
0.797499519881 0.79029356191 0.650724306437 0.349275693563 0.801920498317
0.073110801997 0.988467734497 0.507196507937 0.492803492063 0.528612768184
0.18114891825 0.587888838923 0.195193566853 0.804806433147 0.376080526772
0.149571509462 0.198678650494 0.0315368387802 0.96846316122 0.156896126747
0.872768226553 0.541312082293 0.544187817117 0.455812182883 0.711332917486
0.106319432123 0.204834881695 0.0270517608373 0.972948239163 0.137620072638
0.701814932148 0.526494765357 0.397240466483 0.602759533517 0.614748412491
0.923647622483 0.954850955578 0.911040184045 0.0889598159551 0.953225586228
0.138543350228 0.138769376196 0.019430304551 0.980569695449 0.119952070076
0.225865376877 0.127951919247 0.0344606208417 0.965539379158 0.159708189309
0.0510777910716 0.967026238114 0.484082946138 0.515917053862 0.505989018259
0.275725283856 0.0418243054377 0.0398479696562 0.960152030344 0.140755823442
0.240617583741 0.415831642998 0.118946821521 0.881053178479 0.317355596129
0.0140174433709 0.553945986322 0.158090930781 0.841909069219 0.271518704561
0.0121180114379 0.945609815324 0.46158031852 0.53841968148 0.474579451058
0.905944215556 0.969838339948 0.909253900925 0.0907460990754 0.951831086386
0.151463379661 0.101307086008 0.0167290141833 0.983270985817 0.107151148488
0.198334419185 0.866861680351 0.408308810336 0.591691189664 0.530352522723
0.354487103839 0.738380978927 0.346407634953 0.653592365047 0.544588300437
0.165059947425 0.621199934883 0.213114715141 0.786885284859 0.3850714884
0.391908111161 0.59018764178 0.25909248817 0.74090751183 0.486835084413
0.4989111829 0.768901398112 0.433836872374 0.566163127626 0.635563343165
0.996927732993 0.859379220742 0.894058897021 0.105941102979 0.94157944203
0.00408195164301 0.899416376573 0.417455968587 0.582544031413 0.44633639286
0.250822901106 0.0043500384048 0.0321607782326 0.967839221767 0.108287799908
0.404152658937 0.711886384427 0.346019927807 0.653980072193 0.556602378093
0.683787891104 0.679867984946 0.479980242601 0.520019757399 0.685281611354
0.731029718852 0.412387065413 0.363455527656 0.636544472344 0.570487291332
0.947623019501 0.301026337008 0.509806016008 0.490193983992 0.625060459279
0.830949465846 0.881926132479 0.7579894221 0.2420105779 0.867046986691
0.21616410106 0.339509959053 0.0833616299503 0.91663837005 0.264882283178
0.788782812267 0.634218061758 0.528698025177 0.471301974823 0.716077524894
0.947473010713 0.92047687551 0.900702428534 0.099297571466 0.947702381376
0.32156060357 0.738428705489 0.33493546571 0.66506453429 0.527497297633
0.244471062128 0.205105073315 0.0522811526383 0.947718847362 0.209574875102
0.328609257721 0.0469766308389 0.0566182606913 0.943381739309 0.170930239569
0.807885569181 0.440853810908 0.436986182049 0.563013817951 0.625269070724
0.693603293095 0.571446256376 0.416838291026 0.583161708974 0.633898557972
0.196617560741 0.189910641194 0.0382360793001 0.9617639207 0.176783687918
0.725154861104 0.715554380132 0.535769696731 0.464230303269 0.725376822274
0.0443422156158 0.61329756219 0.194857613383 0.805142386617 0.31820298633
0.171334523858 0.0485406957293 0.0159719763089 0.984028023691 0.089990463868
0.132996304825 0.767365405048 0.313030092662 0.686969907338 0.444553098596
0.398724100425 0.0471426223132 0.0829829323399 0.91701706766 0.20746384457
0.455035641197 0.612940371351 0.300853869556 0.699146130444 0.531503727836
0.268584583696 0.853438052409 0.413371785539 0.586628214461 0.55987658247
0.494937419004 0.804553740125 0.460788307385 0.539211692615 0.652071773696
0.157922641716 0.948154216739 0.477079939088 0.522920060912 0.551697251883
0.227993929335 0.250726427302 0.058998035592 0.941001964408 0.224777431787
0.581202949619 0.642154536537 0.38727879206 0.61272120794 0.612307999171
0.162340316496 0.162240789542 0.0268086021835 0.973191397816 0.144550301427
0.592324269063 0.421101537635 0.272542018762 0.727457981238 0.502925411291
0.500286925845 0.723638078096 0.399633897134 0.600366102866 0.612697303337
0.334894270507 0.127410772829 0.0660312854755 0.933968714525 0.216101709647
0.494749259106 0.0825173139289 0.129660116556 0.870339883444 0.275809107617
0.0358500159397 0.685678044054 0.243081730797 0.756918269203 0.351497182479
0.933188903673 0.307125044484 0.497732551183 0.502267448817 0.620734601518
0.0955772210285 0.797490850081 0.332926697698 0.667073302302 0.440796578886
0.346506521137 0.276920643562 0.101374751376 0.898625248624 0.300029299133
0.0322628902698 0.341853476058 0.060362712889 0.939637287111 0.170507598141
0.0523874033793 0.212709065032 0.0242537898788 0.975746210121 0.113687376383
0.264102387948 0.786664660139 0.355540738095 0.644459261905 0.522759199098
0.0625547385863 0.794561774448 0.327772660099 0.672227339901 0.422104835109
0.198249488897 0.114424383605 0.0266914865841 0.973308513416 0.138305342723
0.252720206534 0.54813015853 0.187950599824 0.812049400176 0.392571359308
0.0183341858944 0.523278299967 0.141096915718 0.858903084282 0.257785455629
0.881360676554 0.05040091845 0.40180809644 0.59819190356 0.460045692971
0.855044815357 0.192860183691 0.396178271625 0.603821728375 0.520584267307
0.673823926811 0.125639111993 0.242264674464 0.757735325536 0.391361271006
0.842888288389 0.205620297559 0.388167643797 0.611832356203 0.520912790747
0.581661337405 0.879725040641 0.574398422959 0.425601577041 0.736315206766
0.774506042048 0.194162084117 0.328784577335 0.671215422665 0.479396829201
0.0333479883993 0.809436710863 0.338610549997 0.661389450003 0.414672079642
0.75046486147 0.159637358975 0.303567445772 0.696432554228 0.448913121613
0.142080357352 0.251691995839 0.0427425442851 0.957257455715 0.180620842158
0.271705581196 0.860520653465 0.420517960242 0.579482039758 0.565188817722
0.554657895564 0.174393831191 0.174312600327 0.825687399673 0.354816454438
0.280119587163 0.613539650177 0.234777942135 0.765222057865 0.440891001634
0.587762656491 0.952211675994 0.646701849321 0.353298150679 0.777250715598
0.635333277502 0.381036943615 0.283168603629 0.716831396371 0.504409613285
0.796888453422 0.482031229725 0.447529164103 0.552470835897 0.641005061176
0.76265245901 0.590588337269 0.480181249914 0.519818750086 0.679764321313
0.770098869822 0.506150944036 0.438205859065 0.561794140935 0.639645121135
0.100737855742 0.127815851904 0.0132004446329 0.986799555367 0.0945934603731
0.215790642309 0.371441942026 0.0950119677462 0.904988032254 0.281324001857
0.201338462845 0.471754246174 0.135601553147 0.864398446853 0.326071934553
0.55201966809 0.973915050395 0.647284899561 0.352715100439 0.76997775375
0.566278041808 0.626976935187 0.368487965354 0.631512034646 0.596642535863
0.653796077627 0.962128488003 0.698802096709 0.301197903291 0.816742674103
0.996432817766 0.211510655482 0.534987221315 0.465012778685 0.603797117821
0.571522546902 0.57687112791 0.340393393861 0.659606606139 0.573264729866
0.572387212265 0.242062966203 0.199191771534 0.800808228466 0.399286623786
0.736624972391 0.314833394132 0.331021787171 0.668978212829 0.522572533792
0.803475857611 0.104006048804 0.338451118691 0.661548881309 0.447486649531
0.003971621742 0.805543158626 0.334745539458 0.665254460542 0.397373190535
0.749454992976 0.251556070752 0.322326578929 0.677673421071 0.496275767858
0.644762584161 0.497093862806 0.342066847936 0.657933152064 0.569774223084
0.978009736451 0.456644374865 0.60090088393 0.39909911607 0.721929618468
0.741009910977 0.344876311605 0.344606902611 0.655393097389 0.540503603636
0.79594912111 0.810094331006 0.665826892273 0.334173107727 0.811430327971
0.886952940475 0.109616085678 0.411807636036 0.588192363964 0.493802445957
0.5872458341 0.0976010417507 0.18271103592 0.81728896408 0.331749001711
0.831471090068 0.439275636723 0.456199581199 0.543800418801 0.63670711264
0.777182880808 0.711188801989 0.572850709076 0.427149290924 0.750147680712
0.381798783684 0.732241040012 0.352133708288 0.647866291712 0.555586698306
0.0112062775784 0.994199784383 0.510275750958 0.489724249042 0.499419802161
0.75042180498 0.67109822619 0.523135499777 0.476864500223 0.715350432105
0.833714409212 0.855317338064 0.73647363509 0.26352636491 0.854621672938
0.601696980029 0.321712749446 0.240156917844 0.759843082156 0.45601819833
0.956964537178 0.147604613423 0.483392489036 0.516607510964 0.549987078491
0.809385616182 0.338016997741 0.396838573042 0.603161426958 0.572473142227
0.268024461706 0.494487191642 0.16317205315 0.83682794685 0.372580035665
0.196240683866 0.623086753038 0.220177941236 0.779822058764 0.402262862118
0.404379220544 0.102013791639 0.0895642997641 0.910435700236 0.238990145577
0.898921658568 0.918076559016 0.85222195984 0.14777804016 0.921213885697
0.488978079374 0.165411722922 0.137358256205 0.862641743795 0.315995266785
0.167580861477 0.0797278071829 0.0173814968419 0.982618503158 0.104287022238
0.970981484313 0.842897106869 0.853248205173 0.146751794827 0.919505238758
0.552565371272 0.709798257749 0.417787512419 0.582212487581 0.632662469528
0.973425480094 0.179785343841 0.505214945117 0.494785054883 0.575309254821
0.104913728388 0.669402936496 0.236806513762 0.763193486238 0.378918942999
0.2807716331 0.752759021236 0.333268740387 0.666731259613 0.513760132318
0.989997475661 0.36119209656 0.572710683118 0.427289316882 0.678432584348
0.769322926705 0.55372119673 0.46364700151 0.53635299849 0.664024809582
0.070685988809 0.012145475849 0.00211936658278 0.997880633417 0.0187102029254
0.723714408584 0.799678537483 0.600566684312 0.399433315688 0.768454853329
0.651883017166 0.842068367455 0.585574997798 0.414425002202 0.753199584054
0.617409077208 0.0517070783159 0.197910042581 0.802089957419 0.323518741235
0.92824407876 0.267296543115 0.481163022011 0.518836977989 0.597414420604
0.943764542303 0.688171008537 0.703968762634 0.296031237366 0.824748473896
0.14339330099 0.734035516867 0.288665934947 0.711334065053 0.432593541968
0.0236081908184 0.804944068427 0.334559985443 0.665440014557 0.407268567549
0.741533315354 0.385553026542 0.360363752931 0.639636247069 0.56196734019
0.140384660285 0.784532070026 0.327849604759 0.672150395241 0.457337165815
0.426691184229 0.886347292129 0.499785516542 0.500214483458 0.65920860145
0.058624435793 0.0960537439078 0.00599647597772 0.994003524022 0.0561546955322
0.466715038058 0.675846521325 0.348310296549 0.651689703451 0.570347616439
0.908950717207 0.0360856288842 0.426624570601 0.573375429399 0.466929613316
0.672248824126 0.416822401984 0.322821226989 0.677178773011 0.542242493132
0.625710788372 0.691984251951 0.449346054167 0.550653945833 0.661404251863
0.587735638481 0.376477980562 0.251353356362 0.748646643638 0.477292270505
0.00948074402906 0.704862415541 0.256206773003 0.743793226997 0.34778452562
0.0859001526621 0.837142311418 0.365501549675 0.634498450325 0.456423767155
0.123174477929 0.813699538634 0.349576430054 0.650423569946 0.463586561461
0.162406468041 0.533694921562 0.16043511265 0.83956488735 0.338103997463
0.003485914828 0.712000859141 0.261383163974 0.738616836026 0.348387260703
0.00537748795412 0.763508141696 0.300670475128 0.699329524872 0.376204683222
0.703473044274 0.350077635451 0.318517076167 0.681482923833 0.523700947323
0.428399414424 0.794133395235 0.420458491016 0.579541508984 0.612055193024
0.985553298022 0.303445266246 0.5483483173 0.4516516827 0.646037600803
0.522532281999 0.5167555301 0.27875852214 0.72124147786 0.516479705449
0.642358690225 0.964365951945 0.693383522078 0.306616477922 0.811962955309
0.0547533419193 0.234062374824 0.0293201783298 0.97067982167 0.126041837189
0.434939298936 0.621772076452 0.297253674056 0.702746325944 0.525658359879
0.799559185275 0.185866522312 0.347484751494 0.652515248506 0.488098162213
0.31016697112 0.718580264608 0.31626777047 0.68373222953 0.511234060268
0.889327678697 0.341134880427 0.467930202004 0.532069797996 0.615653006193
0.0508479801554 0.580310390401 0.174839127112 0.825160872888 0.304399235622
0.0412676204095 0.366189407915 0.0696252113335 0.930374788667 0.1878669179
0.581318920044 0.332039577976 0.23120942825 0.76879057175 0.450805313671
0.555944529226 0.933150280659 0.609354714507 0.390645285493 0.750780441869
0.311152897842 0.769561802258 0.355791882356 0.644208117644 0.538306807934
0.502115996752 0.81561625661 0.473745083587 0.526254916413 0.661566669104
0.623032176206 0.59378027568 0.382366289743 0.617633710257 0.608849775577
0.250827973117 0.226654439162 0.0587219463453 0.941278053655 0.224106065718
0.74163833586 0.252147946651 0.316471281386 0.683528718614 0.492520863983
0.105550038692 0.181566526125 0.022318236348 0.977681763652 0.125097832494
0.983994999149 0.613443691698 0.693667950779 0.306332049221 0.806729823372
0.181387829405 0.285730251342 0.0588081082085 0.941191891791 0.21878684001
0.486052243455 0.504545747876 0.253322872174 0.746677127826 0.49115561248
0.151806998555 0.467256299339 0.124333705137 0.875666294863 0.297981137991
0.250464769704 0.118556133683 0.0393335763579 0.960666423642 0.167600461586
0.975795856539 0.465709675707 0.602993340029 0.397006659971 0.72550161781
0.491452550515 0.441317185501 0.225138681719 0.774861318281 0.46102213312
0.839100446398 0.589517465617 0.542652810784 0.457347189216 0.718945646186
0.339028318565 0.393848957038 0.139264115516 0.860735884484 0.357059017308
0.611028728941 0.591269065229 0.373187245189 0.626812754811 0.601301853972
0.844511677467 0.722883201886 0.637802987387 0.362197012613 0.791239085468
0.907192571355 0.243699992167 0.455016738079 0.544983261921 0.574178140944
0.0642790741219 0.179621659248 0.0182770921894 0.981722907811 0.10263111004
0.813044019906 0.678158740457 0.578533763744 0.421466236256 0.751581108609
0.792899011464 0.857817422554 0.704462887407 0.295537112593 0.834707483839
0.818309267945 0.164813013947 0.359305260014 0.640694739986 0.486876430323
0.0834151240057 0.0658832347021 0.00532345359861 0.994676546401 0.0533232398884
0.989345314908 0.293381857368 0.549102799529 0.450897200471 0.642765957289
0.578518880035 0.33854449972 0.231788572308 0.768211427692 0.45273871468
0.640243923121 0.229462826907 0.2385682213 0.7614317787 0.427995536642
0.462523852724 0.853296816856 0.486526745896 0.513473254104 0.660616594644
0.416194842078 0.700504528816 0.34281515134 0.65718484866 0.556932458174
0.389158002207 0.295932129172 0.123219991982 0.876780008018 0.332104969559
0.597641390356 0.831704329669 0.541650175218 0.458349824782 0.719604246411
0.959782816668 0.131703248385 0.48387957212 0.51612042788 0.543167821578
0.0651016034887 0.00813917286306 0.00167704741332 0.998322952587 0.0137201309847
0.0628490674237 0.791790181573 0.325520028029 0.674479971971 0.420813895246
0.921309088154 0.44239093828 0.538779805275 0.461220194725 0.685029741303
0.815677101844 0.506917191635 0.47586732791 0.52413267209 0.663736814847
0.304848425612 0.634632984942 0.255868986739 0.744131013261 0.464734713331
0.91746883893 0.25049068041 0.466415203483 0.533584796517 0.583057751649
0.558499690294 0.960626799359 0.637713745337 0.362286254663 0.766423319534
0.197391303349 0.311490362088 0.0699066572407 0.930093342759 0.240526215131
0.567567367346 0.480018281599 0.285166229517 0.714833770483 0.520750576321
0.656789693112 0.280120257385 0.262980943906 0.737019056094 0.462987756011
0.815382316596 0.044528648646 0.343815720597 0.656184279403 0.422689472575
0.461345096152 0.299836341768 0.156131653515 0.843868346485 0.371663302815
0.532096872919 0.815723248073 0.489838153231 0.510161846769 0.677207080979
0.312599057552 0.565408723283 0.215412561146 0.784587438854 0.432699355385
0.634298275468 0.120094255576 0.214893136433 0.785106863567 0.36792628384
0.564232162473 0.591415156865 0.34490253843 0.65509746157 0.577052153506
0.685471304158 0.970967867067 0.72951016802 0.27048983198 0.837813222869
0.00532661487206 0.445784063828 0.10210389836 0.89789610164 0.210651087796
0.26648725126 0.512581529217 0.17216431181 0.82783568819 0.381207708157
0.68403507194 0.73595250597 0.52119047372 0.47880952628 0.714628884224
0.570200468668 0.699596140745 0.420573116605 0.579426883395 0.636514478135
0.660825262131 0.45580301304 0.332547920342 0.667452079658 0.556612320328
0.67473619604 0.0343243629522 0.235341223851 0.764658776149 0.344262541769
0.164334360705 0.855807469392 0.392065230997 0.607934769003 0.506919600868
0.206386132577 0.695278101294 0.27148266813 0.72851733187 0.445146754135
0.178998742273 0.52367449444 0.157902418594 0.842097581406 0.341508581661
0.630118524431 0.293389393232 0.249211339101 0.750788660899 0.456036461351
0.401151735568 0.291751292371 0.126847025979 0.873152974021 0.336161434476
0.204927411068 0.429401512391 0.116632213044 0.883367786956 0.305872714466
0.266936331617 0.582999341026 0.21215950846 0.78784049154 0.418127256991
0.502599019877 0.693795772294 0.378970892351 0.621029107649 0.598352002016
0.521351629353 0.701526711758 0.394456148959 0.605543851041 0.612127638243
0.424859014745 0.552662399849 0.250831217767 0.749168782233 0.484413823835
0.24853945423 0.105256654192 0.0372964424355 0.962703557565 0.159670911413
0.66566497865 0.310399162874 0.278276605578 0.721723394422 0.483375944391
0.403070690689 0.52387609748 0.225497533224 0.774502466776 0.458090787215
0.288519722255 0.946755185272 0.505931607715 0.494068392285 0.618855417294
0.531098023375 0.247887475746 0.177156740113 0.822843259887 0.380858099603
0.38809180462 0.359958550175 0.144497887066 0.855502112934 0.364907074068
0.846740202897 0.345376532278 0.431327432071 0.568672567929 0.595724972444
0.351603278139 0.571188757522 0.232202998465 0.767797001535 0.45598581459
0.111580332027 0.36584541699 0.0751469279373 0.924853072063 0.224237689761
0.828536309267 0.0288496292211 0.354366312371 0.645633687629 0.421358767555
0.0284441356121 0.129164459248 0.00844867676763 0.991551323232 0.0577163025544
0.866876964037 0.921662764025 0.826467307052 0.173532692948 0.90642473179
0.258253263965 0.731290952687 0.310520690204 0.689479309796 0.490870239779
0.463563972963 0.979968269676 0.607029587653 0.392970412347 0.727150269039
0.22605869889 0.505541959858 0.158145747121 0.841854252879 0.356524662526
0.918869520288 0.717234117098 0.701179952687 0.298820047313 0.826948763688
0.849517761819 0.200383821732 0.39285175985 0.60714824015 0.521630839436
0.955356762962 0.289334914179 0.51382258594 0.48617741406 0.622989646818
0.968574784586 0.135561507752 0.493149676216 0.506850323784 0.54974813304
0.438173704998 0.0922259028771 0.103287394506 0.896712605494 0.251457937256
0.230536914217 0.548409678874 0.182555432091 0.817444567909 0.381185654786
0.266978090913 0.901453366143 0.456470494601 0.543529505399 0.584056401104
0.050149605752 0.212460952532 0.0240772916 0.9759227084 0.112394862403
0.399466322977 0.936845912277 0.535745892382 0.464254107618 0.671365216161
0.327883467519 0.726513075145 0.328038073365 0.671961926635 0.52457627408
0.399321499288 0.474255807516 0.198346500719 0.801653499281 0.430290817787
0.777587580761 0.50147991904 0.441748657543 0.558251342457 0.641104406289
0.635740958343 0.428266980923 0.303191601961 0.696808398039 0.529227329017
0.688242953955 0.525769897059 0.387117579802 0.612882420198 0.607315780854
0.926147245034 0.822233218004 0.791634015972 0.208365984028 0.885434060834
0.0987148923238 0.839621148705 0.368888973009 0.631111026991 0.464376549419
0.716078146366 0.00262170534423 0.264383299076 0.735616700924 0.349236555081
0.317325130636 0.629335598531 0.256423778369 0.743576221631 0.468460539362
0.947331255907 0.428851629827 0.557742816007 0.442257183993 0.691502918133
0.0431492238606 0.941734327442 0.458737155094 0.541262844906 0.488691066349
0.532517883725 0.805701210662 0.481671830993 0.518328169007 0.672204673272
0.778630569815 0.174861675734 0.328404793441 0.671595206559 0.471485761131
0.545658139754 0.397639453018 0.23521371022 0.76478628978 0.466444182009
0.362603927198 0.99722781391 0.581579983916 0.418420016084 0.683661012587
0.8061386897 0.430153093718 0.430715583454 0.569284416546 0.618786172359
0.162224796917 0.566345247434 0.178966586997 0.821033413003 0.355019651878
0.206520222641 0.681649491907 0.261813499974 0.738186500026 0.438116255692
0.259845980323 0.437122237954 0.133316609845 0.866683390155 0.338442833967
0.702624414868 0.823416247282 0.604966016976 0.395033983024 0.769858660686
0.82486440828 0.806384945253 0.686887676417 0.313112323583 0.824528577603
0.986440699822 0.714862951671 0.765771525363 0.234228474637 0.860838318529
0.580894132956 0.700370867891 0.42748453617 0.57251546383 0.642476878766
0.952517995789 0.509068691814 0.601705735851 0.398294264149 0.735990389691
0.295924023512 0.757454062854 0.341454706585 0.658545293415 0.524082666155
0.439077176999 0.522833054687 0.240594968321 0.759405031679 0.476264292131
0.0777416977702 0.148079077842 0.0139397214761 0.986060278524 0.0931962761078
0.812191747574 0.563188418766 0.504063122944 0.495936877056 0.691241109452
0.729164664712 0.257235021375 0.308351280739 0.691648719261 0.48868704733
0.279063027838 0.159635302081 0.0530833643594 0.946916635641 0.203867749745
0.949191149293 0.539982401099 0.615205726869 0.384794273131 0.750366379251
0.360694379171 0.567347317838 0.233289762039 0.766710237961 0.458710250261
0.623074163094 0.340481695254 0.260087054075 0.739912945925 0.47690869636
0.600371723933 0.966039611168 0.668138045339 0.331861954661 0.791009211845
0.107668536506 0.399184280903 0.0878814023191 0.912118597681 0.239573062284
0.93074083183 0.724168777987 0.717661562349 0.282338437651 0.836732517357
0.618745545327 0.999129428107 0.713296868055 0.286703131945 0.817799355251
0.206484552263 0.811982144926 0.362407650515 0.637592349485 0.505998115711
0.0703111638775 0.0764164233027 0.00503988243933 0.994960117561 0.0519990898801
0.31799249565 0.561811046615 0.215075728237 0.784924271763 0.43362866544
0.924946457944 0.757879224143 0.737938934961 0.262061065039 0.85128287325
0.177994530445 0.353005107522 0.080385823537 0.919614176463 0.252071631896
0.142477526714 0.183548121797 0.0274686431386 0.972531356861 0.145325862016
0.894890583835 0.398568581591 0.495004040319 0.504995959681 0.648466393843
0.631657467393 0.696878598593 0.456715771799 0.543284228201 0.667045302386
0.846036272298 0.031822211459 0.369565456613 0.630434543387 0.432004254704
0.274514510968 0.873051565151 0.432538145611 0.567461854389 0.573177281987
0.961039370056 0.505956572513 0.608476240016 0.391523759984 0.738798629394
0.0920086623559 0.412598741329 0.0918736703409 0.908126329659 0.238421374259
0.789078195546 0.863732281179 0.706608995484 0.293391004516 0.835802854975
0.958643541295 0.463969024824 0.585058535122 0.414941464878 0.715678653808
0.252523889192 0.19973229577 0.0532295808106 0.946770419189 0.210961801928
0.00190811307961 0.651617944406 0.218823809001 0.781176190999 0.316108936758
0.996452972998 0.362710276236 0.579886666284 0.420113333716 0.682579221415
0.933810200376 0.692720804064 0.697583743994 0.302416256006 0.821944345555
0.124933856348 0.367473432458 0.0774120929003 0.9225879071 0.232027284124
0.941004541298 0.819066247783 0.803244205113 0.196755794887 0.891507266079
0.835261000753 0.597106124905 0.54399284986 0.45600715014 0.720903345983
0.993942226376 0.532620360844 0.655935358046 0.344064641954 0.769793444444
0.337749852447 1.0 0.575443298764 0.424556701236 0.672185604009
0.35418920218 0.167639776935 0.0790423795827 0.920957620417 0.247090022102
0.00966470789499 0.303952418078 0.0471840449702 0.95281595503 0.139014996465
0.0433913020186 0.419367468924 0.0913126119403 0.90868738806 0.21667543342
0.0797451657262 0.643639120644 0.216888935913 0.783111064087 0.352413437312
0.481489434425 0.253943124858 0.152799980687 0.847200019313 0.358225399921
0.390410603535 0.942152511349 0.537203185856 0.462796814144 0.66942248789
0.676892506465 0.246287279873 0.26760170918 0.73239829082 0.455811383063
0.164335376654 0.379790248118 0.088101478164 0.911898521836 0.258925785006
0.668068409087 0.803223705735 0.563565692332 0.436434307668 0.741375879868
0.302138677245 0.50299862193 0.177625458986 0.822374541014 0.394747566736
0.0150283810818 0.111924652592 0.00597556014503 0.994024439855 0.0417609650232
0.272128722824 0.374069330333 0.110263685834 0.889736314166 0.31197849731
0.951716882286 0.734622502549 0.745891712659 0.254108287341 0.853082453854
0.867483953432 0.413678353563 0.476452519523 0.523547480477 0.642091721484
0.440497447149 0.560392964455 0.262267057266 0.737732942734 0.496570451928
0.899674269265 0.986087263434 0.919842832819 0.0801571671812 0.957037166596
0.823163464263 0.876627074707 0.746535012181 0.253464987819 0.860238973275
0.152330304219 0.523430336999 0.153178111278 0.846821888722 0.327518582353
0.810610657891 0.494817965118 0.465355931173 0.534644068827 0.654799746943
0.970257712821 0.256656130211 0.51938611882 0.48061388118 0.613710548059
0.647503998146 0.237054391136 0.245221132699 0.754778867301 0.435724507372
0.91272185486 0.342074934701 0.489989649645 0.510010350355 0.628303524014
0.15199969196 0.706189499184 0.269263327752 0.730736672248 0.422560166278
0.738620771172 0.781040185573 0.59658074985 0.40341925015 0.766493319829
0.282360235043 0.610966419036 0.233801794712 0.766198205288 0.440715140189
0.660466258071 0.11958059685 0.232304471158 0.767695528842 0.381261330883
0.617832422087 0.106473345476 0.202662210162 0.797337789838 0.35227080694
0.819540497954 0.502422298113 0.476779172244 0.523220827756 0.663403347881
0.573195604175 0.333017020319 0.226706739356 0.773293260644 0.447091873822
0.345530308858 0.891387719744 0.472033127786 0.527966872214 0.619645471184
0.370390402438 0.572813534093 0.240174198109 0.759825801891 0.466598217793
0.393371399105 0.34859881271 0.142469245837 0.857530754163 0.361733345519
0.616551732314 0.630526015744 0.40147244059 0.59852755941 0.624624818626
0.277235794611 0.75290106376 0.332358106274 0.667641893726 0.511996132244
0.861435880711 0.38337629693 0.458579688191 0.541420311809 0.623161114833
0.587240917317 0.839544688066 0.542064028942 0.457935971058 0.718282519792
0.143892777339 0.97091215155 0.497446347051 0.502553652949 0.556260617763
0.636018303941 0.865101286385 0.595356675728 0.404643324272 0.756952418617
0.995616245002 0.342115614179 0.571525074084 0.428474925916 0.671414914012
0.803905007049 0.84109357939 0.698839974557 0.301160025443 0.831715876227
0.49133459806 0.28030339086 0.165023846676 0.834976153324 0.377076227065
0.220791981774 0.367855261166 0.0947734460948 0.905226553905 0.282055219604
0.360272793459 0.936964620546 0.520474406695 0.479525593305 0.65105346345
0.732575177057 0.804935110657 0.611579072549 0.388420927451 0.775799418996
0.392545944967 0.88500273122 0.484105057524 0.515894942476 0.640758722544
0.409868925618 0.0355306543101 0.0871408497931 0.912859150207 0.207207576247
0.563703464137 0.517869631507 0.302431956038 0.697568043962 0.538461748695
0.963322697757 0.346834267839 0.540606262873 0.459393737127 0.657086381843
0.959190566557 0.000115567143949 0.474316309565 0.525683690435 0.474305713984
0.335261648999 0.582996092282 0.233443233127 0.766556766873 0.453642459807
0.785550120972 0.378402747044 0.39219526989 0.60780473011 0.581123038709
0.110111094709 0.593551967039 0.187883184076 0.812116815924 0.342103978636
0.446136708888 0.122195123816 0.110247534425 0.889752465575 0.271210564271
0.0138615895874 0.0527229188919 0.000912895652057 0.999087104348 0.0103116615497
0.0115045108818 0.655134340546 0.221281560969 0.778718439031 0.322929304195
0.587272919469 0.657198245219 0.401039830069 0.598960169931 0.623300729794
0.312114060987 0.982026742944 0.548419304726 0.451580695274 0.649495930436
0.011614082731 0.344389878599 0.060760082389 0.939239917611 0.161095335377
0.0182026928691 0.737652952202 0.280790730375 0.719209269625 0.369401510216
0.286303131596 0.306815652136 0.090691655343 0.909308344657 0.284308979735
0.559908240937 0.715715189409 0.42636145384 0.57363854616 0.639562032422
0.6592679364 0.690543787601 0.470557447996 0.529442552004 0.678097492963
0.148127353035 0.22493766344 0.037063849314 0.962936150686 0.169825784188
0.583676708944 0.978748764501 0.670712658964 0.329287341036 0.788951987222
0.531231610667 0.092152726435 0.149849505967 0.850150494033 0.299793213794
0.73681923616 0.264953413156 0.316220652154 0.683779347846 0.496687159677
0.524004854548 0.00566120217577 0.141532742959 0.858467257041 0.250976445383
0.285236315523 0.828435900757 0.396414330655 0.603585669345 0.55550692997
0.764830173981 0.274011159881 0.34043093436 0.65956906564 0.515966701011
0.948645983535 0.522787082622 0.605227926277 0.394772073723 0.741124613959
0.958375685733 0.047439773438 0.474679282422 0.525320717578 0.498536977134
0.900833541966 0.111481918476 0.424810855115 0.575189144885 0.501989923317
0.825641281244 0.273240618061 0.39007302923 0.60992697077 0.547176121392
0.274728762195 0.645855415019 0.254262629204 0.745737370796 0.454924532672
0.927620573407 0.621853946417 0.643501580684 0.356498419316 0.781806800498
0.761359495475 0.0797804355108 0.302171301952 0.697828698048 0.41297270075
0.741091170374 0.325804426067 0.338057549915 0.661942450085 0.530609817396
0.971241712204 0.311613168329 0.536513824688 0.463486175312 0.642853440835
0.0761209444379 0.331633891362 0.0593274051254 0.940672594875 0.187981734936
0.325629166508 0.745056139252 0.341377995535 0.658622004465 0.533064964755
0.0476822849538 0.4052301984 0.0854960151627 0.914503984837 0.21154077169
0.745706961729 0.0689324977503 0.289174293287 0.710825706713 0.399184660681
0.205682430856 0.279202986806 0.0617820658622 0.938217934138 0.228015110912
0.511350825368 0.951035353679 0.602207528889 0.397792471111 0.736917447608
0.723497480817 0.251823757079 0.302682449434 0.697317550566 0.482921981525
0.259722264566 0.944854991984 0.49590202309 0.50409797691 0.602895952398
0.835535289169 0.809024834365 0.698224570719 0.301775429281 0.831450842701
0.923574904184 0.602692087263 0.627515353118 0.372484646882 0.769720878233
0.146834631889 0.0251737607638 0.0110263999146 0.988973600085 0.0650812682862
0.835573066277 0.364070557431 0.428498634018 0.571501365982 0.599659236481
0.836409770103 0.231782426496 0.388475621405 0.611524378595 0.531175009673
0.805764428772 0.945677175304 0.796950395365 0.203049604635 0.887168159987
0.47283298665 0.995573012722 0.627441452375 0.372558547625 0.740098214359
0.349343015017 0.808847423169 0.400879601308 0.599120398692 0.578625742117
0.0782665433854 0.888243656553 0.410407201332 0.589592798668 0.479078321003
0.928021405528 0.0102796012466 0.444058022089 0.555941977911 0.463398582362
0.559133113939 0.0268489299503 0.161525547652 0.838474452348 0.280275165117
0.777059959316 0.393151567105 0.391237282795 0.608762717205 0.584393485236
0.312510868381 0.307330250337 0.0989740014082 0.901025998592 0.298200390715
0.868836013272 0.620669567157 0.588313660706 0.411686339294 0.75063235047
0.0278662288186 0.526816918682 0.143260610472 0.856739389528 0.26458394755
0.481730503061 0.180842465455 0.136488980981 0.863511019019 0.320266900933
0.773086607063 0.00732092434587 0.308179264514 0.691820735486 0.381318905378
0.952691613068 0.727235301777 0.741267537925 0.258732462075 0.849740572159
0.391883856374 0.828972389309 0.434208523053 0.565791476947 0.611223998258
0.555767828922 0.200649603179 0.180039590292 0.819960409708 0.369072091442
0.205687738793 0.983755106049 0.521640069923 0.478359930077 0.595073793269
0.525079188207 0.0813222066315 0.145523563856 0.854476436144 0.290952599954
0.802340947953 0.456647403968 0.439709712437 0.560290287563 0.630614972726
0.506297279398 0.948354027583 0.59692132616 0.40307867384 0.732893600179
0.294209590325 0.433172124013 0.141394266476 0.858605733524 0.354247819067
0.299494847901 0.848101651541 0.417766520832 0.582233479168 0.573164223361
0.391442347195 0.0607354834552 0.0807695416152 0.919230458385 0.21076021769
0.188966511595 0.253120098683 0.05118198123 0.94881801877 0.205737232357
0.388854291929 0.868772123394 0.467904821594 0.532095178406 0.630383941616
0.179778384909 0.940625248009 0.473566302734 0.526433697266 0.559135888936
0.501179576764 0.455646897057 0.236765605157 0.763234394843 0.473543899788
0.674053246342 0.474150252344 0.350472734174 0.649527265826 0.573046998695
0.270484492107 0.970530994757 0.524270594746 0.475729405254 0.621867002225
0.266138355483 0.947144622123 0.499887529665 0.500112470335 0.607424013667
0.738886313665 0.570447633687 0.449697216846 0.550302783154 0.656917336727
0.0804338299299 0.739004805209 0.285089155123 0.714910844877 0.402454811402
0.405508169259 0.126251529229 0.0928981237616 0.907101876238 0.25220431629
0.725619431487 0.986318934564 0.774250567953 0.225749432047 0.866680602788
0.602238054903 0.0930625973683 0.191463278268 0.808536721732 0.337177836069
0.265136888587 0.9032546668 0.457643205284 0.542356794716 0.584037743955
0.666307100191 0.298343369805 0.274924284357 0.725075715643 0.477428933271
0.299428123231 0.330214153359 0.102373827024 0.897626172976 0.303321715137
0.347473153714 0.639683751778 0.273573351539 0.726426648461 0.489523254246
0.90792324272 0.0709381697665 0.427593757261 0.572406242739 0.484552906722
0.121977601205 0.877321508341 0.405021198705 0.594978801295 0.496110026189
0.255682802331 0.741099466937 0.317299999941 0.682700000059 0.49464407825
0.662219176609 0.1740240831 0.241765922978 0.758234077022 0.410536374483
0.439890679972 0.686904800595 0.343540990111 0.656459009889 0.562164883882
0.90733392715 0.73881851651 0.706564426262 0.293435573738 0.832197316956
0.301520805609 0.0253568178074 0.0469795570362 0.953020442964 0.145585669079
0.954516626025 0.469174250696 0.583500110585 0.416499889415 0.71624520543
0.537223739811 0.420258138234 0.240062063515 0.759937936485 0.473843638645
0.419958525635 0.135927534813 0.100371474553 0.899628525447 0.264756889512
0.38054004359 0.845069847195 0.44360717627 0.55639282373 0.613713668847
0.508882231256 0.455900472314 0.240900814147 0.759099185853 0.477680003944
0.23257821472 0.287549835976 0.0703381398974 0.929661860103 0.246344610694
0.00974249211583 0.404137711203 0.0838516881603 0.91614831184 0.191249731115
0.861289609986 0.605468166827 0.571951451349 0.428048548651 0.738789985765
0.930519911199 0.972556278045 0.935241969574 0.0647580304256 0.96602201994
0.243112341083 0.96395579537 0.510417707918 0.489582292082 0.604212867047
0.73778869259 0.854265624979 0.657829347984 0.342170652016 0.804209607372
0.72793482674 0.55940584392 0.434967006722 0.565032993278 0.645472004237
0.30578778018 0.588277488403 0.226868986506 0.773131013494 0.441072830327
0.863307900431 0.641994397015 0.597293531543 0.402706468457 0.758868484741
0.797220777684 0.343978930268 0.388865062256 0.611134937744 0.56925564447
0.468881985987 0.136428776262 0.122897330912 0.877102669088 0.290449438941
0.983159937075 0.985252829019 1.0 0.0 1.0
0.736414746012 0.751321604914 0.571368936388 0.428631063612 0.74986386592
0.0101735441808 0.0538651142298 0.000923861108698 0.999076138891 0.00898959849708
0.423474325191 0.727195079572 0.365664959571 0.634335040429 0.574621663171
0.709019013144 0.774707138945 0.569393098232 0.430606901768 0.747806345574
0.476202024368 0.453901804622 0.22334322876 0.77665677124 0.459650903756
0.470679623238 0.760877782314 0.413363051819 0.586636948181 0.616707877216
0.404184449127 0.459507612302 0.19324763819 0.80675236181 0.425135198012
0.807540384822 0.557547043134 0.496911857642 0.503088142358 0.685884205357
0.416831227209 0.389930272878 0.168064935839 0.831935064161 0.395461011189
0.766952204699 0.118693009514 0.310573030091 0.689426969909 0.436152487453
0.262420572815 0.309810769008 0.0848630100247 0.915136989975 0.273454726961
0.158716811745 0.479682768116 0.131531157344 0.868468842656 0.308046912783
0.680142563671 0.53495210562 0.386435013131 0.613564986869 0.607888758201
0.253599935877 0.317801917163 0.085098481189 0.914901518811 0.273032789506
0.710638329039 0.412371503752 0.34829053853 0.65170946147 0.55987932319
0.370920991736 0.826446000563 0.423784670186 0.576215329814 0.599010880979
0.0 0.970796209982 0.4864265025 0.5135734975 0.481401810499
0.487052677244 0.471901093869 0.237351259845 0.762648740155 0.474668522533
0.932867179548 0.289183274963 0.491892952746 0.508107047254 0.611220101423
0.255030768466 0.491389636069 0.158074795507 0.841925204493 0.364211891264
0.262463139453 0.663388117715 0.262714431619 0.737285568381 0.457682758119
0.244450404819 0.839150406263 0.394462893703 0.605537106297 0.539887598779
0.547952893047 0.499323653694 0.283647593996 0.716352406004 0.520612239826
0.522235012567 0.578469409678 0.313529822944 0.686470177056 0.548476732064
0.0731155098031 0.356289614038 0.0678582140789 0.932141785921 0.199264529646
0.000382391713014 0.611249233315 0.192472819086 0.807527180914 0.294284638491
0.502690067325 0.603341159882 0.318381490065 0.681618509935 0.551274496904
0.295311948045 0.835148910123 0.405212204993 0.594787795007 0.564241777517
0.219026022463 0.114481198461 0.0311944091168 0.968805590883 0.149135008448
0.84139879508 0.783664190672 0.682419406909 0.317580593091 0.821286483697
0.424441119325 0.877794328329 0.490999020252 0.509000979748 0.653583068589
0.994522395641 0.863288134625 0.895070402076 0.104929597924 0.942365555408
0.874651334858 0.283582833035 0.436002752088 0.563997247912 0.578040611246
0.803347380885 0.552990866532 0.490814946017 0.509185053983 0.681330929998
0.599973551883 0.719420363078 0.453085125751 0.546914874249 0.662319112037
0.0604822106852 0.0101925261713 0.00139020142288 0.998609798577 0.0123886274937
0.791387118596 0.574592175018 0.493570337839 0.506429662161 0.686367540819
0.179639394271 0.561150548231 0.17903272729 0.82096727271 0.361365792929
0.141973892207 0.925059907477 0.452235811182 0.547764188818 0.531375146691
0.326857535056 0.190815097582 0.0737141047264 0.926285895274 0.24495628796
0.214320630267 0.500708908439 0.15295260127 0.84704739873 0.347905062859
0.799163168847 0.342470041914 0.389928205624 0.610071794376 0.569479241922
0.524160886058 0.263040343641 0.177380886297 0.822619113703 0.3851463398
0.976246523858 0.757790241042 0.788130833528 0.211869166472 0.877903336972
0.934622306232 0.587204265742 0.628570662553 0.371429337447 0.767394734226
0.578052729548 0.0383272297762 0.17301430134 0.82698569866 0.29608990562
0.75598804748 0.415538032744 0.38393937954 0.61606062046 0.585102723889
0.646300783449 0.708899920432 0.475101370268 0.524898629732 0.680920037395
0.0564520925775 0.669278591734 0.232612705649 0.767387294351 0.35366281416
0.972316193948 0.395014258347 0.568050832224 0.431949167776 0.686862084145
0.301690568496 0.094064840137 0.0512800213051 0.948719978695 0.181469260844
0.0736676919709 0.194864839152 0.0219110845216 0.978088915478 0.115452861722
0.260561282061 0.841958678755 0.401116239672 0.598883760328 0.549725409059
0.088233529919 0.391709952496 0.0828334227596 0.91716657724 0.225576390735
0.995476362362 0.33217691332 0.567917661888 0.432082338112 0.666164358919
0.812674219495 0.271623074832 0.378666392921 0.621333607079 0.539592873969
0.162032260738 0.204393421098 0.0347469481643 0.965253051836 0.166350747627
0.170832002636 0.533404927775 0.161734296361 0.838265703639 0.342332682126
0.0500146487428 0.40653204035 0.0861635220153 0.913836477985 0.213431412609
0.552762960996 0.583687331758 0.333599126844 0.666400873156 0.567064204012
0.595850740562 0.832545348481 0.541270976849 0.458729023151 0.719111582102
0.489565487998 0.0660493290762 0.12576019772 0.87423980228 0.264535025111
0.814523751229 0.715084153383 0.606362039718 0.393637960282 0.771587618849
0.41498996504 0.676027894944 0.324885707797 0.675114292203 0.543554358739
0.659442280164 0.596341365233 0.408026022653 0.591973977347 0.629110761669
0.744189178558 0.194622133492 0.305139115293 0.694860884707 0.463877179867
0.976472619891 0.917892328834 0.92699906356 0.0730009364404 0.961430479356
0.0789073237983 0.324509881745 0.0571384108149 0.942861589185 0.185718701883
0.575351708803 0.850488547646 0.54449077184 0.45550922816 0.717803772891
0.385364843 0.905807444507 0.500472302717 0.499527697283 0.647864630189
0.499921661997 0.855187888821 0.506777518113 0.493222481887 0.681041945927
0.565410721304 0.480956638656 0.284371548179 0.715628451821 0.520118370739
0.568402098356 0.422726444425 0.258924896604 0.741075103396 0.491336718567
0.0385672238047 0.142581097974 0.0107007902274 0.989299209773 0.06996825975
0.866034597849 0.0837380210376 0.390319193083 0.609680806917 0.469446770375
0.301386143107 0.163470441952 0.0604287482564 0.939571251744 0.217469783196
0.843370377921 0.298208524873 0.412700876115 0.587299123885 0.56939978989
0.15610207119 0.44714877519 0.11551886091 0.88448113909 0.289738233333
0.518692679328 0.0423056659499 0.13958645993 0.86041354007 0.267306015662
0.272024526833 0.943673455817 0.498135654052 0.501864345948 0.608675365602
0.651113845108 0.98765610083 0.722718081553 0.277281918447 0.828647711176
0.524254408003 0.978667235174 0.636658989989 0.363341010011 0.758020586689
0.875942181303 0.695653401589 0.645713301225 0.354286698775 0.79339118527
0.283170336381 0.453455119111 0.147390589768 0.852609410232 0.359076376994
0.930492623553 0.206561889361 0.468439395759 0.531560604241 0.566941861559
0.0269744666366 0.689886356147 0.245770917433 0.754229082567 0.349075927329
0.0160566523832 0.0307398270521 0.0 1.0 0.0
0.994599103556 0.318395213728 0.562383690838 0.437616309162 0.658528384101
0.22873418321 0.47869317051 0.145119056009 0.854880943991 0.343927814135
0.450573798772 0.457359745814 0.212708654372 0.787291345628 0.448130338853
0.00417758037183 0.392218396092 0.0788961222196 0.92110387778 0.182147279298
0.967093454312 0.0 0.482161203066 0.517838796934 0.478353588533
0.174765682446 0.471837984371 0.130454632597 0.869545367403 0.312302486352
0.459595877044 0.772163503695 0.416980593303 0.583019406697 0.616825928444
0.667962112769 0.0804554928015 0.23339160509 0.76660839491 0.364774523597
0.965749344594 0.531455722319 0.626824320442 0.373175679558 0.754531458062
0.0942792905104 0.157811373741 0.0169715039846 0.983028496015 0.106863163416
0.651102819004 0.553378563695 0.376861465307 0.623138534693 0.6023930791
1.0 0.302315917305 0.562775890284 0.437224109716 0.652958925947
0.162899541334 0.0430593871204 0.0142468531634 0.985753146837 0.0827501482883
0.658645991035 0.54436762583 0.376844793515 0.623155206485 0.601619676537
0.379189906214 0.483102242271 0.194626026102 0.805373973898 0.424434799558
0.288415108972 0.706228414521 0.300436822311 0.699563177689 0.49349195999
0.0966326727503 0.250728671801 0.0368317427912 0.963168257209 0.156494337238
0.20024201018 0.626811921126 0.223407316634 0.776592683366 0.406283562651
0.648864484721 0.987822446849 0.721379739311 0.278620260689 0.82756511027
0.505058541236 0.850933480871 0.50569115348 0.49430884652 0.681495749112
0.0788179303397 0.0979883218153 0.00765382265863 0.992346177341 0.0676595582922
0.258923211698 0.613995493759 0.22915235365 0.77084764635 0.430110177114
0.862501788226 0.162899625518 0.397268966878 0.602731033122 0.508851772233
0.21246463256 0.265227528412 0.0593197833498 0.94068021665 0.224259736081
0.744779375712 0.212870964934 0.30943666029 0.69056333971 0.473691210131
0.498187879 0.90285560483 0.549190804147 0.450809195853 0.704974505854
0.972668569249 0.43482795959 0.585480086363 0.414519913637 0.707787305426
0.826322072756 0.435475402061 0.450081394598 0.549918605402 0.632050710876
0.915942053963 0.636601160869 0.641996794662 0.358003205338 0.783419037048
0.0399773436612 0.211388217671 0.0233527729079 0.976647227092 0.106548241915
0.923982767431 0.158320556927 0.453116991126 0.546883008874 0.538425248314
0.794278949738 0.232506984497 0.353234127741 0.646765872259 0.509652027378
0.781938235335 0.811095899798 0.655268935628 0.344731064372 0.804668978388
0.166358389835 0.781446288809 0.329496437132 0.670503562868 0.469231217764
0.491885383471 0.74925065451 0.414826547625 0.585173452375 0.621673590476
0.825207170095 0.144789433275 0.361943670135 0.638056329865 0.48003026228
0.365063552743 0.984270118385 0.569236712785 0.430763287215 0.678188906121
0.817713466965 0.735046674227 0.624005937205 0.375994062795 0.783645725874
0.651830876842 0.094216539343 0.22365501376 0.77634498624 0.363558375721
0.987316745239 0.30201509517 0.549693502732 0.450306497268 0.646209189484
0.453660187974 0.0903769156037 0.110244678794 0.889755321206 0.25854484629
0.562712633835 0.790787238996 0.486432126994 0.513567873006 0.680130674782
0.555052115348 0.400855800247 0.241876661842 0.758123338158 0.473003007464
0.0843514155295 0.326681845414 0.0583362326133 0.941663767387 0.189680196523
0.754713585588 0.531901153488 0.439925407933 0.560074592067 0.645062820369
0.528043881527 0.66566940183 0.372745390807 0.627254609193 0.596925549728
0.72810295998 0.367642974522 0.343214491481 0.656785508519 0.545655229974
0.928333894467 0.490519578225 0.568681619633 0.431318380367 0.713755325905
0.55844461562 0.0314872215832 0.161268858998 0.838731141002 0.282333716008
0.141555241093 0.808031685476 0.347361705809 0.652638294191 0.470188432586
0.744387922783 0.772174751924 0.593874490398 0.406125509602 0.764872510026
0.317066663666 0.460598737836 0.161290999493 0.838709000507 0.380418046016
0.0482748465755 0.824270454432 0.351787069927 0.648212930073 0.430159414561
0.500254281447 0.755200647543 0.423738452869 0.576261547131 0.629123728078
0.973847719533 0.456629913851 0.596707820305 0.403292179695 0.719758583209
0.181101897426 0.737311517921 0.29751758819 0.70248241181 0.453901963897
0.854583734175 0.346803953976 0.438716435174 0.561283564826 0.600545855019
0.0827565544938 0.0613823519196 0.00496951868967 0.99503048131 0.0506360425707
0.276529448856 0.192751848738 0.0583884633294 0.941611536671 0.219803725044
0.657866935173 0.603899917293 0.411644212143 0.588355787857 0.632229702029
0.899448262932 0.309059180762 0.466480849607 0.533519150393 0.604203169211
0.110535400031 0.439215487072 0.105554600421 0.894445399579 0.261918681107
0.577776523034 0.731043689558 0.448310665404 0.551689334596 0.656836136699
0.827694054808 0.799014948712 0.683183709712 0.316816290288 0.822159882014
0.831445107875 0.540119063622 0.507221671719 0.492778328281 0.689230780389
0.211950990834 0.385438727087 0.0996359031467 0.900364096853 0.286620085108
0.121710749364 0.73385064084 0.285530720967 0.714469279033 0.421226192542
0.819749625978 0.445296753583 0.448975380374 0.551024619626 0.633750923673
0.919473440466 0.876787907274 0.833185722608 0.166814277392 0.91038665596
0.504111732819 0.965255321862 0.612495042582 0.387504957418 0.740562705388
0.804988895141 0.31401571975 0.385090561031 0.614909438969 0.557683506894
0.765580423176 0.401653016863 0.385599823701 0.614400176299 0.58285525342
0.530035039344 0.432624424275 0.241553868207 0.758446131793 0.47654936425
0.800188352852 0.433220913763 0.427157207149 0.572842792851 0.617291331491
0.590932890421 0.687251498596 0.424145551485 0.575854448515 0.640860331436
0.899504325577 0.154046377777 0.429422198755 0.570577801245 0.523474102425
0.875793252594 0.700569785718 0.649126269373 0.350873730627 0.795875095447
0.820720720869 0.474078813799 0.463472716862 0.536527283138 0.649250529367
0.609631965642 0.964262519558 0.672145599508 0.327854400492 0.79489704955
0.892466307333 0.241453836562 0.440794413922 0.559205586078 0.565352931239
0.195956552258 0.758238837876 0.316599156341 0.683400843659 0.472526383288
0.426736677829 0.0590638515602 0.0955826099828 0.904417390017 0.228236048654
0.350518584512 0.589868101055 0.243017689941 0.756982310059 0.465153489605
0.48401511764 0.223983569857 0.146656980673 0.853343019327 0.343930042404
0.932084209523 0.514978948839 0.584987970122 0.415012029878 0.728447602234
0.723433396598 0.850986436638 0.644123925811 0.355876074189 0.795039047437
0.134326755127 0.676544439481 0.2454454033 0.7545545967 0.397928998586
0.677176466809 0.593786752123 0.418679509731 0.581320490269 0.63699845767
0.410356513336 0.962707216012 0.565687863155 0.434312136845 0.69049932134
0.742587911948 0.579102542343 0.457666511661 0.542333488339 0.663350517276
0.341816262307 0.463920211509 0.171310102869 0.828689897131 0.395013806459
0.480472037259 0.196850250939 0.138989710677 0.861010289323 0.327952423531
0.91985085396 0.0855989823168 0.440016923836 0.559983076164 0.498391078632
0.861770340886 0.292283567277 0.427064243428 0.572935756572 0.575877695792
0.848570597471 0.690526296583 0.617710650713 0.382289349287 0.776491769768
0.165064036356 0.984930010142 0.515016313415 0.484983686585 0.57456886191
0.572766107336 0.540584605449 0.320171694656 0.679828305344 0.555006689966
0.646586126399 0.171463515147 0.230755849048 0.769244150952 0.401075996987
0.0314716189135 0.733569069911 0.278048077506 0.721951922494 0.374171357467
0.496611588447 0.998598790975 0.642459608587 0.357540391413 0.7540351801
0.250450112634 0.823916812595 0.382908591272 0.617091408728 0.535070007258
0.453484982526 0.202331598304 0.127107861927 0.872892138073 0.316779660931
0.80079212395 0.687214247898 0.574730646447 0.425269353553 0.749930040067
0.0535342305226 0.485115062283 0.122570944453 0.877429055547 0.256200962956
0.928055505803 0.608616167659 0.635499527456 0.364500472544 0.775136300076
0.963007212446 0.00641692596031 0.478118917789 0.521881082211 0.479572551713
0.574195603242 0.339246391554 0.229463293202 0.770536706798 0.450857057087
0.462737739493 0.619898799733 0.308937103109 0.691062896891 0.539132621646
0.797351921752 0.188364556458 0.346150989803 0.653849010197 0.488252201573
0.420555702862 0.25384594268 0.1243927433 0.8756072567 0.326500172095
0.0513225985861 0.595874693174 0.184325784456 0.815674215544 0.312754606207
0.848155803478 0.00709527397404 0.370916350839 0.629083649161 0.420223847961
0.0730067862066 0.998116190323 0.517093584866 0.482906415134 0.533585328711
0.945132151344 0.488743462156 0.584001328888 0.415998671112 0.721562086073
0.380024644059 0.972894103079 0.563491665491 0.436508334509 0.680039336953
0.440102805799 0.114522546218 0.106546789013 0.893453210987 0.264076776599
0.256759045842 0.622689415391 0.234130902587 0.765869097413 0.43351453856
0.141556011654 0.668895618643 0.241165726763 0.758834273237 0.397702048891
0.108646321341 0.658519510575 0.229754243835 0.770245756165 0.375189199142
0.225167217853 0.690629294815 0.272355395408 0.727644604592 0.452487621439
0.994577943014 0.476689844528 0.627411617142 0.372588382858 0.740985352729
0.813963993263 0.801009811936 0.673214139387 0.326785860613 0.816061994822
0.269020971958 0.929169088174 0.483256722867 0.516743277133 0.599557604744
0.784231092252 0.718597227833 0.583998355006 0.416001644994 0.757671109414
0.927308314629 0.819036530842 0.790031733753 0.209968266247 0.884372205885
0.111749808454 0.607796314503 0.19691682356 0.80308317644 0.350376802496
0.582919628757 0.0366924697771 0.175865904809 0.824134095191 0.297768145765
0.0786942226684 0.174200140197 0.0183707948648 0.981629205135 0.10729990827
0.438371968081 0.507759661699 0.232246894858 0.767753105142 0.468044808939
0.597922507812 0.873806864565 0.578931246532 0.421068753468 0.741684857638
0.570629498802 0.665547612558 0.396804615804 0.603195384196 0.618998973796
0.535257983914 0.755813819271 0.44292455783 0.55707544217 0.64763881626
0.392479079326 0.443268898675 0.180853312082 0.819146687918 0.41059050051
0.109721732581 0.282945177957 0.0471316025809 0.952868397419 0.180082378237
0.450415110385 0.028888285403 0.104933577403 0.895066422597 0.224823785246
0.934003778988 0.416019423633 0.539217896219 0.460782103781 0.677889730536
0.0859057958181 0.0171949955171 0.00344920018627 0.996550799814 0.0292524564371
0.517072811377 0.89452949396 0.551353289967 0.448646710033 0.710453561516
0.63753400816 0.230590213111 0.237050339201 0.762949660799 0.427174210543
0.680468783851 0.598857187046 0.42410984175 0.57589015825 0.64135145469
0.0967131305222 0.788335159603 0.325537758548 0.674462241452 0.436617137525
0.270472312275 0.628740895343 0.241787936484 0.758212063516 0.443795660449
0.438255991261 0.11938367415 0.10629715453 0.89370284547 0.265649303801
0.326357066504 0.573967537789 0.224998559423 0.775001440577 0.44431000067
0.239875240832 0.824760321117 0.380941396171 0.619058603829 0.530012422037
0.23452858303 0.245244165243 0.0591587108325 0.940841289168 0.225318142103
0.954492055573 0.902580158337 0.89072164949 0.10927835051 0.942027234183
0.489747103515 0.798936349991 0.453495268086 0.546504731914 0.646447206871
0.399758119866 0.0411819864048 0.0831367645972 0.916863235403 0.204895990771
0.547657751699 0.697427688678 0.406004978096 0.593995021904 0.623666598368
0.310772261469 0.809070503593 0.387900846862 0.612099153138 0.558692096637
0.99212536388 0.238644109336 0.536887654565 0.463112345435 0.615693938958
0.385535596311 0.708902804059 0.33623381492 0.66376618508 0.545370469978
0.302617503167 0.515489029755 0.184349886409 0.815650113591 0.401503693826
0.52626666689 0.785169676514 0.461376536211 0.538623463789 0.658258692225
0.306698830853 0.855045198851 0.426136930726 0.573863069274 0.580526433938
0.588756423079 0.103026868217 0.184190610821 0.815809389179 0.335360971156
0.337516050826 0.722249967603 0.328160334554 0.671839665446 0.527362503759
0.513443082795 0.739583296591 0.418574948239 0.581425051761 0.627843245216
0.482280601308 0.0185994361113 0.120024694367 0.879975305633 0.236027857441
0.178423211906 0.584663106344 0.192729881785 0.807270118215 0.372983114298
0.830556865828 0.317209279079 0.407688989915 0.592311010085 0.572638033322
0.78721938242 0.768842860998 0.625042358452 0.374957641548 0.785401336687
0.408415497104 0.344311198746 0.147165010276 0.852834989724 0.367319823751
0.454368534761 0.0555239799419 0.107945346328 0.892054653672 0.240755458119
0.652961865102 0.209843758858 0.242595459762 0.757404540238 0.424385486209
0.135804711353 0.958366488477 0.483760575522 0.516239424478 0.54552026554
0.690465130169 0.878128712921 0.644340525958 0.355659474042 0.792041989178
0.441218739233 0.697862403017 0.351986900171 0.648013099829 0.568563902414
0.282729091288 0.131347971964 0.049892968032 0.950107031968 0.191036376993
0.313137519334 0.228617142796 0.0773699782135 0.922630021787 0.257518365122
0.618418601714 0.899083793919 0.614949922993 0.385050077007 0.765507861648
0.0882964733974 0.280876496424 0.0443086507903 0.95569134921 0.167867354069
0.165564292973 0.0916962536872 0.0180938444244 0.981906155576 0.109474062148
0.829775285241 0.600782986193 0.541560843444 0.458439156556 0.719967321664
0.148409389563 0.6704161656 0.243252460485 0.756747539515 0.402056745703
0.798800246361 0.923186134089 0.769468681114 0.230531318886 0.871830705442
0.275412420848 0.617157898978 0.235725792248 0.764274207752 0.440329147289
0.561485811698 0.666034296233 0.391798409897 0.608201590103 0.614499449832
0.529221514891 0.516192337781 0.282088730608 0.717911269392 0.519663494692
0.276203764776 0.83147189219 0.396394038274 0.603605961726 0.552393309375
0.20535892125 0.117257271392 0.0285194881529 0.971480511847 0.143476842137
0.508885975766 0.30087720813 0.180265989582 0.819734010418 0.396918291072
0.144072054005 0.430810508101 0.106226465368 0.893773534632 0.274972912359
0.557333570476 0.909706573333 0.587826438673 0.412173561327 0.739288845802
0.0363364900257 0.681990652842 0.240494405642 0.759505594358 0.349829013153
0.419913829237 0.124625807859 0.0988292535882 0.901170746412 0.258845708009
0.925313259966 0.715328298843 0.705893342427 0.294106657573 0.829305462412
0.813178845978 0.190102838083 0.359631201274 0.640368798726 0.497384965923
0.736902174932 0.74067792242 0.563532491809 0.436467508191 0.744572120494
0.704910848144 0.582170058407 0.431386465299 0.568613534701 0.645363317436
0.783999558977 0.312316912546 0.367347078016 0.632652921984 0.545887780679
0.876100608758 0.31855546508 0.448195516544 0.551804483456 0.597013933858
0.775408149598 0.269549880891 0.347577144827 0.652422855173 0.519141122021
0.631784429393 0.581395524816 0.380509490046 0.619490509954 0.606947196845
0.452755622854 0.0963509497509 0.110398390614 0.889601609386 0.261186973274
0.179470322065 0.186906807276 0.0343033966829 0.965696603317 0.166305272663
0.937687615848 0.591893052875 0.634385547379 0.365614452621 0.771430898172
0.0324626940164 0.0301867513115 0.000420791814331 0.999579208186 0.00824005537951
0.215722307925 0.371328988492 0.0949533153213 0.905046684679 0.281229633977
0.855446793789 0.337888180316 0.436321867962 0.563678132038 0.596349572022
0.791484767495 0.684157009153 0.56492404007 0.43507595993 0.743499132978
0.950457260906 0.879751256999 0.865733986087 0.134266013913 0.928036517632
0.735114167222 0.321389391602 0.332031299312 0.667968700688 0.525202714711
0.141090104548 0.515698525078 0.14730950601 0.85269049399 0.317647595635
0.747005163026 0.0368229131289 0.288415170925 0.711584829075 0.383131115569
0.317772677678 0.569876606114 0.219720718423 0.780279281577 0.437716375983
0.131780805121 0.902241020624 0.429234752625 0.570765247375 0.514188441294
0.533769887371 0.322466110651 0.200612273636 0.799387726364 0.4211007927
0.718823230883 0.100610996518 0.271652320747 0.728347679253 0.401713738912
0.623185385763 0.249611509965 0.232441403507 0.767558596493 0.42962517455
0.33030080667 0.533685097 0.203278118805 0.796721881195 0.425373785107
0.122211588975 0.150953119965 0.0190362772993 0.980963722701 0.117809945513
0.818254657154 0.94398935542 0.805758707851 0.194241292149 0.892781519306
0.0757682981092 0.980018027632 0.498809268581 0.501190731419 0.525592080321
0.195976655045 0.869200953868 0.409925106712 0.590074893288 0.530345618043
0.702265996017 0.991113571668 0.761955379924 0.238044620076 0.857038908977
0.13635491805 0.925413324901 0.451759408474 0.548240591526 0.528638411755
0.632132603013 0.34642955474 0.268063721086 0.731936278914 0.484716160416
0.0435243357145 0.524895232362 0.142818602559 0.857181397441 0.271722195625
0.296982698179 0.0745634253754 0.0481204961546 0.951879503845 0.168862212036
0.806973705695 0.518524134631 0.474738489969 0.525261510031 0.665259569929
0.498992238363 0.4615059272 0.238413633596 0.761586366404 0.475459300503
0.194358139688 0.887660700425 0.426356842819 0.573643157181 0.539121396502
0.523076000709 0.904180379298 0.563546641377 0.436453358623 0.718602037712
0.766789468692 0.192801316746 0.322380596095 0.677619403905 0.474676667363
0.502209451779 0.935736159608 0.582508191096 0.417491808904 0.72419503641
0.0630757221144 0.499513553404 0.130487128299 0.869512871701 0.268662117535
0.312238098389 0.146199055837 0.0611077622023 0.938892237798 0.214112844637
0.608599235 0.653121331 0.411435911133 0.588564088867 0.632262602861
0.449903423626 0.343743822199 0.165354280882 0.834645719118 0.388590504728
0.385920515777 0.860176698176 0.459050602168 0.540949397832 0.624380880233
0.759721714542 0.648930836268 0.515254149823 0.484745850177 0.708635999817
0.0900185792078 0.85510812107 0.381592802946 0.618407197054 0.467924395078
0.829892892215 0.905561853859 0.778917724525 0.221082275475 0.87881144125
0.157930302854 0.552217678865 0.170084862511 0.829915137489 0.34542713837
0.084680935876 0.641113333441 0.215638070223 0.784361929777 0.353663272696
0.0105458975088 0.144926660251 0.0102923947904 0.98970760521 0.0566241876543
0.588103775892 0.78616630346 0.497742391192 0.502257608808 0.690922104732
0.488376807953 0.372000385821 0.19444491037 0.80555508963 0.423310794366
0.466764921731 0.749518651186 0.402602035562 0.597397964438 0.608755081728
0.677000019415 0.982236116581 0.734931587991 0.265068412009 0.83928018246
0.37667507834 0.649093994914 0.29077023194 0.70922976806 0.509605537605
0.375548843604 0.594667611806 0.255348539131 0.744651460869 0.4806651674
0.937790719126 0.379173302166 0.527727307377 0.472272692623 0.660662252759
0.580647422612 0.201540461849 0.194812819313 0.805187180687 0.382469129821
0.149092884549 0.113033050235 0.0176583447208 0.982341655279 0.112027882267
0.0602135440165 0.659136634749 0.225882430331 0.774117569669 0.350334360292
0.505808967994 0.436089850554 0.230158331355 0.769841668645 0.465761567324
0.186994476627 0.0531085651816 0.0191264856257 0.980873514374 0.100510585125
0.229069637458 0.334073939967 0.0844474913419 0.915552508658 0.268758799987
0.429200145271 0.986421665778 0.597745360092 0.402254639908 0.712649324893
0.445239725618 0.399408926338 0.184579897395 0.815420102605 0.415166495648
0.35243804076 0.187219462448 0.0819950823815 0.918004917618 0.256380311618
0.535884877843 0.76581198425 0.451133136866 0.548866863134 0.653173509244
0.117679478603 0.72227066042 0.276313244291 0.723686755709 0.413097744425
0.425178353483 0.0613008047147 0.0950363359463 0.904963664054 0.228591402482
0.200634171645 0.973027903001 0.509727580582 0.490272419418 0.586858212583
0.62498317636 0.894767898723 0.615159422979 0.384840577021 0.766671776582
0.898077073045 0.947672567064 0.879975053795 0.120024946205 0.936193712279
0.162215616443 0.322580280677 0.0669725246173 0.933027475383 0.22801877468
0.658247434664 0.187525230612 0.24158482928 0.75841517072 0.415505578313
0.757288118658 0.812141653736 0.636584925013 0.363415074987 0.792400158775
0.00364768721751 0.59891458185 0.184771045797 0.815228954203 0.28955592777
0.460458959461 0.670628486136 0.341684510432 0.658315489568 0.564377099193
0.311662665492 0.286483569142 0.0923014536422 0.907698546358 0.286898822085
0.353535614177 0.412773801063 0.152347817331 0.847652182669 0.374459627032
0.392388391809 0.445282115711 0.181741077298 0.818258922702 0.411592200411
0.262744171815 0.754124857168 0.329260382713 0.670739617287 0.505100659803
0.0717175829706 0.965126874862 0.483526469312 0.516473530688 0.515728477757
0.750015643971 0.423894605701 0.382927553494 0.617072446506 0.586351734503
0.189564906777 0.923497094668 0.458942973797 0.541057026203 0.555299737406
0.574150990317 0.435720050936 0.26807887184 0.73192112816 0.501094488891
0.0749544475557 0.662998791003 0.22957216662 0.77042783338 0.36000908017
0.622084232246 0.405078252663 0.284343528718 0.715656471282 0.510047474214
0.0975357134884 0.679915319073 0.243355661239 0.756644338761 0.380560416785
0.748941457639 0.691970618672 0.536694088817 0.463305911183 0.72545496778
0.642414065093 0.560390183556 0.375100617547 0.624899382453 0.601529384767
0.979938479523 0.415277651239 0.584205294384 0.415794705616 0.701381079115
0.920060061969 0.29886119986 0.482604781073 0.517395218927 0.609604682939
0.875475667167 0.424773590286 0.488440050432 0.511559949568 0.652026348096
0.900720129077 0.843764940192 0.786231500144 0.213768499856 0.883434073188
0.757385056266 0.687606354318 0.540140144891 0.459859855109 0.727570438499
0.451534019738 0.792961885989 0.430010139851 0.569989860149 0.623470703171
0.344102867828 0.960232354737 0.537398925279 0.462601074721 0.654769975881
0.365613119305 0.445711075869 0.171451219145 0.828548780855 0.397897345614
0.801053011104 0.215157604584 0.354790150695 0.645209849305 0.504134683252
0.571070105958 0.194691332833 0.187718789314 0.812281210686 0.373922401738
0.787063523772 0.685448050747 0.562239902431 0.437760097569 0.741873484044
0.890665554665 0.196135882975 0.428887677529 0.571112322471 0.540807221249
0.504482366718 0.532799500243 0.277893547516 0.722106452484 0.515455541085
0.850449469462 0.50340547963 0.503897404494 0.496102595506 0.679982678122
0.962030939379 0.755644898581 0.772253917932 0.227746082068 0.869396110323
0.179805171077 0.799275442087 0.346478889705 0.653521110295 0.485509720046
0.388523273797 0.409753307078 0.164480845008 0.835519154992 0.391073317108
0.946737951741 0.465743554159 0.574220965858 0.425779034142 0.71041437538
0.763866177607 0.60800706342 0.491926275891 0.508073724109 0.689470004434
0.455426170815 0.491620863363 0.23178234556 0.76821765444 0.468501978214
0.272424189021 0.412759740524 0.126081363519 0.873918636481 0.33228892652
0.512253536192 0.644605861115 0.350004535026 0.649995464974 0.577743771333
0.000233647418838 0.0878828693675 0.00334859869731 0.996651401303 0.0215451280566
0.389514582055 0.525148229061 0.22063636992 0.77936363008 0.45170679725
0.585491481317 0.46173247288 0.286929250626 0.713070749374 0.520541398753
0.948070289523 0.44999583158 0.568068824682 0.431931175318 0.702902739914
0.673045998461 0.990808816596 0.740919383585 0.259080616415 0.841690986917
0.592720322634 0.0233478868659 0.18139473171 0.81860526829 0.295910516852
0.233544421132 0.525806804014 0.170730263792 0.829269736208 0.370973425165
0.306898172173 0.813285077277 0.3901965881 0.6098034119 0.558873964691
0.701245163767 0.223843480751 0.279454287148 0.720545712852 0.45677767344
0.382946198881 0.662295444824 0.302178612796 0.697821387204 0.51974305478
0.296693695485 0.727646794422 0.318814303934 0.681185696066 0.508953836036
0.317368943144 0.139919497096 0.0618494597955 0.938150540204 0.213508452629
0.85981613747 0.609136802911 0.572947145833 0.427052854167 0.739935322147
0.378219978491 0.801675120826 0.405768645151 0.594231354849 0.589899968088
0.29969732288 0.437709780711 0.145122899977 0.854877100023 0.359464472345
0.853229329803 0.596923106666 0.559518459994 0.440481540006 0.730148301962
0.395694642617 0.775596693025 0.391499616107 0.608500383893 0.585397376758
0.459620719369 0.508326798618 0.242397669718 0.757602330282 0.479385809479
0.391364912069 0.507339374652 0.21187994092 0.78812005908 0.443390621061
0.0583159523425 0.0200613904899 0.00140940931825 0.998590590682 0.0164040201294
0.573909815853 0.315958374406 0.221407218565 0.778592781435 0.438575961996
0.072251348932 0.183973733148 0.0196691283671 0.980330871633 0.10904259463
0.305299114661 0.484563504393 0.169209378371 0.830790621629 0.386786142025
0.224170300854 0.765924957348 0.328800260783 0.671199739217 0.491196762632
0.181725140117 0.994409404992 0.527713817243 0.472286182757 0.588168196968
0.0169258477856 0.327150935472 0.0548636833982 0.945136316602 0.154875394866
0.108464195817 0.582931067719 0.181237490323 0.818762509677 0.335714635553
0.196914024607 0.15815561832 0.0325819205952 0.967418079405 0.160394137985
0.592168295165 0.900039290343 0.599444996979 0.400555003021 0.752360208513
0.778559219333 0.0781794903111 0.315695520415 0.684304479585 0.421079411768
0.86433399928 0.620821851952 0.584389612437 0.415610387563 0.748371448635
0.490163779675 0.860287832657 0.506311730715 0.493688269285 0.678626556286
0.804208275055 0.0317213729874 0.333980508566 0.666019491434 0.410208672918
0.791072736322 0.866228180341 0.710465092866 0.289534907134 0.83813996574
0.318583832618 0.575270635529 0.223179969323 0.776820030677 0.440948199775
0.723373754791 0.631742238949 0.476083317005 0.523916682995 0.680786712603
0.588845315455 0.0903080888864 0.18297259784 0.81702740216 0.328780979176
0.023242995657 0.986372112365 0.502498626265 0.497501373735 0.501598691688
0.773288076253 0.168974972932 0.32308382758 0.67691617242 0.465641783146
0.425198959883 0.0325719900515 0.093648645994 0.906351354006 0.213635043115
0.0732339662357 0.0814680775027 0.00567352287044 0.99432647713 0.0561502212833
0.53175108519 0.723377600328 0.416198513568 0.583801486432 0.628917312837
0.127788647033 0.456495925884 0.115699790512 0.884300209488 0.27988999404
0.1661999585 0.665634446379 0.242861305492 0.757138694508 0.408813477814
