iid
0.175421044887 0.870720558609 0.40444435384 0.59555564616 0.527232485207
0.477609403343 0.507313824118 0.249169531594 0.750830468406 0.496001000244
0.983488630586 0.616363931884 0.690270099193 0.309729900807 0.808720649984
0.0489158145149 0.569611871183 0.167679745328 0.832320254672 0.309707926738
0.145585574543 0.515745235381 0.147452013821 0.852547986179 0.33145798702
0.499169990366 0.934592223259 0.575480022276 0.424519977724 0.724353898496
0.639577969556 0.578435633686 0.381394312502 0.618605687498 0.614546477729
0.637706693294 0.408417268894 0.294201806899 0.705798193101 0.527093504734
0.857737323143 0.795589714927 0.70140017027 0.29859982973 0.835962598353
0.0228225436587 0.00805524412485 0.000298669114709 0.999701330885 0.0107325012343
0.209000624816 0.0162674149173 0.0226861211425 0.977313878857 0.109581436813
0.327194213261 0.269589809242 0.0924570247252 0.907542975275 0.298566992525
0.255456695353 0.99722738747 0.543155317009 0.456844682991 0.63229404442
0.239711588831 0.633052157806 0.235132273311 0.764867726689 0.439003736039
0.602817094758 0.675040092061 0.420035482326 0.579964517674 0.645003855785
0.215446339603 0.499867231378 0.152162487616 0.847837512384 0.358903528892
0.0819128435709 0.682264149454 0.242161178925 0.757838821075 0.383801667699
0.823706998223 0.0587632056747 0.349492864023 0.650507135977 0.443777925963
0.0629586083574 0.308866458565 0.0511116547574 0.948888345243 0.184187354534
0.994079541877 0.828710426793 0.858136714065 0.141863285935 0.922143100622
0.084592018344 0.34248616277 0.0639978719986 0.936002128001 0.21229278549
0.526443420218 0.5876084311 0.319324499275 0.680675500725 0.561684943399
0.719513890219 0.0615056786774 0.267369232946 0.732630767054 0.392191475685
0.924808062629 0.215263874401 0.462013204725 0.537986795275 0.574811336075
0.926952262746 0.744159312721 0.72405590617 0.27594409383 0.844991497504
0.090050921188 0.981924969819 0.498246779397 0.501753220603 0.54040038498
0.629883521797 0.389513539119 0.281393300977 0.718606699023 0.513497671613
0.777486693922 0.240991806464 0.339704219083 0.660295780917 0.512988819839
0.670446108207 0.243356515217 0.260960829436 0.739039170564 0.459762241344
0.852985017482 0.220552160717 0.397858972014 0.602141027986 0.540980178022
0.354824889399 0.036062920969 0.065422379378 0.934577620622 0.19380396105
0.245510875946 0.791237527988 0.351963098369 0.648036901631 0.522433730316
0.0707666771474 0.526898107584 0.145048091467 0.854951908533 0.29908721722
0.106559406853 0.411387034485 0.0927969734829 0.907203026517 0.258518290367
0.604388908114 0.885314747374 0.589025904591 0.410974095409 0.752786028654
0.167906180749 0.0264734971167 0.0149528415281 0.985047158472 0.0938777047971
0.265283860024 0.0560665372462 0.0378986572365 0.962101342763 0.158450104203
0.210914241418 0.934730443821 0.470667128438 0.529332871562 0.577847385086
0.990155597582 0.0400492694616 0.503018669756 0.496981330244 0.518895118499
0.727486037759 0.39064080353 0.349663326904 0.650336673096 0.563701667006
0.867589238679 0.380979929033 0.460211993649 0.539788006351 0.630028324918
0.707128037608 0.271635752281 0.294300654738 0.705699345262 0.492802674221
0.170493994101 0.708534405378 0.272405285647 0.727594714353 0.442210512963
0.63248829652 0.217857605505 0.22960533328 0.77039466672 0.427487594349
0.208582103548 0.191001129983 0.0412602060528 0.958739793947 0.198269119246
0.356048833585 0.594155387783 0.24623955509 0.75376044491 0.478370953338
0.253426280004 0.861387730586 0.413355362026 0.586644637974 0.562149491003
0.867834088039 0.193510342902 0.405185527358 0.594814472642 0.534772612526
0.0320161700089 0.963039867118 0.475751211642 0.524248788358 0.501281651651
0.746066081193 0.497301360866 0.412211894873 0.587788105127 0.62741598145
0.45800974107 0.00588295880933 0.107735875358 0.892264124642 0.230918153267
0.311926896266 0.832466963448 0.405242643274 0.594757356726 0.577182586799
0.273387690016 0.130227777435 0.0472647857821 0.952735214218 0.200302402432
0.669942057847 0.183647196283 0.247524969934 0.752475030066 0.429127204537
0.868503239263 0.904391007541 0.805619275398 0.194380724602 0.896792618814
0.586847665404 0.238621114999 0.205976388493 0.794023611507 0.414843521717
0.057607575305 0.617124164015 0.197046178415 0.802953821585 0.338300813301
0.962427725022 0.407607597545 0.55978084598 0.44021915402 0.691800842457
0.704219087317 0.50557768007 0.385400184939 0.614599815061 0.610347761958
0.874436637685 0.800123221469 0.719906710574 0.280093289426 0.846760673561
0.412388551994 0.320046299246 0.140017554406 0.859982445594 0.36755905831
0.773025480056 0.450033203288 0.4102274771 0.5897725229 0.617075770143
0.423101957704 0.947530973039 0.552006139959 0.447993860041 0.692256562138
0.885586475659 0.0442439041284 0.402842108247 0.597157891753 0.467856293208
0.776267087273 0.776331300112 0.617770860226 0.382229139774 0.784737086927
0.688764389853 0.741521625792 0.525097646801 0.474902353199 0.7225319707
0.340639442218 0.626629532012 0.261041770196 0.738958229804 0.487057440899
0.971435482072 0.0650506599577 0.485594362337 0.514405637663 0.522096151379
0.299121971596 0.989326214949 0.547546366046 0.452453633954 0.650477718867
0.782400046727 0.512692923045 0.448600347043 0.551399652957 0.653722523352
0.571391036587 0.771263304346 0.472412764046 0.527587235954 0.677979996425
0.585171882438 0.81669474514 0.51751756145 0.48248243855 0.708101971655
0.303173635234 0.780837695613 0.359828051384 0.640171948616 0.546463805355
0.90839949891 0.12444650258 0.430767694471 0.569232305529 0.520261858638
0.609216817715 0.938373827733 0.641570593084 0.358429406916 0.782236241154
0.930868901422 0.976406280606 0.932390415915 0.0676095840848 0.965145011894
0.964630012903 0.517273799112 0.613927465031 0.386072534969 0.748716339749
0.502642068911 0.85021909383 0.500155191445 0.499844808555 0.68319232654
0.122600624975 0.937779479632 0.458432937852 0.541567062148 0.53449156164
0.466303261147 0.847101201995 0.479408425537 0.520591574463 0.6631278838
0.692430033055 0.588431418485 0.423408515032 0.576591484968 0.646507155487
0.30442807237 0.890707151752 0.454259506144 0.545740493856 0.603000735779
0.11007540285 0.681385157903 0.244344038138 0.755655961862 0.39767500003
0.512199707971 0.969094368769 0.615858820039 0.384141179961 0.748533353895
0.9798217938 0.0863099526149 0.49562951039 0.50437048961 0.537176795195
0.49340819907 0.404226179511 0.208874321385 0.791125678615 0.451585996913
0.725942543406 0.129165010413 0.278777977086 0.721222022914 0.429883931947
0.127643128176 0.810266236655 0.344950997317 0.655049002683 0.472179845629
0.653802780298 0.190283673346 0.237862610446 0.762137389554 0.424296936752
0.391529842101 0.243336704511 0.109254276043 0.890745723957 0.317924413026
0.0 0.40822512723 0.0855385654282 0.914461434572 0.202724574082
0.0585045596353 0.946820134998 0.46114775275 0.53885224725 0.506498659488
0.812748514242 0.638757856023 0.547735340196 0.452264659804 0.733293532386
0.25224070421 0.954174198765 0.499302556284 0.500697443716 0.608754253415
0.362809619539 0.084376352629 0.0713745576088 0.928625442391 0.222444926525
0.00516730636903 0.00460601743615 0.0 1.0 0.0
0.806952770836 0.868772033442 0.72050669183 0.27949330817 0.84737234883
0.53759315877 0.798413633369 0.475042113434 0.524957886566 0.674607381079
0.652331620528 0.88339491635 0.61813437549 0.38186562451 0.77618793052
0.0345667136829 0.539333979492 0.149849356181 0.850150643819 0.287006773782
0.427781338987 0.407470586257 0.179251470714 0.820748529286 0.419865693971
0.608165125687 0.124165951342 0.197688494601 0.802311505399 0.367451203658
0.332307091 0.223687780593 0.0825669399682 0.917433060032 0.277812972046
0.85344212885 0.725093131504 0.642739917572 0.357260082428 0.797911468513
0.424976776151 0.232434994242 0.120588341916 0.879411658084 0.329385498762
0.988634272827 0.632484139911 0.705773862796 0.294226137204 0.819538778828
0.0313954912334 0.320060068911 0.0531622920608 0.946837707939 0.173832693838
0.320495022931 0.347610676535 0.114927782175 0.885072217825 0.33485570671
0.881353438534 0.844620142192 0.763597233885 0.236402766115 0.872916848418
0.742113002989 0.696081761413 0.530716111109 0.469283888891 0.726540757507
0.735604222174 0.671729189662 0.508733218726 0.491266781274 0.710841040945
0.110238308294 0.890577602699 0.412759002062 0.587240997938 0.504190145308
0.94405804482 0.0862452996862 0.460419546008 0.539580453992 0.518958185224
0.262187189915 0.603111258272 0.2219655209 0.7780344791 0.435199243107
0.112485768333 0.829558402228 0.359272517809 0.640727482191 0.47428780235
0.908633844434 0.847646970554 0.79120705577 0.20879294423 0.888328800878
0.64001828354 0.267095163879 0.246764998918 0.753235001082 0.456367499293
0.0496456399514 0.0306646807798 0.00178951159751 0.998210488402 0.0358750947587
0.446549341604 0.252310612649 0.13516646769 0.86483353231 0.350467315521
0.529783743 0.500330083422 0.272486085128 0.727513914872 0.518978265907
0.823478020035 0.339917181716 0.406862916794 0.593137083206 0.586706173437
0.638144247783 0.581611542504 0.382343727115 0.617656272885 0.615433265655
0.645151946702 0.646030435028 0.427456347755 0.572543652245 0.651771503233
0.35673800597 0.286654553733 0.107687569862 0.892312430138 0.322272036789
0.691044743847 0.613562961041 0.437901195475 0.562098804525 0.658589093064
0.790223567693 0.169023780223 0.334771564217 0.665228435783 0.482849788738
0.59411056809 0.525956840379 0.322983685806 0.677016314194 0.564726491134
0.663542917638 0.806960927597 0.559529187959 0.440470812041 0.743000971003
0.000577448939761 0.252917259929 0.0328880879694 0.967111912031 0.124001130626
0.994453586051 0.865859854474 0.89075214383 0.10924785617 0.9412340756
0.871595738245 0.557856773292 0.54886949215 0.45113050785 0.72205648673
0.888162881433 0.0111124023983 0.404216548982 0.595783451018 0.452309838017
0.422208866541 0.736947668154 0.369981527611 0.630018472389 0.58466248284
0.71864361182 0.197307138355 0.284815052933 0.715184947067 0.460841604662
0.13043680213 0.930808673322 0.45278638642 0.54721361358 0.534929638732
0.331558069329 0.390589703104 0.134892194655 0.865107805345 0.362347960341
0.78424024275 0.766209625203 0.616143277768 0.383856722232 0.783641727388
0.928426890049 0.220330674075 0.466577824698 0.533422175302 0.579229365843
0.756191309582 0.577726618606 0.464291666815 0.535708333185 0.67348314045
0.233242968841 0.314649131482 0.0789399451557 0.921060054844 0.27371832726
0.59801965388 0.341816892627 0.243478348155 0.756521651845 0.473028071059
0.94507226524 0.726236040805 0.727915621647 0.272084378353 0.845086493751
0.0374276860485 0.598327864714 0.184339519125 0.815660480875 0.318476299292
0.688559119637 0.464276949938 0.353711149754 0.646288850246 0.58137187183
0.562545507886 0.249242978232 0.194332221361 0.805667778639 0.407890136672
0.189657454828 0.976668530659 0.507332523001 0.492667476999 0.588375533262
0.809895346355 0.0352471348897 0.336796869756 0.663203130244 0.424790322633
0.568704902594 0.550712531134 0.321511518318 0.678488481682 0.564402943559
0.570563402427 0.569577186083 0.333422370618 0.666577629382 0.57494588583
0.0632820751656 0.976892314176 0.491069989587 0.508930010413 0.524228039746
0.472362079321 0.94557438814 0.572710414209 0.427289585791 0.716309661516
0.591545874323 0.474577747089 0.295087481657 0.704912518343 0.537281853189
0.252566666889 0.211165892104 0.0558427080447 0.944157291955 0.230894452416
0.208913126095 0.0145827510962 0.022639433876 0.977360566124 0.108679825843
0.816596171008 0.48761519767 0.463731009076 0.536268990924 0.658352138458
0.537819471753 0.513008010653 0.283462103314 0.716537896686 0.529514638236
0.0925947352474 0.422010214799 0.0958965935453 0.904103406455 0.256822143563
0.963747389938 0.0700584130861 0.478332173407 0.521667826593 0.520734618549
0.0602875747026 0.835359165331 0.359546766501 0.640453233499 0.450696535229
0.174807421922 0.729783733324 0.288824086888 0.711175913112 0.455215042618
0.679065452408 0.592969233026 0.416771810213 0.583228189787 0.642020058156
0.241728865694 0.943703569654 0.486461935121 0.513538064879 0.598081812236
0.191665849474 0.391406096859 0.0976473727652 0.902352627235 0.291628716865
0.80496743134 0.857316689072 0.708744302855 0.291255697145 0.840534596075
0.18789499821 0.713231736908 0.279033374751 0.720966625249 0.453448744755
0.871057396731 0.266040530577 0.425162083791 0.574837916209 0.573313344152
0.611751984215 0.362979347855 0.25963145315 0.74036854685 0.490777874214
0.788535568397 0.979797703489 0.810553486235 0.189446513765 0.894494588275
0.527287470784 0.822237522736 0.489192843267 0.510807156733 0.68148802947
0.983603398194 0.532882162425 0.641237898674 0.358762101326 0.766305402991
0.74296325251 0.76792864889 0.585229995733 0.414770004267 0.763527151075
0.677485834902 0.221638248886 0.260635058028 0.739364941972 0.452292157971
0.824407949068 0.312765469723 0.398559874919 0.601440125081 0.573364871341
0.643653031369 0.175079316679 0.228267045358 0.771732954642 0.411400204812
0.0240829166077 0.115316789441 0.00718358330194 0.992816416698 0.0659456049035
0.56465057459 0.0904092699822 0.167824464079 0.832175535921 0.328149613581
0.0624874648723 0.670496712584 0.232551532013 0.767448467987 0.367936942816
0.857835223944 0.844525380478 0.742584720345 0.257415279655 0.86090972256
0.337692033818 0.849191668198 0.428228514211 0.571771485789 0.598793196394
0.672631346574 0.138554877559 0.241905429688 0.758094570312 0.407552761033
0.242394361866 0.882164365704 0.429095617569 0.570904382431 0.567110481483
0.939309899514 0.35726323358 0.517547298717 0.482452701283 0.6544314699
0.173874532267 0.396479228516 0.0963514471041 0.903648552896 0.285162999642
0.140851352676 0.716423721448 0.27341093215 0.72658906785 0.431151257096
0.149021177142 0.610635696504 0.202727638288 0.797272361712 0.381483062482
0.0585626582254 0.589623946205 0.180104993592 0.819895006408 0.324794990102
0.834118374797 0.162075188302 0.370078121717 0.629921878283 0.501634829782
0.356891226309 0.704454519327 0.319911565173 0.680088434827 0.534916969886
0.837504870508 0.639920749555 0.569404289457 0.430595710543 0.746473689006
0.283599933512 0.869450719696 0.428818118446 0.571181881554 0.581594930564
0.0829327704849 0.282682278511 0.0446801981368 0.955319801863 0.181022222945
0.656734978419 0.773127221993 0.52755151448 0.47244848552 0.722325350631
0.138844372635 0.565901863128 0.174257925797 0.825742074203 0.35354865375
0.279658620605 0.0622770612914 0.0422997825304 0.95770021747 0.168919381456
0.457848295451 0.377149951715 0.180700752478 0.819299247522 0.419728172899
0.822313953935 0.539858337546 0.496028795961 0.503971204039 0.687839716035
0.583222627469 0.720059417307 0.440302181322 0.559697818678 0.657944949636
0.00409191241392 0.934802057489 0.447763830672 0.552236169328 0.472715535407
0.765878636676 0.584522833065 0.475884573558 0.524115426442 0.681866863298
0.735873650544 0.405311744205 0.361931239841 0.638068760159 0.575430970326
0.509349323875 0.0305930219008 0.133657214732 0.866342785268 0.269596027601
0.178077734773 0.756884097728 0.310050527399 0.689949472601 0.470666025584
0.717425068535 0.937188846123 0.713922129157 0.286077870843 0.836656790508
0.164545349203 0.62848771168 0.216564579646 0.783435420354 0.398459733801
0.0398919861044 0.627163103938 0.202540590276 0.797459409724 0.33440009258
0.827210998812 0.627088061579 0.552306757291 0.447693242709 0.734710321772
0.562384951164 0.46559842661 0.273530715596 0.726469284404 0.517885174412
0.086419645687 0.267889063118 0.0408078646165 0.959192135383 0.175268836296
0.977420504168 0.9178458601 0.921047122156 0.0789528778443 0.959022110045
0.802591399322 0.993557552822 0.83590129984 0.16409870016 0.908642614355
0.632873788607 0.99025509862 0.707845267809 0.292154732191 0.820661709792
0.224461503956 0.764433571857 0.325529170448 0.674470829552 0.498092976219
0.168423919126 0.988866443813 0.515696760777 0.484303239223 0.583784387498
0.293331722232 0.241537512517 0.0743213396602 0.92567866034 0.267075694238
0.293107956543 0.572454239255 0.212315639651 0.787684360349 0.435324736225
0.987736766384 0.33696105621 0.55806857317 0.44193142683 0.668727046885
0.207246726701 0.956024057492 0.490492845319 0.509507154681 0.586816170559
0.230826579647 0.232888574086 0.0553980186769 0.944601981323 0.230891710815
0.576340908533 0.147207438146 0.181603492721 0.818396507279 0.362991701964
0.308414861502 0.235067291272 0.0773949517287 0.922605048271 0.271453507286
0.853482249483 0.177893225009 0.389564377992 0.610435622008 0.519529132249
0.0400734689885 0.798822066917 0.327911106918 0.672088893082 0.421828511401
0.665263595233 0.260249561229 0.26178258497 0.73821741503 0.465721748876
0.17056249361 0.269123130631 0.052298587687 0.947701412313 0.218682986021
0.0208812892377 0.711194955908 0.259528958784 0.740471041216 0.367486708301
0.819564883552 0.390898603341 0.422673157837 0.577326842163 0.610654535722
0.187385419878 0.0310318269846 0.0186505149389 0.981349485061 0.106101989511
0.650428694406 0.937771951929 0.667570442166 0.332429557834 0.802886086667
0.179661561813 0.157931474581 0.0295586811612 0.970441318839 0.166738064613
0.580772212371 0.599234358812 0.357197836685 0.642802163315 0.595225910725
0.481224295714 0.808427286865 0.453866012539 0.546133987461 0.651038767901
0.850432883862 0.689846463029 0.614574541193 0.385425458807 0.778448585155
0.658886976881 0.0368822787449 0.22333243104 0.77666756896 0.34883512503
0.606089114511 0.119591347787 0.195823781905 0.804176218095 0.364068107538
0.776762240372 0.21351247314 0.332717075788 0.667282924212 0.49863958495
0.036450269513 0.675903444411 0.234932358616 0.765067641384 0.357447959308
0.42420260222 0.597540237731 0.275562350352 0.724437649648 0.514748992123
0.269605737949 0.823000981571 0.384590668969 0.615409331031 0.55084638162
0.816935592241 0.912376528264 0.768570286234 0.231429713766 0.874633536466
0.596961106785 0.00590557869156 0.182813783406 0.817186216594 0.301585847225
0.0468220470601 0.267692723702 0.0380103388814 0.961989661119 0.155033730832
0.294843138778 0.0783963411622 0.0479484978089 0.952051502191 0.184841764297
0.376510113035 0.85636311199 0.448705713172 0.551294286828 0.62218069233
0.596562400947 0.499259125329 0.310454953618 0.689545046382 0.552390053948
0.0229425948467 0.279094731566 0.0403288030353 0.959671196965 0.148692209318
0.406291001383 0.203335297815 0.10611824145 0.89388175855 0.305078604011
0.205411793615 0.252383021508 0.0545567526172 0.945443247383 0.227886725785
0.361531091354 0.726795851656 0.337996669225 0.662003330775 0.548643078236
0.229715957077 0.57130711707 0.194630739898 0.805369260102 0.402506541514
0.985112225656 0.586737788881 0.673647514628 0.326352485372 0.79447314052
0.213218870083 0.208884940058 0.0459377560125 0.954062243988 0.209725767127
0.767271289059 0.297758976413 0.347318117914 0.652681882086 0.536676160923
0.0187496406983 0.0104036313608 0.000231269616199 0.999768730384 0.00985625265489
0.407611985045 0.800688215354 0.413964779678 0.586035220322 0.609669755564
0.40549755909 0.472824491687 0.199218829334 0.800781170666 0.441785050758
0.926483664826 0.455064283004 0.546022733369 0.453977266631 0.697668309887
0.58781456477 0.748863231496 0.464723849028 0.535276150972 0.674934649181
0.592635548542 0.426751593401 0.273657732548 0.726342267452 0.513503100027
0.349070157406 0.937646167824 0.513163438612 0.486836561388 0.649582541091
0.781185567235 0.545455939809 0.465389933299 0.534610066701 0.669774035648
0.268609115335 0.389597727172 0.115113574007 0.884886425993 0.32983398724
0.872905465083 0.95957422522 0.862207343087 0.137792656913 0.927107085155
0.979383035361 0.884268900669 0.892029574276 0.107970425724 0.942936863567
0.639740419642 0.753385584771 0.500839014426 0.499160985574 0.703639597572
0.755535157939 0.927379978045 0.733289824293 0.266710175707 0.851045084137
0.232228461256 0.487788952365 0.149909609303 0.850090390697 0.361292016425
0.617303131141 0.848530714027 0.564447035783 0.435552964217 0.740637985942
0.866885513498 0.237569975851 0.414094512449 0.585905487551 0.556706795088
0.425343171059 0.812415081167 0.431220269175 0.568779730825 0.62465234897
0.542413685724 0.805835019011 0.483805072172 0.516194927828 0.680834429238
0.357624404708 0.0440963873956 0.0667806599634 0.933219340037 0.199314745923
0.655114897006 0.896472343321 0.631915393514 0.368084606486 0.784256709225
0.127346698441 0.476050076528 0.124714304434 0.875285695566 0.30198761057
0.116123525886 0.666858936769 0.235019607229 0.764980392771 0.393359837683
0.0930589292241 0.428752208604 0.0988808414204 0.90111915858 0.260488355762
0.465932475281 0.0764044814998 0.114509680648 0.885490319352 0.270826560433
0.583371045134 0.229897679461 0.201795453607 0.798204546393 0.408637391389
0.279515075809 0.942567477488 0.495475054925 0.504524945075 0.616717923687
0.369472926765 0.0622197499456 0.072197166932 0.927802833068 0.214560419971
0.953422806337 0.945657482836 0.923875494707 0.0761245052931 0.960969296074
0.458940841383 0.780802095249 0.420651391695 0.579348608305 0.625652662373
0.0476168220365 0.861675603754 0.381701098626 0.618298901374 0.457642709853
0.0301448339665 0.430808642964 0.095750382641 0.904249617359 0.229543069283
0.718351791014 0.246824580036 0.295889949605 0.704110050395 0.485886551395
0.827452621313 0.589036355063 0.528807488353 0.471192511647 0.715473351973
0.185323303335 0.788615199697 0.336518171305 0.663481828695 0.490494422229
0.72610699196 0.948357130045 0.731119034589 0.268880965411 0.846753678286
0.667176106574 0.869027906761 0.615270268077 0.384729731923 0.776426684967
0.618014718704 0.421652295393 0.28717235763 0.71282764237 0.52381389575
0.943063176825 0.349926242851 0.518502069039 0.481497930961 0.652607103363
0.100453554481 0.880165038489 0.402252935 0.597747065 0.493916965734
0.247513726987 0.601403635132 0.217072343096 0.782927656904 0.426869049466
0.750154766454 0.742332995034 0.570929790628 0.429070209372 0.754161525214
0.634921789116 0.857575730735 0.583644519385 0.416355480615 0.754198896113
0.586595454913 0.62110358674 0.374349031604 0.625650968396 0.609313565687
0.354726700053 0.732558370374 0.339804682819 0.660195317181 0.548114910952
0.368705273315 0.0581289996116 0.0716516258621 0.928348374138 0.212088791657
0.0153141034892 0.511635746572 0.13442156151 0.86557843849 0.263124678026
0.082731070482 0.639685651777 0.213402033884 0.786597966116 0.362554771506
0.526146654069 0.905546248466 0.562280606131 0.437719393869 0.723293494135
0.948236299721 0.705490078161 0.715768972484 0.284231027516 0.836140322951
0.73383312423 0.130652988923 0.284872629971 0.715127370029 0.434653308405
0.326080396195 0.0877445310352 0.0586995711514 0.941300428849 0.20548192259
0.0856717112693 0.924700373138 0.441985936057 0.558014063943 0.509059015408
0.279079876575 0.512376634424 0.174807694277 0.825192305723 0.3976254118
0.848201510842 0.363784885456 0.436624324066 0.563375675934 0.611421303775
0.330209022585 0.509437487587 0.189249906404 0.810750093596 0.422128997293
0.422111183396 0.556572983336 0.250434922179 0.749565077821 0.492842316854
0.781322097815 0.954409323022 0.779615651617 0.220384348383 0.877909544261
0.841675083687 0.295486404186 0.407891778456 0.592108221544 0.573353945268
0.975318417465 0.504750817972 0.617978902853 0.382021097147 0.747779943527
0.0313258298164 0.0602897395041 0.00241104250765 0.997588957492 0.0416320973767
0.909585543284 0.218474072275 0.448439803378 0.551560196622 0.568704023871
0.310501833331 0.820641341717 0.394777303585 0.605222696415 0.57044134371
0.931102072101 0.269763719321 0.481555860843 0.518444139157 0.605740082097
0.450164610971 0.553947356753 0.261479772007 0.738520227993 0.505771508407
0.979469985309 0.0702116027283 0.493975264018 0.506024735982 0.528807431587
0.0404227976665 0.18594873335 0.0186827673888 0.981317232611 0.110190275645
0.197147149245 0.0924304989383 0.0245061851625 0.975493814837 0.142304021179
0.523581932044 0.516968193078 0.27781234643 0.72218765357 0.524289758938
0.45505054458 0.935683780722 0.554958368047 0.445041631953 0.702474705094
0.616748289807 0.580951286581 0.368203990653 0.631796009347 0.604217587908
0.038682201601 0.205883287093 0.0226218522016 0.977378147798 0.119447432698
0.0979127749989 0.283337091285 0.0462726507696 0.95372734923 0.188972645974
0.302287661117 0.399663369404 0.129051527978 0.870948472022 0.352080553678
0.83324761521 0.481413736096 0.474710873133 0.525289126867 0.663664166716
0.486106232414 0.869826884498 0.509049603566 0.490950396434 0.684759916472
0.965946822933 0.368145822829 0.547561110228 0.452438889772 0.673513044831
0.00353134129497 0.697005598906 0.249058343129 0.750941656871 0.351445113928
0.166354763005 0.24165941951 0.0443711424252 0.955628857575 0.202570467607
0.614343306678 0.617455222428 0.389096900598 0.610903099402 0.621567027771
0.746955680345 0.259120536832 0.320535383001 0.679464616999 0.506687409152
0.00801801366312 0.449096806351 0.103539086796 0.896460913204 0.227596271412
0.249945188615 0.516520433135 0.169080787124 0.830919212876 0.384918814976
0.136706034829 0.362834124151 0.0773118682209 0.922688131779 0.24914511899
0.411396418852 0.148157140767 0.098292670151 0.901707329849 0.279601309059
0.320607392716 0.149573719298 0.0644390277112 0.935560972289 0.234156193439
0.551475789671 0.620402520835 0.353436046177 0.646563953823 0.591098677292
0.751880955607 0.906237373525 0.710620884905 0.289379115095 0.8384300663
0.451462618118 0.0106517821984 0.104729199605 0.895270800395 0.230015236512
0.0658540918775 0.751513414472 0.291778265899 0.708221734101 0.410868294607
0.702931720359 0.389612345214 0.331273790195 0.668726209805 0.550692643846
0.157848273583 0.700976881435 0.264812724071 0.735187275929 0.431935122722
0.736585217614 0.946732885172 0.737387817945 0.262612182055 0.851255433529
0.310686302097 0.405542090127 0.134118660024 0.865881339976 0.359342185326
0.0931061230989 0.998435217874 0.515276419978 0.484723580022 0.550353977109
0.804942429256 0.0987813792348 0.337109384998 0.662890615002 0.454596548573
0.687641929039 0.856675153061 0.618548948031 0.381451051969 0.780548672468
0.6901232037 0.341230512492 0.304012923573 0.695987076427 0.519564002312
0.614219448102 0.990056988 0.695733666473 0.304266333527 0.811075261916
0.159174241053 0.393332724464 0.0925580819999 0.907441918 0.276087094389
0.867060573399 0.377177019649 0.458264741647 0.541735258353 0.627824667943
0.458096622484 0.524046414091 0.24865744567 0.75134255433 0.494591990439
0.564335786958 0.427994206538 0.257436103605 0.742563896395 0.499745003207
0.584601043489 0.225229785641 0.201440573434 0.798559426566 0.406887923279
0.259429207975 0.44352563382 0.135652526614 0.864347473386 0.352603322534
0.195286525035 0.251302960153 0.0521921550101 0.94780784499 0.222188558869
0.60666876797 0.976290548365 0.677154355154 0.322845644846 0.800231724678
0.745245647694 0.231834922178 0.312354836542 0.687645163458 0.491935571041
0.894662971519 0.436315708801 0.507806099472 0.492193900528 0.671948777376
0.2258667398 0.619887404479 0.223372910715 0.776627089285 0.425265764535
0.198353671685 0.345357495097 0.0815957696875 0.918404230312 0.271600975999
0.715023878439 0.351711832099 0.325646974697 0.674353025303 0.537558545316
0.359659434078 0.0168060868258 0.0666575703837 0.933342429616 0.186464872023
0.0272674589801 0.17230519496 0.0157007835496 0.98429921645 0.0965593224159
0.311766933966 0.927480964217 0.490813855326 0.509186144674 0.625442186759
0.373316825643 0.370493658346 0.142143816071 0.857856183929 0.37335770667
0.358631755406 0.832957201628 0.421721163358 0.578278836642 0.601181233304
0.732515264587 0.163744718509 0.288893216221 0.711106783779 0.450819493861
0.103348438161 0.130486210578 0.0143595962109 0.985640403789 0.11396964235
0.794019304574 0.725464364555 0.592916511926 0.407083488074 0.767884086958
0.304820263166 0.863315875157 0.429781309274 0.570218690726 0.589264111088
0.416729036179 0.0825668072401 0.0927628056325 0.907237194368 0.248942068165
0.904604153252 0.347668089888 0.48133495873 0.51866504127 0.631901955179
0.988140367875 0.749344405869 0.787977713629 0.212022286371 0.878743448038
0.0888210178363 0.889655687998 0.409714353871 0.590285646129 0.492830494109
0.365158692483 0.280734841765 0.109081190972 0.890918809028 0.32354210708
0.32753625078 0.309207656183 0.104333838844 0.895666161156 0.318897567247
0.986790919497 0.255357126472 0.532321556387 0.467678443613 0.626727883579
0.621821255174 0.066104958624 0.200591709722 0.799408290278 0.34485518929
0.810932531787 0.0989772944019 0.342082903764 0.657917096236 0.457742167669
0.819591868399 0.833597870604 0.700366293841 0.299633706159 0.83590347109
0.018506298911 0.54580488738 0.152991910771 0.847008089229 0.282132369598
0.900433112162 0.733677321109 0.691326285298 0.308673714702 0.826173624437
0.910911597721 0.652466583717 0.643385145174 0.356614854826 0.79018373339
0.501850242114 0.374363206789 0.201259841436 0.798740158564 0.440685146069
0.304274743445 0.903325846712 0.465803075058 0.534196924942 0.609342870678
0.166972661085 0.568389329947 0.180132896355 0.819867103645 0.369117336163
0.808072921754 0.906014502609 0.755276495916 0.244723504084 0.866890053319
0.0730338585171 0.659320201178 0.225682186283 0.774317813717 0.367613387499
0.790729606451 0.0976206460988 0.325385227486 0.674614772514 0.446778833564
0.862318250069 0.995291097809 0.888554564552 0.111445435448 0.939895454791
0.152217586168 0.914074849177 0.440151648944 0.559848351056 0.537491290702
0.621798714746 0.633068394517 0.403816244094 0.596183755906 0.633301694598
0.310891809411 0.621893721919 0.248073060632 0.751926939368 0.469521423296
0.562418861805 0.668953884644 0.391741776667 0.608258223333 0.621365001646
0.405168651908 0.576309490311 0.254706092521 0.745293907479 0.494268591991
0.574800086371 0.40865412087 0.25524717826 0.74475282174 0.495226264339
0.843774369976 0.105707485352 0.370603327634 0.629396672366 0.477866270852
0.478693309735 0.497628915949 0.24471378148 0.75528621852 0.491624703378
0.82383848728 0.352941016811 0.411793364209 0.588206635791 0.593515697518
0.632232631193 0.941579033688 0.659284906523 0.340715093477 0.795570420709
0.678192251374 0.496631371578 0.362388403051 0.637611596949 0.592561549095
0.0298668235275 0.844364079344 0.365854094858 0.634145905142 0.43980920442
0.608990561971 0.440411214429 0.28979084266 0.71020915734 0.528769256893
0.424994618271 0.990306307378 0.595268776878 0.404731223122 0.714982079187
0.095884587243 0.244649915531 0.0355893478687 0.964410652131 0.168258175056
0.263746126608 0.417225647555 0.125210099519 0.874789900481 0.341417628893
0.939948790467 0.704168833378 0.706808426352 0.293191573648 0.831253940345
0.27703269308 0.777302898644 0.349225479734 0.650774520266 0.531372822668
0.128719495565 0.581777007871 0.1821947596 0.8178052404 0.356477105137
0.889426679453 0.419180671937 0.495513057149 0.504486942851 0.660568231885
0.923375445303 0.310997793535 0.486507388485 0.513492611515 0.622790074215
0.471257175619 0.944340921168 0.570982730065 0.429017269935 0.715120262979
0.992559440863 0.0772371918117 0.507717424886 0.492282575114 0.539037822998
0.737047794236 0.830607709411 0.632056604132 0.367943395868 0.792408830998
0.431248638912 0.435744114548 0.192996409629 0.807003590371 0.436013722862
0.714628347701 0.993405686557 0.767440033553 0.232559966447 0.863836506235
0.717033848081 0.119261782726 0.270931702053 0.729068297947 0.420315363151
0.611267830657 0.475957291731 0.307905545622 0.692094454378 0.54801226571
0.904076632945 0.830487510004 0.772234915403 0.227765084597 0.877281138794
0.0352502445653 0.203050735626 0.0218932911237 0.978106708876 0.116261159876
0.0812173720633 0.646501921126 0.217763839879 0.782236160121 0.365253023425
0.151411936653 0.142661448553 0.0223852921288 0.977614707871 0.144604210618
0.757420993938 0.258755617355 0.328496459497 0.671503540503 0.511823314486
0.0981329766624 0.326647932635 0.0598443764567 0.940155623543 0.211120178364
0.895261327384 0.972505475992 0.895226308468 0.104773691532 0.945054070403
0.332072803054 0.715270135271 0.319007820384 0.680992179616 0.527799642811
0.648263172637 0.120536295328 0.223025053355 0.776974946645 0.38599420644
0.111460035326 0.720807624724 0.272812903775 0.727187096225 0.418436324991
0.208514075851 0.615352877335 0.216631113868 0.783368886132 0.414134944642
0.663848999022 0.416833650057 0.315181052044 0.684818947956 0.544668818647
0.743303197989 0.393972303212 0.36291053686 0.63708946314 0.573439616983
0.111685842374 0.000170606038468 0.00647391371465 0.993526086285 0.0519075924923
0.0669930985293 0.586847425116 0.17898271982 0.82101728018 0.327669203441
0.631074164546 0.0189608309066 0.204438844463 0.795561155537 0.325574406035
0.338505482624 0.50230975411 0.188400123856 0.811599876144 0.422721285361
0.0365126096241 0.796666163044 0.326006070019 0.673993929981 0.418920955034
0.0271962198732 0.822851288236 0.347407252166 0.652592747834 0.427505999947
0.187780570228 0.479653504613 0.136283437581 0.863716562419 0.334551321784
0.725992479558 0.62969848847 0.47352574974 0.52647425026 0.684569255346
0.840376963429 0.539697077601 0.511309049957 0.488690950043 0.696942635098
0.0104706330535 0.497305695334 0.12694410248 0.87305589752 0.253370992909
0.131396894504 0.832669087255 0.364299749089 0.635700250911 0.485486675584
0.237779410096 0.127786394123 0.037596404223 0.962403595777 0.180953622023
0.561204404564 0.455958492779 0.268299093598 0.731700906402 0.512380294622
0.112694103309 0.886922926379 0.409715465716 0.590284534284 0.503579491425
0.231026840562 0.885415748073 0.429274550826 0.570725449174 0.562984373306
0.325861704735 0.63930650472 0.264210801518 0.735789198482 0.485992775886
0.659539126428 0.763873317346 0.522157371424 0.477842628576 0.719043074081
0.475111526198 0.601904189546 0.301700974469 0.698299025531 0.542856244401
0.151744789156 0.467943322869 0.124301855414 0.875698144586 0.310269407196
0.509953318034 0.0545671789975 0.135035649738 0.864964350262 0.282100656284
0.997469265206 0.318633336789 0.561792503794 0.438207496206 0.664351259176
0.773111300345 0.46011875598 0.414999336329 0.585000663671 0.62225070684
0.906323718422 0.471301305155 0.534824161785 0.465175838215 0.695678085606
0.504089846204 0.11033957103 0.136738687948 0.863261312052 0.307494816884
0.531543902746 0.241113167958 0.174916008934 0.825083991066 0.387989690112
0.5388442234 0.723672301165 0.417473435937 0.582526564063 0.637216869958
0.024663774757 0.230775164112 0.0277312473898 0.97226875261 0.124983536561
0.219983480564 0.652249873965 0.243112617843 0.756887382157 0.438739432705
0.904341070415 0.0889637670647 0.423101742404 0.576898257596 0.500145364392
0.410978709128 0.368920693458 0.156687419039 0.843312580961 0.391708327748
0.988791895416 0.829251959109 0.853232142182 0.146767857818 0.919729873819
0.228416528842 0.88507138638 0.428346376377 0.571653623623 0.561481837449
0.348939821523 0.325781555434 0.117155636192 0.882844363808 0.338213612076
0.205687222993 0.243722953171 0.0524102564865 0.947589743514 0.223620736709
0.0532455857291 0.633282960093 0.2071431993 0.7928568007 0.34430398404
0.602116171716 0.418485980915 0.275876872896 0.724123127104 0.514118603381
0.796757200804 0.838374917741 0.685567376391 0.314432623609 0.826722590393
0.182192952275 0.800721843192 0.34577976836 0.65422023164 0.495062233863
0.199428922571 0.00340325341487 0.0205374343115 0.979462565689 0.0981692767028
0.936146059855 0.831507405734 0.803299567639 0.196700432361 0.894107207107
0.683905035334 0.927238395337 0.68037889421 0.31962110579 0.814549433812
0.869468851935 0.827414298388 0.738218340484 0.261781659516 0.858119648154
0.470861897936 0.760127439522 0.410015500385 0.589984499615 0.621195679813
0.00381532930815 0.236350029004 0.028739489864 0.971260510136 0.117218552815
0.865307247301 0.267303916116 0.420398613221 0.579601386779 0.571032198862
0.44083198735 0.615289292735 0.293960038522 0.706039961478 0.532235275873
0.760356724197 0.53494990966 0.443141477896 0.556858522104 0.653837429799
0.227854708223 0.78838311696 0.34536195482 0.65463804518 0.5120033845
0.808767614313 0.595004061008 0.516781118163 0.483218881837 0.709008336088
0.48326711993 0.0596074288191 0.121757082979 0.878242917021 0.271095199986
0.450380692658 0.266825745565 0.14079347512 0.85920652488 0.359800507491
0.325493149198 0.918177941201 0.486508929088 0.513491070912 0.627688745191
0.973571342236 0.487167074208 0.607300147985 0.392699852015 0.737945358375
0.452064697819 0.844693653631 0.470623425037 0.529376574963 0.654662728908
0.23027963034 0.955179397284 0.494843758974 0.505156241026 0.598098561556
0.282855493376 0.864611527894 0.424304952184 0.575695047816 0.5787543163
0.257921530236 0.283998065064 0.0757526452474 0.924247354753 0.270672713797
0.311623991293 0.990503573897 0.552656735916 0.447343264084 0.657433956516
0.840802158157 0.904998549245 0.781951976538 0.218048023462 0.883015838752
0.368497493023 0.372297881911 0.140998116965 0.859001883035 0.371825043775
0.501148100998 0.134834324388 0.138315351415 0.861684648585 0.318461319415
0.349515004999 0.665725123817 0.290061532037 0.709938467963 0.511461565943
0.11118817275 0.118911856601 0.0137427174339 0.986257282566 0.112067349121
0.231489702058 0.309563733911 0.0768935252818 0.923106474718 0.270239465051
0.716591514815 0.520366187762 0.402171775929 0.597828224071 0.624163142205
0.68955292181 0.593166792406 0.4242393652 0.5757606348 0.647453405944
0.0251918983501 0.246328297623 0.0315536654691 0.968446334531 0.133165162099
0.283006819307 0.495580173825 0.167265995221 0.832734004779 0.391076592514
0.319158996568 0.624819442833 0.252613098647 0.747386901353 0.475213792787
0.0592461776266 0.861039864313 0.381789297655 0.618210702345 0.463232738677
0.0837934709547 0.555477151339 0.161940043582 0.838059956418 0.320251647821
0.744349147406 0.796265664616 0.608983221615 0.391016778385 0.778649095204
0.77864976504 0.711243899233 0.570082698797 0.429917301203 0.752833694738
0.917849220579 0.236928947379 0.460480872654 0.539519127346 0.582295485395
0.66991282958 0.688193137221 0.47293836368 0.52706163632 0.685813722066
0.517336054711 0.641585214441 0.34844083088 0.65155916912 0.584516033262
0.837460073814 0.655762821486 0.579879331231 0.420120668769 0.754510992211
0.647648468273 0.807135224816 0.549004055978 0.450995944022 0.735007388721
0.405796121126 0.198903270865 0.104996799385 0.895003200615 0.30257204602
0.947129504558 0.459862098731 0.568064655977 0.431935344023 0.710607651009
0.862176145629 0.641498592489 0.591898535951 0.408101464049 0.759821698939
0.728469624291 0.906521382459 0.693145771623 0.306854228377 0.826669999934
0.120346452692 0.0109084426993 0.0075803999507 0.992419600049 0.0617746409709
0.435425858042 0.669414474914 0.327148371172 0.672851628828 0.557023930701
0.137230771028 0.452387462804 0.114804808865 0.885195191135 0.294974625859
0.658954340253 0.30588328435 0.270757801494 0.729242198506 0.485730908868
0.801933481178 0.148572862256 0.340974458404 0.659025541596 0.478399273443
0.401542934567 0.909630820755 0.506856146284 0.493143853716 0.662011162963
0.805043681213 0.894573121764 0.742227378878 0.257772621122 0.859528585592
0.243246587932 0.511873210284 0.164935886363 0.835064113637 0.379148204491
0.372075655005 0.813842658417 0.410638653353 0.589361346647 0.598292359428
0.141011573108 0.850126198512 0.380692219325 0.619307780675 0.499257476279
0.282356421186 0.0995940594174 0.04619709816 0.95380290184 0.189277232792
0.631190052688 0.630740130921 0.408333715673 0.591666284327 0.636892583458
0.0591589514569 0.604919113954 0.189500654253 0.810499345747 0.332880032563
0.43168367818 0.960831886751 0.568761180019 0.431238819981 0.703387530165
0.862786483333 0.504997714622 0.512267989023 0.487732010977 0.690683543313
0.627789178647 0.602367537401 0.388220716477 0.611779283523 0.620727929736
0.161316599582 0.201821145011 0.0344519714929 0.965548028507 0.179739784123
0.741629965692 0.490054572819 0.405167843674 0.594832156326 0.62147323614
0.549310640114 0.927540219697 0.595681946137 0.404318053863 0.746262310813
0.646076587045 0.648951021393 0.430004752569 0.569995247431 0.65372760619
0.633655500086 0.880136297934 0.602896030342 0.397103969658 0.7650332916
0.43058338367 0.987854336502 0.595235674155 0.404764325845 0.716576436473
0.040842613168 0.170205059852 0.0158198915303 0.98418010847 0.102393730787
0.857717062614 0.00154653413283 0.376947143667 0.623052856333 0.431961373162
0.916693216792 0.52000368772 0.569233953534 0.430766046466 0.725729584984
0.717199003936 0.122791660771 0.271492803056 0.728507196944 0.42219526504
0.218221356139 0.245915528955 0.0556914455694 0.944308554431 0.231109822908
0.845321807799 0.0818418773479 0.369632487069 0.630367512931 0.466510863576
0.0100438061927 0.433493441857 0.0965027410061 0.903497258994 0.220687745119
0.7945782308 0.958990750053 0.794795323115 0.205204676885 0.886981156958
0.240393589828 0.604151427468 0.216985376483 0.783014623517 0.42464650324
0.787408512569 0.546106873175 0.47074968186 0.52925031814 0.673269557134
0.43634038393 0.388504567708 0.175303316266 0.824696683734 0.414568457966
0.882599223704 0.175811755384 0.415053169823 0.584946830177 0.533275987351
0.233408403646 0.240050384747 0.057751990494 0.942248009506 0.235848322148
0.553074876854 0.682433823577 0.395734047855 0.604265952145 0.62347190772
0.459708438963 0.814658009035 0.448673094859 0.551326905141 0.643268093422
0.679128927555 0.971532583385 0.720108156444 0.279891843556 0.834656668048
0.570255717381 0.727601743937 0.438235000982 0.561764999018 0.655188692815
0.197696455853 0.0316415421093 0.0207119584371 0.979288041563 0.111655317013
0.0662387899734 0.331650244709 0.0588157260677 0.941184273932 0.197447179905
0.745145903407 0.0342291071249 0.285227933381 0.714772066619 0.391347553892
0.891148707086 0.289455316079 0.449951494779 0.550048505221 0.595442595805
0.492900261066 0.417022949315 0.214004143915 0.785995856085 0.457838414971
0.0690390740376 0.736878719373 0.280846640158 0.719153359842 0.405042048096
0.0827123916746 0.772792484823 0.309688833569 0.690311166431 0.43026697119
0.335213692433 0.381306897237 0.132469218689 0.867530781311 0.359483951025
0.643162694012 0.83766110688 0.571749944069 0.428250055931 0.748257258653
0.747406360889 0.115586842688 0.29325356519 0.70674643481 0.433889933225
0.626501651385 0.787011448788 0.518781793129 0.481218206871 0.714015806419
0.053433434323 0.109410701383 0.00769775164256 0.992302248357 0.0778653379289
0.161782209525 0.145164871173 0.0244280435426 0.975571956457 0.151151134689
0.134501681191 0.87541171942 0.402108931332 0.597891068668 0.508811915561
0.531162791561 0.643835271511 0.357347333312 0.642652666688 0.592691648168
0.954463619587 0.239863553848 0.496275648576 0.503724351424 0.602406813738
0.14508981273 0.705163570439 0.265837367119 0.734162632881 0.427577590152
0.248415452847 0.872128486662 0.421598164957 0.578401835043 0.565066156315
0.968840093549 0.303108904984 0.528040436909 0.471959563091 0.641894971567
0.647891403365 0.782717710735 0.529286010668 0.470713989332 0.722707850158
0.0761649560894 0.212851707736 0.0263647547408 0.973635245259 0.142052628107
0.0714950869006 0.287563661775 0.0451917452305 0.954808254769 0.177689744541
0.367995677156 0.866365231496 0.45427910366 0.54572089634 0.622939986018
0.432806132173 0.112259859483 0.102744311847 0.897255688153 0.272224346525
0.514956687899 0.109678869636 0.142335846014 0.857664153986 0.312684410529
0.824191288929 0.0569109456526 0.349790225274 0.650209774726 0.443081798418
0.611170357949 0.246289980725 0.222804792738 0.777195207262 0.431113251299
0.681352694736 0.699575434632 0.488941658654 0.511058341346 0.697421896766
0.296120060486 0.519032795907 0.183354309744 0.816645690256 0.409676775702
0.002496244775 0.636260896581 0.207573325249 0.792426674751 0.320013263104
0.164994898857 0.634293245191 0.220395886951 0.779604113049 0.401642049947
0.774569925696 0.398976035308 0.389234558262 0.610765441738 0.591884400516
0.356474541654 0.581994481906 0.239068277533 0.760931722467 0.472400234656
0.256592252809 0.472061588192 0.148289671824 0.851710328176 0.365679180567
0.151323304661 0.497901206555 0.139062128308 0.860937871692 0.32529696687
0.82576144693 0.637224099286 0.557644569241 0.442355430759 0.739130213787
0.567026492124 0.806742758873 0.498538468756 0.501461531244 0.693811775035
0.0429926452544 0.640895844565 0.211595154222 0.788404845778 0.342963667571
0.624343251337 0.175054065423 0.215726999761 0.784273000239 0.401568415562
0.258087123025 0.0085244995161 0.0343573379614 0.965642662039 0.130602297432
0.933018186275 0.291235898555 0.48956274874 0.51043725126 0.617638969447
0.166280001305 0.515574008496 0.150684410088 0.849315589912 0.341893899749
0.947458479698 0.010999578884 0.459908685113 0.540091314887 0.482403998516
0.375843230857 0.0 0.0726022833785 0.927397716621 0.186143713904
0.384852657572 0.700092959211 0.32740644223 0.67259355777 0.546916178614
0.117220674922 0.381506251871 0.0818849077523 0.918115092248 0.248736844857
0.672105753855 0.352952572152 0.295620802733 0.704379197267 0.516366119363
0.170219876886 0.490713001156 0.138548621982 0.861451378018 0.33124860071
0.37472949366 0.0820823155574 0.075684322725 0.924315677275 0.227338979075
0.748750261126 0.154465750095 0.299684267417 0.700315732583 0.454353995476
0.440276927905 0.415528183349 0.188208332066 0.811791667934 0.430319168651
0.191531296972 0.596127388108 0.201208313215 0.798791686785 0.395717785852
0.7675169274 0.226747166825 0.328401057887 0.671598942113 0.500671890165
0.459442224687 0.29993014673 0.15464171554 0.84535828446 0.381251016998
0.266856469205 0.576873679151 0.20737418091 0.79262581909 0.4242244747
0.416889925764 0.114397754768 0.0960637127304 0.90393628727 0.265218734449
0.642210815557 0.481527051086 0.330496149335 0.669503850665 0.566580409046
0.378726364774 0.903121477161 0.491689194664 0.508310805336 0.647097228686
0.597118247277 0.756122278896 0.475963362097 0.524036637903 0.683358769136
0.72373339067 0.922030501949 0.704145720953 0.295854279047 0.832152328634
0.424096422801 0.196613428182 0.112314717419 0.887685282581 0.310712653173
0.497301666739 0.938778660355 0.578541944041 0.421458055959 0.725533826774
0.150921670437 0.876152512939 0.405187976766 0.594812023234 0.5175383098
0.213021508071 0.484002297318 0.143630847057 0.856369152943 0.349598798385
0.999332193231 0.40918433971 0.597482405598 0.402517594402 0.711368819615
0.336001813324 0.85376135594 0.431629343324 0.568370656676 0.600258678486
0.837500227819 0.612982466543 0.552112552702 0.447887447298 0.732765748878
0.925768535306 0.0995509646543 0.444196451263 0.555803548737 0.516427663065
0.580121537242 0.736626801135 0.450814274791 0.549185725209 0.664797162452
0.678072257579 0.243661917983 0.266301704349 0.733698295651 0.463795488157
0.0565329302146 0.227298756495 0.0282743525894 0.971725647411 0.139420151866
0.39026223353 0.0672920475128 0.080633425815 0.919366574185 0.227712363526
0.997022533049 0.296244152996 0.554276349784 0.445723650216 0.652732995551
0.846853532005 0.688627120038 0.610604813635 0.389395186365 0.776008126085
0.904790737512 0.15668251049 0.432080851577 0.567919148423 0.534827758658
0.667231431618 0.98242829106 0.72280829196 0.27719170804 0.834150327041
0.669969983554 0.0401991961732 0.231005359218 0.768994640782 0.356158358707
0.0258320716368 0.439387678759 0.099447791219 0.900552208781 0.231714864025
0.560411208684 0.933222257003 0.607403812989 0.392596187011 0.754797793278
0.309697593738 0.00894352849426 0.0493981455636 0.950601854436 0.157059197196
0.675347698969 0.203852112951 0.255268867563 0.744731132437 0.442155747607
0.495560222439 0.633134347584 0.331625491924 0.668374508076 0.56914350722
0.692471680958 0.469270809001 0.358866038253 0.641133961747 0.585902153548
0.553625871902 0.0286951337465 0.157702649229 0.842297350771 0.291144864309
0.789186068607 0.218148889864 0.343701525389 0.656298474611 0.507315951673
0.562080733761 0.60197911836 0.347947955388 0.652052044612 0.587117842993
0.868421014905 0.686607118025 0.628112931715 0.371887068285 0.785947369892
0.94644236081 0.0965221727433 0.463694777631 0.536305222369 0.52539923673
1.0 0.190609715648 0.5309260076 0.4690739924 0.600502650804
0.235591392816 0.927947534499 0.469858471131 0.530141528869 0.586944624471
0.319133111812 0.508330585457 0.184984104237 0.815015895763 0.415933776847
0.819990674297 0.593151849606 0.525008663039 0.474991336961 0.713772852325
0.423152514771 0.516505777374 0.228858746454 0.771141253546 0.472986555857
0.336242522974 0.510545422874 0.191890988521 0.808109011479 0.425760698895
0.944943361233 0.736216751742 0.735266104743 0.264733895257 0.850098902972
0.132716807535 0.281915385121 0.050003994197 0.949996005803 0.20594701882
0.297049264511 0.405836395934 0.129989481332 0.870010518668 0.352557545059
0.571965841744 0.353881175438 0.23217292548 0.76782707452 0.465917846937
0.509260734984 0.541537195893 0.283560113895 0.716439886105 0.529507634446
0.194131299166 0.441541690755 0.119539648697 0.880460351303 0.318390225699
0.674220978063 0.254960061019 0.266526463656 0.733473536344 0.467585364248
0.330100847417 0.390985231894 0.134556184639 0.865443815361 0.361808205082
0.415495807089 0.985484443088 0.586299834981 0.413700165019 0.707698719881
0.384499881397 0.762570893852 0.37406745671 0.62593254329 0.578524130777
0.398131807175 0.778763597134 0.392316944444 0.607683055556 0.593694383052
0.293898295304 0.00733403028105 0.0444912238529 0.955508776147 0.148206444639
0.480601321864 0.153407528489 0.130735677542 0.869264322458 0.317462988002
0.911583569367 0.138125844874 0.435581060486 0.564418939514 0.528840680084
0.328502691132 0.991054127109 0.558756892653 0.441243107347 0.66629681327
0.242519910024 0.0685309015047 0.0327683210697 0.96723167893 0.153216313396
0.0471185601909 0.00275482023896 0.0011626891031 0.998837310897 0.0203901896635
0.419631210281 0.114692802637 0.0972736627812 0.902726337219 0.266762779681
0.608806459548 0.568887478739 0.35611466181 0.64388533819 0.594041412402
0.190864198607 0.937103836625 0.468801113711 0.531198886289 0.568859550298
0.286471462968 0.496573636648 0.168783452563 0.831216547437 0.393343800309
0.197795457324 0.852848018959 0.392965159993 0.607034840007 0.529516642447
0.112720542402 0.670391185173 0.237036828743 0.762963171257 0.393426561698
0.0649239758125 0.246153794177 0.0333868203873 0.966613179613 0.153279973159
0.703271367037 0.789084570405 0.572715886285 0.427284113715 0.754107640819
0.532454227869 0.288520643978 0.188294278439 0.811705721561 0.412572420958
0.632218343761 0.459669616625 0.313434843456 0.686565156544 0.550378718777
0.467668224823 0.411088023934 0.199069126515 0.800930873485 0.441988476941
0.284378204702 0.260647297045 0.0765917320169 0.923408267983 0.272245487418
0.441010817971 0.100351487756 0.105113370259 0.894886629741 0.270337688898
0.210395041574 0.841038228166 0.385365143011 0.614634856989 0.529914927923
0.701649705825 0.0270323772107 0.252785660977 0.747214339023 0.365568389431
0.703744959323 0.0735063601235 0.256719425593 0.743280574407 0.390278711535
0.801375504973 0.624467754628 0.529094351673 0.470905648327 0.720239929775
0.0183179034559 0.0572432468916 0.00187993401447 0.998120065986 0.0334676360611
0.628144783289 0.844814204137 0.568137763351 0.431862236649 0.744260045671
0.177858422219 0.99536168021 0.523976062262 0.476023937738 0.591886419679
0.455125641768 0.86817632279 0.492642101725 0.507357898275 0.668166648468
0.204890668065 0.636598671553 0.229485526829 0.770514473171 0.423101828868
0.469846698227 0.16426908869 0.127272889427 0.872727110573 0.317520419307
0.106241833442 0.365165647887 0.0743633599951 0.925636640005 0.234840426317
0.946620624937 0.827796309494 0.810236987995 0.189763012005 0.897545358943
0.796351494539 0.401577297885 0.407813946192 0.592186053808 0.604283699353
0.137995496222 0.580337133863 0.182612997643 0.817387002357 0.36046133768
0.673998203741 0.0539411258888 0.234449283061 0.765550716939 0.365198269783
0.450372119236 0.587032349376 0.280913521406 0.719086478594 0.522709909419
0.929067762839 0.419891673744 0.532704824752 0.467295175248 0.681087297564
0.000969787603941 0.397295487229 0.0810276222163 0.918972377784 0.197656957339
0.042026639014 0.391406130245 0.0795979491694 0.920402050831 0.215537824235
0.646033791916 0.0390532711312 0.214831904579 0.785168095421 0.343403885531
0.86198936867 0.197273473404 0.400767118956 0.599232881044 0.533715191615
0.0745976145863 0.464410451784 0.113598284375 0.886401715625 0.26924294954
0.789899156951 0.746829157423 0.605685526104 0.394314473896 0.776658924844
0.431697156777 0.954589548517 0.562645314054 0.437354685946 0.700218425734
0.15861670525 0.115285022778 0.0199014427554 0.980098557245 0.134339308862
0.61361606151 0.646784162615 0.407631733123 0.592368266877 0.636119117427
0.453795360056 0.888619963423 0.51041255095 0.48958744905 0.677891460352
0.237704919226 0.556903372369 0.188223764693 0.811776235307 0.399240600893
0.457777924933 0.930216724384 0.551010895364 0.448989104636 0.701080053913
0.232402755922 0.820410745094 0.372822307419 0.627177692581 0.530610968819
0.348769972772 0.424567563533 0.155092947119 0.844907052881 0.388387295458
0.919407587981 0.339885123661 0.492407600572 0.507592399428 0.635469645163
0.803320550643 0.471268476566 0.444693523476 0.555306476524 0.643284705259
0.330055461397 0.504355882486 0.186558386249 0.813441613751 0.419465508177
0.174287862212 0.913692050315 0.443502312012 0.556497687988 0.548519174049
0.572421642613 0.807170984065 0.502040374247 0.497959625753 0.696773057519
0.53481125868 0.276916405512 0.186216817012 0.813783182988 0.40786699136
0.807021079446 0.835912874606 0.691880905009 0.308119094991 0.830689098579
0.793619332092 0.680247166338 0.560038301376 0.439961698624 0.744675231297
0.0703996220468 0.328985403043 0.0582085134327 0.941791486567 0.198207135327
0.524780671502 0.178583978882 0.157782586894 0.842217413106 0.352737201005
0.403448511295 0.859145014591 0.46191875982 0.53808124018 0.63729412274
0.136329620362 0.97129439527 0.493025061068 0.506974938932 0.558524316977
0.232866007063 0.313487589708 0.0784755396182 0.921524460382 0.272935678019
0.330932130383 0.879154133121 0.452427084388 0.547572915612 0.610600027507
0.0847892921339 0.991531932111 0.507477103134 0.492522896866 0.542612670362
0.629006898669 0.884395441345 0.603739065479 0.396260934521 0.764836451605
0.765824363344 0.89295636517 0.709217041303 0.290782958697 0.838763158687
0.37632978541 0.674914092625 0.306349459085 0.693650540915 0.529771905247
0.696362495336 0.534123839322 0.394973536943 0.605026463057 0.620876347775
0.00349000439052 0.473909984047 0.115243205266 0.884756794734 0.237918172317
0.0664796211762 0.622060957834 0.200752946901 0.799247053099 0.345323938584
0.295320745438 0.905366134588 0.464938260434 0.535061739566 0.605827851907
0.710194093527 0.926354444264 0.698300396801 0.301699603199 0.827467575421
0.313467946372 0.365255010176 0.119091336966 0.880908663034 0.340259499291
0.759417919473 0.160951663588 0.308970416953 0.691029583047 0.463078338647
0.196643305488 0.827793156981 0.371169765138 0.628830234862 0.516183440079
0.320886853221 0.489429511972 0.175897105212 0.824102894788 0.407209115153
0.0458497343508 0.731644401094 0.275520879822 0.724479120178 0.390587265473
0.776819379564 0.762248405174 0.607113880309 0.392886119691 0.777852871925
0.117447379481 0.943349154199 0.463159054742 0.536840945258 0.534704880391
0.332205070575 0.975068375394 0.543919606341 0.456080393659 0.660046274546
0.381084994829 0.942593875991 0.529910581756 0.470089418244 0.668379231583
0.291554420371 0.717171726313 0.307441506542 0.692558493458 0.508163701331
0.50592171205 0.682573706745 0.370257188195 0.629742811805 0.599565890932
0.783216432341 0.296151666494 0.359481616942 0.640518383058 0.543966436918
0.76362770854 0.779484460447 0.610321618861 0.389678381139 0.779914271479
0.482534853674 0.184818263753 0.137149167587 0.862850832413 0.334427241066
0.6994785257 0.916374151841 0.681151798976 0.318848201024 0.816941010785
0.263026201866 0.37166058629 0.106590488201 0.893409511799 0.317869094129
0.0899556827595 0.49226540273 0.12856279986 0.87143720014 0.291224421577
0.0310025016385 0.279616688344 0.0407102325287 0.959289767471 0.153056197662
0.821582562626 0.969985792026 0.827989664986 0.172010335014 0.906306770882
0.905376175967 0.633826239893 0.625959747449 0.374040252551 0.777885216121
0.610291401592 0.788206824453 0.509481173142 0.490518826858 0.706381142199
0.270752697487 0.38006189115 0.111944803755 0.888055196245 0.326072375525
0.39059751274 0.1127800574 0.0849934452889 0.915006554711 0.251026105683
0.544563504297 0.959111929108 0.62352014674 0.37647985326 0.75991137241
0.777817221695 0.773566574039 0.616809454033 0.383190545967 0.784118694673
0.690573246979 0.0095101288967 0.244550711776 0.755449288224 0.35102113939
0.389506359331 0.237796039739 0.107076113599 0.892923886401 0.314076517633
0.430035954684 0.67619138916 0.329428615494 0.670571384506 0.557731125728
0.855186695491 0.498544970852 0.502268896244 0.497731103756 0.683536075394
0.85267700625 0.789971078045 0.692409043779 0.307590956221 0.830530815154
0.999091204684 0.491266940116 0.63511234921 0.36488765079 0.753008018732
0.949056526281 0.6594313906 0.68436733697 0.31563266303 0.813123802936
0.981936839488 0.1912749753 0.512740030021 0.487259969979 0.591656078421
0.815397864838 0.294132880422 0.385199140341 0.614800859659 0.559303448131
0.616099819821 0.767970859851 0.497002183735 0.502997816265 0.6990391047
0.89618362949 0.383821103396 0.487133302283 0.512866697717 0.646013976691
0.726155680108 0.736514731834 0.548388836641 0.451611163359 0.738997892063
0.707036192448 0.352531234898 0.320128513844 0.679871486156 0.53391373387
0.0444295766518 0.546302557403 0.154135104926 0.845864895074 0.29556745045
0.995624413298 0.486707729462 0.629289671647 0.370710328353 0.748925548275
0.0569319010365 0.664128576731 0.227852828449 0.772147171551 0.361872000776
0.236545691799 0.594651607385 0.210209306802 0.789790693198 0.417856573118
0.654801265511 0.749055278684 0.507488697999 0.492511302001 0.709094814176
0.674577956862 1.0 0.745689465847 0.254310534153 0.846826085952
0.594554650789 0.180024339754 0.198043021336 0.801956978664 0.388949798739
0.752408614051 0.392600054495 0.369327905797 0.630672094203 0.577371514173
0.952094152746 0.131850216243 0.473339877421 0.526660122579 0.546247245845
0.748145074146 0.775499197047 0.595168387456 0.404831612544 0.770013806529
0.0874820656931 0.755722201061 0.296747518555 0.703252481445 0.42400736229
0.0493709386295 0.700025416594 0.252513072157 0.747486927843 0.37629077036
0.413366580328 0.0798651880067 0.0911058212918 0.908894178708 0.245857751715
0.157057523445 0.696883277252 0.261753859953 0.738246140047 0.429450297865
0.239304310731 0.873710179563 0.420730350197 0.579269649803 0.561237907843
0.11402766188 0.273691888252 0.0452811859479 0.954718814052 0.192259740575
0.619646386807 0.969063953536 0.678104975964 0.321895024036 0.803154063934
0.673598526145 0.688441676072 0.475648506275 0.524351493725 0.687814334133
0.224351167865 0.937270820568 0.476106922793 0.523893077207 0.585972491021
0.661997606631 0.781726307208 0.53795120239 0.46204879761 0.729376391901
0.330878852695 0.796387532057 0.381397434386 0.618602565614 0.568463191431
0.866525016155 0.423381693807 0.476749145873 0.523250854127 0.651060215735
0.284986713788 0.492451797856 0.166259317026 0.833740682974 0.390491714736
0.549401007596 0.992504313536 0.659596395932 0.340403604068 0.779360500328
0.882300639312 0.422935297839 0.490673076372 0.509326923628 0.658854937799
0.860865724493 0.346902616221 0.441548961011 0.558451038989 0.609271692568
0.740834073069 0.703614774865 0.535145433636 0.464854566364 0.729723051145
0.812423074732 0.0702538606117 0.340812117048 0.659187882952 0.443886279462
0.911351286936 0.931553227391 0.870176710324 0.129823289676 0.93240018423
0.913978677515 0.766581292499 0.729182283235 0.270817716765 0.849802271978
0.814260918072 0.0836661466591 0.343408635056 0.656591364944 0.451644677994
0.332569727173 0.560800516039 0.218214838714 0.781785161286 0.449461734177
0.720985868009 0.510747596984 0.400323929927 0.599676070073 0.621503934391
0.101727486079 0.080973900378 0.00879303217951 0.99120696782 0.0879546694209
0.182641362234 0.660141696612 0.240689492012 0.759310507988 0.42376630048
0.439320224101 0.175357870766 0.114988746064 0.885011253936 0.307639553004
0.319677072831 0.686942908523 0.294521510667 0.705478489333 0.507084224096
0.583336148453 0.582633427346 0.3486757532 0.6513242468 0.588083489017
0.0156907701984 0.729108315574 0.272639121782 0.727360878218 0.373961256922
0.343379495807 0.239639711925 0.0901969901273 0.909803009873 0.291559219432
0.931369087722 0.645157465156 0.657811616836 0.342188383164 0.796867569521
0.906928618652 0.310283350698 0.470876731376 0.529123268624 0.614063439891
0.971776851366 0.778151208413 0.794102525168 0.205897474832 0.885078907799
0.990316566766 0.0587746216202 0.504143017164 0.495856982836 0.528503999509
0.524302379276 0.313895506622 0.191722296502 0.808277703498 0.421337387193
0.935710109228 0.107854136917 0.454552928956 0.545447071044 0.525707374859
0.29867057376 0.835234434653 0.403453694599 0.596546305401 0.57184982827
0.890350018511 0.569239896382 0.572350906523 0.427649093477 0.737384430862
0.456447851983 0.0569189288328 0.108683454262 0.891316545738 0.256089867941
0.0226895590393 0.541372707202 0.150616390273 0.849383609727 0.282004548371
0.700808916949 0.266275385813 0.288267219523 0.711732780477 0.48686219665
0.19583387891 0.78822983057 0.338266839239 0.661733160761 0.495642938778
0.40241810627 0.462361193724 0.192929602537 0.807070397463 0.434895676391
0.0872290677261 0.283203264051 0.0452101642091 0.954789835791 0.183471937506
0.829283101627 0.0951614607013 0.35710430855 0.64289569145 0.465131946813
0.957604549934 0.0658665671374 0.471998629664 0.528001370336 0.515478295337
0.291666164822 0.856270675553 0.419552572951 0.580447427049 0.57899087171
0.958035229826 0.757163588114 0.76403305043 0.23596694957 0.867413332102
0.329855824147 0.0405380162316 0.0568348910404 0.94316510896 0.183384121939
0.927642833056 0.101974048993 0.446225626426 0.553774373574 0.518613545225
0.460474259696 0.0837486542323 0.112526551947 0.887473448053 0.271787627061
0.969964703368 0.919579336502 0.915249254119 0.0847507458812 0.956112819627
0.305228835638 0.919060747975 0.480783607892 0.519216392108 0.617833578714
0.169389725063 0.80888935966 0.350196139397 0.649803860603 0.492707291319
0.0554944489855 0.54242150685 0.152548657648 0.847451342352 0.299219302195
0.0528445784535 0.0272026236933 0.00185570452494 0.998144295475 0.0357403264571
0.464438741892 0.284749212072 0.152454016397 0.847545983603 0.37606801431
0.131600817237 0.250000352506 0.0411422718941 0.958857728106 0.189141907276
0.162475502789 0.480525418333 0.132152771369 0.867847228631 0.322127411006
0.0835946557375 0.0840267041949 0.00731414098292 0.992685859017 0.0802873978272
0.127114382428 0.565750457688 0.17256186887 0.82743813113 0.347506971419
0.853029611689 0.864775500697 0.756101229237 0.243898770763 0.868768884733
0.697143015364 0.0559756712544 0.250810358926 0.749189641074 0.378002439148
0.328004993575 0.495504630613 0.181331898604 0.818668101396 0.413919540361
0.556871266465 0.643111220744 0.371195157716 0.628804842284 0.605395919217
0.464254508338 0.684956901574 0.351218426154 0.648781573846 0.579590807729
0.147865955423 0.433305128485 0.107705691874 0.892294308126 0.290673919248
0.449016890951 0.841829779342 0.466743110414 0.533256889586 0.651655858502
0.592004964291 0.662444416133 0.404792425364 0.595207574636 0.63309754243
0.824389749236 0.697837152589 0.59793255678 0.40206744322 0.76927123987
0.198604164993 0.403537856806 0.103982709709 0.896017290291 0.301329181813
0.00124922025059 0.221756483817 0.0252982431756 0.974701756824 0.108488836721
0.22898706214 0.0243996078161 0.0273589793256 0.972641020674 0.123881929057
0.129584193052 0.554457427397 0.16640810452 0.83359189548 0.343017225451
0.17754233253 0.759573580926 0.312041205508 0.687958794492 0.471762123039
0.625815798276 0.98951066747 0.702542371618 0.297457628382 0.816694001909
0.0344413418659 0.499192594668 0.12848634332 0.87151365668 0.266520008615
0.345163273691 0.0951710235079 0.065969022436 0.934030977564 0.2189639143
0.508582803911 0.954964769276 0.600048473572 0.399951526428 0.739505357868
0.214101337554 0.1499861169 0.0352722031141 0.964727796886 0.180208130435
0.0132205511678 0.873206575876 0.390833921517 0.609166078483 0.446019044304
0.402101243886 0.344766711266 0.144150340515 0.855849659485 0.374905182918
0.223175420025 0.540021651528 0.175297556537 0.824702443463 0.383263380002
0.604114252799 0.775394025176 0.495380990097 0.504619009903 0.696721230171
0.509311981221 0.31200603288 0.183179844694 0.816820155306 0.412753511965
0.883082073079 0.771728512426 0.704826234622 0.295173765378 0.83671026569
0.446888990457 0.0814306492329 0.106013282709 0.893986717291 0.263700227074
0.0265886876964 0.891064226917 0.407253880977 0.592746119023 0.461902248015
0.30338135729 0.80515121017 0.379639126877 0.620360873123 0.558939588614
0.71300814117 0.504916543342 0.391433822441 0.608566177559 0.614480587729
0.371121962986 0.72930645748 0.34347121294 0.65652878706 0.554797334699
0.533724368579 0.0743010450453 0.149058693033 0.850941306967 0.30422827313
0.0823590032238 0.23606996143 0.0322244002842 0.967775599716 0.157015188953
0.198750154344 0.45403604131 0.126206781892 0.873793218108 0.32709573258
0.519453469428 0.543619479072 0.29008827042 0.70991172958 0.535750014902
0.241082271884 0.273119446381 0.068329356732 0.931670643268 0.256575230508
0.292674043831 0.894489366943 0.454116083364 0.545883916636 0.598948165842
0.868368768132 0.490262922754 0.509699204686 0.490300795314 0.686025388185
0.802632607882 0.542403083211 0.481072914101 0.518927085899 0.679126542401
0.333313961591 0.913361997307 0.484635009297 0.515364990703 0.629215353842
0.248643979695 0.461624041803 0.141234213044 0.858765786956 0.356327133351
0.32548755216 0.953774869957 0.520625170078 0.479374829922 0.645796798434
0.570544449196 0.96739255375 0.646524245882 0.353475754118 0.777335565223
0.147440307307 0.543801369735 0.162961794241 0.837038205759 0.346675427248
0.994696629927 0.98112122709 1.0 0.0 1.0
0.333972835234 0.564402921894 0.22077095947 0.77922904053 0.452008030043
0.543942546986 0.25266452903 0.18467219033 0.81532780967 0.400171415655
0.596656164766 0.646275660293 0.396785239286 0.603214760714 0.627236366916
0.616352323679 0.664671166513 0.421369746683 0.578630253317 0.646610991773
0.132516048529 0.0423885498606 0.0100502887519 0.989949711248 0.0839791843996
0.240575637345 0.00130277160661 0.0298320099151 0.970167990085 0.118023531361
0.126419600457 0.377132180704 0.081340205673 0.918659794327 0.25118903294
0.00793979115215 0.925654780886 0.439078622282 0.560921377718 0.470018241448
0.408782036548 0.459913880802 0.194418744659 0.805581255341 0.436886571617
0.587619474119 0.171928370945 0.192380992712 0.807619007288 0.38130424767
0.618697180835 0.611735405905 0.388244240895 0.611755759105 0.620870843275
0.366268559235 0.0202589139392 0.0691854167723 0.930814583228 0.191582303475
0.639027425411 0.628768413208 0.412158448165 0.587841551835 0.639874689889
0.0896395767923 0.163213436515 0.0179340246567 0.982065975343 0.123649604424
0.796116392622 0.962098009888 0.799103803773 0.200896196227 0.889344208178
0.853399967912 0.670473625819 0.603664341178 0.396335658822 0.770100880549
0.365559194784 0.627521819916 0.270638014577 0.729361985423 0.500183005925
0.386822378881 0.323273832965 0.130609986891 0.869390013109 0.356200861717
0.572718297673 0.281750561001 0.209102177614 0.790897822386 0.429602068594
0.264060395464 0.289325983408 0.0789643797566 0.921035620243 0.27650502338
0.492294170785 0.207311300947 0.146552410061 0.853447589939 0.350833753221
0.148930468917 0.985422572923 0.509030947086 0.490969052914 0.572119887625
0.876675076824 0.821782778261 0.739901495785 0.260098504215 0.858918795197
0.636662285784 0.763441870036 0.506639016353 0.493360983647 0.707190786286
0.440650070625 0.552190026477 0.256141241632 0.743858758368 0.500039315369
0.860786935235 0.168967578831 0.394381521263 0.605618478737 0.518702370594
0.445587332058 0.221589789303 0.127254788128 0.872745211872 0.334348088776
0.777753498701 0.903444310793 0.72828802688 0.27171197312 0.850165099592
0.712445784739 0.930408365133 0.703794096095 0.296205903905 0.830675092716
0.780840706767 0.430140423845 0.407469673874 0.592530326126 0.610928791049
0.684368969247 0.909359768091 0.663891332135 0.336108667865 0.805689107573
0.756709069267 0.694342239016 0.540674573117 0.459325426883 0.733077766843
0.165533905593 0.690835706012 0.258863198713 0.741136801287 0.430683637293
0.120840254907 0.783490933086 0.322226802142 0.677773197858 0.455097954019
0.818138127839 0.99626328573 0.851552799116 0.148447200884 0.917924675192
0.243746612479 0.535153299993 0.177549036326 0.822450963674 0.391246839525
0.109870220869 0.467827030432 0.118597676597 0.881402323403 0.288917198292
0.137829753408 0.976803481907 0.498731857861 0.501268142139 0.562090025004
0.785519316786 0.396967376374 0.397157581085 0.602842418915 0.596430160365
0.564608886649 0.210591865468 0.18640058904 0.81359941096 0.389274558152
0.716119536554 0.246549180046 0.294181184457 0.705818815543 0.484611342197
0.743758855109 0.287054092431 0.32592308891 0.67407691109 0.519273788113
0.905043210289 0.33716687529 0.478054185872 0.521945814128 0.626782437176
0.863148113272 0.244268600403 0.41244226489 0.58755773511 0.558214449016
0.666628484303 0.0932811431161 0.232385020361 0.767614979639 0.38146609513
0.330630070469 0.405772459244 0.140774507305 0.859225492695 0.369600714236
0.231365950861 0.290322650932 0.0709441161534 0.929055883847 0.260387117239
0.194850213497 0.540605647343 0.169536066903 0.830463933097 0.369157255178
0.272458744584 0.882924232989 0.437728419068 0.562271580932 0.582784696754
0.852475650434 0.590262062429 0.551059938025 0.448940061975 0.728821068857
0.69063255021 0.443649304356 0.345577657014 0.654422342986 0.571931330527
0.893028362576 0.320599435026 0.461411813729 0.538588186271 0.612243804731
0.740930112697 0.59972761791 0.465867503362 0.534132496638 0.676916488823
0.208468977576 0.559701229595 0.183123217006 0.816876782994 0.385797732897
0.91380298134 0.918380062002 0.859988844589 0.140011155411 0.926944656706
0.0692205363558 0.383532536388 0.0780488327363 0.921951167264 0.225359903129
0.827855660548 0.786414271803 0.668191543222 0.331808456778 0.816099643907
0.0325504791605 0.437545315043 0.0988282950959 0.901171704904 0.234193793695
0.979170303122 0.761788870755 0.788579219362 0.211420780638 0.880513665562
0.887979292643 0.117155564103 0.411090652931 0.588909347069 0.506168807626
0.0848116885732 0.413886365477 0.091701288121 0.908298711879 0.248731269196
0.0712969421042 0.72429796833 0.271597016743 0.728402983257 0.399789367502
0.641583956166 0.574374890495 0.380311991912 0.619688008088 0.613500500671
0.776063324036 0.765776720178 0.609273918823 0.390726081177 0.779263546457
0.438912329777 0.124863972592 0.10701056447 0.89298943553 0.281742005444
0.687989706172 0.118014746256 0.24989069827 0.75010930173 0.404912075558
0.936463973152 0.216989261778 0.473496716643 0.526503283357 0.581616155037
0.197698358992 0.322484016664 0.073629562154 0.926370437846 0.259630252069
0.0494405930085 0.716561281825 0.264513340242 0.735486659758 0.384739257544
0.234288073463 0.275736057401 0.0674074813916 0.932592518608 0.254451680721
0.322009291393 0.818408820902 0.396636875012 0.603363124988 0.575156982488
0.240282117193 0.810114312034 0.366138096673 0.633861903327 0.529379002392
0.285822584702 0.993502922142 0.547795068727 0.452204931273 0.645840049164
0.285261673362 0.41179048373 0.128962832714 0.871037167286 0.349592907542
0.976776447561 0.250376340877 0.520968112179 0.479031887821 0.619101457435
0.661423403848 0.150401639457 0.236011595585 0.763988404415 0.40788092947
0.128883738934 0.166114261356 0.0228544157181 0.977145584282 0.145080968954
0.164473862638 0.276487879285 0.0533102990051 0.946689700995 0.21933395763
0.686055997041 0.223375930515 0.267014039076 0.732985960924 0.45753414188
0.929388897971 0.517247945059 0.579761784362 0.420238215638 0.730783226967
0.503845958376 0.797723705233 0.456477387006 0.543522612994 0.657096051931
0.898807379805 0.172913447591 0.429308334237 0.570691665763 0.54004317421
0.799389219117 0.351239192446 0.390868640311 0.609131359689 0.580217498285
0.529473779469 0.310451201702 0.193410507644 0.806589492356 0.422214639265
0.633931613857 0.44888669369 0.309525043323 0.690474956677 0.545763806031
0.733458948901 0.402799738307 0.359074744817 0.640925255183 0.572925053815
0.793371197221 0.509061687121 0.455547199238 0.544452800762 0.657453817876
0.754268518759 0.85653352391 0.667598735187 0.332401264813 0.814355955665
0.699307286727 0.785112818629 0.566668122656 0.433331877344 0.750071186614
0.197984218832 0.862921121281 0.401853326618 0.598146673382 0.534737589856
0.23460850818 0.397653884074 0.109580248369 0.890419751631 0.316643608895
0.868609974445 0.0140433189831 0.386679301142 0.613320698858 0.443858449995
0.752517720319 0.239666408948 0.319824750736 0.680175249264 0.499617869903
0.0938679967736 0.753861816092 0.29590876448 0.70409123552 0.426308060286
0.381768837109 0.753165719683 0.365694284114 0.634305715886 0.572350269752
0.760343358381 0.182229374032 0.313442485903 0.686557514097 0.474374530541
0.190793213465 0.643462660286 0.231118437978 0.768881562022 0.419425572181
0.749682075753 0.783115441315 0.602425637343 0.397574362657 0.774670335441
0.807476312445 0.117777917136 0.341319693671 0.658680306329 0.465550019457
0.543552979652 0.576951384017 0.322342907645 0.677657092355 0.564963021813
0.13204230885 0.877952092097 0.404051708232 0.595948291768 0.508853818299
0.18644888317 0.533455710182 0.16395465547 0.83604534453 0.361247490298
0.857615939608 0.314740566345 0.427779549256 0.572220450744 0.591255878737
0.890144006221 0.398861555476 0.487646825611 0.512353174389 0.650595090023
0.172488851899 0.891321023547 0.422505813217 0.577494186783 0.536222520545
0.251179569423 0.995264579552 0.540040521561 0.459959478439 0.629120512295
0.965742623683 0.113106017405 0.484369127715 0.515630872285 0.543650818338
0.509731543934 0.237737242675 0.162453440486 0.837546559514 0.375180604126
0.587086866574 0.121784260154 0.184486976387 0.815513023613 0.355521247742
0.900922064319 0.419767680397 0.506296565981 0.493703434019 0.666712243194
0.87511846526 0.732000618131 0.667068002773 0.332931997227 0.812448164938
0.90695641437 0.989879983687 0.923467842344 0.0765321576564 0.959840723219
0.643058313788 0.374540627845 0.284115078433 0.715884921567 0.512579124804
0.15790668458 0.938245289638 0.463983625978 0.536016374022 0.552681537991
0.986007106659 0.879321413346 0.89422285022 0.10577714978 0.94378800813
