(0.177824201583, 0.145153748023)
(0.56763112226, 0.512337594822)
(0.515501752475, 0.255268705829)
(0.296748630811, 0.136607564447)
(0.186647068568, 0.147125033107)
(0.482494799038, 0.249954354643)
(0.462710357438, 0.256708284342)
(0.34269330734, 0.232413226855)
(0.132848054967, 0.10649031763)
(0.468039443551, 0.306777964537)
(0.564828528014, 0.402583172239)
(0.2325985701, 0.124647491185)
(0.431018147682, 0.236367493811)
(0.476076194329, 0.364423218926)
(0.309999683568, 0.176687842761)
(0.32791035173, 0.173597063974)
(0.612023420927, 0.324894441254)
(0.354462093625, 0.274350234744)
(0.369195412854, 0.177096361264)
(0.740581031084, 0.448609963646)
(0.559297173642, 0.345966545334)
(0.726337250678, 0.500289414861)
(0.147748276532, 0.231651094432)
(0.663384667694, 0.400157085487)
(0.408839371082, 0.296824958859)
(0.451135773499, 0.277827097152)
(0.0919309235283, 0.103783873067)
(0.212999644479, 0.140675408073)
(0.385674691836, 0.214502774429)
(0.464060467041, 0.444191917467)
(0.442633061181, 0.477754921108)
(0.589154698611, 0.258621965748)
(0.487032184851, 0.398937501585)
(0.398625444478, 0.34576629551)
(0.55532564259, 0.449691598459)
(0.409758264613, 0.183128449958)
(0.380453564854, 0.20344722217)
(0.592794906811, 0.369806505442)
(0.395529375121, 0.231549046555)
(0.676119502073, 0.587384881074)
(0.69187657169, 0.532331999588)
(0.550978736394, 0.492510425902)
(0.416734037715, 0.228671836066)
(0.175445998408, 0.0910187261561)
(0.561463181283, 0.452530020503)
(0.463744655558, 0.236729511865)
(0.542134153492, 0.312867193202)
(0.354537168654, 0.365572622091)
(0.706483318143, 0.43039781608)
(0.391273055324, 0.221271357578)
(0.26153099699, 0.246004695175)
(0.171667428792, 0.17359033081)
(0.375558797087, 0.226103123309)
(0.255126042286, 0.211247577602)
(0.343449021264, 0.201019919153)
(0.437502520598, 0.2681638524)
(0.645823315574, 0.3918312728)
(0.411885804057, 0.292132694473)
(0.457424703159, 0.287656549627)
(0.363005755959, 0.395273331549)
(0.533159275085, 0.281236141924)
(0.342607684581, 0.177554623586)
(0.218007955471, 0.234763931822)
(0.602291587688, 0.446633042949)
(0.354048250286, 0.170235113212)
(0.163357677911, 0.147292555662)
(0.194786194385, 0.160476217753)
(0.543149837968, 0.421418217448)
(0.434933837804, 0.398060506801)
(0.410792562733, 0.20188848966)
(0.22173502734, 0.149389589053)
(0.233253770349, 0.091472143565)
(0.568596549899, 0.471701376373)
(0.515920559452, 0.471900360648)
(0.302628060316, 0.19781107492)
(0.0951796247614, 0.201043550156)
(0.182727655717, 0.100203726375)
(0.268704074713, 0.220397082032)
(0.175655091669, 0.116184401398)
(0.391399007645, 0.178564791972)
(0.282825005072, 0.168909664644)
(0.900796105529, 0.591806674614)
(0.319449209882, 0.303954413225)
(0.261671219771, 0.103010567988)
(0.26638977838, 0.097489500381)
(0.130791867823, 0.0880767532618)
(0.626795828807, 0.369771464358)
(0.373947476021, 0.282130301112)
(0.171497424182, 0.100478211148)
(0.350024601032, 0.314184266777)
(0.14769739924, 0.0963021890409)
(0.283281659791, 0.134495205617)
(0.475443950907, 0.329054851214)
(0.10057944272, 0.0758563738297)
(0.230045398676, 0.312508783654)
(0.212332035135, 0.16673137643)
(0.240814011854, 0.232963056528)
(0.210579870834, 0.133963351192)
(0.566303969484, 0.51760260761)
(0.240622911782, 0.167844759673)
(0.491565847935, 0.263598503301)
(0.422400030775, 0.357392539923)
(0.169234005141, 0.156233385991)
(0.345103774164, 0.220484734025)
(0.323199238578, 0.230352332099)
(0.268933642982, 0.22201499062)
(0.563045961429, 0.395201074421)
(0.393113944659, 0.241284953856)
(0.282507952679, 0.130120031238)
(0.584295296767, 0.37176879283)
(0.227805556917, 0.141946742757)
(0.31874561416, 0.228946320839)
(0.104735248843, 0.0998015356157)
(0.44435110047, 0.256634831093)
(0.282525945868, 0.185727161746)
(0.219179374098, 0.21917012212)
(0.283429328029, 0.193617937693)
(0.177816135671, 0.14617002687)
(0.556306581598, 0.319858965048)
(0.263776422842, 0.176109606599)
(0.269613040967, 0.182073472235)
(0.238836002013, 0.184644142671)
(0.585792454153, 0.358042361225)
(0.335652386486, 0.26292390416)
(0.645128406219, 0.37624338542)
(0.0915487233833, 0.0512654942395)
(0.287653384178, 0.153838998381)
(0.254544676157, 0.132118338549)
(0.136555892738, 0.0911157118388)
(0.608507303683, 0.350913529561)
(0.170077823643, 0.118084052057)
(0.410381821668, 0.149978088459)
(0.22115614303, 0.198954248912)
(0.205569078023, 0.11385374807)
(0.149612743148, 0.133840727542)
(0.723748092877, 0.562470801017)
(0.357365822, 0.227185094117)
(0.194921453527, 0.171895201469)
(0.523159405381, 0.306860939615)
(0.375879572209, 0.208099817841)
(0.213038733131, 0.227199322003)
(0.386389455743, 0.227958755332)
(0.58302398492, 0.333269829762)
(0.274599636041, 0.19928306485)
(0.0832668929672, 0.0522360633383)
(0.521616334341, 0.26349032482)
(0.254905780839, 0.226107800225)
(0.47115909019, 0.462104515711)
(0.431776963879, 0.310887889263)
(0.821499502705, 0.501335751025)
(0.510022516304, 0.260855227972)
(0.336671793691, 0.153308933638)
(0.112748422339, 0.0826742953762)
(0.366030473016, 0.189051085621)
(0.568852797724, 0.377106992301)
(0.522385698269, 0.285017488136)
(0.146061880437, 0.153990790078)
(0.120044350108, 0.0949502916641)
(0.17599261907, 0.121228756588)
(0.278548830722, 0.208795615458)
(0.195311719584, 0.203829005154)
(0.298453640549, 0.241939095937)
(0.324403541308, 0.205593573816)
(0.238709429237, 0.313111056241)
(0.256783897461, 0.245006579715)
(0.232313781355, 0.104308450052)
(0.216587734478, 0.168542920389)
(0.290631567126, 0.153948897117)
(0.466707327137, 0.388527953839)
(0.324451936781, 0.210429729754)
(0.516711639297, 0.322891931876)
(0.557507782054, 0.213993789449)
(0.424539979314, 0.465826428279)
(0.23747038104, 0.147434034829)
(0.188406057872, 0.157462709003)
(0.248693787572, 0.1703937075)
(0.44113652425, 0.196999624243)
(0.348863730137, 0.224271241002)
(0.130950083792, 0.116399640667)
(0.379331162155, 0.150986921869)
(0.2575092091, 0.204824470805)
(0.407127536342, 0.18094137233)
(0.218275371482, 0.135316059411)
(0.207808919782, 0.184439858778)
(0.231883806192, 0.181617523729)
(0.203824979634, 0.145102521374)
(0.585680772292, 0.232680454329)
(0.416290412547, 0.231839548896)
(0.280796117939, 0.216736016511)
(0.263680872806, 0.106335925409)
(0.240341225311, 0.144935048103)
(0.220487292776, 0.187966178295)
(0.249846592555, 0.154714944898)
(0.884335440191, 0.618288968726)
(0.151230268762, 0.209557866592)
(0.168586870805, 0.0787902785836)
(0.488199260294, 0.473608640465)
(0.224916719457, 0.315819982616)
(0.176721032983, 0.128263014954)
(0.316487779212, 0.139699776779)
(0.143812111401, 0.135167777652)
(0.150563900328, 0.120699957393)
(0.0569986989063, 0.0198470032771)
(0.375654967578, 0.321476636211)
(0.2233066393, 0.243726247336)
(0.386087294265, 0.178617640306)
(0.309178821893, 0.251119132531)
(0.654304932429, 0.339154398254)
(0.19173976141, 0.16733181005)
(0.539067865964, 0.234603113289)
(0.685569648841, 0.707906241826)
(0.134859569367, 0.0829068177616)
(0.149099627045, 0.150198459349)
(0.271725689496, 0.144213493807)
(0.190702981471, 0.162491452045)
(0.669848565602, 0.41476528736)
(0.261490046975, 0.262331944102)
(0.129113537641, 0.209263448893)
(0.633562508648, 0.288438397694)
(0.269614281876, 0.219099585247)
(0.246199559353, 0.197046292688)
(0.315685531181, 0.367116533154)
(0.522319930062, 0.561109688663)
(0.114478250268, 0.0659955089206)
(0.22680662472, 0.112655886778)
(0.777204615439, 0.523197029897)
(0.281998559304, 0.20886968241)
(0.170009573617, 0.104782680657)
(0.466313958806, 0.268440057427)
(0.452354346689, 0.294940801635)
(0.667276780535, 0.501589037322)
(0.774022302868, 0.55561618756)
(0.253638191722, 0.174305844071)
(0.664239654382, 0.493490160693)
(0.330979121076, 0.310079711098)
(0.249830460731, 0.124149006873)
(0.262018674448, 0.178383664232)
(0.212168855528, 0.190367536493)
(0.370597020204, 0.224314112801)
(0.394979031731, 0.487902184862)
(0.488198019384, 0.294098847935)
(0.331987360095, 0.223248753123)
(0.392299907987, 0.263935387379)
(0.485310422834, 0.214654902119)
(0.523888439749, 0.20749415403)
(0.454630174826, 0.244266575323)
(0.639260144901, 0.335595183472)
(0.692940031184, 0.527290818342)
(0.266020607785, 0.117776553307)
(0.224831096697, 0.178047640282)
(0.523859898829, 0.284648479351)
(0.750939523652, 0.4300729155)
(0.427737803255, 0.304124180169)
(0.604220581602, 0.54385860851)
(0.0843787479347, 0.0627001102458)
(0.516593752889, 0.321757636867)
(0.387964169977, 0.195312899036)
(0.520752040831, 0.216256506429)
(0.301872346392, 0.244195465032)
(0.344329446598, 0.293351704957)
(0.540172275474, 0.324093876523)
(0.370981081713, 0.224662881808)
(0.633347831293, 0.338807082935)
(0.519723326804, 0.297808322298)
(0.239796466014, 0.140505759841)
(0.285222442346, 0.1338660788)
(0.09859646924, 0.0756748406691)
(0.262181854055, 0.182560665179)
(0.574346924809, 0.285809460593)
(0.355485223559, 0.21902133637)
(0.141405367306, 0.177727396475)
(0.752480733328, 0.644478397395)
(0.0841677933091, 0.0537517359097)
(0.307615275845, 0.410908984926)
(0.648541527969, 0.396362965076)
(0.132692941272, 0.127377448039)
(0.6386825015, 0.267931903432)
(0.364515942896, 0.108066214546)
(0.486304391393, 0.326989111545)
(0.368574958073, 0.274723830875)
(0.43120738639, 0.280660506286)
(0.349830398686, 0.164420844168)
(0.540927989398, 0.515474468636)
(0.103869714423, 0.144109705532)
(0.411191515157, 0.17134728019)
(0.313306707551, 0.238205179729)
(0.131389986232, 0.103743532364)
(0.109577898408, 0.0841010504055)
(0.0866440283399, 0.036271979302)
(0.624627339347, 0.413470133533)
(0.10013954028, 0.0549617486979)
(0.56246211348, 0.341063620027)
(0.368987560502, 0.289453341565)
(0.178424801811, 0.122063482132)
(0.232829999733, 0.154109617081)
(0.131901240972, 0.0712275077319)
(0.217056177837, 0.140474179409)
(0.340235065498, 0.277889635312)
(0.276843200529, 0.124966568013)
(0.360710693724, 0.257647243867)
(0.726852848601, 0.387131058987)
(0.304823849785, 0.118552676193)
(0.131164140692, 0.10871429545)
(0.186620389013, 0.163366706431)
(0.453502188034, 0.300451151293)
(0.180196820666, 0.137395216124)
(0.452918340085, 0.209266098702)
(0.603721115503, 0.502294979471)
(0.185690947751, 0.109725155967)
(0.256039972179, 0.128425475315)
(0.328187695017, 0.281614246974)
(0.55446134908, 0.29284009031)
(0.452311535309, 0.389687096115)
(0.155876234162, 0.0704699827978)
(0.73998353313, 0.69386257236)
(0.231061703608, 0.164909757367)
(0.341542984177, 0.187850643947)
(0.591684913208, 0.312382699353)
(0.297477044724, 0.332297233557)
(0.808222390848, 0.466070074035)
(0.688931893299, 0.640247638702)
(0.279933065338, 0.120255873674)
(0.485488493356, 0.253112377648)
(0.38468506646, 0.338406395149)
(0.34926640529, 0.171240031264)
(0.263718100093, 0.141515977512)
(0.237162015014, 0.132495682042)
(0.186747582243, 0.18024839252)
(0.60271101512, 0.310083339747)
(0.262444306428, 0.267085510241)
