(0.365982077543, 0.236009391115)
(0.381265119707, 0.224416299533)
(0.370018135893, 0.258046547393)
(0.306883139203, 0.273803796295)
(0.523612337371, 0.239956114064)
(0.215925088772, 0.102688583785)
(0.931859174137, 0.884799248751)
(0.198203659318, 0.139385000589)
(0.276863675537, 0.130531318262)
(0.38590239874, 0.267383052599)
(0.636344007431, 0.545915923902)
(0.194395307873, 0.11217002881)
(0.233782397822, 0.166780190694)
(0.172300292669, 0.101920578325)
(0.480941180266, 0.349807067623)
(0.291858206228, 0.263344930295)
(0.188721248901, 0.123523389993)
(0.359266274994, 0.194190706239)
(0.494547133158, 0.196173757539)
(0.182300782828, 0.0992182171169)
(0.209912261489, 0.160636630865)
(0.438522548257, 0.201819337048)
(0.330136543484, 0.166944322025)
(0.257587386402, 0.321534497455)
(0.233848786484, 0.184973789594)
(0.407018956755, 0.225996853222)
(0.479829325299, 0.295090803649)
(0.344329446598, 0.293351704957)
(0.781442321593, 0.69223382711)
(0.201207901368, 0.21946119788)
(0.198233441148, 0.208632769818)
(0.527711682109, 0.292454154544)
(0.543440210806, 0.258675219504)
(0.363678328942, 0.263014037966)
(0.295289321167, 0.153443036796)
(0.784576859146, 0.4757810355)
(0.386579935361, 0.131200429645)
(0.319443625789, 0.144843599463)
(0.364699597511, 0.179055564279)
(0.299225486297, 0.205116594832)
(0.51717139629, 0.292419924303)
(0.111174949014, 0.101498622635)
(0.264118913881, 0.275954587433)
(0.358663192947, 0.267545848954)
(0.315685531181, 0.243513846016)
(0.402881764276, 0.214706484905)
(0.262314631379, 0.25379819873)
(0.400200779167, 0.482295037661)
(0.231513394688, 0.170227549062)
(0.2255322106, 0.124527902624)
(0.336196525329, 0.137125526979)
(0.250786581549, 0.159115134541)
(0.332876471796, 0.192612446222)
(0.352418315577, 0.267075603133)
(0.406274411018, 0.475284054162)
(0.250472010975, 0.204531585221)
(0.369026028699, 0.248487545621)
(0.155152163433, 0.172508765423)
(0.16695755655, 0.0912762145207)
(0.551859161728, 0.329468382626)
(0.320392921604, 0.181099966618)
(0.666491905237, 0.527796391955)
(0.145499127951, 0.104128083871)
(0.443410491022, 0.270212308951)
(0.218414973808, 0.153265439136)
(0.328779608878, 0.207369601844)
(0.206424685166, 0.111560429498)
(0.501192824316, 0.203109003116)
(0.416829587751, 0.157680430084)
(0.420580857357, 0.162672629069)
(0.263718100093, 0.141515977512)
(0.500134948915, 0.453437527309)
(0.464604605884, 0.249431043207)
(0.268468922351, 0.217159475174)
(0.163978753146, 0.115363428892)
(0.446631892244, 0.212157012944)
(0.281336534053, 0.167098763531)
(0.815329079909, 0.649585172032)
(0.746279908247, 0.556342062635)
(0.32997646615, 0.147089418605)
(0.554432187705, 0.286408272527)
(0.169083855084, 0.125085919149)
(0.527426893364, 0.272319417446)
(0.326524876204, 0.3094796829)
(0.674697419715, 0.549718804584)
(0.209448161313, 0.148400975279)
(0.423143335602, 0.223340439187)
(0.375383828839, 0.201415999452)
(0.357325492439, 0.461839413912)
(0.212436271538, 0.142398845332)
(0.435506517567, 0.240829460056)
(0.414249736772, 0.16749928332)
(0.407242940931, 0.156645365146)
(0.539794418513, 0.408689209173)
(0.191004522495, 0.163157864334)
(0.658870859162, 0.376297954009)
(0.432505377792, 0.225844131971)
(0.0873308717824, 0.07974027191)
(0.261543406086, 0.156509066885)
(0.290727117162, 0.157300654063)
(0.379619053174, 0.241134378424)
(0.570730293891, 0.433094017542)
(0.219691249292, 0.118394319329)
(0.555038992481, 0.276223653875)
(0.229803421312, 0.132435576409)
(0.327721733476, 0.178934472745)
(0.516033482222, 0.324827651742)
(0.572402419525, 0.249833401963)
(0.399773906278, 0.176494563527)
(0.61861513252, 0.324769503789)
(0.611538845743, 0.491519330316)
(0.222123432033, 0.221665242773)
(0.65546518287, 0.399130207401)
(0.214676113298, 0.0894455283349)
(0.171359683221, 0.163214222605)
(0.289329232541, 0.158282583958)
(0.198136650202, 0.123317484415)
(0.225199646837, 0.166288963681)
(0.338231617011, 0.149751033689)
(0.661579144281, 0.427335701348)
(0.253638191722, 0.174305844071)
(0.30656608681, 0.163281486965)
(0.745783544422, 0.402613872401)
(0.250206456328, 0.169435289896)
(0.474121761769, 0.439749429442)
(0.257615927322, 0.136350076082)
(0.272425562489, 0.173814330349)
(0.469603610054, 0.268393675691)
(0.267872044851, 0.20849129065)
(0.749654561801, 0.5657395336)
(0.112336440364, 0.142733317025)
(0.312985311974, 0.181647433191)
(0.518537017263, 0.22586200865)
(0.480375325506, 0.306010987202)
(0.419484513759, 0.200020251435)
(0.295971200971, 0.144934306688)
(0.20013761687, 0.085249810725)
(0.138258420657, 0.0945042502652)
(0.226265588151, 0.108766738363)
(0.236810217153, 0.131111798812)
(0.465769819963, 0.247778666954)
(0.17399661604, 0.15998549473)
(0.437743257053, 0.194084554864)
(0.352554195174, 0.174168230978)
(0.332094078318, 0.272391457292)
(0.244922042959, 0.296265033938)
(0.466002490505, 0.360371917002)
(0.698774167489, 0.525105559539)
(0.256881929317, 0.234026409242)
(0.360129948049, 0.327302483332)
(0.235294446123, 0.16229089537)
(0.656440537785, 0.421002302793)
(0.481012532566, 0.312313714737)
(0.143787913665, 0.141032363932)
(0.17640273968, 0.112988568788)
(0.265997650958, 0.160614334838)
(0.137016270186, 0.109806697498)
(0.523159405381, 0.306860939615)
(0.241115552878, 0.194154350322)
(0.658738081839, 0.511121995706)
(0.64290159401, 0.523414345556)
(0.794501653822, 0.501478901162)
(0.391311523521, 0.291861789065)
(0.716164894544, 0.504639860686)
(0.36110468251, 0.22877089814)
(0.431018147682, 0.236367493811)
(0.311373990908, 0.282474581343)
(0.757357507906, 0.481292531994)
(0.730157390764, 0.454094892618)
(0.171284608192, 0.132592549012)
(0.500162248925, 0.282166341178)
(0.175024089157, 0.252775018722)
(0.287807877418, 0.210295339888)
(0.189571271951, 0.140982402832)
(0.253859694079, 0.166750063951)
(0.452531176302, 0.575051953097)
(0.400161690516, 0.309449081308)
(0.595178073624, 0.499988362567)
(0.554821212853, 0.425300612556)
(0.232829999733, 0.154109617081)
(0.264012816114, 0.217198955748)
(0.264951564198, 0.254073494346)
(0.113928527332, 0.0839414772782)
(0.375533358441, 0.166482361628)
(0.238523292803, 0.226788608397)
(0.312960493783, 0.152511473423)
(0.424365631521, 0.23969695473)
(0.545046568234, 0.445038241231)
(0.613531126045, 0.41144780994)
(0.349708789549, 0.245855721285)
(0.794622642505, 0.597182970399)
(0.424723013474, 0.26190366067)
(0.889563392175, 0.724343458916)
(0.394549056567, 0.169476441441)
(0.338272567026, 0.166059615238)
(0.347308870456, 0.170658907868)
(0.338816705869, 0.217908239837)
(0.415731382789, 0.1652023361)
(0.493377575896, 0.244787019668)
(0.686059187663, 0.457617652914)
(0.364081004094, 0.207903483376)
(0.579609001806, 0.465345513794)
(0.288267634411, 0.232372431446)
(0.244293522266, 0.261289167161)
(0.717729681502, 0.540444837538)
(0.402677634653, 0.23021299875)
(0.198110591101, 0.186432747758)
(0.325118305215, 0.287751053497)
(0.205326480203, 0.285068813355)
(0.398513762618, 0.213110516208)
(0.135713935601, 0.224494667122)
(0.218857358066, 0.0696410115784)
(0.264370818523, 0.16782585487)
(0.729290615435, 0.416770397264)
(0.813538447411, 0.48029171744)
(0.369333153815, 0.176738901413)
(0.109574175679, 0.120387495019)
(0.435554292585, 0.229721821021)
(0.624746466665, 0.511196447937)
(0.103392584697, 0.0633982709629)
(0.826120029459, 0.530530837585)
(0.520729704459, 0.38313726217)
(0.500916721939, 0.272319368161)
(0.5787775924, 0.37252204627)
(0.100039647061, 0.0951178142198)
(0.457424703159, 0.287656549627)
(0.462501884631, 0.225389518441)
(0.292534501939, 0.173158468013)
(0.738184214265, 0.58436631013)
(0.553655378319, 0.480172632869)
(0.270763364131, 0.189017596796)
(0.234745964097, 0.310376778607)
(0.401006129473, 0.388700845441)
(0.295459946231, 0.140093207268)
(0.282525945868, 0.185727161746)
(0.0956573749427, 0.0662822146163)
(0.881582482328, 0.595319290379)
(0.422783471829, 0.327962735875)
(0.112398485842, 0.119602829145)
(0.117852283367, 0.110972167517)
(0.350517242128, 0.142828345029)
(0.391547916792, 0.197779613201)
(0.263574775039, 0.145931730018)
(0.620078785348, 0.650747369539)
(0.684416843858, 0.416224769658)
(0.311993825234, 0.222910128648)
(0.37623012916, 0.245978721214)
(0.306316663988, 0.205792390094)
(0.440123321592, 0.413023301435)
(0.485310422834, 0.214654902119)
(0.200963442184, 0.256141478403)
(0.252450020816, 0.193079231391)
(0.602712876484, 0.339086343194)
(0.0868394715959, 0.0665481071152)
(0.551850475361, 0.333762609034)
(0.202242199487, 0.124680218453)
(0.294268052597, 0.227698973294)
(0.141798115182, 0.11924513187)
(0.262838295214, 0.291090441665)
(0.454551377068, 0.276557789574)
(0.260331657899, 0.198719175286)
(0.572976960653, 0.377504911567)
(0.246947827819, 0.205898017335)
(0.278189587404, 0.143340078388)
(0.476793440056, 0.374309791229)
(0.241513264393, 0.308702393036)
(0.539549959329, 0.427351481493)
(0.64470153333, 0.428628758642)
(0.325892012327, 0.211471409144)
(0.2852944151, 0.276983136488)
(0.148934586073, 0.105996322095)
(0.585792454153, 0.358042361225)
(0.390720850569, 0.160675251312)
(0.589896762529, 0.325211056411)
(0.332609055786, 0.163684349713)
(0.380617364916, 0.295131263063)
(0.273513840175, 0.151739552605)
(0.0959862159766, 0.0919169194151)
(0.332342880685, 0.267622209579)
(0.206183328256, 0.246057138088)
(0.27226610561, 0.232574470952)
(0.289084152902, 0.135448778307)
(0.0867724624795, 0.0992647869928)
(0.242826146709, 0.189644360512)
(0.244594442835, 0.209636471606)
(0.41017707159, 0.21514462616)
(0.260617067098, 0.132158728536)
(0.51414109514, 0.425843827777)
(0.814451756849, 0.462344295394)
(0.534252516409, 0.477741434637)
(0.454272792872, 0.205817593498)
(0.475241682649, 0.313262798652)
(0.29471229822, 0.183951805706)
(0.509058329574, 0.205239337193)
(0.27803075098, 0.178064063271)
(0.23922750898, 0.18206062861)
(0.396265854946, 0.33420714746)
(0.259310389329, 0.18468916029)
(0.31564396071, 0.132999871394)
(0.747296833633, 0.441601818095)
(0.427737803255, 0.304124180169)
(0.341025524889, 0.26168398191)
(0.313526348543, 0.15883673441)
(0.396137420807, 0.38345547887)
(0.386401864839, 0.184557301521)
(0.203166056656, 0.182382543386)
(0.421686507776, 0.334488770818)
(0.398056487444, 0.20600435685)
(0.618908607631, 0.38985156344)
(0.373476550842, 0.338903257776)
(0.686541901483, 0.455838144093)
(0.386926149129, 0.236726169926)
(0.424050440492, 0.219763229014)
(0.173484120391, 0.193179559013)
(0.0818981697204, 0.163465363084)
(0.408876598369, 0.329968132487)
(0.170009573617, 0.104782680657)
(0.128820682984, 0.108891389119)
(0.290526710268, 0.328904443778)
(0.146522257885, 0.0787727580419)
(0.335300588625, 0.27623028847)
(0.0820092311262, 0.0906492133799)
(0.333803431239, 0.153466835796)
(0.112333958545, 0.0724694570881)
(0.906760537339, 0.469416719502)
(0.181296266537, 0.146263957322)
(0.207821328878, 0.182495714634)
(0.599529943458, 0.460402178357)
(0.11571915983, 0.201589919178)
(0.433365948573, 0.211487209431)
