0.02826769310586874
0.0996895414198341
0.09722415106915239
0.14004907349377904
0.17555728107491086
0.20527915219011483
0.21750448560483082
0.2245028090907325
0.2436793341534973
0.21851444212861537
0.1646725045017956
0.17209563620548307
0.18695673573792437
0.2005205614566441
0.20675220208492917
0.21923723403239181
0.22432030807723613
0.20986940095059958
0.22058255407416272
0.2306078002417017
0.2180472465914587
0.19572099387865283
0.2021071088578128
0.2082527400904981
0.19770275151410643
0.1929422218770912
0.18315029395306104
0.19046228923525998
0.18683811485029733
0.1917221684182595
0.1964540333050221
0.19256137749453262
0.1941797380577046
0.20024331348453805
0.20610746093054544
0.1886490663103516
0.1751400442080394
0.1797838724009102
0.18514368562763217
0.1903659966347322
0.19543802928325849
0.1967443253703688
0.20122303612508508
0.2042376916227444
0.20623419034009338
0.21079010850298263
0.21282878289082752
0.19765944813597147
0.19166501043356188
0.19553904861271731
0.1902157898899689
0.19194436029741424
0.1959123811508181
0.19950014502682345
0.20051550051752554
0.2039929802559317
0.20495516007034664
0.20027148606428613
0.19565589408923656
0.19913977359334234
0.1947853407254475
0.19788748648889698
0.20028087804289108
0.20115950134040705
0.2044037607619572
0.20642621814705053
0.20867822473071174
0.20466119674160188
0.19731414632580702
0.19341027405470024
0.18626725407910072
0.1875296134161144
0.1860581467613709
0.18679985557807477
0.1875341506996019
0.19031504215431017
0.19304617385416478
0.1957357422381134
0.1968857543614393
0.19346835369992177
0.19605641217580927
0.19715768162811598
0.19586138957512755
0.19660145991406075
0.1972632080977319
0.19135257040280274
0.19199870571506772
0.19440761053606637
0.18869654002606862
0.19071217582813615
0.1913221852323458
0.19237498119433316
0.19335290186495668
0.1901978603853387
0.1911509777878586
0.19261169827640545
0.18981400458382536
0.1919059934206444
0.19323873943389624
