-0.0565353862117
-0.214265544942
0.00986156140273
-0.214124612123
-0.213049245487
-0.208053097806
-0.0978026673177
-0.0629849113731
-0.191765250628
0.276813812274
0.646103251522
-0.0965007121479
-0.208055393454
-0.203457385781
-0.0997062500526
-0.212245543107
-0.0914953328072
0.274567235406
-0.214263062471
-0.210530169518
0.276332180305
0.513503812395
-0.1532667595
-0.153640780817
0.274299702986
0.128534300199
0.274173981873
-0.212047863184
0.108725231549
-0.151405660607
-0.151419676376
0.128457641746
-0.0550242591478
-0.212225139939
-0.211109308056
0.645960600947
0.513342839888
-0.181109299522
-0.214392529069
-0.214114751291
-0.213025371238
-0.0561707317457
-0.197063273208
-0.135659497395
-0.0918389409981
-0.214128153656
-0.0978563706166
0.743297402988
0.29972188512
-0.197575947137
0.276809453583
-0.0916142315946
-0.214273126084
-0.19732701318
-0.0568599074793
-0.198216345089
-0.0558064292361
0.276336766358
0.276935518503
-0.21251664975
0.269974837809
-0.195435183097
-0.153177059456
-0.0571105143385
-0.214121121822
-0.135504644801
-0.153136447689
0.277174931249
0.514293529106
0.277174931249
0.514297438243
-0.092152231602
0.108888532451
-0.0556281612528
-0.0558064292361
-0.214128642013
-0.213028272589
-0.212475902332
-0.0920009698661
0.276809453583
-0.212220795023
-0.0914053645415
0.108888532451
-0.0629059788093
-0.0569103437957
0.514225479459
-0.0568599074793
-0.214392529069
0.5139963459
-0.183422857988
-0.0561208651873
-0.0979100244648
-0.0919245430386
0.299728940564
-0.0914992706419
-0.141689887389
0.274173981873
-0.207106894845
-0.133274601325
