-0.335808456644
-0.19046154783
-0.0997028526717
0.148625962713
0.148936738013
0.385780383964
0.146781881923
0.149093850117
0.147301590507
0.149211256915
-0.263224606958
-0.184330482659
-0.0189167393553
-0.0192740315505
0.142224268441
0.146454019716
0.146918812693
-0.280897021613
0.000807323543752
0.149189695653
0.147181134174
0.386480398108
-0.0189947306082
0.000883854693682
0.521082327986
-0.341984826219
-0.328385131836
-0.340763368156
0.00080031929526
0.000793325274436
0.147301590507
-0.335759251073
0.142136593023
0.147301590507
-0.269127986398
0.385367265859
0.149194016474
0.000737679589103
0.146705400148
-0.227399847548
0.00045310644171
-0.219420273418
0.000654037195638
0.146454019716
-0.260582088129
0.146705400148
-0.251494642256
0.149450784208
0.146847273249
0.582851845436
0.00037657051447
-0.341837198728
0.146847273249
0.636950320339
-0.219558903155
-0.319796701752
0.146961901114
-0.183840827344
-0.340571421724
0.161749955821
-0.183526391393
0.000626501719827
0.146732813996
-0.190740684225
-0.194390556045
0.000626501719827
0.523465740067
-0.219530342543
-0.219165517974
-0.0188387104437
-0.219165517974
0.147301590507
0.148729092932
0.147170583423
-0.280553589543
0.148616804201
0.172008978407
-0.251494642256
0.00080031929526
-0.22554948731
0.625757544875
-0.341835636298
0.149450784208
0.40056855654
-0.263343817618
0.521340242413
-0.18334812341
0.499612269941
-0.262221433577
-0.182918053441
-0.324639102995
-0.225672555787
-0.00335976130601
-0.183916356652
0.148972204168
0.149320337182
0.000633370507275
0.149450784208
-0.270028318403
