0.16790422832189794
0.2313914109317986
0.2563171240997265
0.22659193155706336
0.2017691418881874
0.1466576584648216
0.1283099232244299
0.11174393987813525
0.09701378082741441
0.08344912110788039
0.10538450502107188
0.11956377291788567
0.12091496858612161
0.1221999040228191
0.11331088724524241
0.10469594490901901
0.09653378864828444
0.1113178424173723
0.11127747624018469
0.10417320501862282
0.09748315346525815
0.08067965789534193
0.08147110500401555
0.0814357508162683
0.06139412281680057
0.07406022749157493
0.0857882679142904
0.09753872888518433
0.09751205157534237
0.09748646043745735
0.09288328573410709
0.10305780849390866
0.09887732046381581
0.09466870359218127
0.10214448099211804
0.09172914948241284
0.08780299115414913
0.08778407629289009
0.08411644128919327
0.08966277903426079
0.08965199078564867
0.09475478784188196
0.0947399233601629
0.09148538958870078
0.09715021759149822
0.09402882609899033
0.09926829781265023
0.09621828180839886
0.09328133634341795
0.08185286878584963
0.08184562704518672
0.0882953855117461
0.08557599156268969
0.07399507664742833
0.07791577134662653
0.08352623979842033
0.08099241391714673
0.0841083601433219
0.08978455050538348
0.08713291188536432
0.09009301497235
0.09008307050060671
0.08779037028192016
0.09072484234691991
0.0936701538021486
0.09366080303021085
0.08596277744099634
0.0891443766082809
0.09227531257933708
0.09254064652924832
0.09558461205666402
0.09356678204971591
0.09155692944252014
0.08959465499688013
0.09328614959613046
0.09135606122988993
0.08915081791698398
0.09233429440123309
0.09232429041004231
0.095108851981768
0.08747766241011978
0.09159616405226334
0.08981698804978344
0.08510441679637326
0.08816655421053565
0.08217413763108006
0.08425763903346462
0.07864401802289023
0.08155758950708214
0.08356767800643627
0.08709636390855979
0.08952295052992199
0.0895586926714752
0.0914946543204419
0.08994286052702705
0.08840347560762174
0.08839701264326183
0.08688740876236978
0.08958769194639982
