-0.00433689535599
-0.0109915592445
-0.0219122898038
-0.00463706404798
-0.0219122898038
-0.0197631742475
-0.0210585618584
-0.0210456135074
0.0068707789793
-0.020556868117
0.00921113803678
0.015986073676
-0.0216471433103
-0.00810860882217
-0.0219122898038
-0.00460230174169
-0.00238996373938
-0.0205329794589
-0.0201761786927
-0.0044213368484
-0.0199702279815
-0.0217915897434
-0.0217900254683
-0.0186176825556
-0.021044485349
0.0163402639889
-0.0210264194361
-0.0219122898038
-0.0216369973055
0.0168761172566
0.0390392559099
-0.018072848268
0.0127113661102
0.0164991685296
-0.0219122898038
0.01647417734
-0.0217918949085
-0.0165340180218
-0.0219122898038
-0.0200442947851
-0.0219122898038
-0.0203693180401
0.0163402639889
-0.0219122898038
0.0161911957992
-0.0165627890905
-0.0219122898038
0.0162407559365
-0.0219122898038
-0.0217824533976
-0.0217873366612
-0.0210635134563
0.0306504146673
-0.0216494431748
0.0389458538039
0.0392134797653
-0.0217854184513
-0.0200451667292
-0.0219122898038
0.0389725108971
-0.0216436531349
-0.0148817625142
0.0389458538039
-0.016569458103
0.0389192200431
0.0306504146673
-0.0199648701348
-0.0197369216645
0.0389591794321
-0.0152885547532
-0.0216380542354
-0.020559719921
0.0390258952028
-0.019939903216
-0.0216474943582
0.0388129177104
-0.0216369973055
0.038759905744
0.0306504146673
-0.0219122898038
-0.021052814084
0.038759905744
-0.0201455053515
0.00924434698667
0.0159942361493
-0.0210661468056
-0.0205671993838
-0.0216399586491
-0.0197488682694
0.0389458538039
-0.0148726454911
-0.02105009696
-0.0219122898038
-0.0109626956939
-0.0155451804714
-0.0180761956451
-0.0216412503675
0.0168592196713
0.038839458448
