0.002168447677996399
0.0058323007595127985
0.01131037321045425
0.012237786020049213
0.01588983432067692
0.018713144927459124
0.021345465159759658
0.023683866660577757
0.022996788762647435
0.024865594955103765
0.024098000118705443
0.022868302143629116
0.024414526665795466
0.02495510058727346
0.026324618700008795
0.026595342331872884
0.02672811809517195
0.02780880122458973
0.028817610159222462
0.02902815000914616
0.02993588764466726
0.03088334806829407
0.03179126579613878
0.03253597309836398
0.0333453763810192
0.032740181418467795
0.033491124969758146
0.03424672116988803
0.03496795441340428
0.03442356353415921
0.0332035867869751
0.03375124885570202
0.033377385146578176
0.03290598033144765
0.03351465504821893
0.03306940701200212
0.03364287793064713
0.03406682711069242
0.0346146343557866
0.03510351959444724
0.0356252407802512
0.0360989458509523
0.03572757621484124
0.03621451598825831
0.03586253347088486
0.03621493323876779
0.036671439276346196
0.036339995277641424
0.036778241073716744
0.03720534800308217
0.03762433524656672
0.038021760028761675
0.03745415975714439
0.0378477859966857
0.037152324321615304
0.03646436853625956
0.036839979199213335
0.03717972778784451
0.037544932617907256
0.03690603899664391
0.03725513017623838
0.03749134862884507
0.03688281966315854
0.037137734403204115
0.036548049251036496
0.03609058037540458
0.03638418140679911
0.036670223749763475
0.03611366404359129
0.036328995800678165
0.036629524331725616
0.03691116433064323
0.036383787368443055
0.03664965274465637
0.03693448819673861
0.03643042433036936
0.03670782173172171
0.03621719001344281
0.03583405983010113
0.036104581926443946
0.036361323561614145
0.035894336745420974
0.03613416419008131
0.036025407166708656
0.035839427676600755
0.03608156729505596
0.03631528546987184
0.03655843107267054
0.03677786294233054
0.03634988652690263
0.036511545717022864
0.03673789084562462
0.03697100031162215
0.037086397108400004
0.037248326071643745
0.03743467860406735
0.03765550768945025
0.037485212541255364
0.03709681795677555
