0.007692934195898678
0.012554213688862961
0.016477789060486088
0.019006086270686083
0.019225813201637486
0.01946341704591751
0.019704490581288266
0.01993058839337198
0.020519760514778586
0.020570284449612432
0.020345865177041643
0.013299116065166289
0.012975306309834164
0.012789876682946552
0.012902091123075728
0.01365104313836403
0.014353267594941564
0.014581676109961382
0.014670753151654232
0.014762590688938336
0.015335137539064382
0.015412321206581557
0.015290877801834087
0.015338438684163076
0.015827627411974042
0.016054604412253877
0.01650249245990628
0.01654651357881482
0.014079254248737398
0.014219677152745247
0.014275152913773216
0.014454875972787933
0.014509793636818556
0.01442964439659699
0.014861082810454514
0.01491207909049714
0.015243581554139012
0.015253893185166283
0.003567221914245952
0.001797711916659686
0.0020960523139140347
0.002445639006678206
0.002794457278648764
0.0031361286384919626
0.003471409197424856
0.0038033425386520756
0.0038435214612138682
0.0020683363233837265
0.0023211660444037233
0.002622749370309048
0.002918426508634893
0.0032105006599421407
0.0035005107730594065
0.003783911645065592
0.004059229475311094
0.002737463066502209
0.0030029202849572376
0.0032701508465061424
0.003530810521086905
0.0037842576586812338
0.003986529680201675
0.004086617145610358
0.0043331312968744595
0.004527445117302957
0.00475715123103658
0.004982459779205896
0.005214473098042703
0.005438535060263774
0.0056606597240151935
0.005878260660564696
0.006052923742584114
0.006225182041175656
0.006250115299283432
0.006457894921085068
0.006624211239748171
0.0067897087220387675
0.006990386174540501
0.007187122044826771
0.007377572479606007
0.002854114910854369
0.003907970742190382
0.0037561854978349976
0.0035785355284261716
0.003395530269843086
0.0032194628299968484
0.003048711184832867
0.002875818932900183
0.002716758113205771
0.0025524404147383786
0.0023947026125797632
0.0022357850587898867
0.00207533423374974
0.0019120575958060729
0.0017511133467397952
0.001590511279096582
0.001429644254931979
0.0012774926605820455
0.0011258742148162401
0.0009699363172788536
