0.0153858683918
0.0145838384789
0.0156943014865
0.012641486051
0.00131836158571
0.00166322690996
0.00192858828297
0.00203488030875
0.00589172121407
0.000555763283172
-0.00269303127085
-0.0916077384544
-0.00453333657465
-0.00278144440331
0.00179543104207
0.0127321842599
0.0126400402184
0.00433976178538
0.00178154083386
0.00192858828297
0.0125960307028
0.00177522435289
-0.00291464171394
0.00118902205822
0.0127189069231
0.00612837900756
0.0125408653343
0.00127661244835
-0.0740177799023
0.00435311002424
0.00177522435289
0.00593086094749
0.00186720057704
-0.00280522340775
0.0155317828989
0.00188686236158
0.0125970936184
0.000402153610064
-0.467466850837
-0.072549909901
0.0125302966847
0.0150322277889
0.0153480039667
0.0153752111929
0.0154229057109
0.0156008670377
0.00192858828297
-0.0869840717537
0.012641486051
0.0153807496212
0.0153752111929
0.0154799300193
0.0156605461083
0.0155870479603
0.0154177984937
-0.0753406853021
0.0153965186704
0.0157666031314
0.0156395804748
0.0154602753933
0.0125408653343
0.00630551032075
0.0157769056809
0.0126303983279
0.0151606035064
0.0150956727273
0.0157769056809
0.0154602753933
0.0155487264626
0.015449666495
0.0125757419054
0.0125748557972
0.00184506109998
0.0155834716351
0.0126400402184
0.0127433061364
0.0156528412951
0.0155421337526
0.0152360347823
-0.828766678627
-0.0864161781696
0.0125981752815
0.0149225974303
0.0155554469796
0.0151417998268
0.0148553931293
0.0152145181701
0.0141564129528
0.0147885928621
0.0143541399964
0.0146204149487
0.0149219267287
0.0153480039667
0.0152897036613
0.0154177984937
0.015604101344
0.0149108562463
0.0150102261308
0.0155937897537
