0.002659449852246169
0.000821952710171929
0.0005919009811162276
0.0006510831539723125
0.0018586619617114199
0.0001248232564286956
0.0007665507998285189
0.0014781163463684233
0.0021723702176654758
0.002731985798578203
0.003089250662537577
0.0033956095461235482
0.003692831056760996
0.003400950789149322
0.003182954835011919
0.0034268343366281213
0.0036440699899354372
0.010108417835536449
0.01038333457253744
0.016496137345286908
0.0542818339519802
0.09457322741144356
0.0941192645829881
0.09368346026767085
0.09326441765678889
0.12938960837738125
0.1644772596733994
0.19853134787376922
0.23086868662187293
0.26269956019002755
0.26235908806868596
0.29224952038302376
0.2919290760335258
0.29161778723687065
0.3190855176963861
0.31879105532117175
0.31850434195583144
0.34328594076007496
0.3432387882882269
0.36723374627325595
0.3907630865534471
0.39050971195151846
0.39026209586327004
0.41219842413589475
0.43366732633937566
0.4546937720201042
0.47529425456793684
0.4954628004683226
0.5151680424154674
0.5345196516138708
0.553540899539199
0.5533353314659362
0.5531335702088449
0.5711012149025686
0.5887588184094835
0.5885676761659233
0.6055284300658852
0.622266812010871
0.6387518935461555
0.6385732852202057
0.6545049305330363
0.6701753620860031
0.6856301260253324
0.7008430667062557
0.7158252880985114
0.7305880476823483
0.7450825035347991
0.7593892385241822
0.7592335941258546
0.7731100962762835
0.7867729258068082
0.7867002064136006
0.8000549007616478
0.8132167879794041
0.8262278372639256
0.8390428847246622
0.8517203173608625
0.8515824046028507
0.8514462157543141
0.8636540631695757
0.8756998701622568
0.8876064651231663
0.8993711443200181
0.8992429665802188
0.9107410863074579
0.9106158551823668
0.9104920471382425
0.9215900683583306
0.9214690116040758
0.932317013348479
0.9430473338820046
0.9429301821843387
0.9533960380839314
0.9638063964649378
0.9740951869710611
0.9842892809333218
0.98432387895784
0.994306175743249
1.004178021591928
