0.00531889970449
-0.00551249142622
-0.00565541476515
0.00621492067544
0.00724547284643
-0.013884396527
0.00713099245006
0.00640408991886
0.00694253871297
0.00615577139004
0.00428717836751
0.00398266548662
0.00416110114892
-0.00437820401418
-0.0034879352662
0.00414595152748
0.00391024175953
-0.261297268684
-0.00549833474002
-0.128368858228
-0.831285325347
-0.926702049568
0.0108951078829
0.0108951078829
0.0108951078829
-0.975380149456
-0.982454236289
-0.987568557811
-0.970120162443
-0.986757080613
0.0108951078829
-0.986384266373
0.0108951078829
0.0108951078829
-0.988838296543
0.0108951078829
0.0108951078829
-0.966482353365
0.00188609887392
-0.983793277386
-0.988232291768
0.0108951078829
0.0108951078829
-0.987134772268
-0.98756950136
-0.988242946994
-0.988823162296
-0.988258749119
-0.985262097357
-0.986932069119
-0.989104892117
0.0108951078829
0.0108951078829
-0.988220458155
-0.988825796387
0.0108951078829
-0.983723726198
-0.987564534754
-0.989104892117
0.0108951078829
-0.987762009395
-0.987237187837
-0.989104892117
-0.98884114426
-0.988826611889
-0.989104892117
-0.985622997967
-0.987164714267
0.0108951078829
-0.98523165268
-0.983723726198
0.00530851570416
-0.988247381755
-0.987141541332
-0.988839745624
-0.986758654477
-0.988839745624
0.0108951078829
0.0108951078829
-0.988835640636
-0.9877561734
-0.988247381755
-0.988233052536
0.0108951078829
-0.988838296543
0.0108951078829
0.0108951078829
-0.987723888588
0.0108951078829
-0.987168158741
-0.987189489084
0.0108951078829
-0.983790454562
-0.988984046196
-0.987723888588
-0.988827114339
-0.00339060640278
-0.988247381755
-0.987184584868
