-0.000451227217854
-0.146695637002
-0.147119385783
-0.146528525496
-0.000648683048448
-0.000451227217854
-0.331022347691
-0.399032052281
-0.265569985985
-0.000654102898975
-0.147119385783
-0.000708595525396
0.237664279749
0.238291399181
0.00143632859598
0.238265408021
0.237802719989
0.00159789381916
-0.378166117783
-0.410875415849
-0.167082437361
-0.146681618255
0.238362863952
-0.374895803845
-0.000539422713794
0.0245130221092
0.239124300281
0.00195901279404
0.00113000641582
0.239077610651
0.35146482389
-0.331788880754
-0.332262475959
-0.341782360567
0.238217198701
-0.410839773915
0.00182438088482
-0.000664958579934
0.238764818555
0.238353158943
-0.330316412125
-0.331022347691
-0.338121897264
-0.398761608902
-0.000320094900916
-0.366661474271
0.23828789394
-0.331751304666
-0.000829162689884
0.238284427666
0.00171530061738
-0.000790556149621
-0.331788880754
0.237871309562
0.239307215127
0.239081519789
0.00159789381916
-0.331963623212
0.238410009283
0.351423810541
0.238010117021
0.238172151766
0.238218744344
-0.366858856689
0.237664279749
0.00125123627104
0.00182438088482
0.0153790836486
-0.331788880754
0.0143795883689
-0.00539792120763
0.00112084790303
0.239077610651
0.238876705974
0.253072600242
-0.341851811395
-0.265354357052
0.238534661572
-0.366891819889
0.00182438088482
0.238221861702
-0.334431949063
-0.146758276708
0.238780427445
-0.166583562285
-0.338129157583
0.00147624787034
0.238291399181
0.238078025296
-0.000577143604271
-0.331022347691
-0.150855717604
-0.0010419365817
0.23826709443
0.238126921433
-0.0010419365817
0.00123766826084
-0.341851811395
-0.366563852613
