0.14995277429628193
0.33708968377625015
0.2566796966105334
0.18952549844094985
0.13849893993150322
0.10738291689769616
0.08018617179137216
0.07073169967470128
0.08589220204973608
0.09986780300352716
0.09279657736193297
0.08629954950194846
0.07209144978236809
0.11447718557811165
0.14481410974184408
0.15387254937238096
0.16232104443647455
0.17028147020798431
0.1984361197708297
0.1880771477216446
0.17870437004348347
0.175004947257438
0.16641385176713536
0.17246899323452272
0.17829124464547214
0.17513565811847653
0.17211918089776945
0.16918827543776344
0.1663393199335581
0.15989592822094473
0.15723979514781428
0.15065657753155437
0.15516826233625414
0.15949336338438797
0.17393622106277845
0.1870548909714195
0.20084235843727294
0.20414209934651234
0.19870275032524753
0.19386239928717952
0.188682913262587
0.18659723543522116
0.18165572598930269
0.17721694503172458
0.17537077103468515
0.1864320811913358
0.18466188881225143
0.18775338508819175
0.18605490501091548
0.18201405592645292
0.17804940475727263
0.173886584094591
0.1723152006186812
0.17507213227085078
0.18391239528806863
0.1824017935765305
0.1809211280210285
0.17752732330996215
0.17422199430487
0.1821728869622679
0.18461447626363378
0.18144391843679228
0.17834562350799948
0.18068244237342135
0.18948945330994157
0.19178076285759796
0.18883853190685684
0.1934694058716833
0.19062895414003303
0.19276423616468583
0.18974794543952692
0.18858361313349714
0.1906362242990704
0.1877306506750804
0.18661227885481496
0.18857653975947322
0.187488061303404
0.18640103987199141
0.1836833522436288
0.1896648572992527
0.18863230888647903
0.1874314500047736
0.18641931971747921
0.19018830057434527
0.19583237948852805
0.1933315190724196
0.19235306114562786
0.1899116816269033
0.1876214306017326
0.189284931004861
0.1871228288736205
0.1887505550745311
0.18662126642046906
0.18433100477624342
0.18206840512669578
0.18365208415839937
0.18154799121024073
0.17935506589341682
0.17850510331001507
