-0.299905548593
-0.56141072844
0.321639948663
0.335770990848
0.306159351057
0.217812161237
0.217573960851
0.08509024905
-0.15160502375
-0.153731610492
0.0848547076991
0.0844613621798
0.198913396074
-0.635786036936
-0.48539078662
-0.153993473719
-0.152072911154
-0.151248089659
-0.563092991257
0.217538413033
0.20620110892
0.085086724079
0.206186291767
-0.151378536685
-0.151378536685
0.0852008362289
0.0844613621798
0.0849962583402
0.0854686651262
0.199745143091
0.0849962583402
0.217246181337
-0.15339728336
-0.151378536685
-0.519942876422
-0.48539078662
-0.523923763702
-0.12868989546
0.217573960851
0.198454392561
0.217538413033
0.0896841465767
0.21742641562
0.199745143091
0.0849240038638
-0.519881577363
0.0849692341961
-0.151483317521
0.0849240038638
0.206083303308
0.206161860797
0.220629495122
0.0848547076991
-0.151631240869
-0.495054728964
0.0861042975577
0.0858786022191
0.200234477953
0.198319740306
-0.485004452101
-0.151378536685
0.199745143091
0.198290875443
-0.151893226252
-0.58126272181
-0.153517739693
0.20007170465
-0.319530303573
0.198831621216
-0.15160502375
0.217172932211
0.0849962583402
-0.151893226252
0.217918021799
0.0849962583402
-0.151248089659
0.0849013195734
0.0858746930816
0.217415010269
-0.484501909506
0.0846689698474
0.0996712871816
0.0850189441327
-0.320363372834
-0.48539078662
0.217574856201
0.0861042975577
0.217282777166
0.206122592265
-0.151378536685
0.198913396074
-0.151378536685
0.200153133482
0.217574856201
0.217209566357
-0.153616866075
0.20620110892
0.217099606366
0.0849962583402
