0.0515345077715
0.290509301007
0.290063472059
-0.435704569779
-0.437879573962
0.422597740489
-0.437751303053
-0.416380930672
0.289508315575
-0.364845866096
-0.0951337122284
0.0529665418227
0.290063472059
0.0513149250561
0.0535532544466
0.053326767381
-0.213733349815
-0.315187356154
0.0515345077715
-0.437002252716
-0.0949667634404
0.0513149250561
0.0531652021578
0.0536837014726
0.0534441741792
-0.0949667634404
0.528216316449
-0.0987195836727
-0.0953072423302
0.0533224086902
-0.0953905122212
0.0511948183782
-0.375476731412
0.051189450848
0.0512055376401
0.053326767381
0.0762207504706
0.0506869369801
0.0514035006873
0.0514035006873
0.0534484736102
0.0536837014726
0.0510147991875
0.0529710689662
-0.0953905122212
0.0464877929168
0.0465833572838
0.051189450848
0.050971197908
0.532454635577
-0.435531368661
0.515840934205
-0.321359038659
-0.0985548229293
0.0508126580935
0.0534484736102
-0.0986372233059
-0.279657776638
0.516472221534
-0.09511304554
0.0511517299575
0.0508126580935
-0.40620149177
0.0513149250561
0.0514140514383
-0.420525994786
-0.278455804454
0.0510801905134
-0.0947996519343
0.0532961655363
-0.0949597591919
0.0506869369801
0.0535532544466
-0.0950294031466
0.526608169596
0.0534484736102
0.0536878863559
0.052975591634
-0.114598512442
-0.114598512442
0.0514140514383
-0.114605793179
0.290509301007
0.053326767381
0.0508126580935
-0.0949527446933
-0.0949527446933
0.290441228043
0.0463309523542
0.0514140514383
0.0511948183782
0.0467245316102
-0.278657671944
0.0506869369801
0.290509301007
-0.280496307785
-0.278619425031
0.0514035006873
0.0511948183782
