-0.310492091262
-0.194894222653
0.0251681086042
0.410863009718
-0.316907656834
0.0048453451636
0.41092733751
-0.317493539015
0.166490363585
0.410355336364
0.196484157897
-0.311433038394
-0.195376217174
0.173204389017
0.651309692727
-0.316901822635
0.0248136109673
0.0052661645739
0.17332597473
-0.195399770118
0.173443261988
0.173674107744
0.196362748969
-0.159976712097
0.171272583255
-0.245056078984
-0.256199818981
-0.3155942185
-0.245577595356
0.0215660303682
-0.160089279523
0.00552234085582
-0.166107777268
-0.254337550499
0.650708115146
0.651426899292
-0.31763463579
-0.159536923341
-0.160375454487
-0.203098794193
-0.166179277005
-0.315607827216
0.166490363585
0.171272583255
-0.159675744985
-0.0935046301925
-0.0934754154364
0.00560756821945
0.0253212013632
0.171398499641
0.171524353985
0.171086584558
-0.170036785483
0.17380455477
0.171086584558
0.171272583255
-0.315034388977
0.0249802722817
-0.27972933432
0.173678360497
-0.158536818647
0.0214836299916
0.166451805652
0.173447620678
-0.299491068776
-0.27951447903
-0.311377681466
0.171020564169
-0.162618976467
0.173565027477
0.171435778354
-0.312418742024
0.17380455477
-0.159826371927
0.171435778354
0.173447620678
0.0252376252555
0.00535903995368
0.171135652485
0.171092051206
0.171201043811
0.410021878625
0.410247329248
-0.31763605138
0.173808739653
0.0251470958363
-0.255411261157
0.17310096313
0.166490363585
-0.301569916295
0.0253212013632
0.171529631958
0.0048453451636
0.0251540898571
0.409514006609
-0.296490997561
-0.288847156038
-0.31763025201
0.00560756821945
