0.15524604563109112
0.22021078651553028
0.2139187593644778
0.13174615742083562
0.18456410022655156
0.18387190806032244
0.13250599087151738
0.16778305076203437
0.15113401440353424
0.11382898382494955
0.09745530400022984
0.12141169156900422
0.13536713565286762
0.1238201763850989
0.08311332058963172
0.10175460427404048
0.10037607033141105
0.10009890377489017
0.09143260503840633
0.10073735599642819
0.092853571360623
0.08530252319783338
0.0771207419908122
0.0835198104746816
0.07693240342640972
0.0860085544999003
0.09515854803494239
0.10604110729354865
0.11422702713874389
0.113531348739769
0.11853413872484975
0.1183667950625521
0.12325231792337143
0.13051910508048092
0.11244387965975888
0.09483774724646443
0.10319655345146517
0.10728724379354071
0.11129663015572233
0.11625025928239296
0.12020690873490325
0.1275466256469041
0.12376275374724499
0.1199566963415768
0.12342790818906679
0.125417368405928
0.1273647728941869
0.12725033272644304
0.12674390869917884
0.12338315380424769
0.12008460853530833
0.11685655977006715
0.120005389130868
0.11684530631686507
0.11379018873547608
0.11078540657310643
0.11621703396925642
0.11579363952380439
0.12045579509580584
0.11760860885814195
0.120165654320187
0.1198246443203207
0.11722383485701282
0.11455540992349744
0.11909315338979654
0.12326501128576683
0.12784409483674142
0.12536553593573485
0.12768866417097802
0.12524408631919326
0.12286303384205999
0.12714274263690928
0.12479403243731246
0.12692505072966698
0.12466931680396176
0.12241675030164356
0.1220931910034958
0.12202535505471512
0.11988615939865288
0.11777391185290531
0.1156860942454554
0.11074607161142047
0.10586217483466231
0.10959906955678556
0.1075780377003509
0.107288990621773
0.11019139131673494
0.10824643667482048
0.1063965437460982
0.10971049887021966
0.10943526842061957
0.10759086377590532
0.10753931755076063
0.10727453765752792
0.10300876675535453
0.10606537497763802
0.10901279493721183
0.11222118132115566
0.1121651056389612
