-0.145230748515
-0.304452650533
0.0187504367805
0.423852092152
0.179796433717
0.186592125587
-0.304452650533
-0.302279464307
-0.181580186089
-0.0801985600609
0.423714941593
0.184113860409
-0.290219144089
-0.145258212748
-0.286869334237
0.0380364112079
0.561417563967
-0.303604593995
-0.302591608349
-0.304189527259
-0.152801707136
-0.303586474699
0.0385507624367
0.186276644894
-0.146067557365
0.186285803407
0.184578653387
0.179631580613
0.179891772168
0.184616374277
0.184840974867
0.187110624902
-0.304183543966
-0.30309292852
0.198410182427
0.180033056773
0.184741848485
-0.304324625952
-0.243700902281
0.0180733596296
-0.185454738215
0.0182140161341
-0.146143194945
0.184961431201
0.184961431201
0.209790228028
-0.266316139157
0.179796433717
0.184961431201
0.66294209464
0.184398121337
-0.288263846164
-0.181408055622
0.666135584762
-0.290221881302
-0.29812124677
0.666003594793
-0.287163302361
-0.225701801924
-0.30251090296
-0.30208738613
-0.186369760975
-0.152966100273
0.184830424116
0.209797349467
0.424233407642
-0.302107591906
0.179757875783
0.0384741787357
-0.287262371931
-0.286958753055
0.184507113942
-0.304178414964
-0.241073940423
-0.147069384356
0.424122368316
0.186871097608
0.0384741787357
-0.240917974917
0.184113860409
-0.152801707136
0.184113860409
-0.301160326845
-0.225582594035
-0.0801985600609
-0.304323468256
-0.213502010679
0.424463012118
0.0347897001231
0.184158664677
-0.30251058871
0.186632044861
0.184507113942
-0.28723174792
-0.146015450149
-0.304322340394
0.42282007674
-0.146783209391
0.0182999542651
