0.07261537425762843
0.17409959110181106
0.16941198190667983
0.08464156347635798
0.0546754911902686
0.02801947324928933
0.06607605456585786
0.09966266171110294
0.11782068031996507
0.1251114585073233
0.08980188004126988
0.07563927539441007
0.09636921425791012
0.10605309510776639
0.12398242849759844
0.12174499254419546
0.0905551278793898
0.10653431703704486
0.12166389745449113
0.13614911303826704
0.14309464518082715
0.1562940571242556
0.15468777535605827
0.1472367095603021
0.15285469253587314
0.14595521833562508
0.1393631235718178
0.13316893113687345
0.1271725387312721
0.12121717181910818
0.11544089135450186
0.1097708724180868
0.1187174472406265
0.12737724519834537
0.12186585124202942
0.11700009295087788
0.11213846535916383
0.11994166089639025
0.12603418345341022
0.12559336980390867
0.13000895880903296
0.12958537703847206
0.13290681328722564
0.1287965592605459
0.12477565858227224
0.12031203670933244
0.12586028960842832
0.12219097463462147
0.11849174601060974
0.10549288140982593
0.10194676369180489
0.10738570418545623
0.11074511262290876
0.09863355653633477
0.10381609013100934
0.10904628744276168
0.09756346684288575
0.10243064145917125
0.10619233815790896
0.11115153328839633
0.11602391048403793
0.11898216065824074
0.12137225597500623
0.1185287109886004
0.11534996326939662
0.10901812136429245
0.11346088006879362
0.11085569346323942
0.11030606233844309
0.1143520112388865
0.11833754947576047
0.11581005476422035
0.11992057388535815
0.12313489309100079
0.12507001656936567
0.11956193386395775
0.11716615056128776
0.11667913564058219
0.11969061032704886
0.11741759970471333
0.11928103515759525
0.11706279587555701
0.12064803786180878
0.12330195073281314
0.12423449212887061
0.12773246302836894
0.13015862224062802
0.12538937491345892
0.12500282268986884
0.12297910110001331
0.12626725967295083
0.12426046349164743
0.12229762185396198
0.12532111393732748
0.1268421082097133
0.12997945192511973
0.12566496134613836
0.12714762002685598
0.12696462048420476
