0.11542100283822132
0.1917468340239259
0.23426939838009952
0.2126872535314036
0.16964852242084427
0.190935567876657
0.15864616604801618
0.1820753679736794
0.20341266624597532
0.19504935224606412
0.1735723101406238
0.1851972048975793
0.2015618333149518
0.1841804153310984
0.19292362569501686
0.18655197954134262
0.17208172942892552
0.1759427726080457
0.1713429499080945
0.17932746161714053
0.18903704665342458
0.1974105010831545
0.18666036360209515
0.17632229881315487
0.18519590526187402
0.18789486922929366
0.17861318030965045
0.18657324947090714
0.18901233495540526
0.18060969810171623
0.18775568941015686
0.18495945441193506
0.16332353061906146
0.1694738919997738
0.17577914522225135
0.1819948559526925
0.17520400417709725
0.1685372321230505
0.1738676181944553
0.1756151198503514
0.1783057071697315
0.17231211402402724
0.1775585232439464
0.1718303163654361
0.17646669959923833
0.17098319948721108
0.17579240793880369
0.1804679543612594
0.18473391728180577
0.1888877509268524
0.19332450906683218
0.18846178255239288
0.18367341077356525
0.17898669605478412
0.18309369868548953
0.18509812226312616
0.1869627737781011
0.18506303100535793
0.18889580774620596
0.19239651279918912
0.19495634165707598
0.19860662344174929
0.1871245225039364
0.17947864398859525
0.1829403824970408
0.18629140651359521
0.18249949141979194
0.17529884696844744
0.1774720867238213
0.1738032692323367
0.17481799141440746
0.1779785203160862
0.18106122915922418
0.18331206600348193
0.1863458159688266
0.18925751940393343
0.1919831197016849
0.18868434035563508
0.18542679575141086
0.18683797905047406
0.189605840885391
0.19238549638207725
0.18930987146134826
0.1880345732851222
0.1905618578491669
0.1892717668566284
0.1863925791220904
0.18883121198383024
0.180663018919754
0.18190482845177558
0.1830836832258087
0.18556447783969865
0.1873500216184698
0.17929652785671157
0.18169837707942227
0.1838481803090598
0.18119140137369105
0.17855785319431938
0.17597776553238742
