0.01432616979083634
0.023114064766752485
0.0555061579415328
0.11626970451078789
0.11257561436672436
0.10660658253599281
0.10300078213284192
0.10001984014337806
0.11196622345020024
0.15241023823268157
0.18070278891652147
0.21137066282372674
0.23875626840857606
0.261371401658135
0.25954372990810975
0.2774220335629558
0.27580396569862936
0.2883260457400147
0.28697939691725677
0.2983231210568771
0.2862102468677613
0.2696518548228976
0.2538418481439614
0.2521303603861173
0.2668732427609768
0.26588466694115886
0.27698039988749235
0.27605565324460246
0.27516757060433944
0.27902930493574524
0.27812308129081337
0.28735097720803493
0.29381548272155733
0.2862282689393191
0.2854785002447717
0.27827925178977225
0.28454106061983464
0.2777320226101337
0.277001272550277
0.2763052816252705
0.28447945364011523
0.2915616253813357
0.2855138545479225
0.27960711623908263
0.2738316224143086
0.26808071420886853
0.2746309532220043
0.2740415273162945
0.2734686615208887
0.27290711724354677
0.2752796533526889
0.2743001894248515
0.27688679712581205
0.28326426069441374
0.2825359797218446
0.2778767205415814
0.28475202209074296
0.29050046668572377
0.29001910219606075
0.29673451402463247
0.30231003484256336
0.3018440624555593
0.30103283364901845
0.3064291489762968
0.30598627015214125
0.3055479920282087
0.3016420391249862
0.2977923654552518
0.3021297472578398
0.30171805708327265
0.2980307842109777
0.29745841129570205
0.2969089517423785
0.2933691697849753
0.2930178211082673
0.2971035867700528
0.29369114523076806
0.29767147674830285
0.2943412404436989
0.298532375362196
0.3023209010566751
0.2991206074921705
0.29880070789305363
0.30419294867497615
0.30813778417220855
0.31273318628099667
0.3140885953349249
0.31378715176295663
0.3134623267057611
0.3105451481697382
0.3074971903013021
0.3087798786399343
0.3124765827073366
0.3096807427345037
0.306911829913754
0.3041734022517779
0.30387868929892303
0.3011991243386094
0.2983963260760044
