0.0286523395817
0.0263636849277
-0.314480890833
-0.303817732846
0.0221645408644
0.0417832228151
0.0288464032252
0.0268284779052
-0.119463833068
-0.444884162607
-0.339510608206
-0.398682360794
-0.383398478188
-0.339226998743
0.0292427480004
-0.303931162132
0.0291252215579
-0.237919520786
0.0269329764552
-0.238218206932
0.266483232161
0.380843017032
0.379440160294
0.0427871939461
-0.383314941746
0.0266915471351
-0.310680522497
0.0268176526438
0.0266424792079
-0.119713764274
0.0289991566378
-0.304520565268
-0.21979318746
0.265552482378
0.0269916730037
0.266372192835
-0.237948735542
0.265552482378
0.0292300023943
0.0285356279253
-0.343315224623
-0.304533384872
0.26610191667
0.265803223898
0.26567271594
0.270292685656
-0.314411472631
0.0288818693798
0.0286432897703
0.0286387581444
-0.123371877675
0.0519115881754
-0.139676815852
-0.350760496273
0.0407837344639
0.265577773275
-0.398767489851
-0.339158231104
0.0288818693798
-0.409640121543
-0.345682290712
0.0293562603813
0.0519186436186
-0.350760496273
0.0292300023943
0.0293646343035
0.265604797419
0.265627483212
-0.303616726181
0.0292300023943
0.265483646805
0.0417832228151
0.0406600069459
0.265483646805
0.0267024994298
-0.314603955957
0.266170440064
-0.314446189885
0.266418904368
-0.339481928398
-0.310659106947
0.265624365854
0.0268715663258
-0.458340466463
-0.339255852762
-0.399799983465
-0.119275996746
0.0268284779052
0.0292342551476
0.265463246778
0.280412123896
-0.119290015493
-0.347490182336
0.265604797419
0.265815630792
0.265627483212
0.0288818693798
0.265276931071
0.280279826261
