0.0288641890928
0.0318623914128
-0.0554499918558
-0.856689940615
0.0466078879162
0.0726325266274
0.0797753837703
-0.901511887461
0.0797753837703
-0.913859822631
-0.907153958908
-0.916749377307
0.0797753837703
-0.92022461623
-0.914910178674
-0.918268307133
0.0797753837703
0.0797753837703
0.0797753837703
-0.92022461623
0.0797753837703
-0.918271809069
-0.91831012995
0.074465649257
-0.920100330871
0.0753829972402
-0.918274348068
-0.918061194695
-0.918868990382
-0.92022461623
-0.918316219283
0.0797753837703
-0.92022461623
0.0797753837703
-0.918489052961
-0.918862424615
-0.91935618375
-0.919946490795
-0.92022461623
-0.92022461623
0.0797753837703
-0.920102783871
-0.920097680459
-0.918679498801
-0.920095199897
0.0797753837703
-0.92022461623
-0.920101418004
0.0797753837703
-0.906420935248
0.0797753837703
-0.92022461623
-0.904032653686
0.0797753837703
0.0797753837703
-0.918851199474
-0.92009396559
0.0797753837703
-0.920103050463
-0.92022461623
-0.913614260005
0.0797753837703
-0.92022461623
0.0797753837703
-0.919961769601
0.0797753837703
-0.92022461623
-0.918882334351
-0.92022461623
-0.909295654481
0.0741887915915
-0.92009551734
-0.918843612701
-0.918880329449
-0.904032653686
0.0797753837703
-0.905955429959
0.0797753837703
-0.919950380661
0.0797753837703
0.0797753837703
-0.920094033832
0.0797753837703
-0.92022461623
0.0797753837703
0.0797753837703
-0.92022461623
-0.92022461623
-0.92022461623
-0.918861186446
-0.919362547264
-0.92022461623
-0.919376439809
-0.92022461623
-0.92010407621
-0.92022461623
0.0797753837703
-0.920096476814
-0.92022461623
