0.014432094546395324
0.025052891684001946
0.011190393720055272
0.16014759440285092
0.1523796130834853
0.14200353785099967
0.13203161487971757
0.23219960237543907
0.22422206399841338
0.3073002296921322
0.382896392934489
0.45341557580426345
0.447717334106388
0.5090656418550376
0.5662475280221866
0.6202633107947104
0.6158313450296962
0.6116326406207353
0.6076438714322224
0.6514640912526863
0.6478379374449474
0.6877627987088366
0.7260257207900961
0.7230470948198168
0.7584355690840691
0.7556436062233194
0.7884391186543148
0.8200964012300175
0.8507253675761001
0.8804100326157692
0.9091074144683685
0.9066899785965425
0.9337554084856526
0.9314761118065025
0.9569896966109628
0.9818238161951462
1.0060173999780508
1.0296057715369014
1.052611386942645
1.0750558897775169
1.073156475878225
1.0945542150380172
1.1154655259575454
1.135880625930897
1.155882695493884
1.1541853469030274
1.1733566930744803
1.1921342730337414
1.1905387653583364
1.208311724873006
1.206777582877424
1.2241403114855325
1.2408816569241594
1.239431195401064
1.238006634976595
1.254126831458596
1.269990520520485
1.2686383953718365
1.283973446212881
1.29905909565927
1.3137948095303182
1.312528533597457
1.3269070432260468
1.3256797296295812
1.3396185443205018
1.3384278669507965
1.3519605818953515
1.3652777171757942
1.3784237831219333
1.391230764170963
1.3902003642877478
1.4028044124704875
1.4152212180475214
1.4274729557735022
1.4393681222693686
1.4383320783243003
1.449946891528903
1.4489370765444696
1.460436456302737
1.4594515750216228
1.4584787044878391
1.4695641747749746
1.4686144678253286
1.4794406397809725
1.478513019039458
1.4775960606053171
1.4880531585170187
1.4983927609465664
1.5086174789046747
1.5187148545799096
1.5287079257458251
1.5386028140923815
1.5483834145158821
1.5580699894235637
1.5676544068840892
1.577141258597798
1.57632722406953
1.5856211278757326
1.59482337403803
