-0.14642510039
-0.556723372635
-0.516541244365
-0.635456404309
0.364543595691
-0.634578698048
-0.574717929326
-0.617983832184
-0.624521261021
-0.621705449382
0.364543595691
0.364543595691
0.364543595691
0.364543595691
0.364543595691
-0.635456404309
-0.632163510028
0.364543595691
-0.629060205479
0.364543595691
-0.628189774907
-0.621652723328
0.364543595691
-0.633917942771
-0.6291020107
0.364543595691
-0.633914146444
-0.635331310489
0.364543595691
-0.631610250463
-0.633489191194
-0.634103224336
-0.635456404309
-0.633914146444
-0.632178281466
-0.635331793717
-0.63368563805
0.364543595691
-0.634099756736
-0.633291541695
-0.634116919267
0.350257881405
0.364543595691
-0.633581697232
0.364543595691
-0.634110710529
-0.634581003084
0.364543595691
-0.635330459725
-0.635180770351
-0.635456404309
-0.634577798364
-0.635334749808
-0.635327388698
-0.635456404309
-0.633594206916
-0.635187659348
-0.630141966754
-0.634586586971
-0.63458885081
-0.635332411749
-0.633576705061
-0.633913194433
-0.635456404309
0.364543595691
0.364543595691
-0.633081107397
0.356638457351
0.355064922705
-0.634575993451
0.355064922705
-0.635192656452
-0.634591975553
-0.634091940998
-0.634100369956
0.357451397109
0.364543595691
-0.634602554871
0.364543595691
-0.633498499268
0.364543595691
-0.635182168741
0.364543595691
0.364543595691
-0.63358608012
-0.635456404309
-0.635456404309
-0.635456404309
-0.633495299554
-0.634602676364
0.364543595691
-0.633301946238
-0.63411512264
-0.635181263299
-0.63358608012
0.364543595691
-0.635192447598
-0.634575088211
0.364543595691
