-0.0336313974425
-0.0312796420251
-0.0205557862999
-0.0335016115892
-0.0136397273051
-0.0335065846617
-0.0336313974425
-0.0335087281589
0.0296625628873
0.0390384287818
-0.0320950631362
-0.0316912195929
-0.0333651921983
0.0286884073922
-0.0316677253758
-0.0297932955584
-0.0336313974425
-0.0333571618742
0.0394073762274
-0.0336313974425
0.0480523340705
0.0810548815738
-0.0312653335588
-0.0336313974425
-0.0327624618886
-0.0163119721326
0.0452921665556
0.0452564868251
-0.019817122692
-0.0327647211461
0.0274943721265
-0.0227821643711
-0.0270198271946
0.0452564868251
-0.0336313974425
0.0384850639236
-0.0303402143488
0.0395338434399
0.0385659119745
-0.0322923109971
0.00464714927025
-0.0336313974425
-0.0335114358303
-0.0322931074797
0.0394023104226
-0.0336313974425
-0.0336313974425
-0.0336313974425
0.0460869763935
0.0296907876188
0.0452564868251
-0.0336313974425
-0.0336313974425
-0.0201409927304
0.0393531073857
-0.0227557177126
-0.0336313974425
-0.0333650503923
-0.033507081182
-0.0335046547303
0.0390548328058
-0.0336313974425
-0.0266086659696
-0.0335036998305
0.0390548328058
-0.0336313974425
-0.032769328477
0.0390548328058
-0.0336313974425
-0.0336313974425
0.00475506970124
-0.0335110315302
0.0390548328058
-0.0327642201048
-0.0336313974425
0.0388226178109
-0.0160300875776
0.046068875037
0.0462053002213
-0.0316912195929
0.0451372761654
-0.0303356472257
0.0449821050495
0.0274809349382
-0.0336313974425
0.0390712442373
-0.0336313974425
0.0462234119948
-0.0336313974425
-0.0336313974425
0.0277372559791
-0.0335099055218
-0.0327819000618
-0.0317159944098
0.0452386590546
0.0393744610523
0.0460869763935
0.0395668007556
0.0395832905502
