0.01681569872127453
0.027242246062978648
0.03238119263794215
0.03908151495578349
0.04135480283996784
0.04614145779164214
0.05034538247196074
0.054068574489620436
0.05110231820089117
0.047553370129820305
0.05022795872450403
0.05266574484703579
0.055048972861200474
0.0531364123683854
0.055115645204371955
0.05686819200192428
0.05873660297095473
0.06049224306959666
0.058521874258225415
0.06012336937453722
0.05793917237133117
0.054415047085515145
0.05571776931713279
0.05706302521483475
0.05832311990285788
0.05892726701887896
0.05730968964189176
0.05574912113068198
0.056409691887081115
0.05746661837566647
0.05660741924671353
0.0572977878640194
0.058092488663861075
0.056799446183144475
0.05773365166765976
0.05669351480485885
0.05749194149824932
0.05647825320491762
0.05551410540555535
0.05630172274694756
0.056191076335751045
0.05697320185767074
0.057734825399267664
0.05845245000992816
0.05759587804421906
0.058311439691932865
0.059012093805319354
0.059698448855167285
0.05877670932729784
0.05819453702104749
0.05732421996671899
0.0579587746354463
0.05858157829178978
0.05894777815961538
0.058245044099157206
0.05864426721692151
0.05922411889696544
0.05978962822564926
0.06034807957868227
0.06089733621360449
0.06026741955544712
0.060801251260884426
0.061217011666659826
0.06173245320251364
0.06114071331151727
0.06164267446737626
0.0621245763567444
0.06155856428709572
0.062039012821989314
0.06251269447610974
0.062446651841370326
0.06290570706781107
0.06237793905692246
0.06281479532498624
0.06325731371238819
0.06275312387068777
0.06295863781399069
0.06237548749706645
0.06179792124429995
0.062189170868903854
0.06163871628152073
0.06200420600713186
0.061468704756542314
0.0611453996396224
0.061536462400582304
0.06108736763923417
0.061469542610172234
0.060950178430454915
0.061323860624260984
0.06169343642033298
0.06139194450751684
0.061752266072266915
0.06210100968994603
0.06243486226268102
0.061963626230862046
0.061557703951972687
0.06108742868265149
0.060687764028554025
0.060291931123051645
