0.115716526219
-0.226934288696
-0.104599580438
-0.227210303049
-0.226947214388
-0.226352547509
-0.212871996519
0.0959781027483
0.501407705479
-0.227084738006
-0.166258757335
-0.225046881514
-0.226940142303
-0.069202676738
-0.136280442414
0.261733185895
-0.192594091481
0.721795747081
0.500545005344
-0.227080517195
-0.22526918367
0.500597320384
-0.225444369512
-0.220578025967
-0.0696402983027
-0.104518085241
0.25715706383
-0.224857757258
-0.22693283357
0.264222525359
-0.165651401366
-0.227210303049
-0.198427234266
-0.226935275546
-0.227210303049
-0.165841649627
0.742805273275
-0.223919119955
0.2570387812
0.0960707584711
-0.22634674519
0.261733185895
-0.219947733216
-0.207955644664
-0.164028990479
0.0953937627789
-0.226345749735
0.261946917257
0.263834473071
0.2570387812
-0.227082097921
-0.226945647762
-0.227210303049
-0.154756287795
-0.220877753745
-0.227082097921
0.261749461426
0.263996038294
-0.226338083249
-0.226933601333
0.0955499875081
-0.226937153636
-0.165692268085
0.751459072269
0.261356207893
-0.227082097921
0.257000223267
-0.215296536029
-0.20986014532
-0.227081270791
0.115639867766
-0.208225573375
-0.0757094758212
-0.209677050328
-0.164071130083
0.0953937627789
0.261356207893
0.261635002173
0.501407705479
0.264226778113
-0.192831274256
-0.166151660396
-0.148477271375
0.739916587155
0.257000223267
-0.148459454441
0.261356207893
-0.227080043833
-0.209624371794
0.263770670512
0.261635002173
-0.104493675414
-0.220894893449
0.287039696951
-0.225041829321
-0.220422557681
0.263874392345
0.256873928097
0.264357157269
