0.057858263109746844
0.017786499788937427
0.04393639489845658
0.08937845550821644
0.1272029912395365
0.1595390694551262
0.18614806902000824
0.17548383538130796
0.1253430648334164
0.14598713192488066
0.1598420283694757
0.17715332694750907
0.19336333711202014
0.19797684889455525
0.20649437654540903
0.19109830678689788
0.20179797853586423
0.1638087286895039
0.13878147842232813
0.1495948363840166
0.159834344732651
0.13806924384637698
0.14746275924271512
0.15628588028139512
0.15896435329303804
0.16283539348714549
0.15365121263608983
0.1614049284036131
0.16896935618929443
0.16044604891963488
0.165622655212319
0.17250781591076747
0.17834391103623015
0.18482777605183154
0.19113917335874264
0.19562138010542285
0.17607387291397048
0.18181538881025472
0.17538941928024754
0.17304623004924502
0.17843543826806463
0.1723486199914439
0.17734743210999837
0.1819686686580807
0.18553451627719542
0.18350486174998504
0.1882203982027908
0.18287454274857096
0.17759785328715882
0.17255787718519244
0.1769248406067423
0.1812068339607481
0.18541443216535547
0.18822818285254317
0.19217242845513927
0.19615632490988655
0.19164340316115935
0.1871688940375359
0.19094119542502608
0.19466141839770223
0.1931202895669264
0.1967224666087688
0.19931140829760174
0.18775049949346911
0.18379055694963686
0.1871798419932278
0.18340042694518377
0.18652066659777988
0.1895186686737812
0.19271699643139717
0.1911108871568662
0.19396329227159004
0.1949863932962007
0.19778208730057567
0.19994091795956304
0.19870203792347363
0.19535131730946176
0.19203948183891661
0.1857718855204301
0.18250982653138348
0.1848614274369489
0.1868632546706308
0.18863084123461404
0.1799259402092609
0.17693756552010986
0.1786439960309204
0.17567403912304624
0.17822550028970874
0.1805546599763066
0.17765608117947296
0.17481222246020045
0.1759358103678793
0.17828575604287267
0.17526428554864948
0.17760847127073998
0.17988086877260567
0.17718827293235095
0.17459358678995562
0.17195001521726905
