0.26667025104101016
0.2427814006407796
0.1682422275805997
0.12651405910158958
0.09244359047784578
0.08220873934465628
0.12134987293535643
0.13967285114359687
0.17297417503182352
0.21825493079850988
0.262697908492337
0.25718509686151453
0.2359834458697685
0.21618873624508733
0.19838563221578398
0.18620131884481883
0.17483870533723891
0.1710694076808635
0.1674999289030959
0.19319863520312283
0.2174402593997558
0.22361797770933406
0.21510886034542825
0.2069578480833691
0.19978591973825505
0.19221535820306818
0.1848137959571512
0.17757532456081598
0.1713610150601615
0.16534980482045014
0.18387176511958175
0.1815600523645282
0.18603713927219198
0.18020872371990257
0.19433336415245966
0.1923775255552687
0.19049283605224343
0.1886536443155971
0.18355286072496277
0.17904326926684627
0.17418847287698644
0.18579142580774347
0.1841653731341202
0.18002431719120793
0.1755883570359504
0.1822506776471334
0.178385765763505
0.18518210423199052
0.1813263309098445
0.17732094530388312
0.17375333433438
0.17023734343945449
0.16666718295598595
0.16536497716557202
0.16171699877561085
0.15813139525898376
0.16839214551817805
0.174037759588265
0.17284407094705223
0.1714275798133276
0.1684353899679379
0.17689831688607727
0.17577755942155843
0.1726377280351801
0.17132854683582854
0.1809089961687237
0.17985416561388243
0.18225228933581936
0.17960323225645428
0.1785924953448695
0.17759681342238226
0.17506475325850337
0.17246089274975163
0.17151245566443152
0.17367884665546637
0.17800147914727626
0.17689540656366617
0.17453657722909588
0.1736390370969844
0.1711228402982608
0.17316671439025455
0.17997830658461084
0.17912624669000635
0.18540645176706608
0.18303087950373131
0.1806867620013563
0.18684012958175097
0.18603724101951313
0.18518961300932682
0.18313824950393745
0.18091894151273497
0.1788470525057712
0.17807701103150408
0.1773246164834375
0.17658005937857996
0.17584744353816928
0.17753114404235612
0.17680888450787696
0.17476744311524536
