0.19027852580535887
0.2684185264935015
0.3341555472156549
0.34347190747399076
0.37040911532337883
0.37934343867201514
0.32238149931458043
0.26962266802954205
0.25908051850475516
0.22796587852282746
0.19942568496910285
0.17305248361443698
0.14860526648577949
0.1258015962096265
0.11919778946003423
0.11302434162052455
0.094028921795545
0.08727400349680736
0.08202342417098119
0.06571474214028139
0.04412361856486191
0.06089040708149951
0.05651792527065447
0.052377624094288366
0.06640219444895756
0.06872165707133093
0.06520942378829164
0.061657930696083274
0.058135900429634124
0.05481212828061788
0.06440646165737896
0.06086233194113844
0.05776182618182024
0.05476355294009794
0.0452670516355147
0.051423426635640146
0.04869954428276768
0.058414380835649204
0.05577895094022878
0.0569290441695961
0.054467572733917
0.052079089876116536
0.0535023964853002
0.0459017094595644
0.04360756752831241
0.04151599361359315
0.03938248672140887
0.04491651798384788
0.04286331881149308
0.050427592046015435
0.05782231006244565
0.06477909266250848
0.06286471261945392
0.06984191927792016
0.06799815734967762
0.06619710544410318
0.0643836891842795
0.06271324208391638
0.06903916904773866
0.06974375467160243
0.07596608406479144
0.07665117439162927
0.07511517479800733
0.07760130540952692
0.07603823764459294
0.0744632185985592
0.07291136159732003
0.07121454988494513
0.06974797904754881
0.06826805762168009
0.06886287193135643
0.06745020410128566
0.0660544210378573
0.06474370138463326
0.06531059833063013
0.06991105611105419
0.06855815513561492
0.06722237948897869
0.06590330103792541
0.0646848127262234
0.0634225257822093
0.06393850927975986
0.06672922359005062
0.06551998029909678
0.06817505643372357
0.06424971602925567
0.06305711815116855
0.06189786868737934
0.05809752517451139
0.056798545668623746
0.053072681474596095
0.055526706115223146
0.054430395347659366
0.0533456246934384
0.05609091221196294
0.058508427001944585
0.05745446836221302
0.05285488042958941
0.056711302897457294
