0.32835166110080916
0.5876304878836184
0.5325674671615505
0.6880829938226274
0.8178150423667043
0.9273407188372109
0.8998092084761771
0.9864173827749805
1.0643921744861533
1.1352783487690377
1.2002347919135465
1.2601091698814308
1.3155287897153671
1.3675037118645454
1.3541273647837169
1.3411713599079362
1.3844836312741253
1.425508820385439
1.4644528260182887
1.4539646315950376
1.4893286173284748
1.4797524398115933
1.5122419363579154
1.5434318530423845
1.5728704704278305
1.6017454807210245
1.629584183628649
1.6564623932637383
1.6824251263068286
1.70750248551024
1.7006196079199816
1.7242400959235897
1.7470599393846222
1.7693142928224739
1.7909739571866885
1.7850211981897082
1.8054950556686697
1.8254817103554741
1.8449687211092671
1.8639494914215935
1.8825118454264076
1.900645517917378
1.8956397887608263
1.8907452980299757
1.9076906376393183
1.924278405664122
1.9196898206039497
1.9151948801368421
1.9307465628465867
1.9460332254762662
1.9610233023076624
1.9757302115018252
1.9716514692261164
1.9858238439334868
1.9819905315993884
1.9781264599697697
1.9915556449520169
1.9878225588013683
2.0008163340295044
2.013599086769041
2.026161763736604
2.038538714801869
2.03509727600674
2.0317087824238436
2.0283716296528094
2.0250842851320887
2.036549267753
2.047849962203895
2.0447035038769195
2.0416013618644087
2.052431194046516
2.049414042226129
2.05994947685565
2.05701278241714
2.067247356231121
2.077372384077418
2.0873675586454152
2.097234368457431
2.1069147869518856
2.116538059426981
2.126047180367368
2.1233935408144973
2.1326729974421554
2.1418077691295005
2.1508746053749856
2.1598124817293294
2.1573096171510535
2.166069449703478
2.163622204338053
2.161201851778841
2.1696581530032213
2.167386722101294
2.175680579755868
2.1838871829600697
2.1920007281660103
2.2000393664867497
2.207994659699357
2.2158510824306847
2.213648561601802
