-0.656703322202
-0.777836480348
0.220252082888
-0.777577633305
-0.778392291264
-0.766679735294
0.220252082888
-0.779473568689
-0.779747917112
-0.779747917112
-0.779477317734
-0.778366913582
-0.775874677675
-0.779623832238
0.214021553293
0.220252082888
-0.779620884591
-0.779478593115
-0.778880112657
0.220252082888
-0.778007686136
0.220252082888
-0.779747917112
-0.779747917112
-0.765404052022
-0.779625277916
-0.779483681413
-0.779468079418
-0.778881991293
-0.777398135306
0.220252082888
-0.779476104119
-0.775874677675
-0.778902370325
-0.779747917112
0.220252082888
-0.778006584201
-0.779479532785
-0.779480430152
-0.778211582805
-0.779618868202
-0.779747917112
0.220252082888
0.220252082888
-0.77948562203
-0.779625097166
0.220252082888
0.220252082888
-0.777584135487
-0.779619794114
-0.779483995233
-0.779466187291
0.220252082888
-0.779480608905
0.21466549071
0.220252082888
-0.77889272897
0.220252082888
-0.779626513688
-0.779747917112
-0.778885971989
-0.779747917112
0.220252082888
0.220252082888
0.220252082888
0.220252082888
-0.779618818222
-0.779747917112
0.220252082888
0.220252082888
-0.779747917112
0.220252082888
-0.779622162585
0.220252082888
-0.777827609863
-0.779627144165
-0.779623616304
-0.779477975149
-0.774433479556
-0.779485070483
-0.779747917112
0.220252082888
-0.779474356723
-0.776455593424
-0.779747917112
-0.777595242828
0.220252082888
-0.779625097166
0.220252082888
0.220252082888
-0.777979712643
0.211243073879
-0.77962261953
-0.779627304399
-0.77890033977
-0.779747917112
-0.779618734836
-0.777785850401
0.220252082888
