0.29744931012325265
0.210996313403643
0.14109487269325127
0.09191600976247052
0.06545976682890908
0.09718538661279674
0.12402568717348958
0.12112157375356214
0.11901638301867257
0.17764311984464426
0.22337289011243108
0.2111770978022648
0.19320509016482892
0.1767584023854556
0.16686416655992234
0.15779001397682862
0.14921644245461005
0.14808392884249952
0.1470012697816072
0.13965753927700345
0.13264957330081859
0.1259544207882967
0.12026643363757875
0.11941138531801651
0.11858029976536377
0.11777199634960409
0.11290241024354966
0.13179388143042878
0.13058304526019238
0.1298858920556774
0.12562755945002302
0.14225996206607736
0.1382957442245825
0.13767896213747793
0.1370786357669234
0.13649707472286662
0.13294906422805405
0.1288488765794492
0.12500651576691502
0.1406852030267239
0.1458131012639262
0.1453133167409965
0.14482386716324602
0.14182803659140902
0.13838656326078877
0.1461176916764209
0.150603293577303
0.14746034964171004
0.1443824675685191
0.14126275716528686
0.14083329821183896
0.13792203147045343
0.13542572795635802
0.13294073461505335
0.13681810326679322
0.13412299613248632
0.13375044053991786
0.13114206590162047
0.1419003702668954
0.1396658204669872
0.13736305179575842
0.13520008920241014
0.1348624056189732
0.14383540977117154
0.14350835405676882
0.14137567332515233
0.1410582119567897
0.14427104904709628
0.1423459130769099
0.14204220767011816
0.14153953006634765
0.13942543391442783
0.13912734507293442
0.13883925871746228
0.1385539765244043
0.14750329221490688
0.15627459104090524
0.15446816329334587
0.15254050653924658
0.15063756897525118
0.14876057299622658
0.1469051000703946
0.1450723867857477
0.14348635883595162
0.14323588855196726
0.1414642529337444
0.13971087637359175
0.13797801583879524
0.13647485982226806
0.1347757234906174
0.1332901296452722
0.131631020642117
0.13019653935918665
0.13405933003045717
0.13382364463621135
0.1335996385330882
0.13202704436359025
0.13047236082540825
0.12892874585891612
