-0.594898620247
0.259358990159
0.279605762842
0.245894314654
0.158737457601
-0.222079338487
-0.214722404486
0.0261370207793
0.0210519073489
-0.644894105086
-0.548757243213
0.158545300032
0.251608106924
0.246700316691
0.158307773209
0.154260593913
0.1543242874
0.0215177586301
0.0216531812178
0.154218340597
0.154175251476
0.153988507788
0.136511691617
0.0213762079891
0.021608224369
0.0218241922255
0.13634841097
-0.547852664419
0.0363250851071
0.02161174934
0.136266643381
-0.54886928633
0.134783406611
0.0215873730487
0.02161174934
0.0215177586301
0.134824398803
0.159907318296
0.153694432501
-0.642826177652
-0.215371725962
0.021490734486
0.021535781421
0.134812375733
0.158307773209
-0.363363035535
-0.215308891242
0.154004252844
0.15389410366
0.159105230565
0.0223318655793
0.154297137293
0.134800389761
0.136674633772
-0.217132644497
0.153621106655
0.021608224369
0.15389410366
-0.645498261916
0.136307537794
0.142771657616
0.136266643381
0.02161174934
-0.583245269893
0.0215856771506
0.142889609018
0.0215873730487
-0.221685759231
0.134759517913
0.0215630838822
0.0361927874715
0.15432901909
0.0220585742705
0.0216064766604
0.0216814466724
-0.689097308169
-0.684161308428
0.142707792057
0.154212540328
0.154137942684
0.15391367028
0.154004252844
0.15394791591
0.134812375733
0.0215404444227
0.154132298785
0.154297137293
0.154224587597
0.135284041487
0.15462140618
0.136674633772
0.154297137293
0.134841240595
-0.366965113771
0.0226257978476
0.0217285920029
0.154114228611
0.15391367028
0.154361496649
