0.08792453463397176
0.0973057475279977
0.13996104219312988
0.11063417415531251
0.05805699036037171
0.07445238769135787
0.0962310745241689
0.11578326626179114
0.13336822248342572
0.10493890371829262
0.1196030475215093
0.13311807653813257
0.14562464017842758
0.15643606254181341
0.13715428772495186
0.14713508944368014
0.15252654286814726
0.16178177308985442
0.14602016023919462
0.15439388213783845
0.14017003452372656
0.14765249044555173
0.15453038706682432
0.14785294343235367
0.15455312197844184
0.1429582487087918
0.14919389097758173
0.1552314491008241
0.14480062751714207
0.13388836060225817
0.1293084767108985
0.13464089263934098
0.13981647280518217
0.14393870357136307
0.14881909606198251
0.15339594882559682
0.14516310235888097
0.14967185845192854
0.1460099017864107
0.15030184631418142
0.15448520385667297
0.1585746423671267
0.16257395431345856
0.16648439266098303
0.1596730035357362
0.16339863754502637
0.15687127610731122
0.16024025063638758
0.1636527123386089
0.15760569976528027
0.1608619537530913
0.1641821372557064
0.1674356274639286
0.170635077020994
0.17365618381154357
0.17670989133245651
0.17132029158585094
0.17430073656220713
0.17712707877058076
0.1800097725093346
0.1826253538747702
0.1853972339377773
0.18623490229860507
0.18813347185502816
0.18960702492833614
0.18494140126709546
0.18752735403338028
0.18987750982764562
0.1915181377714964
0.19371927307385717
0.19614189659593073
0.19181863995649429
0.1941949149498755
0.1965229878719873
0.19881249461572215
0.20109612184334325
0.2018600123756823
0.20305708945144907
0.20525509561743427
0.20734970573264777
0.20941467718652507
0.2115089056842121
0.21360224588337773
0.20989363109498715
0.211939790695436
0.21138727648969047
0.2133855300641937
0.21370175072354292
0.20751813087875337
0.20929833344768267
0.2112110478567979
0.21310179644767013
0.2147898855696584
0.21661936100361678
0.21833617868910904
0.21900167296071327
0.22068620193778177
0.22246084885167194
0.2240649040847117
