-0.239265114292
-0.232965618252
0.48935661609
0.488565194934
-0.239265114292
-0.157864477639
-0.238397936954
-0.238408338624
-0.205108293669
0.251819581102
-0.233700583687
0.251915009932
-0.239143887476
-0.22546143331
-0.159564841812
0.489467633512
-0.160532082618
0.103814807735
-0.23730784794
0.251455004491
0.249766189627
0.249766189627
0.245079308409
-0.236903042417
-0.23790641864
-0.238985628546
-0.237720951228
0.249427117763
-0.22101993184
0.252302346026
0.24958019093
0.249694650183
-0.219273444154
-0.121209558736
-0.239137855447
-0.239265114292
-0.0800432122745
-0.239265114292
-0.220272546166
-0.238998269729
-0.238998767242
0.274842251501
-0.239265114292
-0.225777272347
-0.237529277145
-0.239138915402
0.252180459723
-0.237388941684
-0.210427115988
-0.0877642870642
-0.238988909348
-0.201161628689
-0.237399152544
-0.238992076749
-0.221629843751
0.103647696229
-0.211364036296
-0.235779579262
0.26572241688
-0.0819191427278
-0.0914390273353
-0.0152266527534
0.249929384726
-0.175744649072
-0.015064969957
-0.221932043581
0.249929384726
0.249929384726
0.249694650183
-0.160549891492
-0.0150898193243
-0.236527731914
-0.0149570517166
-0.178406970684
0.103738298677
-0.0876141708956
-0.12274457899
-0.0150110238202
-0.122878850176
0.0837597709462
-0.232024119119
-0.116396625621
-0.0876141708956
0.251464181135
-0.116371855865
0.249346200918
-0.239001366435
0.0833389515359
0.252302346026
0.249427117763
-0.124631528259
0.24930139665
0.0838526463259
0.48867235419
-0.0816706289103
-0.0799943059445
-0.0149570517166
-0.091639350305
-0.238989745987
