0.11963255714590904
0.19728776322974273
0.07494860920712376
0.022764429779644213
0.017113089268992132
0.03966515750310551
0.06946489962236202
0.09595471502505615
0.11646554439193935
0.09357285520085379
0.11304790384142882
0.09366982615436847
0.11075153240268609
0.12578229462336765
0.13575509723663348
0.10696288350060712
0.11588133253491872
0.11041739528568328
0.12228278768270773
0.11030873984981904
0.0989557312303948
0.08809633168138031
0.07788469383101493
0.08736081552770869
0.09651106239846419
0.10536238197422687
0.11385241594666251
0.10525148085137814
0.11261881191271128
0.10448002655704536
0.09668064559048128
0.08911414103947657
0.0955633599851935
0.09902649023480103
0.10566920844167127
0.11213583315226094
0.11424223347527485
0.12037723640583431
0.12588405005999181
0.13171327615093753
0.13740372299002346
0.13101204272255973
0.13644988622919196
0.14146715894800377
0.14663083888593642
0.151718900915774
0.14646514133822064
0.15130981361748463
0.15551835593724805
0.15723922431105608
0.16183516487543592
0.16563066730352782
0.1700269479061951
0.17437225839254344
0.1783299341738066
0.17651155353820358
0.18015576106054187
0.18415202511583328
0.17972331816782905
0.1810662549338592
0.1825410779553962
0.18278277085624317
0.1788776242199015
0.18158138805177082
0.1818096451723309
0.18512206373323792
0.18144663160491636
0.1778244666088894
0.17425740017770142
0.1765186662550472
0.17672824707899615
0.17996835299562242
0.18017047531611707
0.18254923492523856
0.18118425731106136
0.18232210368632873
0.18389575213491283
0.18408576509466235
0.18562175072185816
0.18458767947560928
0.18741724190389153
0.1888196108872764
0.18986263673127157
0.18690423460027583
0.18825739571498346
0.18539134742857444
0.18810727204715139
0.18717087933326526
0.1843675199329804
0.1816265625949227
0.18298125311947921
0.18030059294044798
0.17940854351144864
0.17426462399365616
0.17511535971147185
0.1759400432779099
0.17609266625460995
0.1770183162576906
0.17940821371755766
