0.20440977916235686
0.31045041922162847
0.3269557186491459
0.2630675490510825
0.29385886282500007
0.28310156892918265
0.2731178358797527
0.30489445338452953
0.34191126043966424
0.37703175936937255
0.4045496756447188
0.4238759126610592
0.4011021574960151
0.3709899057948823
0.3427596698250703
0.3239908210116829
0.3194010849863562
0.3026143315924061
0.2866645806402817
0.2827489752822091
0.27932795258505333
0.2752012386690214
0.27206369461607466
0.27944929319220074
0.2940710223535582
0.30375062075807174
0.2923337027793599
0.2813498300910148
0.2786916899217914
0.268399297201035
0.28027945214463795
0.2878894054842909
0.2952828767264167
0.29294267276592273
0.2840945691518489
0.28194271823392014
0.28421101881762245
0.2906511731358536
0.28267583364865567
0.28067336530083076
0.28748761378044185
0.280072274328006
0.28600765327334476
0.2841770816919572
0.2772277342669713
0.2754836893337341
0.28272181416737735
0.2761964684462818
0.2745513021589974
0.2729761051458491
0.2777834563396053
0.28249527001811603
0.287116798264377
0.28574754833218874
0.2800415282157714
0.27871891887035394
0.28309492374589357
0.2845558631048883
0.28932235573060483
0.29040763712806644
0.2852589344644079
0.28019343335653757
0.27855020855636575
0.27693017820218674
0.2720987224113496
0.2708710514311491
0.2696578522100312
0.2684605297686416
0.2720486157459418
0.27439422685050724
0.27953894228833254
0.28044334225696366
0.2838318813435079
0.28277030155732974
0.28169269512567313
0.27754108858795973
0.2765152970815929
0.27248063321018967
0.27330824613559723
0.2768878771807952
0.2758891200002354
0.2749818783463713
0.2780917127725323
0.27720581798111205
0.27349034761483165
0.2726237223766452
0.2716849127351011
0.27451037163066516
0.27837025080061467
0.27931070946099745
0.2820370936964216
0.281027257072964
0.2801497591854121
0.2791387908382361
0.2818189687922167
0.27852804544018755
0.27527025401239774
0.2779078493661537
0.27708886847809466
