-0.408819558325
-0.318121920178
-0.0660211977101
0.31944084799
-0.184747882644
0.0753010572707
0.0798698643954
-0.285989557543
-0.370168070551
-0.386325488227
-0.330214995304
-0.251241081212
0.318832572311
0.451683775517
0.451683775517
0.319070429828
0.0826152484559
0.318948314485
0.318995019042
0.0822277125195
0.0752624993374
0.0949144200687
0.0753010572707
-0.184639964403
-0.380164958195
-0.261349156922
0.319673703404
0.318532307962
0.0797442050767
0.319064174343
-0.380164958195
-0.251128460209
-0.251378022232
0.0819071386173
0.318531730107
0.0796184839634
-0.0861954221807
-0.251166018411
0.319013579488
0.0821012022608
-0.286198436144
0.318859596455
-0.261156673595
0.0823757211624
0.319669981549
0.0819701118621
-0.347429992015
0.319741940334
0.0822583143642
0.0803350476706
-0.249982262075
-0.249726124961
-0.249562525298
0.0753087462704
0.319537126519
0.0753887326888
-0.253808282781
-0.0861954221807
-0.285989557543
-0.0662021652452
0.319219565147
0.319126569796
0.105166387211
0.105301973022
0.318876082195
0.0822539556734
0.082497547036
0.0826152484559
-0.251166018411
-0.166538388424
-0.370419511523
-0.0660211977101
-0.250751892404
0.0796184839634
0.0818980888059
0.319673703404
0.0800117374966
0.318738445841
-0.0662090340326
-0.289950114661
0.0818980888059
0.0753010572707
-0.261226091798
0.0753010572707
0.3195304515
0.0753963957222
0.0826152484559
-0.251465841705
-0.347389125295
-0.0855817380948
-0.250827349659
0.0939148059816
0.0824848014299
0.0960419929817
-0.257297083582
0.319219565147
0.319263559923
-0.261121940022
0.0818980888059
