-0.0736328082917
-0.0736347852519
-0.0736438771743
-0.0737632374035
-0.0736364946912
0.00591894193817
-0.00130922215001
-0.0737632374035
-0.0736363177436
-0.0736378298289
-0.0736394903425
0.08467396298
-0.0734968903533
-0.0737632374035
0.0777160525373
-0.0735001487426
-0.0684478582398
0.0844328971706
0.0848228624293
-0.07363757769
-0.0734915351891
0.150490853068
-0.0736346200401
0.150275224135
-0.068400348594
-0.0737632374035
-0.0737632374035
0.0848228624293
-0.0130114891517
-0.0736403268823
-0.0734999755896
-0.0736388283465
0.0854586646138
0.24960305148
0.0776443802923
-0.0595297309599
-0.0514474479298
-0.0729156600621
-0.0736327402092
0.083906203738
-0.0737632374035
-0.0734879449052
-0.0719964529512
-0.0736353765161
0.249517824116
-0.0718548404569
0.0855457837098
-0.0734851119689
-0.0736418929065
-0.0728959347148
-0.0734953563427
-0.0716052028749
-0.072389191602
-0.0736429583561
-0.0737632374035
-0.0736379712128
0.249354523214
0.269156577366
-0.0737632374035
0.0777160525373
0.249354523214
-0.0729170944053
0.168463805257
0.0489863534312
0.0375518876826
0.0776443802923
-0.0728974365377
0.150275224135
-0.0562657806385
0.084169111334
0.0840939054537
-0.072901168438
-0.0737632374035
-0.0736416716364
-0.0736355886927
-0.0128116916898
0.0835827341605
0.0844328971706
-0.0565763547484
-0.0729113277059
-0.0737632374035
0.269066078399
0.0836573410697
-0.0736402513009
0.150382986743
-0.0736367191849
-0.0737632374035
0.265396752885
0.150275224135
-0.0736415977003
0.0848228624293
-0.0736414198861
-0.0737632374035
-0.0724082238533
-0.0736332491024
-0.0737632374035
-0.0737632374035
-0.0737632374035
-0.073636366051
