0.03681640414585374
0.06136133256315768
0.079772301856736
0.09452494933743305
0.10679769845263165
0.10595213531860703
0.10611578808735811
0.11431170335441199
0.12167533512877493
0.12836968329503562
0.13450630749024206
0.12799292572254795
0.13324270360492496
0.1381602527651573
0.13330299948157331
0.1376265376429031
0.14142919643400154
0.13698535974081194
0.13274421661934543
0.13625076793791635
0.13959129226469413
0.13304821169651493
0.13611632086485415
0.13010531189945507
0.13273609453768764
0.13546806629337227
0.13810246762921108
0.13517754133854454
0.1356112576436025
0.137986752059162
0.1402836262963374
0.14251510594320116
0.14000161580750103
0.13287010005092836
0.1307133117094761
0.13232222335704202
0.13367610356572102
0.1355457358750044
0.13738655438023373
0.13534006160613588
0.13709632916336167
0.13880535113790138
0.14044163415951927
0.1420779758598777
0.13665367533560768
0.13818250172830815
0.13640029790102148
0.1378999940636524
0.13937283192178151
0.14080216397501377
0.14221553621237293
0.14356657777605086
0.14490711836127235
0.1462460812404741
0.14756328190839352
0.1488551761401975
0.14455596022271
0.13999398433514731
0.14122337162520537
0.13994933797705222
0.13592749082843492
0.13708490502534476
0.13445265806819795
0.1336990218615639
0.13313005386637322
0.1319711825187273
0.13304320364428146
0.13086530184522382
0.1316690987114878
0.13048361827016375
0.12931564736108514
0.13031429350407098
0.13131109400952345
0.1322929829646755
0.13326187228957997
0.13342825789594137
0.13235668438106318
0.13128791353080238
0.1319951179651575
0.13289525781337863
0.13379480948903089
0.13055304950832236
0.12955712878130188
0.1304234846789597
0.12867484529823014
0.12952124436932055
0.1303594629761783
0.1273774769887016
0.12570775227609077
0.1265170006024675
0.12559501296736608
0.12638685619194812
0.12717157148347458
0.1279337633135098
0.12870077632499344
0.12946122207142108
0.130213908167375
0.13095899137347078
0.1316953550339811
