0.028517619620510415
0.09464948453443656
0.1993187885906183
0.2840059181399568
0.37030894463524894
0.34372380083595055
0.29232322048037684
0.24722030796671907
0.21529530646332837
0.18630909039945526
0.17080108984986453
0.1751884159453277
0.1618368569047292
0.16516470477039302
0.16685238520764867
0.15588528478044833
0.17720890628509278
0.16738175676354178
0.15808040867774592
0.17317525034846987
0.1646736928638209
0.15657954495269566
0.1488197953056869
0.16455413297021282
0.1664847689824292
0.1836148702373404
0.18548456282333142
0.19905315349326524
0.20632408699123356
0.2189004216332948
0.2126117689233676
0.20693370938320144
0.20840187755922956
0.20304827856421576
0.19786088775602445
0.19922316292895403
0.20931233721052422
0.20450792072409074
0.19982693602556761
0.20048588989245375
0.19604340075748117
0.20592161612847554
0.20168901227884917
0.20284570709082977
0.2039413516511025
0.19998038565204124
0.20106272190530916
0.19725778596208388
0.1982610073653449
0.20578211176564515
0.20673997108093806
0.20294304869003865
0.20881326489532018
0.21641848846116452
0.2173126744459228
0.2255257683117497
0.2332905516718826
0.23012815461576322
0.23710857966397397
0.234050631570004
0.23497055478356885
0.2357629677584261
0.2328458227511755
0.2358957050986759
0.23665203415905406
0.23386687657290317
0.23112303206832902
0.22842498276462062
0.22413458075414008
0.22483433413614806
0.23064268372846333
0.23644279917085145
0.23391069153807464
0.2365529027851349
0.23704313607019395
0.23769005733186363
0.23832868473120422
0.23596599709050595
0.24225393129630998
0.24696825554169938
0.24469198625941488
0.24529487088850196
0.24986466254778758
0.24765977948336723
0.24531981568432457
0.24317542651333268
0.24374814980620252
0.24165795922512479
0.23958534996143402
0.2375331953559957
0.23807459409942214
0.2421851317408605
0.24271876014685043
0.24746221190039314
0.2514482500850181
0.25199133518414263
0.250085555227357
0.2505886732515512
0.24872282781486274
