-0.057035239241
-0.198395594742
-0.418677216225
-0.423435647747
-0.517818158972
0.186096006595
0.411204642845
0.405926212623
0.319250015034
0.318848376703
0.186096006595
-0.057035239241
0.186921826568
-0.049917717985
-0.0270028869961
0.186440707262
-0.383825187084
0.186715840909
0.186026961716
-0.316991675085
0.187034264662
0.186165401956
0.186233991528
-0.393358441613
-0.0501965363176
-0.462512733883
-0.0523513924077
-0.393489129428
-0.218128004939
-0.389866373904
0.201236886718
0.187375964825
-0.049917717985
0.187375964825
0.186746069095
-0.0504041813984
-0.3833886227
0.187372242971
0.187239387941
-0.0270171085423
0.186584543669
-0.424763260953
0.186234569384
-0.0520512665391
-0.0503996497725
0.186165401956
-0.0519521401569
0.186441861218
-0.0501610701631
-0.383576324415
-0.0498086843952
0.201236886718
-0.316991675085
-0.418287296121
-0.0500744151465
-0.468146350352
-0.450357434888
0.186581426311
-0.418825502893
0.186534833732
-0.057035239241
-0.049922017416
0.186697280464
-0.198242352588
-0.049917717985
0.186605558272
0.186581426311
0.186165401956
0.300328140734
-0.0496824901226
-0.418201170647
-0.423408427294
0.187375964825
-0.19816584353
-0.0372577296645
-0.0498129371486
-0.0498129371486
0.186652323615
-0.503034736464
-0.381860263877
0.186654081147
-0.0500394242142
-0.38386249938
0.187415060476
0.201236886718
0.186561857876
-0.0503996497725
0.186026961716
0.186534833732
0.186746069095
-0.0498086843952
-0.382280000654
-0.0501610701631
-0.450627916587
-0.382659665724
-0.0526792546151
0.186766435765
-0.0498086843952
0.186584543669
