-0.197248921093
-0.571469665103
-0.682931693502
0.289141930667
0.313791314432
-0.668675432847
0.313791314432
0.313791314432
0.313791314432
0.313791314432
-0.652939743735
0.178818636837
-0.672449847425
0.313791314432
-0.686080233416
-0.67314050375
-0.684058147933
-0.674288155766
-0.67241029538
0.313791314432
-0.683863234068
0.307560784837
-0.680844837901
0.305886176092
-0.684869200525
-0.684047781312
-0.684338069823
0.313791314432
0.313791314432
-0.682732842676
-0.680864902169
-0.686079084738
-0.683488059824
-0.68404165773
-0.684291140026
-0.684322782692
-0.680893306404
-0.684290527
0.313791314432
-0.686208685568
0.313791314432
-0.685351175206
0.313791314432
-0.683470366211
0.288791314432
-0.684869997482
0.313791314432
-0.679174253876
-0.686088377579
-0.68534150823
-0.686085759938
-0.684440481099
-0.685351175206
-0.685943855059
-0.686208685568
-0.684292976756
-0.68484731815
0.313791314432
-0.684344173448
-0.686087693432
-0.68383981924
0.313791314432
-0.684672351261
-0.671864820478
0.313791314432
-0.684440481099
0.313791314432
-0.685327757657
-0.667200421105
0.313791314432
-0.683849797615
0.313791314432
-0.686208685568
-0.685942798836
-0.684672823181
-0.684468454592
-0.686087956363
0.313791314432
-0.686208685568
-0.685945838939
0.299505600146
-0.684292670878
-0.685942763483
-0.685351420244
-0.684857739906
-0.685321898692
0.313791314432
-0.686088072855
0.313791314432
0.306648457289
-0.685361108226
-0.68291636188
-0.684271639563
-0.68608082468
0.313791314432
-0.685928377229
0.313791314432
0.313791314432
0.313791314432
