-0.0807281872478
-0.0805977402218
-0.229671953916
-0.229164669736
-0.348230213157
-0.508824708787
-0.511035246087
0.28819211436
0.392291743932
0.380289392745
0.291045256309
0.287749955803
0.28818876247
-0.0694219718313
-0.0814408968735
0.155525457163
0.155666176212
0.155318741429
0.170453934254
0.155594292736
0.170321636618
-0.413939218333
0.156571732148
-0.0876753083508
0.26894122488
-0.0827469339229
-0.0805935553385
-0.481314177035
-0.0830252131869
-0.347906925184
-0.539335441745
0.155594292736
0.155111711617
0.155714526298
0.17052003211
-0.0807281872478
-0.0811162395366
0.155111711617
0.276821769947
-0.0832666425069
-0.0805977402218
0.15580059081
-0.347931728565
-0.449745220069
-0.0580536498632
-0.0830037953504
0.155594292736
-0.414740437183
0.155619583633
0.155646607777
-0.229671953916
0.156324137842
-0.41470310719
-0.248965263785
0.155574353301
0.156597154279
-0.0877936487776
0.155738831048
-0.229234186388
0.170321636618
0.155927144262
0.170453934254
0.156456992872
-0.229241200886
0.276851458356
-0.0832666425069
-0.0812428768155
0.156159786349
-0.347877710428
-0.0808588287773
0.155526611119
-0.0813148998717
0.156456992872
-0.248794726772
0.170453934254
0.155525457163
0.155830818996
-0.449740752992
0.156525042519
-0.0808588287773
-0.45747473664
0.155830818996
0.156143727028
-0.0814317202295
-0.0811800420953
-0.083201251181
0.156227859313
0.26895324795
0.155111711617
-0.449325264603
-0.499225647613
0.156324137842
0.155249766424
0.15566929357
0.156227859313
0.170453934254
-0.0810763202622
-0.0692981826961
-0.414341448886
