0.0020234696585903593
0.003579624930313021
0.0030312185920767336
0.002561829444518292
0.002179343751446506
0.0018595663274178532
0.0015758117175036605
0.0013308660486928449
0.0013941113665042575
0.001393103260292558
0.0014160862911908947
0.0014607913250923622
0.0014978830519939597
0.0015185713889440053
0.0015419121005578636
0.0015604561296608567
0.001596015300046022
0.0016186737917827723
0.001666413460177367
0.00450197622172217
0.004477902435364684
0.00416231181459217
0.003863867744611508
0.0035731267872469406
0.0032715765490272525
0.0031421390963064025
0.0030379378877332178
0.0029213980459089905
0.0028130079865100223
0.0027052873581330378
0.002600395927975823
0.002377276030000125
0.002276763910037106
0.002187835777516172
0.0019830501178368792
0.0018786866615546176
0.001753843360017434
0.0016261824409856997
0.0015352625593855786
0.0014312649976922984
0.0013235965705814222
0.0012078110858782243
0.0011014985665829223
0.0011108847469622034
0.0010046131805861828
0.0008976998090078
0.0008133885732332022
0.0007156667161344471
0.0007092492668372211
0.0007037861436254463
0.0006281368602905242
0.0008955261916446834
0.0007996017301833448
0.0007145517147471026
0.0006455972882748948
0.0005601520550564572
0.0005588490031898825
0.0005667568878733355
0.00048042487255813004
0.0004120203146543433
0.00041754401987032994
0.000335036683245981
0.00033726199122860456
0.00034270341889064415
0.00034823262320508863
0.000339276799806245
0.00033446271263424046
0.0003336804456761516
0.00033777370143164495
0.0003422623392834584
0.00028762674576379363
0.0002916786101911789
0.0002892066321369645
0.0002845396241540933
0.0002778640759970412
0.0002711201256512946
0.0002193564832824041
0.00022411817697334802
0.00021823981355030206
0.0002066973312170213
0.00014519346791498633
0.00015205079621990678
0.00015652905576258105
0.00014705901227622317
0.00014159076723152877
9.08573868772175e-05
3.694777939525218e-05
6.045522768401146e-05
6.033696695136384e-05
4.112153393579648e-06
1.1801919706632552e-05
3.492216769065623e-05
3.9163671923529014e-05
4.0546976016245934e-05
1.3153488948348946e-06
4.9238602217969996e-06
6.7904558953869876e-06
5.463042877122681e-06
1.2641588916298407e-06
