0.16202720973526252
0.22934762628719546
0.270736584383528
0.23776918036269856
0.17049963564925263
0.2137268005398265
0.19312217302680812
0.17463125594482787
0.1581601455730549
0.12141787709157192
0.10652901373520296
0.1050988129413748
0.11952903151290828
0.14070838924272688
0.13954591333221078
0.1297155085698486
0.12043123740539541
0.11178007783415111
0.10353929772076542
0.1131279515667678
0.12696144488452987
0.11978891651839574
0.1332970433415568
0.12664104659831454
0.12592246149185837
0.11981233463265362
0.11410196584285481
0.11346588555940162
0.1190146541375443
0.11364661880770466
0.10849939681652565
0.10350320594330564
0.08450205323253734
0.08455331580508907
0.09302780120810061
0.09573811846926172
0.09134328826033067
0.0996558703134569
0.10215887171012106
0.10808373911374047
0.10417204589926465
0.08922266016912872
0.07490218406945526
0.08158355208219303
0.08862792983949785
0.08508731079215681
0.09104668433238916
0.09763400383389331
0.10385899469149251
0.1078190191945474
0.09580724444809907
0.10191041974062454
0.10194364548209334
0.098907217337741
0.10341085553122742
0.10855735604211669
0.10571090980881126
0.10292707403355184
0.10017751694690968
0.1054689273917917
0.10281450524747493
0.10681645589484612
0.11184715101357046
0.11161757946812068
0.1142926627153793
0.11180545511121232
0.10945412678600108
0.11190601745273088
0.11629198604501345
0.11603100054341331
0.11605483574304853
0.1137932757220661
0.1115397014627102
0.10931136314520407
0.10714591350115621
0.10715830195983012
0.10502335432415266
0.10478791616506078
0.10270064133159451
0.10580111644729395
0.10901080462573765
0.10699739946661935
0.10677589197772808
0.11038494212048156
0.1123521567251834
0.10612577131431966
0.10909053301927618
0.1117138292168054
0.1149326797088881
0.11310257549357994
0.11131182740001244
0.11310013464614843
0.1113962462727045
0.10964338959947295
0.10792366166685097
0.10627530778938321
0.10459597949399912
0.10755911615178382
0.10591413924005999
