0.030059077028227327
0.23990037332000588
0.19855924538520361
0.3497061144818939
0.3156675531542591
0.4279450157494325
0.5257920976712848
0.6131181666233879
0.6917416947865012
0.6724789664872421
0.6548214655462548
0.7154241052968526
0.700289104490292
0.7527729360762347
0.7395298103704943
0.7858096704920547
0.7740380031980632
0.8155106035302031
0.8049161029656107
0.7948261024279036
0.8306107029897545
0.8648008834924169
0.8969641345825943
0.8884885341309203
0.9187901866698135
0.9479221037597537
0.9403546033564734
0.9673475533962248
0.993613648705905
0.9867784870513292
0.9801569241984589
1.0040309534715264
1.027210659021766
1.049703870775101
1.0438180371281052
1.0650706021353442
1.0857387432659817
1.0805366662843705
1.1001057261625022
1.1193211647087924
1.1380537529716257
1.1563818922439084
1.1515662101690936
1.1690797654737193
1.1861937068816393
1.1816854087690467
1.1980676119887586
1.214151489309333
1.229875551470275
1.2257208453665134
1.2408597354324038
1.2557244218077679
1.2699954699647602
1.2661429243049085
1.2802115192326151
1.2766604431219823
1.2730071670652263
1.2694158109416356
1.2825509774201047
1.2790773706776153
1.2756597898503275
1.2881652718890297
1.3004751628071451
1.2972153164795783
1.3091563769145502
1.3208989762972196
1.3324569503878994
1.3438788342822203
1.3551336156566471
1.352149249300424
1.3630682744512366
1.3738625434304155
1.3844832815462118
1.3816580813956538
1.3920163772013425
1.389264558872877
1.3993668569839568
1.4093394471156409
1.4191908219744926
1.416574895909161
1.426175481806543
1.4356541595831285
1.4450331309272877
1.4425403072650307
1.4517029548751261
1.4492674375039554
1.446859596466548
1.4557049188544136
1.4644616965067263
1.4729646209420892
1.4706614686454387
1.4791344526748351
1.476880303618539
1.4851761982365195
1.482969010618896
1.4807845775127944
1.4888252289166628
1.4967832117605544
1.504663044220513
