0.18882193689006257
0.4202751058350941
0.3537138423276532
0.49313958692813303
0.6081510587347116
0.5654382248295196
0.5280644951624764
0.4948434021251048
0.4649444183914704
0.5273754162453728
0.5843297475494185
0.6367929409780984
0.6867553572893349
0.7334715356695779
0.7772846708360563
0.8185050706506762
0.8574344720023219
0.8942363651136518
0.9292804506392558
0.9626485911175056
0.9944055394563709
1.0248788243290559
1.0540304164725618
1.042070822979108
1.030571213850787
1.0565241173008284
1.0458459088245304
1.069988596509505
1.093290709004956
1.0836458755424934
1.105345869493709
1.1265625607071221
1.1177687419619355
1.1377900110261574
1.157155603173859
1.149074796759363
1.1412066431452488
1.1591812627007272
1.1766999550875286
1.193760252022952
1.1866414463720867
1.2029007080978422
1.21879778683426
1.2343730213247437
1.2278732422522145
1.242788352096122
1.257386878425023
1.2716932082753016
1.2856959975102902
1.2994358223521296
1.3129116765299713
1.30727035884438
1.3202520285233366
1.332997667844494
1.345499868642772
1.340254432900029
1.352317392763781
1.364172651334257
1.3758516513662238
1.3873415837810512
1.3984733098199487
1.4095760239586494
1.4205160098779286
1.4312967089135624
1.4267665598630117
1.4223040249773946
1.4326005318240722
1.4282673457757193
1.438278007353161
1.434066882883635
1.4299142462539636
1.4258184950575752
1.4219061820258108
1.417919650861326
1.427117711085264
1.4362106058559139
1.4451963259854421
1.4540586471979497
1.4628040881634177
1.4714585346160554
1.4678123170875634
1.4762475400614659
1.484592899140795
1.492838543064935
1.4894449735278013
1.4974994347673782
1.5054640496375609
1.5021046132629952
1.509890507067261
1.5175939154481803
1.5143440259119156
1.511129081424428
1.5185866363463818
1.525964321146131
1.533266510340544
1.5404846776186498
1.547635071577969
1.5547146858146919
1.5617247874413285
