-0.37764387378
-0.694359506835
0.26624505403
-0.697128723002
-0.690068830839
0.298989837336
0.298989837336
0.298989837336
0.298989837336
-0.686740976393
-0.683451975649
-0.682021514573
-0.699473828357
-0.700742675704
-0.701010162664
-0.700746796849
-0.70072922433
-0.699235969115
-0.700881710512
-0.700730950043
-0.698652863455
-0.700885552072
-0.699638211444
0.298989837336
0.298989837336
-0.700728393151
0.298989837336
-0.700137942864
-0.699063374864
0.298989837336
-0.694399806439
-0.700150810043
0.298989837336
-0.700744417248
-0.697161317317
0.298989837336
0.298989837336
-0.701010162664
-0.700747695472
-0.699472174352
0.298989837336
-0.699148254207
-0.699471464402
-0.700885552072
0.298989837336
-0.701010162664
-0.700729263787
-0.701010162664
-0.700139461749
-0.700731066934
-0.700744417248
0.298989837336
-0.701010162664
-0.701010162664
-0.700123244704
0.298989837336
-0.699651672098
-0.699460255658
-0.700740001918
-0.700885877304
-0.690167014412
-0.699470990738
-0.700159098834
-0.700745437316
0.298989837336
0.298989837336
-0.700162465574
0.298989837336
-0.700746310421
0.298989837336
0.298989837336
0.298989837336
0.289511164351
0.298989837336
-0.699052577019
-0.70015289734
-0.700886170103
-0.700123375788
-0.699635277237
-0.701010162664
0.298989837336
-0.700123506834
-0.701010162664
-0.700879733552
0.291846980193
-0.700738127843
-0.700886108576
0.298989837336
-0.700730442384
-0.701010162664
0.298989837336
0.298989837336
-0.701010162664
-0.700880055976
-0.701010162664
-0.700162225976
-0.700738608013
-0.700881809436
-0.701010162664
