-0.0192206899572
-0.0196110397548
-0.0190770895621
-0.141672698086
-0.0195787183746
-0.141819502357
-0.139994167904
-0.141811497811
-0.0808292551921
0.0823417176548
-0.141941587573
-0.126386464104
0.181168772244
-0.141941587573
-0.141816085565
-0.140401941691
-0.140399329707
-0.141821467453
-0.141815069354
-0.141812505347
-0.139992269834
0.349382160568
-0.139568706217
0.347143524029
-0.141092571017
-0.141941587573
-0.134900638898
-0.0272289438947
-0.138842414019
0.349386459999
-0.141677839716
0.349364920127
0.346952785576
0.00933079697002
-0.14108395464
0.347001901371
-0.141662140877
-0.141096040786
-0.141810919861
0.181424701311
-0.141821726612
-0.139220961829
0.346750644482
-0.135566359886
-0.141941587573
-0.140065708254
-0.135621616464
-0.13560215631
-0.14058759329
-0.123019333356
0.346750644482
0.347341487076
-0.138839743699
-0.126365263585
0.347143524029
-0.141815340887
-0.141941587573
-0.140602899487
-0.131020857014
-0.140021587573
-0.141062981628
-0.14108517878
0.346876303801
0.349382160568
-0.14181468402
-0.141673455115
0.347018176902
-0.141086764949
-0.141081619105
0.346903717649
-0.135301971195
-0.14181497324
0.347352037827
0.346373295576
0.586543565925
0.201054758347
0.347252911445
-0.141941587573
-0.140396231368
-0.141941587573
-0.123696405121
0.342315185676
0.347138167028
0.180811017225
-0.141671499794
0.347252911445
-0.141941587573
-0.141677037308
-0.140607068
0.200547474168
-0.141818023999
0.349625872745
-0.103969635038
-0.141941587573
0.181083297665
-0.141813036345
0.181083297665
-0.141941587573
0.342268938743
