0.125074832293
0.125798189844
0.125755372339
-0.111429807781
-0.113448554456
-0.113705415883
-0.11357956154
-0.111682511965
-0.099876075711
-0.378716412043
-0.279581574669
-0.111777940795
0.125938166621
-0.0887411665563
-0.11212418225
-0.111777940795
-0.451483244536
-0.443477134509
-0.444276536356
-0.445180375443
-0.542110887937
-0.444628745974
-0.53952632932
0.124824990586
-0.111660653537
0.124963010035
0.124410091084
0.1249179631
0.238210635225
0.125012905765
0.139752313721
0.125129198463
0.124803436603
0.125035452983
0.124963010035
0.238186746527
0.124892672203
0.125033705275
0.124735930119
0.125035452983
-0.45510600006
-0.378579330961
-0.445292631443
-0.445330014599
-0.360452997635
-0.378878017107
-0.570486992964
0.12571238266
-0.118778405043
-0.111534588617
0.125390058722
-0.523974751921
-0.45510600006
-0.484834401984
-0.113448554456
0.124872732768
0.125038977954
0.124944987244
-0.113902871714
0.124525253348
0.125759094193
0.238251627417
-0.111429807781
0.125074832293
0.124617120896
-0.11383133227
0.238186746527
0.124548145892
0.125225523729
0.246238223858
-0.111534588617
-0.0887411665563
-0.524129604515
-0.111295175871
-0.113448554456
-0.529856777694
-0.111299360755
0.124944987244
0.246159528088
-0.111173229094
0.238186746527
0.257843121307
0.257560009259
0.139818411577
0.257121661116
0.125030239001
0.257121661116
-0.486299632273
-0.259942821419
0.24619888623
-0.118399704943
0.257284577271
0.1248284914
0.125319409323
-0.486380131585
0.125798189844
0.240183206857
0.124803436603
0.124341011228
