-0.0477057373685
-0.0232810734695
-0.0612481916451
-0.0615253151036
-0.0613983793331
-0.0615253151036
-0.0595885817272
-0.0606470949631
0.0607433971233
-0.0613974378658
0.0607718250963
-0.060668294678
-0.0615253151036
-0.0439814554545
0.00172635527501
-0.044225653143
-0.0601672345242
0.0614331543318
-0.0615253151036
-0.0615253151036
-0.0612588615997
0.0608949475606
-0.0440202849225
-0.0596532402206
0.0550108433487
0.0614216581484
-0.0615253151036
-0.0584261415499
-0.0576445601204
0.0900184039631
-0.0612540918869
-0.0612504010143
-0.0615253151036
-0.0612593576568
-0.0612442583301
0.0613431735673
0.090054128555
0.0861351598552
0.0957566996267
-0.056151859972
-0.0612510795353
0.0861004488832
0.0863007718529
-0.0615253151036
-0.0614038379413
-0.0612531692334
-0.0614044691822
-0.0615253151036
-0.0613980886405
-0.0615253151036
-0.0612603442504
-0.059787283819
-0.0613960827438
-0.0576479798904
-0.0615253151036
0.0499170146373
-0.0615253151036
0.0901256282926
0.0201584164095
-0.0595542244334
-0.0614050360562
0.0936511833565
0.0962566934637
-0.0615253151036
0.061450512167
-0.0615253151036
0.089774921303
-0.0615253151036
-0.0561653008102
-0.0612584349328
0.0961441260379
0.0860735549529
0.0898823025922
0.0901256282926
-0.0615253151036
-0.0612436646318
-0.0615253151036
-0.0615253151036
0.0958579510732
-0.0615253151036
-0.0615253151036
-0.0614057836668
-0.0615253151036
0.0614216581484
0.0963318277535
-0.0612559911068
0.0901256282926
-0.0505901718155
0.0958206564604
-0.0613950389181
-0.0613999704057
-0.0614052238342
-0.0615253151036
-0.0601792187829
-0.0599889807973
-0.0615253151036
0.0861004488832
-0.0587972673628
-0.0606698831105
