-0.220269942325
-0.0735113556762
-0.218792453778
0.50676449448
-0.168574415192
0.267931905147
-0.221137119663
-0.221137119663
-0.220865528137
-0.157602444048
-0.219363498251
0.507159102504
-0.218224664635
-0.106424475985
-0.220873371806
-0.219401282516
0.267555112392
-0.219799227586
0.269843853898
-0.139416200018
-0.0635051653121
-0.219795837994
0.755360576189
-0.218965385617
-0.0694861762668
0.267757253486
-0.21388670137
-0.217845936569
-0.20391621705
0.267429391279
-0.221007114463
0.118105230993
-0.219589850593
-0.214818289549
0.267429391279
-0.220279731838
-0.218400205534
-0.199638476374
-0.0985835315922
-0.14820175162
0.268145954986
-0.0634676785216
-0.0734151844822
0.26827696207
-0.183246915142
-0.103054230105
-0.0982399234014
0.644183676797
0.270043004561
-0.21482398835
-0.18288456587
-0.0626999192796
-0.157829050113
0.00300910448315
-0.192341862411
-0.22027739764
0.507574259387
-0.214837623623
-0.220864788508
0.270295708745
0.270186628478
0.506686989511
-0.220255803564
0.506549353156
-0.206881677552
0.268156505737
-0.214538879194
-0.0634676785216
-0.0986691336328
-0.183238756183
0.268156505737
-0.106424475985
-0.219180172501
-0.206925481484
0.00279368283572
-0.207333438681
-0.0694861762668
-0.203568742742
0.507480888865
0.121351942077
-0.217839653505
-0.062372751847
-0.1577017835
0.26827696207
-0.0981786502277
0.117615610257
0.267947991939
0.270064862989
-0.10650353363
0.27006922168
-0.221006962173
0.26827696207
-0.0982150873521
-0.0631294933523
0.269947575731
-0.219799625236
-0.0734687258807
0.269582999119
0.269592175763
