-0.08162337104
-0.0902132517596
-0.0925626392407
-0.0922889665532
-0.0924380596967
0.0651068019008
-0.0887252068318
0.064895269225
-0.0853176085886
-0.0925626392407
-0.0925626392407
-0.0752772336229
-0.0924356228556
-0.0906725778137
-0.0925626392407
0.230462245997
-0.0925626392407
-0.0924431649277
-0.0743174567889
-0.0925626392407
-0.092435509823
0.391923068064
-0.0925626392407
-0.0925626392407
-0.0924327184924
-0.0853270177194
0.0667675043
-0.0925626392407
0.250517282787
-0.0894714491325
-0.0925626392407
0.0664031256623
-0.0924428213639
-0.0910215697385
0.230718422279
0.396003871701
-0.0917153012941
-0.0924423312522
-0.0925626392407
-0.0924429217739
-0.0922829971825
0.398283476544
0.25034317726
0.030186951594
-0.0922915263222
-0.0906095142407
0.230718422279
-0.0924342860126
-0.0924385235649
0.250364190028
-0.0922995159674
-0.0906829399926
-0.00188253848503
-0.0925626392407
-0.0292404541794
-0.0922978788489
0.396282665981
0.0654449870701
-0.0924344669772
-0.0916949602819
-0.0924340384177
-0.0887104242171
-0.0907964221566
-0.0924339722309
-0.0925626392407
-0.060186996016
-0.0907890178283
-0.0862232079782
0.230718422279
-0.0924334068809
-0.0925626392407
-0.0908188218659
0.230189965557
0.391686445008
0.131691451231
-0.0925626392407
-0.0922845138061
0.229963370921
0.0662017285754
-0.0925626392407
0.131475822298
-0.0925626392407
-0.0924385081583
-0.0887258760736
-0.0862232079782
-0.0925626392407
-0.091214324634
-0.0886811995794
0.230275820435
-0.090414943883
0.230803649643
-0.0925626392407
-0.0894677286492
-0.0925626392407
0.250287531574
0.230718422279
0.0222555844132
0.25034317726
0.391647887075
