0.04081168552001013
0.0708827694398696
0.09402342925004448
0.11248122256069115
0.12788756584346794
0.11858659414335382
0.12967724499733357
0.12246665952788527
0.13099842038674991
0.139413205772268
0.1471267590423263
0.15291731547486032
0.15951985996454499
0.16556469848545852
0.17134986343800218
0.15779326073227984
0.16293562957898533
0.16780105931202094
0.17151693215146468
0.17592467687721225
0.1801262909600737
0.1630861575659669
0.16694293420099604
0.17064543977062407
0.17420054432802234
0.17736080424355438
0.17497625051855548
0.1781680656647865
0.16981748957190013
0.17270366535036807
0.17559624782663996
0.17358403189747806
0.17630293840818023
0.17890355468642205
0.17249470962311086
0.16179190227983986
0.16420546284021043
0.1665757790261655
0.16888984500718296
0.17114455041630294
0.17334176463493467
0.1640793582036889
0.15838974053869648
0.1577189193921632
0.159725256920906
0.1616531189260273
0.15684648512854382
0.15873289912880129
0.16058166960009912
0.15567256783485217
0.1574475585265338
0.15915855739431828
0.15919341921811514
0.16087637629521878
0.16139852726270776
0.1630177882951438
0.15618532853684775
0.1550760914678635
0.15661666591748313
0.15811986198767847
0.15961073357505995
0.16101883554675933
0.16243752964295566
0.16385959075420065
0.16526205498512037
0.16616036835849346
0.16749550097361476
0.1687451126834444
0.16544913522231286
0.16675101419246663
0.16803660640414297
0.16928069985436134
0.166170024644132
0.1609475387106869
0.1592147564576486
0.1604168686555798
0.1616000034479661
0.15868907470212545
0.157861553094933
0.15900430172753421
0.1574009380409761
0.15851615056194834
0.15961660899240404
0.1606604428285644
0.16166303827017192
0.1627269766522489
0.16376350306854381
0.1647599210413465
0.16220130081429351
0.16319487162619495
0.1606861363039903
0.16168143350012687
0.1626332178474591
0.16360756141841382
0.16100039963118118
0.15862185919531313
0.15839476139517805
0.1558660424329592
0.15194956356220835
