0.0720563545025859
0.27709908768216407
0.3983297336367062
0.5244707758494778
0.6277363908308291
0.5752619936803859
0.6540504367463383
0.616014794518216
0.6791471335059759
0.7364500246065688
0.7886403737564771
0.7603849291370077
0.8054414887067554
0.7809534367032152
0.8204794123996129
0.7988723076906068
0.8338389095354161
0.8670918895142506
0.8985712644586927
0.9286579891772117
0.9571720187529641
0.9415452517219562
0.9678083332029616
0.993060623952057
1.0173944401038608
1.0037899667685606
1.026354288190217
1.0480961998565066
1.0691342487945081
1.089534626123781
1.1092458037086907
1.1283349503016846
1.1468975983390348
1.164970498045125
1.182537432540587
1.1726098438905033
1.189202862658489
1.2054182001757563
1.2212010742624233
1.2365996335303275
1.2278539006719202
1.2193115569497552
1.2109633574030938
1.2028006734019137
1.2165488494165582
1.229981626690201
1.2428651690584547
1.2557371884826387
1.26838519096698
1.2807531568422905
1.2737884233638703
1.2857257671364533
1.2789235304688034
1.272244970831474
1.2832307892549801
1.2767865650435222
1.2704534481460548
1.2811723579869643
1.275050344986079
1.2853137689815242
1.2955163360382085
1.305554644036488
1.2998152568481585
1.2941641679242646
1.3037460062027515
1.3131848480436157
1.3224760354353935
1.3316139403386167
1.3406484260976474
1.349559401026477
1.3444577235257396
1.3531059498859412
1.3481421555608992
1.3565741215666907
1.3517409534080973
1.346970553667148
1.35507830020893
1.3630629806357795
1.3709698815653444
1.3787639036661288
1.3864795039093836
1.3941021451135631
1.40163082699433
1.3973094060525288
1.404650214952578
1.4119123366120996
1.4190821788586208
1.4261895823637718
1.433216288452622
1.4401688073531373
1.4470444421708097
1.4538474445358303
1.449939776662925
1.456599557925524
1.4631811250463518
1.4697035912313714
1.4761393586912066
1.4825300578825895
1.488848200810039
