0.2458024198147808
0.09412903593764066
0.021192602808287164
0.08188800201430863
0.10170804918550913
0.09774406696579946
0.09256238094175961
0.08946412753816524
0.08650875104686401
0.08376710417869504
0.08186700571634609
0.06133131946168591
0.05935832237943228
0.0685730516441323
0.08793742046344166
0.08631680753947851
0.08467014729105726
0.08322041045648643
0.08184288947111773
0.08074401506456758
0.07940598001835558
0.08456163345163004
0.08949202606580964
0.08829057689593844
0.09298613819344986
0.09186932594653718
0.09079705867365706
0.08983137808863861
0.08906611068494669
0.08833058869952126
0.08747151034857048
0.08656566664823334
0.07870447186751445
0.08208968659606614
0.09484708248828999
0.0940418760589874
0.09325774457017216
0.09255285976939204
0.09181694049397543
0.08531625454971942
0.08460452021374021
0.0839062996639578
0.08328275510817901
0.0826730670980842
0.082177389238341
0.08153859171407202
0.08097281741877776
0.07552147917714591
0.07491831686614875
0.07437424087520822
0.07383800470920149
0.07328233793510969
0.07230380728265784
0.07175792576191886
0.0712217921254788
0.06653265839662892
0.06562198059926899
0.06763027771787783
0.07269260944497957
0.07657992156858523
0.07609560323965014
0.07573306769232502
0.07527508684834255
0.0749223573883494
0.07088405248358431
0.0704445626204791
0.07000675704024378
0.0696008912871201
0.06917695770674642
0.06878429562428295
0.06837445126215924
0.0699976914573156
0.06940876341417401
0.06584541033064151
0.06548369313024116
0.070528809711079
0.07017559920201011
0.06988349334710436
0.06950656921377135
0.06914320823363784
0.06849880999909641
0.07223281957148248
0.07190898659003242
0.0715588453471766
0.07123765977564694
0.07091829018656554
0.0705851089290786
0.07027426569793033
0.069947089910952
0.06962281744861237
0.07091150412200986
0.07059613735672338
0.07028283587771417
0.06996918328218804
0.07141263000189779
0.07112927919384149
0.07082549573000474
0.07054836481632526
0.07357860733232424
