0.000607153585693
0.000139224248858
0.00295132116441
0.000477566679952
0.000391752020677
3.34980013356e-05
-0.0045394279105
-6.6123437198e-05
0.00024109622486
0.00024109622486
-0.000160982097794
0.000142001770927
0.000121353128231
-1.06750817962e-05
0.00278531653999
0.00294944952166
0.000142001770927
0.000142001770927
-0.00147363145901
0.000577377206303
0.00261663980895
0.000338168614639
-0.00102570122297
-0.0032173839414
0.000142001770927
-0.000214008678251
0.00321834070645
-0.00026727103719
7.99472610199e-05
0.00231482894375
-6.6123437198e-05
0.000284338734791
0.000676335015641
0.000171324216387
1.14320149503e-05
-0.00090598339308
-0.000160982097794
0.000527579220133
0.000288280841428
0.00287053509718
0.00307032344925
0.000404082598538
-0.000224642237528
-0.000417673453178
0.000100668323289
0.000404082598538
0.000288280841428
0.000393602437885
-4.51458831808e-05
8.55295806971e-05
-0.0272267704936
-0.000801669454166
0.00294944952166
0.000275343005963
0.000288280841428
-0.00436904942687
0.000100668323289
5.55229919264e-05
0.000230260676614
-0.000160982097794
0.000160633932417
0.00037034812668
0.0029199266383
-0.958744522333
-0.00118266637884
-0.0065596299307
0.0146524912814
0.00822052455533
0.0177011042998
0.0187182747442
0.0184940565403
0.0192185134945
-0.0132936366647
0.0197165547347
-0.0093035262635
0.0186586546096
0.0186843784499
0.0185709865792
0.0171931820317
-0.00940210841123
0.018526009068
0.0186586546096
0.0193445733929
0.0200937653358
0.0182689478176
0.00617828831902
0.0194515548788
0.0192989559279
0.0201158308439
0.0162647678937
0.0169866436156
0.0197960319513
0.00687367216239
0.0166078244294
0.00709134077548
0.00838365906271
0.00734995774938
0.00520120088383
0.00679424782995
