0.014784629219295894
0.024634209319530018
0.029173207468490836
0.03199541635718531
0.0203946356111573
0.009032272479856343
0.017723529738464028
0.015165439740620172
0.011914627611881987
0.008979858026186859
0.006283924909043448
0.003794562908956231
0.0014730597658532824
0.0005006756317172678
0.003843632113273397
0.008214100271016773
0.007176540393256735
0.005466313961149237
0.0038442339685344634
0.0022985324306017962
0.022482982589848745
0.025003517237403836
0.023658414510626904
0.022312525812170157
0.0211272872614413
0.019954645400094083
0.01881906384877899
0.017717702399173405
0.016650938166605192
0.01563878866133888
0.014628630763106047
0.013646066635761428
0.012701844019084856
0.01178716497631982
0.010900262619146513
0.010025751247667677
0.009466619246744544
0.008633432010589609
0.007819170247884102
0.007102268317822562
0.006637904614367113
0.0059538295088184395
0.005217521144866406
0.004496653652675889
0.003853567521790821
0.0031622754816881607
0.002784897996707787
0.003975300282073338
0.0035863447579064234
0.003008687219066636
0.0025627806789078333
0.0020048701423306253
0.0016869275415566792
0.0010961870709235016
0.0023394099010214525
0.001997733712317984
0.002957089844237544
0.0027159215613700785
0.0023615821568043205
0.001983996380997527
0.0017587880174629034
0.0014637982903942526
0.0023471910286797654
0.002059457408806392
0.0017726663841334256
0.0013324833163420313
0.001479285131445074
0.0023194633472967685
0.002121268645286667
0.0018758993211891034
0.0016055984363847475
0.0013675251065540378
0.0010804032682421583
0.0006867325572704197
0.0004397002569185293
0.00019399805993054742
1.3391198659257197e-05
0.0009004395214943783
0.0006146374198039151
0.0003832995825414215
2.3234907872149435e-05
0.0003666075107389005
0.0007177059100487021
0.0008632814121081467
0.0010832705884811084
0.0013494945451748008
0.0016857788875886681
0.0020193056762497358
0.002227819648330534
0.0023823987347251496
0.0025836477753391485
0.0019614042710170004
0.0021461350178215988
0.001414239669728326
0.001559686737844443
0.0017036343516500796
0.00188182840810798
0.0021797398467946344
0.002319877143095145
