0.0295692584386
0.0295487403007
0.0181559925958
0.0141110444435
-0.0696046844762
-0.205988356637
-0.0695300580689
0.0230228099806
0.0325081212874
0.0322824654426
0.0323511974057
0.0323617060011
0.0325010440034
0.0296060309636
-0.0695089239199
-0.0742979586816
0.0186760777997
0.03249430221
0.0324415998523
0.0324597322966
-0.444057903503
-0.0579722968938
0.0322824654426
0.0336472174614
0.030816202319
0.0316613302564
0.0317962834368
0.0319394820386
0.032002926977
0.0313766346633
0.0323250527435
0.0324246162024
0.032103568967
0.0320137664968
0.0319284848582
0.0323569207447
0.0212470160351
0.03249430221
0.0325704705082
0.0293929791325
0.0195032755451
0.0294152295386
0.0323975680139
0.0324390371486
0.0295819620207
0.0324907258848
0.0181141192791
-0.0583297119829
0.0194477762083
0.0294605344808
0.0231871400883
0.0295692584386
0.0171689004418
0.0324907258848
-0.0696204784855
0.0194755427561
-0.0556426556513
0.0142289286892
0.0212603642739
0.0230327323242
0.0139629185391
0.0185843528053
-0.0565371352503
0.0187026852918
0.0189282076284
0.029492265542
-0.00998252342701
-0.0579722968938
0.0138736291407
0.0174212220109
0.0194616637059
0.0173793530776
0.0212470160351
0.0295253033229
0.0187744548267
0.0189190691681
0.0140873351792
-0.070076817504
0.0228641681352
0.0187383648183
0.0295253033229
0.0323569207447
0.029492265542
0.0123739176751
0.0189190691681
0.0231614842324
0.0295930221324
0.0296838841908
0.0187662574873
0.0140666968619
0.0185149117365
-0.057868645902
0.0173646901996
-0.0695300580689
0.0139629185391
0.0139629185391
0.0174630175329
0.02949323243
0.0140137296301
