0.14708214778743944
0.20416394510974978
0.1920082391987129
0.1502689244785511
0.07802379959200478
0.08543527792383676
0.11745446236147339
0.14842433036239988
0.14354533684737492
0.12561102108006406
0.10979483405765622
0.13159624823095317
0.1412893830198264
0.12862544319502356
0.13300086079811013
0.1502608410838686
0.1253538986931434
0.13251673302487776
0.12300694700347203
0.13701469672848654
0.1453317359008035
0.1368829824950486
0.14428667999720812
0.14708595696928128
0.15833659740752015
0.15103968922889388
0.1500042937059345
0.1432058251839572
0.15295173623308356
0.15201654027686218
0.14594539889984082
0.15006867737117124
0.14435466195750402
0.14635722888728075
0.14090032702444177
0.14456799964725864
0.13939546993917384
0.1343464444064878
0.11750839570590021
0.12468312340707066
0.11120173725176963
0.11520013344552349
0.11071951766632948
0.10634630192151351
0.11244531868913232
0.11868848430751056
0.1145920644749383
0.12059798257446974
0.11665965548515889
0.12228788232013299
0.12721391069515398
0.12853479148099145
0.12982975307752143
0.12193541686658615
0.12718561413174945
0.13174532587757226
0.13628199311534117
0.13306514151756332
0.1379374278461758
0.14075003586685342
0.14422840151705252
0.14114393598796737
0.13806766468275944
0.12935793147398422
0.12647652322597858
0.1260438206193687
0.12814145361173357
0.1313564676932345
0.1251637243357684
0.1292151552490517
0.133300708434975
0.13515133239514399
0.1390913837252692
0.14217170674031643
0.14601282150971473
0.1373111465666501
0.13669320970942755
0.1404073986393436
0.13979943810945294
0.13445141625503343
0.13612146522226587
0.13377670210700388
0.13582457442426776
0.13525352349573538
0.13683571174636222
0.13840433726483603
0.14158576405936407
0.13939765937349768
0.13720568744638195
0.1404303450714245
0.1428342328284432
0.145930326879245
0.14905180461049683
0.15048437147684368
0.14478798434649698
0.14030919299673172
0.14330931718564655
0.1430181275519019
0.14107491426857832
