0.0076780529187394225
0.01715954649363978
0.02431555798494478
0.026576769547372064
0.02474721755604367
0.014402159890759644
0.005512854037489842
0.0023256518782917707
0.00827275791575055
0.00664465650215576
0.004014329300988169
0.0016108803686449014
0.00029091608456106866
0.0008956314628045664
0.0026383208942687836
0.0016803895263937801
0.00046708101310952155
0.0011839882419350245
0.0026078795942124644
0.003971861799937262
0.004669866610731752
0.0013955254753175161
0.002076430631794926
0.0027883591602143043
0.014584431776739452
0.01393506689386987
0.012833789750013015
0.011759555600002587
0.010737615007016463
0.009729029729664516
0.008752468715914924
0.007802435458214692
0.0068809678017213785
0.006063455485610096
0.005605264241130517
0.004750509674706582
0.004004316258645023
0.0264420131656722
0.04979365739795849
0.05487013364578538
0.053741412412612204
0.05245568167852949
0.05112048584041941
0.049842527328208146
0.04853691099364036
0.04733727455122277
0.04643716474244365
0.045416329676422465
0.04448817543011736
0.04358248511677652
0.042686350702163145
0.04180637626164131
0.041026048792536435
0.04017670010256583
0.03945055981725736
0.03881619508371701
0.03811472440881232
0.03738445327717389
0.036707439087338596
0.036044548855436565
0.03544584601866376
0.034822372257073186
0.03420525527097395
0.03363486262049135
0.03306930381504808
0.032525186983244914
0.03203769785852392
0.03151641577519539
0.030997022627121285
0.030519802278616733
0.030047933198316897
0.029575736809154637
0.029108280938125744
0.028650308485593093
0.02821170140949203
0.027762458104866855
0.02735386469088403
0.02691474669531009
0.02649558608191352
0.02609365057189668
0.025689391297737812
0.025299745469947656
0.024939938744662507
0.024554345817112064
0.024172853359087434
0.023803344483797235
0.023461211141681697
0.023119165607090986
0.022774986305151068
0.022420217238201978
0.02209169805424597
0.021769593764336334
0.02144320531461332
0.021100038798205267
0.02078329115703951
0.020465845565721362
0.020154263395338434
0.01982431336170052
0.019519209346274435
