0.037383246623287625
0.11594856597077463
0.22701465994182557
0.3206406961300346
0.4080341641291945
0.352562604500568
0.30031319676462687
0.25525927681214133
0.22457724500037995
0.19717640847928916
0.1831016721474652
0.1599303801908245
0.16493161269706658
0.15366758276908438
0.14311735903617095
0.13318113223457534
0.12379922644198887
0.14046066754768088
0.14385528375611112
0.14709618283810433
0.16232066274828172
0.17171445426100712
0.16467326941231764
0.16746457023410494
0.18583289265369496
0.18835359193968965
0.182340565061492
0.19910062201043255
0.18943113858187183
0.19705128099363606
0.19174641448607663
0.18662983601300837
0.19844439497865615
0.19359545361437958
0.18890571461797018
0.19474490895024238
0.20531218371574644
0.2009686902153408
0.2023715448804019
0.1982504222838535
0.19422845020904936
0.19029563299147667
0.1864581642037117
0.1953685951648582
0.19168066666877276
0.188068301767235
0.1964265311629645
0.1978576790750609
0.20658614770489162
0.21082270082334606
0.2075733541606829
0.20438789938923732
0.20876589805501417
0.20999397425781635
0.21786708372218416
0.21482289965012638
0.2119120271695964
0.2175852971541855
0.2146933222857306
0.21190744289084146
0.20918293769888904
0.2102931871535432
0.2113545588773429
0.20875571896071823
0.20981152796317906
0.20729340694785836
0.21328760125023216
0.21084151959182593
0.21180830291587788
0.21794819622083922
0.21560152331917626
0.21656543707743597
0.21429117075702567
0.2120292412794266
0.20980752848593334
0.2150225472013769
0.21285607813850618
0.21071898188697785
0.21585836854455087
0.21377243707640603
0.22041508120893838
0.21837912233057796
0.21637062104454835
0.21433084216557519
0.21236746806899975
0.21485288367623148
0.21564586686423926
0.21374813065759635
0.21187198299467086
0.21248862240788452
0.2132512216273254
0.21373499588083456
0.21193871745205276
0.21442685380715462
0.212673773518505
0.21093947838598903
0.2092084478863426
0.20749737468921312
0.20580702287161867
