0.12353937325065256
0.0164774362020641
0.09737104950718001
0.12508819622950507
0.1649502697256749
0.23093381196610463
0.2713711999475663
0.3161322052650138
0.3137914112221294
0.2809532769594932
0.26004382428129125
0.2848896688734774
0.26730050960959006
0.2433344301507505
0.24287332484176677
0.22837296717195765
0.227952126017828
0.22677947509594054
0.2339209425765062
0.23346264439501357
0.22226127522271477
0.22084743848788835
0.2315682207505375
0.23128884349411788
0.24373111671918302
0.24339233094528612
0.2562077769701625
0.2675847126989559
0.26725621264461114
0.2592871916494157
0.26940006980488834
0.2691092199657257
0.26188099371217677
0.2510663633485145
0.25546598356130923
0.26650516643427985
0.26643477975750396
0.2779528935089536
0.2689162994210884
0.2686815613281287
0.2601228160142046
0.25438826920969404
0.24877063079143485
0.24330827945798772
0.2379671784201292
0.2378005400754079
0.2411109550805698
0.2360884164420396
0.23593943195428124
0.23111385561530123
0.22637182652695598
0.2217192696855606
0.22158294728903738
0.22153042999520345
0.2211124310589741
0.2238927666948871
0.21965434078886553
0.21953596059546737
0.21937171056829496
0.2153428631482841
0.21789873925979175
0.22429316859085568
0.2204427940536598
0.22541912331845815
0.23032005365500197
0.23020806810171196
0.22658585051850233
0.22647987524867874
0.2263728422085564
0.2314226659356145
0.23362743843361128
0.23806990507471942
0.24245233838283964
0.24235083945635372
0.2391048137894083
0.23584619778761057
0.23542911657404492
0.23723192783027697
0.23711314513199544
0.2340773642010185
0.23107376470930596
0.23098507302964028
0.23595882481840685
0.2358459066455555
0.23746326731754197
0.23464003090506869
0.23453101204181126
0.23176811678839793
0.23575186661752157
0.2356737330733037
0.23556912153187604
0.23942541299724424
0.24196980066721252
0.24162742923288072
0.23906671358132603
0.24171957944792016
0.24162137269474315
0.2455700872288027
0.24880583176100735
