-0.338252194073
-0.569970447062
-0.658872706199
-0.63197928738
-0.643562228167
-0.659959652751
-0.658867017522
0.339182714316
-0.660539276231
-0.657523820612
-0.658650980068
-0.660817285684
0.339182714316
-0.656968440337
-0.659465122222
-0.659082817062
0.339182714316
-0.659479989993
-0.660817285684
0.339182714316
-0.660551646157
-0.659946458398
-0.65994835013
0.339182714316
-0.647113440994
-0.656944046247
-0.660696789238
-0.659438820375
-0.660546246248
0.339182714316
0.339182714316
-0.660817285684
-0.660817285684
-0.660697754247
-0.660817285684
-0.660817285684
-0.659275027818
-0.660817285684
-0.659077054708
0.339182714316
-0.659947846472
-0.660687819086
0.32970404133
-0.660817285684
-0.660817285684
-0.654433918914
-0.660551646157
-0.659956453546
0.339182714316
-0.660535555863
-0.658927224257
-0.660553503041
-0.65943670584
0.339182714316
-0.659468162614
-0.660690735443
0.339182714316
-0.659458795118
-0.660543050115
0.339182714316
-0.658937586436
-0.660817285684
0.339182714316
-0.660817285684
-0.660817285684
-0.659464309135
0.339182714316
0.339182714316
-0.660537369659
0.339182714316
-0.660550262987
0.339182714316
0.339182714316
-0.658946961494
-0.660554093158
-0.658437951897
-0.657334178752
-0.660817285684
-0.660817285684
0.339182714316
0.339182714316
-0.660687009498
0.339182714316
0.330173705307
-0.658877107834
-0.654433918914
-0.660689162686
-0.659971142686
-0.660817285684
0.339182714316
-0.660688070023
0.331277575976
0.339182714316
-0.660538423442
-0.660817285684
0.333647658966
0.339182714316
-0.659949732185
0.332952184721
