0.1691260970366763
0.35911624605749226
0.5238344226072624
0.6502302800832864
0.7574906514444378
0.8517706018373896
0.9341289790276265
0.8964420107702673
0.9624959383934119
1.0222708311763056
1.0771584128486418
1.1279905117473932
1.1037631750105192
1.1475610710330106
1.1887776411719
1.2275472186461283
1.2087037345174487
1.243413207674966
1.2764540719591544
1.260302514134572
1.2903275889598722
1.3190209132380395
1.346518761160115
1.3329514525874657
1.3578404310872352
1.3821716920593516
1.4057680059607236
1.428507275628832
1.4505254838370831
1.4395841059559142
1.4289846461335318
1.4490094123663733
1.4684452148864842
1.4873222935792558
1.5056783292926936
1.5235382559327957
1.540887598770118
1.5578316317363683
1.5743085581040597
1.5660358089743958
1.581748852938016
1.5971136859400197
1.5896204122734185
1.6043052408441687
1.618670834011207
1.6325949599455423
1.646356452573805
1.6598249516257648
1.6530412973394402
1.6659929749053748
1.6786646522949278
1.6911279259372045
1.7033397167860977
1.6971727583439846
1.708948975533516
1.7205400410676095
1.7146920632345708
1.7258693309484308
1.7368783817836877
1.7313180094178477
1.7419460350055194
1.7524351982703408
1.7471354683591498
1.7573018881388998
1.7673142712553207
1.777157022137938
1.7721690410450521
1.767253349533223
1.7766895976712025
1.7719123763428049
1.7810866855509553
1.7764403469986783
1.7718567968052157
1.7806427562918055
1.7893342575175741
1.797885399750006
1.8063127610160619
1.814677536784211
1.8229377528552577
1.8187503119377735
1.814613937372941
1.8225740218247273
1.8185361323685818
1.8146517358355556
1.8223130975545572
1.8298353265075886
1.8373431579017443
1.8447585639993354
1.8521009782847107
1.8483736957098067
1.8555550877752722
1.8519929633024086
1.8483846365543637
1.8553376725905921
1.8622211859831315
1.8587815193958566
1.8553204712905886
1.8619866302015446
1.8586571083543326
