0.010853701688993286
0.017985385856939276
0.01994346829622684
0.02120009077246214
0.021709688227156798
0.02273025965549999
0.023506854097988777
0.023846585734451878
0.024565175556207006
0.022657761185566852
0.01687529652270961
0.010684050140344653
0.004879808532960932
0.0049743267178389144
0.005419952799340294
0.005807614223564954
0.006843719004769135
0.007824607280060576
0.003774098382444996
0.003931344559657046
0.004473209907812387
0.0052859088041771335
0.006056925036633229
0.006371556930588454
0.006836041062216601
0.00764078235957668
0.008304803623820231
0.008571925706230096
0.009193154947248011
0.00988331793124278
0.007219931628298197
0.007315534644709999
0.007863076277131759
0.00809084949788983
0.008129812326641714
0.008633511711250832
0.009120157928637684
0.009302881887384873
0.009493240293829364
0.009683730844692512
0.00975602769311823
0.009788999152959388
0.010063173442374201
0.010476588469250231
0.010700593238208114
0.010882741842409699
0.010946001584782206
0.011325861044715044
0.011697024097557088
0.01185224509472839
0.01220788255844489
0.01243549894965719
0.012552348909142197
0.012694707224363277
0.011247832235891556
0.009826201316490549
0.00988313527720526
0.01001124996931721
0.01014411768142609
0.010251243839188434
0.010303318696171543
0.010466877733823335
0.010578225146184908
0.010623109519089902
0.010904142897365812
0.011086886350285027
0.010085905900954095
0.010191058985206072
0.0102832179704105
0.010543676509293609
0.010651093347273224
0.010906393035362782
0.010992815395821184
0.011096287692962295
0.011191389295543447
0.010920570651522174
0.011021592416019424
0.01112133542400405
0.010108522932073843
0.010205459829739652
0.01030256866225418
0.010340689299784211
5.0433387058214374e-05
1.505957956099424e-05
0.00020164829521269328
0.0004138216818415433
0.0004484955648303701
0.0006883565537990355
0.0009201561715114007
0.0011571398611797332
0.001268997156105775
0.00128424202463448
0.0013673283287343602
0.001493769534326006
0.0016858178473025676
0.001907930209174305
0.0019392172210387082
0.0021271489848311356
0.0022069166474916815
