0.021707403378
0.0213950525038
0.00783232975715
0.00628311238118
0.00305758472817
0.0071439999984
0.00621275553991
0.00305758472817
0.00718589821755
-0.020981558077
-0.0693895759543
-0.0804862029707
-0.0812593825034
0.00141777277317
0.00713001730402
0.00659024421182
0.0186498860617
0.0186368772305
-0.0810101779523
0.00330216972145
0.0119210376594
0.0186920746164
0.0185043895789
0.00786579734888
0.0120765874223
0.0217280150287
0.0185925953988
0.00774654038989
0.0186368772305
0.0213950525038
-0.0852283616942
0.00315489954159
0.0186164155023
0.00797206272653
0.00140266183507
0.0186368772305
0.0184925562607
0.00712623439114
0.00761433625778
0.00781011258539
0.00303646763388
0.00141777277317
0.0120636687343
0.0186036762094
0.0103042193721
0.00856098439747
0.00303646763388
0.0186131135367
0.0185581526421
0.00791627085574
0.0184931481133
0.0120636687343
0.00630989781219
0.00782970733716
-0.0810249993544
-0.0810329624059
0.00330216972145
0.00755876683461
0.00797206272653
0.0065346956235
0.00322864113295
0.0103042193721
0.00712623439114
0.00291748423882
0.0185482029662
0.0122438113456
-0.0680666705545
0.00725556281339
0.00645112896431
0.0184925562607
0.00773401233453
0.0186368772305
0.00639525467392
0.00776042228558
0.00722772179617
-0.0208530355896
0.00787969763079
0.00787969763079
-0.0810249993544
0.00785188871093
0.00796292426619
0.00316401291499
-0.872854305695
0.00300677363726
0.0186368772305
0.0184590846367
0.00305130170302
0.0213476280182
0.0208619655941
0.0215655157598
0.0102908711332
0.00141777277317
0.00781011258539
0.0120119145312
0.0184366380457
0.0215448991016
0.00306612716271
0.0186052446155
0.00797676626605
