0.05705817207867647
0.17008816707833607
0.07315204719662782
0.025743395994888507
0.037215799187318654
0.08394503700215594
0.0719907778044847
0.06056743016660737
0.05034508855491571
0.08546037724742173
0.07500332173697077
0.06708449399465444
0.0788251089372074
0.07198853222100754
0.08858716376833498
0.08267336843667494
0.07696098652850647
0.0715492562997152
0.0895412378439292
0.08498943657495583
0.08707000606824289
0.08261667869555434
0.06844737209108864
0.06433479683131949
0.06040312698066885
0.056691178626797734
0.04457438664386415
0.04112804832405803
0.02983511224362012
0.04039025858424172
0.03726701448191738
0.039260476299853186
0.03624343856501644
0.044751320309188714
0.046032810251603995
0.03685736816076168
0.034212286508083056
0.022404146059153196
0.032081204616764225
0.04155340960665155
0.05063328379872056
0.0482588184567001
0.05694075147053024
0.044026443644113455
0.05247207371423157
0.06033621063347705
0.0680706371216151
0.06602527782458412
0.06401207032495249
0.054447104113253486
0.055407722409211435
0.05352199012101566
0.05780607687910844
0.0559774987091024
0.0499202756340934
0.05466994024367944
0.058623624356681225
0.05939942993044933
0.05772421155041951
0.05615656590153861
0.054539984091824256
0.05294733226948101
0.04763484741456003
0.042399571060971475
0.04590093588033184
0.05144342967286075
0.05003772633979542
0.0485579206041562
0.05378874726956995
0.059260542549176565
0.05783407938383622
0.061083110265054974
0.05972720398387077
0.06279435864833116
0.06146981058313172
0.06016239596322781
0.06397950325807711
0.06271237932733364
0.0656779206775141
0.06449442675605965
0.06324692140028942
0.062010973910226364
0.06082416220211351
0.05684004423028555
0.05572855787390829
0.05428612437365532
0.052860082163177946
0.05170486439357991
0.053531182273532596
0.04830231729097667
0.052320418961583015
0.05281379215213777
0.053300067568586296
0.05378480828475407
0.05278910175716611
0.05175136593261376
0.0507251230821002
0.049687695325489
0.048661858908736644
