-0.415887956584
-0.621321451962
0.326395117337
-0.633395788697
0.33236329561
0.359965819269
-0.523551676127
-0.610221574257
0.359965819269
-0.637869318116
-0.60176391046
-0.639755435086
0.359965819269
-0.633674013549
0.359965819269
-0.639903598333
0.359965819269
-0.640034180731
-0.626951131811
0.359965819269
-0.633423824506
0.359965819269
-0.639904243101
-0.638126693845
0.359965819269
-0.626753968247
-0.633414099819
0.359965819269
-0.63373808431
-0.629160539936
-0.634677994335
-0.639168004897
-0.638487868685
0.353045404044
0.348471566396
0.359965819269
0.359965819269
-0.638172561122
0.359965819269
-0.639158268322
-0.638157421269
0.359965819269
0.359965819269
-0.637659286753
-0.638069222486
-0.633383524902
0.359965819269
0.359965819269
-0.638657402392
0.359965819269
0.359965819269
0.359965819269
-0.638691898851
-0.638296424017
0.359965819269
-0.639903921515
-0.637682425313
0.359965819269
-0.640034180731
-0.63976009549
-0.639763727722
0.359965819269
-0.638670131019
0.359965819269
-0.634684680017
-0.639908615688
-0.639913393196
-0.636554104169
-0.636551073799
-0.633697045116
0.359965819269
-0.639767691723
0.359965819269
-0.63828981029
-0.634466651995
-0.637875070948
-0.639909570139
0.359965819269
0.359965819269
-0.640034180731
-0.63918420198
0.359965819269
-0.639166125175
-0.638678350661
0.359965819269
0.359965819269
0.359965819269
-0.639147131647
-0.632747185215
-0.62005914952
0.359965819269
0.359965819269
0.359965819269
-0.637881506447
-0.636934473481
-0.639178748737
-0.639180452785
0.359965819269
0.359965819269
