0.2837346996344936
0.3301629776158585
0.3655214845271589
0.4916911064028265
0.4301657912992161
0.520095850750071
0.5967536230154887
0.5557367462797486
0.6187340936607311
0.6759257189700243
0.7273717669875026
0.7756879767567515
0.82060904706949
0.7959989210280458
0.7729269278641919
0.7512121107688001
0.7861507210120411
0.7670976139868408
0.7486400194557578
0.778591398050988
0.8072046834741261
0.7913974965853048
0.8175376038498343
0.8426938583220553
0.866536108909304
0.8899008537010942
0.8767168576074635
0.8984409352288909
0.9189910767051643
0.9070829512012397
0.8955469546193129
0.9146368692092404
0.9331653157229933
0.9511340778930883
0.9408798587091534
0.9309027805842436
0.9474967980901552
0.9636651667967508
0.9546733363558539
0.9700388525572079
0.9850590456376445
0.9997102458294973
1.0140168280752313
1.0279936868119546
1.0416784781268125
1.0550951481078428
1.0682095705934478
1.0606758585399445
1.0732902549802372
1.085643011823703
1.0785439370040557
1.0715788069923262
1.0647426608697028
1.0580308083129453
1.0692912258849254
1.0628148769266508
1.0564501891573117
1.0671425299942328
1.0776424988380295
1.07168241197831
1.0818573814844121
1.0918666270376054
1.101723628746642
1.096044368890924
1.1055984377621058
1.1149562716418329
1.1242294562701853
1.1333721824930598
1.142353330476437
1.1512078812538404
1.1599506433592206
1.1685805019468776
1.177103730014696
1.1855033814298468
1.1937727021028672
1.201961894324155
1.2100496905982363
1.2180335490794796
1.2259157225021042
1.2336799285478994
1.2413716785331
1.2489722581641642
1.2564823547043824
1.263867630023541
1.2711873100645998
1.278435394535709
1.285602701530686
1.2926666951834334
1.2996761186209704
1.3066071528717165
1.3133854910696041
1.3201688040736723
1.3268387494985843
1.3230527156287328
1.3296132492324169
1.3258075596383792
1.3322249714935375
1.3285607765224716
1.3348680381040599
