-0.567469399269
-0.139284833944
-0.141434027645
-0.630848109378
0.369151890622
-0.629510416156
-0.613262178123
0.369151890622
-0.62997347381
-0.629107878402
-0.61735257621
-0.628110727
-0.628894984378
0.369151890622
0.369151890622
0.369151890622
-0.628894984378
0.362009033479
0.369151890622
-0.6289789505
-0.629492279309
0.363565298443
-0.627362574349
-0.628906361806
-0.619898515268
-0.630848109378
0.369151890622
-0.629998251021
-0.616504244288
0.369151890622
0.369151890622
-0.629967181468
-0.629967181468
-0.628906675953
0.369151890622
0.369151890622
-0.630572665225
-0.630566379557
0.359673217636
-0.629986164256
-0.630848109378
-0.63000160825
-0.629489618812
-0.628958643153
-0.629500400483
-0.630583489108
-0.629492279309
0.369151890622
-0.630719822015
-0.629990599017
0.369151890622
0.369151890622
0.369151890622
0.369151890622
-0.630583384031
0.369151890622
0.369151890622
-0.630848109378
-0.629998130628
0.363565298443
-0.630848109378
-0.630582469851
-0.630848109378
0.369151890622
-0.630568545498
-0.626974869942
-0.630576554728
-0.630848109378
-0.628680358836
-0.628673105196
-0.629478871587
-0.629979676899
-0.630718877019
-0.629973856136
-0.62846837115
-0.630567801039
-0.630848109378
-0.630724820018
-0.63057387381
-0.628900689709
-0.630723498786
-0.630848109378
-0.630848109378
-0.627748402128
-0.629492483531
-0.630583348986
-0.630723015558
-0.628695435095
-0.630848109378
-0.630724116818
-0.623607114206
-0.630848109378
-0.626974869942
0.359673217636
-0.629811225954
0.369151890622
-0.628906361806
0.362755302136
-0.630726158159
