-0.357365844595
-0.239847987111
-0.239754015687
-0.240244499092
-0.243714572805
-0.289777117079
0.365317817908
0.497544935419
0.478553272531
0.365095138311
0.364675404414
0.36590924526
-0.280879797636
-0.0399598803246
-0.0202234233818
-0.138458394651
0.121498041194
-0.0394314236023
0.128850790312
-0.0401864749601
-0.290547536669
-0.204892918352
0.36594834091
0.364975141653
-0.204516350548
0.365592257562
-0.0201468874546
-0.205043043981
-0.0200568430989
0.151516171892
0.126187366876
-0.240353534577
-0.120302846568
-0.0202234233818
0.128733088892
0.128589701757
0.121750446123
-0.204440821241
0.128724596039
-0.0197856558539
-0.246122623371
0.128611263019
0.128850790312
0.128129099036
0.128467639101
0.365635953951
0.128147198672
0.141401202238
-0.0399598803246
-0.0201468874546
0.126482013895
0.365608316883
0.128720343286
0.128720343286
0.128133630662
0.36597748219
0.1261328201
0.121498041194
0.128720343286
-0.0395167332516
0.128025968817
0.125979746933
0.128589701757
0.128733088892
0.126181888027
0.151537514878
0.125854025819
-0.138429179895
0.128205653718
0.12861556245
-0.0197856558539
0.126318818797
0.36594834091
0.12848949753
-0.138566260976
0.125898830087
0.1261328201
0.128720343286
-0.204591807803
0.121631937578
0.1265758675
0.126187366876
0.126105406252
0.151401929067
-0.204930476555
0.128854975195
0.128589701757
0.128720343286
-0.0400303258388
-0.204126385289
-0.0401240217194
0.126318818797
-0.214886398166
0.126701596611
0.128016810304
0.126581140278
0.121536599127
0.126701596611
0.128854975195
