0.17868292229734578
0.2586322513344996
0.3185707552562135
0.36661965507460526
0.40723875054208836
0.4486354815533939
0.4029707543148843
0.34768798371278636
0.2998326564596373
0.2666421893404667
0.23625257230595587
0.20810570728595068
0.22816854997427016
0.23083254199590703
0.23209650595727127
0.2402411174073077
0.23349122622988755
0.23556656431422035
0.22912402479861954
0.23103766646338703
0.24424437267559695
0.2531527604300496
0.23790491289211985
0.223305907226015
0.23117192070863574
0.2176314667248605
0.2183509984196672
0.22542144821210613
0.2260900096487355
0.22120239120059831
0.21725903598572954
0.2245424764274448
0.22808079544415094
0.2286586075407746
0.22508268840488144
0.22160729106011112
0.21840333195160622
0.22364540429110963
0.22042728939012585
0.22090986636217302
0.2267699288233891
0.22377896921830592
0.2208505421657601
0.21800322885384482
0.21521045409077144
0.20743096570882913
0.20476123240315747
0.2018754935819833
0.20267469118847437
0.20306972819738783
0.2006373817763214
0.19373911164645752
0.19135540158560532
0.18901503170767775
0.18672693116014133
0.18030627357786383
0.17813156978304245
0.17607228094925326
0.17392694189448632
0.17457475719369292
0.17250982221277328
0.17051014369002981
0.1685009296000845
0.16652042054020522
0.16460857375191984
0.16234681979852023
0.16049602530117463
0.16250224529964669
0.1606707359608141
0.15885924916574895
0.15913404994149805
0.157403655163458
0.1524584073133186
0.15074521401292434
0.1525684542889244
0.15093340454753246
0.1493163171103576
0.14768694567635737
0.1502443432738934
0.14874271441490128
0.14719910627465393
0.14567877655325873
0.14417752171693043
0.14239632255143475
0.14477923506951473
0.14329814340060398
0.14183689678973466
0.14039060079775695
0.14083538219596542
0.14307852928705783
0.14351465995792106
0.1421563930891369
0.144442418601538
0.14310871758458105
0.141775209143912
0.14047024893486332
0.13923007955601785
0.13795026544883693
0.13666171569688457
