0.13196430538235626
0.14111164011851085
0.11462357573626897
0.09000781192437202
0.07231372101941735
0.05724306441503965
0.131767773980983
0.19879047761450644
0.18634271888690634
0.23457494518416122
0.21687519041362258
0.27200951125981626
0.25678080874907133
0.2996753458715373
0.28434933189406
0.3277207375906652
0.3140976140551298
0.3537193343546136
0.34145852317263176
0.3771471801528168
0.4113478031960525
0.44359566091088454
0.47445089372487204
0.5044885329888935
0.4950571397719844
0.5230076127195393
0.5142498904466951
0.5057941585970525
0.5303786772856705
0.5224684765231015
0.5459942350470995
0.5688664706943832
0.5910148102645083
0.6125800610176615
0.6334921293127052
0.6538845180580848
0.6737243889111515
0.6930707505626895
0.7118814719691755
0.7302696602814879
0.7481985278959263
0.7657486226557924
0.78288305657435
0.7774338071601358
0.7937254612869457
0.8096502231008107
0.8250893883439483
0.8404877169469347
0.8555059549521427
0.8702589832379038
0.8844982123007928
0.8986948707812311
0.9126370747526311
0.9263173749752006
0.9219385138387786
0.9351561471701781
0.9481390808761767
0.9609173219416213
0.9734949178046153
0.9858640172719334
0.9979995727973177
1.0099802676601806
1.0061487641658111
1.0023762068790476
1.0137766440950997
1.0250156442458684
1.0361154056629327
1.0325615473493146
1.043317180351237
1.0398634307225099
1.0503426924553219
1.0605955900173096
1.0707953707789362
1.0808411930807145
1.077614663822298
1.0873928661465506
1.084249068407581
1.0938032934248008
1.103211168826787
1.1125279036651021
1.1217293326990758
1.130806790130237
1.1397923112773842
1.148653976200853
1.1458026247631827
1.1429840474799686
1.1401974994840636
1.1486628032396577
1.157027499590821
1.1653121462770806
1.1735163177592585
1.1708795841717354
1.1683468887834718
1.1762722443241074
1.1737179086611944
1.1814978365593767
1.1891970094762325
1.1967970543507156
1.1943448921143194
