-0.128745684258
-0.130496007152
-0.130339422012
0.0271876924344
-0.130619220557
-0.130619220557
-0.130355750659
-0.128748313167
-0.130619220557
-0.126745981121
0.358663854092
-0.130619220557
0.0281451472588
-0.113047335573
-0.1235938924
-0.130492413558
-0.130495733276
-0.0923915924078
-0.114439883325
-0.128679983324
-0.127328037464
0.597318247925
-0.130352624983
-0.12429582399
0.357947290384
-0.128853003473
0.360587120785
-0.0396685807035
-0.129738809699
-0.129763056174
-0.00837892309038
-0.128474713794
-0.0698940130431
-0.130489080005
-0.115070143784
-0.113026257742
0.383630779443
-0.1273416632
-0.092348950287
-0.130355820057
-0.127135506919
0.59799878797
-0.130619220557
0.02860268146
-0.0192785410348
-0.130495763767
-0.128470460227
-0.12789488887
-0.0127001454128
-0.13035449521
-0.130343852252
-0.00826518473498
0.360560903666
-0.129743819332
-0.13049765479
0.212293589964
-0.1304909661
-0.130499201354
-0.0699205306009
-0.130350908242
0.192062938726
-0.130353475141
-0.0076607511219
0.0245205236398
-0.124312914251
0.822398918009
0.358537999748
-0.128646185371
-0.11627257457
-0.128274161931
-0.127525905555
-0.125308546102
-0.128714760948
-0.0159592940867
-0.130619220557
-0.0576133620625
-0.123831475189
-0.115058045689
0.383502249075
-0.108354990354
-0.00826027001164
-0.127335999545
-0.130488791445
0.59799878797
-0.128253556482
-0.0518327138785
-0.0989343565025
-0.0576133620625
-0.12873094361
-0.129736997355
0.360425555562
0.0276902350301
-0.130355368315
-0.0685762336306
-0.128878163261
-0.130489384151
-0.13035219786
-0.0574375047275
-0.0192785410348
