0.06437284212875116
0.10787151117930094
0.14045636668235606
0.13501882819547828
0.1567886982883563
0.17544858693939458
0.19174305577173256
0.20604842390141964
0.2191103459571464
0.23063270787720536
0.20074405336956702
0.21079168572012608
0.20878131805878153
0.21631780709699766
0.22404242537202845
0.2317184496989415
0.23896821265874468
0.2438309280486306
0.24955292221489556
0.25568054046841526
0.26146817853494053
0.23549781992951313
0.24092917930379454
0.24590101226339334
0.23213380878706802
0.23690614224903583
0.2240280307924175
0.2253959128856423
0.2297205398756046
0.23390644491346613
0.2341682862600406
0.23806145940530798
0.2401171656712806
0.2438454251000084
0.24704181798288893
0.2500965817056563
0.240001034878216
0.24326620572949842
0.24557492948667337
0.24875433973196137
0.251781375610974
0.2378744270535218
0.24084304570255066
0.24020743055899463
0.2406265292771418
0.24340303488920867
0.24607950281059798
0.24868960258345274
0.2489436054917079
0.251499575986018
0.25400618852932877
0.25416213541112087
0.2474850816395221
0.2498440601728259
0.25217437543693644
0.24844992649020103
0.25069977073331184
0.25291162160372194
0.25407696378040423
0.2562138639155146
0.2531160745812211
0.2551851773612429
0.25530487659752255
0.2549276377722949
0.2568111667760973
0.24453655605953772
0.23926393841618032
0.2411283758853321
0.24278941266490994
0.24459609100196344
0.24636728413466746
0.2480838395607169
0.24982322822217207
0.2500360188099945
0.2517546927646954
0.252502918246026
0.2540905012612753
0.2555469322193584
0.2507531541059169
0.25209087003620745
0.2521916050363494
0.25372577370556215
0.25527921169896084
0.248243931840485
0.2497352522646893
0.2503310305851322
0.2514552846362965
0.25210262578306564
0.2535329696009543
0.25495865089056746
0.2510409818083703
0.2507432373456808
0.25212999658306934
0.2528518516739179
0.2541943325412164
0.25553958392421783
0.2568697083921805
0.2574498852076098
0.25764267061795754
