0.18686508765694287
0.2622185502227785
0.2699497781759468
0.31515490900083554
0.352837426492875
0.37419309512381005
0.3595090942413304
0.3202170282569521
0.2843526511980828
0.2979818274328252
0.3215846517753847
0.31271213193409886
0.32887056888742494
0.34586082413833413
0.33866657267620853
0.3317421186034735
0.34372155992335296
0.3250473975574806
0.3073496784890799
0.2904540077771001
0.27437061087990694
0.2589804410910783
0.26026260021831477
0.26930779245431996
0.2712590993952125
0.2724114234002203
0.274236392553195
0.28167539475187164
0.28885587944178687
0.28515134747488047
0.2815523244256049
0.2880800377800733
0.29248155533142944
0.2967549392129526
0.29348505812305
0.2943306295666534
0.295153949130162
0.2921964425164001
0.29760100001488676
0.2947934872491792
0.29199995431721165
0.2954782900347305
0.30053627877732925
0.30799422320948244
0.3127022607388439
0.3180518666626056
0.3156561674096701
0.3166899631078403
0.3144820162444779
0.3075413514377513
0.3053328804574802
0.303124080499753
0.3097214440749627
0.3076272702051775
0.31029865682320174
0.31477122842208943
0.30865450446861825
0.3137547819777348
0.3146102108263824
0.3151202558777793
0.3156179235416721
0.3137570829970246
0.31767875866999645
0.315913916056754
0.319340125237059
0.31406518514464465
0.3173353682496467
0.3156328130831121
0.31395308326415095
0.31749369953247064
0.3159571166682458
0.3143464168418447
0.3127909030121959
0.31570706297064793
0.314197658104059
0.31882847788808993
0.32212739561409814
0.3206389735877613
0.3162220747585682
0.3148562233237016
0.3105453692862512
0.3135753556944759
0.31418730508520987
0.3100245435353481
0.30868740906859343
0.3046187257262154
0.3076006508550799
0.31042604615708164
0.3064922172639433
0.3068321285420893
0.30918464117913014
0.3095179913970434
0.30984801719788035
0.3086176307467406
0.307422218516236
0.30965283249363607
0.30603971282627757
0.30824892491601397
0.31047221929165725
