-0.342292823194
-0.485175491769
-0.54761878245
0.402129919398
-0.566299999746
0.403702276394
-0.549004243438
0.428537878093
-0.409043506832
0.433423871578
0.433423871578
-0.0774189081163
0.412211750366
0.418706598147
0.403816173577
0.400769490718
0.387191508924
0.309859848042
0.296803014666
0.293717989225
-0.409155549949
-0.407990028589
-0.0752739415432
0.294159905467
0.299548532825
0.293518013838
0.294029932184
0.274473254294
0.165782095853
-0.227416138133
0.274497142992
0.176038821488
-0.0758376744826
-0.475958279452
-0.407990028589
-0.342375984087
0.160834653659
-0.0756579895814
-0.082491897276
-0.0754914330281
0.276469714624
0.161276820263
0.161231495011
-0.0524687626291
0.274689629232
-0.559290494198
-0.418654080993
-0.223649299154
0.274514126142
0.293334843037
-0.487843096748
0.293809197522
-0.342645325923
-0.487944811857
0.274607912762
0.274473254294
0.293591148107
0.161297727122
-0.450066803071
0.160696598851
0.293408168882
0.161442328384
0.160696598851
-0.0777308232
0.160696598851
0.161325485721
-0.408455451103
-0.0753697870793
0.293591148107
-0.0776326394784
-0.407990028589
0.293827964992
0.29415325847
0.276225427998
0.293497517028
0.275148632745
-0.0757300126376
-0.0757345442635
-0.447660968478
0.16076564373
-0.243295066902
-0.418950364435
-0.418819492293
-0.223830266689
0.161110344397
0.282239900722
0.161323718282
-0.0757345442635
-0.415089578162
0.16132196075
0.161110344397
-0.0771620466888
-0.223649299154
0.282446035855
-0.0753741457701
0.161297727122
-0.223572715453
0.161703901797
0.161111498353
