0.17114641159711597
0.3328715755200705
0.46977627113265147
0.38935028725303467
0.48373362054402214
0.42606186677348457
0.4946873972032173
0.4470720774151318
0.48797642809836445
0.4485742579548997
0.41245560199005704
0.41841090261438924
0.3889672061596756
0.361053432949898
0.33581492210135855
0.3122402461767641
0.29072960679208326
0.2744211937372355
0.2595810430039241
0.24559447208843976
0.26419245163156146
0.2819311485267385
0.2850675627577035
0.2733011665390058
0.26178006912267027
0.25090903157313227
0.2404079625665547
0.23094336759089396
0.22541729772912078
0.23275330218502344
0.22417526646652527
0.21884075672445838
0.2210712765621832
0.23467008454651567
0.2460031408962121
0.2552565458715373
0.25102405498578473
0.2529640034365893
0.2550263008684881
0.2568675553325888
0.2502849430796375
0.2465343193525833
0.2428699671932375
0.24403593969610704
0.23806442601715422
0.2499642237660497
0.2586861837867354
0.26325045519803325
0.2577601726751879
0.25200850908623484
0.2613901071006133
0.25584653733605417
0.2621918211494447
0.2710635450013936
0.26615983227349804
0.26134451202272324
0.2562825956760487
0.2535487358943137
0.26104984927882624
0.25841547880586163
0.25368308898517644
0.25112051234415966
0.24860962798711528
0.24980548680557713
0.2473706898532917
0.24496284678282781
0.25096954459315934
0.25206186034793193
0.24786770108925874
0.24896111854670097
0.2546276467215492
0.2506026061052216
0.24662756207183933
0.2429445563651947
0.2390827469306174
0.23550938806379706
0.2364802856617153
0.23743895077897445
0.24303471288494347
0.24104995185123962
0.24401696486223942
0.24906455961446897
0.2540505059512923
0.25668380320645323
0.2548104271088099
0.25156629031890176
0.24973306624751251
0.25058401618305715
0.255196122607083
0.25342335380763154
0.2516721544120084
0.25250185383876916
0.2548811017021053
0.25190798553521565
0.25269313288698747
0.2510302697207775
0.2533116239600898
0.2516782512146636
0.25006713623113397
