0.046983245338297674
0.07821535531528168
0.10170697798443051
0.12044664243779735
0.13571424473437432
0.12653318765748833
0.1382459651654242
0.14851561458710727
0.15791226365476685
0.16503809081653398
0.17269012893259172
0.1535275572902306
0.15751541295456262
0.1637618081482981
0.16962720630807782
0.17513911802127335
0.1803522476427195
0.1850175493140852
0.189715873847915
0.19418444244011257
0.18379182538779026
0.166525816487044
0.1502656483354109
0.13447985535409857
0.1380939511493522
0.12962039136709003
0.13297633746268267
0.13621656127911697
0.13934003331880906
0.14236220986137205
0.13016587881223174
0.11833196315682082
0.11640950277846573
0.11902691958759981
0.12153026227733432
0.12403304212363053
0.12234080072349895
0.12474708084938402
0.12482975959981535
0.12712162522607373
0.12935594940587658
0.1313775342952529
0.13351313635608464
0.1320832926914003
0.13408315041946117
0.13602449268374361
0.13797960448886004
0.1398947851313317
0.14164766985815835
0.1431460834372208
0.14465346995220996
0.14471586900913924
0.14616821114129808
0.14787187002652002
0.14952570455137937
0.1483796423632805
0.1499976621249972
0.15159031450934624
0.1531337194937069
0.1520644088853773
0.15357789566825586
0.1499463700472864
0.14377460014418675
0.14463173763470893
0.14428878678397228
0.1456893665148058
0.1420283912229735
0.14337767114823297
0.13066874082230806
0.13199048753642517
0.13326855211852562
0.1345520888084032
0.1358201621207179
0.1370615362152383
0.13822734784431256
0.13944613692062202
0.14064927982036013
0.14178964887685808
0.14294696746620017
0.1440962950832656
0.14329803558532406
0.14443016197901792
0.14509342313239815
0.1461989112580051
0.14727599954034087
0.1483463042751232
0.14939232197704644
0.15044669917948172
0.147678772164474
0.14604752878120342
0.1464085585901691
0.1421384703674039
0.14312906514874524
0.14071522756092092
0.14149343427961114
0.13892869849552236
0.1398597456667896
0.1408062174844229
0.14016905978373218
