-0.0939664906766
-0.093696329931
-0.0939664906766
-0.0936983222668
-0.0916056137795
0.0642673995382
-0.0937022200635
-0.0924268447951
-0.0939664906766
-0.0783840987794
-0.0918244573927
0.249113431351
-0.0558299793006
-0.093695927906
-0.0938463705565
-0.0937024991243
-0.093836333186
-0.0886407317559
-0.0939664906766
-0.0938399404361
0.228637575151
0.397118204717
0.390244035639
0.394644824533
-0.0939664906766
0.228786114121
-0.0939664906766
-0.0939664906766
-0.0937041611908
-0.0936874728195
0.390282593572
0.390519216629
0.0653636528641
-0.0916095883197
-0.0901203368304
-0.092602854313
0.064305173205
-0.0938449249095
-0.00330715001725
-0.0939664906766
-0.0938416155517
-0.0869281502432
-0.0939664906766
0.0643429649108
-0.0919934554908
-0.0912430864213
-0.0938453666456
-0.0938438514811
-0.0876442363413
-0.0764190925322
-0.0783840987794
-0.00330715001725
-0.0784264751366
-0.0937012386872
-0.0926147333921
0.0653255447216
-0.0938451461796
-0.0939664906766
-0.0926042990616
0.0652279471081
-0.0938361805385
0.228786114121
0.394993273798
-0.0557139368839
0.0226347561486
-0.0938388419658
0.248946319845
-0.0931003148429
0.889625122815
-0.0938440167023
-0.0920206499112
-0.0936981783611
-0.0938374251113
-0.093103057089
-0.0886016838096
-0.0938467588758
-0.0938451461796
-0.0900891554633
-0.0925854871474
-0.0930955369823
0.0654572788312
-0.0939664906766
-0.0557139368839
-0.0939664906766
-0.0926295922809
-0.0931165119261
-0.0920495577692
-0.0938395710167
0.249113431351
0.148443147878
-0.0332147424248
0.397118204717
-0.0931159094461
0.229314570843
-0.0747078449943
0.248779371057
-0.0912426227842
-0.0937007099457
0.0637157700691
