0.17256529975871954
0.24913363679586642
0.30032650302899233
0.3412861748015608
0.3994694685951867
0.4323320797914319
0.4579164915087448
0.41611376912397213
0.3650229446985699
0.3198774512494014
0.3085300110808692
0.32427426444536944
0.31450303086691644
0.30371284612820576
0.29417579668815946
0.286149439258599
0.2932744950793276
0.2859497460583739
0.2974173777588354
0.3066895191004389
0.3004614803361754
0.2947287909740126
0.28893003133242423
0.2967191428435379
0.2916388167517758
0.28648935010403853
0.2947038383082002
0.30163179274474444
0.3020675420076456
0.3030286117847957
0.30394359516922004
0.30435955518866864
0.3002702728507597
0.2962974629909014
0.28588425470330725
0.2757141806926936
0.2764803956242577
0.27297599060142974
0.2635903185950728
0.26858155256557553
0.276063359961272
0.2814040027074265
0.28162335196165683
0.2785336719730145
0.28581248379769525
0.28289723161016767
0.28694072688791655
0.29162565500764026
0.2841071835459268
0.27673157118906094
0.2741105134364509
0.2793818328597731
0.2724147813855439
0.27594364999157933
0.2764651049388778
0.2740258838952128
0.27175324083665336
0.26939670525209564
0.26708922380434685
0.27027242760100595
0.2642043505105483
0.2683552854034092
0.26850879942353306
0.26896715577878927
0.26685857931644225
0.27188661387231233
0.26985040130061927
0.2739075493247622
0.27195759012148046
0.2700008180277831
0.27013457775691885
0.27488878666485383
0.2766197213451799
0.2791952495453195
0.27737509077548905
0.27776201497148456
0.28178961737257774
0.28216723936383
0.28045931342633235
0.28290673830925267
0.2783292007547042
0.27379936898170604
0.2741549787288159
0.2725177311227582
0.2709037223584273
0.27411592765585546
0.27256854945105563
0.268354132529471
0.26655576840635253
0.26242068336907004
0.26093136975152875
0.259509871384886
0.25961062031734394
0.2631359125150344
0.2617128101286695
0.26371371500838026
0.26232021974760844
0.26094731414933076
0.2629920659642344
