-0.345130599517
-0.229705011111
-0.204771464933
-0.204798358863
-0.349099762762
-0.230038278374
-0.204675293739
0.376224501463
0.510908244254
0.496600427941
0.136169282022
-0.204675293739
0.136797270098
0.161852771081
0.152592791041
0.136448076303
-0.128251004773
0.139170231398
-0.229352634009
-0.194714968174
0.137016852814
0.13185185533
0.139170231398
-0.194727787778
0.132088478386
0.139035599489
-0.230005669717
-0.20091067866
-0.013072477887
-0.0297931630917
-0.0292794683016
-0.0137266806418
0.139035599489
0.139048345095
0.374875498353
0.376292738393
-0.0291161673994
0.13667179589
0.375426880254
-0.204640592791
-0.314235910619
-0.229647638085
-0.00965136718614
0.139035599489
-0.334825343935
0.137016852814
-0.194087773332
-0.229561477866
0.375923573086
0.3761562302
0.136295003136
-0.279379929436
0.376220779608
-0.194087773332
-0.0292014770487
0.139035599489
0.131813297396
0.139035599489
0.138448886865
-0.194175431596
0.376220779608
-0.26150889825
-0.00982489728793
-0.0297931630917
0.139166046515
-0.336878315243
0.138462454875
-0.279943213666
0.13649714423
0.138930818653
-0.00963070049777
-0.347057250279
-0.128089166344
-0.19316461501
0.138332066507
-0.0297931630917
-0.314152987285
-0.0298321373089
0.136634075
-0.198241415517
0.375358079473
0.375976037159
-0.0298712187572
0.139166046515
0.138804753732
-0.279461860876
0.136169282022
0.375083106021
0.161852771081
0.376292738393
0.137016852814
0.132199348098
-0.00947039965105
-0.334902758781
0.136617829091
-0.194087773332
0.136562535556
0.135917654229
-0.20447518149
