0.03449528147431502
0.1376171638449294
0.036159967087028844
0.04006269113451377
0.056189229232811555
0.04688045964638954
0.037866896120384186
0.003526390034997773
0.027323742567384568
0.010308940462910754
0.040173338336789266
0.03478181821887116
0.029658928510356786
0.02501656555870524
0.020501369301376582
0.016274557300000048
0.0395557656130201
0.04358072084381848
0.04008721190294451
0.03676158136122287
0.033614209054789956
0.03078209553108513
0.02787083808035673
0.025275389835733186
0.02257962977677419
0.020176436957678345
0.0236223605478475
0.02138357558064463
0.01904725019621345
0.03196206175679073
0.03496851674374202
0.04288377864922266
0.04513076367663171
0.04315241536973102
0.04120911663504412
0.039318339487781184
0.03742361769987057
0.035592720899197516
0.037506665693663344
0.035808240223546894
0.03409676352968072
0.04332605392762978
0.041738095318141544
0.0401854246777531
0.03862277204422315
0.0372422144672957
0.035799668826847264
0.03437886946473934
0.02820660649910145
0.026347977205196438
0.034048016935654735
0.0327415605065694
0.031410897469098975
0.030095168616465995
0.02884815254315587
0.02763337726698878
0.030996153387205072
0.029773975281984
0.02861529219828951
0.0329094078380171
0.03178731020980963
0.030686232243859468
0.029557433179527304
0.030732887109227613
0.02965085477984819
0.0286085726887233
0.027546235111752138
0.026542725101005415
0.025522654026344682
0.02450704123468206
0.023510923791359772
0.022562400630516954
0.02159266583060404
0.02717216251373311
0.026261081056607738
0.02532596771411877
0.024401445137690825
0.023514232966387882
0.026785855901621525
0.022967369356163614
0.027614586019670262
0.028779136062242916
0.02968954260254253
0.023222230076385797
0.02241708832357736
0.02723370546214743
0.02644239359538858
0.025656340174616377
0.029440291803419005
0.028678896253867325
0.027921211648226585
0.028959617190189246
0.02819496120666165
0.02899914532173442
0.030003155656992075
0.030789180380424108
0.030077335570205088
0.029421919346815262
0.03361390626741023
