0.0689905629486
0.309365647112
-0.405828787032
-0.381113291108
-0.0967592285898
0.065161387105
0.072108508208
0.309064554768
0.308501326024
-0.413959513333
-0.358372774487
0.0700897615329
0.0717204559192
0.0696354442748
0.0722431401173
0.0718558040234
-0.419061749634
-0.0764741493852
0.0698701788175
0.0698382413762
0.0692421907415
0.0651386110452
0.0698701788175
0.0648862061156
0.0700897615329
0.0648862061156
-0.0964858605247
0.0649247640489
0.0700897615329
-0.400359158378
-0.0962065595824
-0.261203642881
-0.0763974909319
0.0692421907415
0.0699587544487
0.0699587544487
0.0719994279406
0.0714049752263
-0.0765577917786
0.0696354442748
0.0718820211424
-0.396859487112
0.0698701788175
0.0698701788175
0.0718820211424
0.0648862061156
0.0692421907415
0.0696191687433
0.308613148282
0.0947900939892
-0.400402065984
0.0692421907415
0.0718558040234
0.0723650868948
0.0698329001054
0.0692421907415
-0.195041014973
0.072108508208
0.0695209850217
-0.261941054023
0.0695700529489
0.0693679118549
0.0722431401173
-0.0764045054305
0.071414133739
0.0698329001054
0.072238955234
0.0692421907415
0.0714049752263
0.072108508208
0.0717204559192
0.0692421907415
0.0717603751936
-0.418462251235
0.0692421907415
0.0720037273717
0.0721127609614
0.0700897615329
-0.261729834819
0.309297410182
-0.381071766408
-0.0966576535335
-0.0764741493852
0.549721564723
0.0692421907415
-0.419045691056
0.0696354442748
0.0699587544487
-0.340555646592
0.0692869950092
0.069706983719
-0.0965717154025
0.0718776624516
-0.0763974909319
-0.0963849921847
-0.0762443981729
0.0697607914015
0.0648862061156
-0.419198692059
