-0.038323144917
-0.0384799854796
0.205521075106
0.205271094671
-0.0311314254002
-0.0312576833872
-0.0318443960111
0.205931218587
-0.0312534306338
-0.0383537521282
-0.0384799854796
-0.0313667636546
-0.0187024759031
-0.00859018736316
-0.00858314600264
-0.0334021591729
-0.00859018736316
0.205902377539
-0.180201450055
-0.0316412825562
-0.0311230514779
-0.0312576833872
-0.0334074371465
0.205115610654
-0.0319703930129
-0.0084405117954
0.402316616805
-0.0312576833872
-0.0314841704528
-0.0311272363612
-0.0319520578562
-0.0313667636546
-0.199937906998
-0.0339982797403
0.205995546379
-0.0312534306338
-0.200023845129
-0.0341240008537
-0.0312534306338
-0.0341240008537
-0.0336592078763
-0.0313624642236
0.205657927278
0.205884507054
-0.0337307473204
0.205794641702
-0.0311272363612
-0.0337906597974
-0.519953597666
-0.0335332914898
-0.0337961386463
-0.0317723729549
-0.0336592078763
-0.0334074371465
-0.0318443960111
-0.0311230514779
-0.031244937781
0.430923946036
-0.0313624642236
-0.183937781875
-0.0335332914898
-0.0312534306338
-0.0198276788355
-0.0337851863516
-0.0334021591729
-0.0383460890948
-0.0335332914898
-0.0318443960111
-0.0338726204216
-0.0336592078763
-0.0341240008537
-0.0333968863955
-0.0318443960111
-0.0312576833872
-0.0313624642236
-0.0315191613851
-0.17984034098
-0.0334074371465
-0.0336592078763
-0.0335332914898
0.402230984065
-0.0315147722975
0.205931218587
-0.0313624642236
-0.0312576833872
-0.0337906597974
0.354106781692
-0.0335332914898
-0.0312576833872
-0.0337851863516
0.44738524578
-0.0313883249167
-0.0336214869858
-0.0084405117954
-0.0337961386463
-0.0314841704528
-0.0313667636546
-0.031244937781
-0.0318353461998
