-0.421500796086
0.204278422465
0.214624743723
0.187995024966
0.0954833461037
0.09583553254
-0.0365988791774
-0.703301855786
-0.685694593681
-0.0365520834012
0.189409305101
0.202294504429
0.200069416065
0.188562556139
0.114970785542
0.100170012657
0.10037039608
0.0843884037891
-0.764165673816
-0.0367364977659
0.0986933249692
0.100967470013
-0.0366004334869
0.0987046440529
-0.0366004334869
0.10037039608
0.0954833461037
0.0961912585384
0.112265376903
0.100909032999
0.101187173339
0.0961607658459
0.0960560313021
0.07853687322
0.0961607658459
-0.0319321136851
-0.0218126754447
0.0987046440529
0.0959628533829
0.0957563431078
0.0781288828292
0.0961593767417
0.101697035892
-0.0366019791308
-0.0365537698105
-0.0358096168271
-0.616670989226
-0.685539741087
-0.702024782805
0.0963084085346
0.101153384858
0.100525901162
0.101116273044
0.101442589144
0.095646020095
-0.0364845793339
0.0955566719496
0.10059969705
-0.0364563138794
0.0986933249692
0.0958856905721
0.0988040984111
0.095976468059
0.100871709457
0.07853687322
0.0955933060947
0.07853687322
0.0963084085346
0.0962781321406
-0.0355119627042
-0.0355119627042
0.0963084085346
0.0845848486577
0.101187173339
0.0955566719496
-0.0366004334869
-0.647837763604
-0.0218126754447
0.0962237360974
0.0785775559924
0.100540876426
0.0766217573613
0.101369712325
0.0961865268482
0.0962237360974
-0.421500796086
-0.441061336471
0.0847518484665
0.0955566719496
0.0960313564442
-0.275144550706
-0.606645616787
-0.540173534883
0.095708571607
0.100384613866
0.0961912585384
0.101004814546
0.0960868270451
0.100871709457
