0.21075039804324253
0.14265759055484445
0.08900140462421222
0.051402399630952916
0.03548850861366637
0.021797718250815057
0.026372578147991016
0.1045172287908506
0.17308668815890754
0.1764096048317434
0.1606254960733386
0.14506438034803734
0.13077370777194158
0.1182028706960199
0.11101719659964923
0.1051248429139576
0.0995487097984197
0.09510721486215021
0.13331549855294084
0.1350648555894135
0.13057879536354092
0.12618890536297267
0.12771392342492788
0.12376573766281387
0.12517344664308022
0.12145602456605495
0.11804590506235069
0.11472896511275164
0.11098678588266636
0.10773165578591357
0.10456955661905559
0.10165559401766594
0.09883041662642639
0.09658650596299831
0.09391537357839114
0.09477840367798895
0.09535242145284903
0.0928215331438016
0.09042246180923028
0.0880869412456261
0.08622672974969359
0.0839904651743062
0.08167916890403723
0.08249254621805396
0.08328719338784799
0.08404910012884931
0.09689641240439198
0.11088701936535415
0.12492751502146147
0.12303911485411731
0.12109385745300667
0.11919714233673413
0.11732461876184715
0.1154802080501331
0.11377224340557979
0.11441232374477152
0.1127647949180544
0.11105971530704434
0.11166732053836713
0.11004939717821638
0.10850285378189195
0.106934534759494
0.10543490244607173
0.10388302999289092
0.10269307736834574
0.1012663116057379
0.10011135758779699
0.09871558355106436
0.0973401816633418
0.097840350152133
0.09833357185635766
0.09701427858876105
0.09587124009338677
0.09452207778219404
0.09326475315127836
0.09374008345630336
0.10204569581019599
0.10232180562595147
0.1011190089247335
0.10014891564087705
0.09892280739178491
0.09799965368863706
0.09679287139905132
0.09566126520083768
0.09454238454854189
0.09938722128516816
0.10439928192688688
0.10344701396658879
0.10238527316714888
0.1013299835358937
0.10432068517400075
0.11084375632225268
0.11659028328909492
0.11558282464060037
0.11453715157949242
0.11354548912033394
0.11251482774741815
0.11154425373686143
0.1105355366422939
