0.02350186997735748
0.08850025441005716
0.137220970551591
0.07867194626788043
0.029364207791161
0.004201739374479652
0.04093962825226216
0.03569996357348815
0.06397580544555925
0.06154471157805974
0.0855914446311028
0.1070189125302271
0.12729933403444083
0.14693278352642847
0.1440128356009709
0.1326689649424564
0.1446780900268264
0.1347559354995611
0.14198145638048187
0.11014517369974497
0.10819488737885385
0.11431256940769097
0.1261846448763595
0.1000600246021216
0.1108399938283342
0.12179726904538302
0.11488413865706804
0.12443055306423556
0.1330239064952763
0.1388094798686399
0.12528536806653368
0.11937982671604475
0.11364242354015675
0.0974251006036353
0.10342537097020332
0.0983302105372833
0.08073795506330039
0.08832376098279571
0.09571307993711697
0.10292587863839164
0.10955178920613473
0.11121798191602916
0.11655619824738406
0.1215204741497583
0.12783620255846917
0.11331746575436552
0.11947824385092676
0.11851898385185089
0.12419754697530017
0.12560131835547095
0.12469298198687528
0.13000555236735833
0.13536759559773048
0.13785167794033093
0.1344019480642803
0.13357597616238603
0.13024067970480613
0.12696572048532628
0.13085690868741928
0.12776897269634602
0.12733361739287585
0.13015786113439665
0.12709781463072956
0.12413095615081038
0.1284050105859279
0.1323582963134231
0.13670706503944885
0.14098199452745186
0.14200432489363268
0.14134131948645856
0.1386262970321317
0.14242296499820972
0.14544200100557458
0.14283238727947933
0.14649815326840687
0.14405186631443967
0.1474755211285732
0.14503242820440454
0.14683692671191406
0.14650677816200675
0.14412730646907634
0.14379985521151417
0.14717992546221648
0.14488014173619845
0.14433091509472207
0.14211191025405878
0.1399219093440428
0.13775510258904566
0.13013019950458238
0.12798204987038964
0.1258831688042682
0.12378639799863433
0.12172716767020009
0.12417846849301939
0.12372642766181796
0.12677509033945988
0.12860439748534835
0.131591476300698
0.13452625194601864
