0.0470037399547
0.194995153298
0.194882864566
-0.292745121419
-0.29584643086
-0.234961630159
-0.293903111022
0.047156982109
-0.282758418721
0.0267420325425
-0.288560796637
-0.278557082689
-0.283925901059
-0.29450174238
0.0467191668073
0.192845801195
-0.216164251519
0.188520936018
-0.144510417618
0.668561936295
0.0429062990596
-0.140706686663
-0.284929811248
0.653115506856
-0.280279199882
-0.29584643086
0.193567650873
-0.276846017808
-0.257800602931
-0.179352774574
0.432771577667
0.194882864566
0.19507170798
0.567606302778
-0.216009733196
0.188520936018
0.668505708011
-0.29584643086
-0.295572758173
-0.295724746752
-0.278288243845
-0.0716462865255
-0.23488151858
-0.223392415607
-0.290523506801
0.682380629793
-0.295717348635
0.0470037399547
-0.283928156172
-0.0715923403887
0.047233491167
-0.281566230166
-0.28955033444
-0.136624528843
0.193184873059
0.047080398408
0.19344719454
0.193222593949
-0.233471292126
0.188364095455
0.0269920288151
-0.177927355716
0.195842976235
0.192845801195
-0.282087592718
-0.264870143742
-0.29571627337
-0.294970134672
-0.0715631256327
0.0470733839094
0.195481616712
-0.277156761524
-0.223408664545
0.195721029457
-0.278598215158
0.188364095455
-0.267045075502
0.193004341009
-0.144359880601
0.0267420325425
0.19511667882
0.0271784543777
-0.283925901059
0.195481616712
0.047233491167
0.193053421138
0.192720080081
0.192845801195
0.686241277602
0.195481616712
0.193097058083
0.194999684924
0.193567650873
-0.232873578168
0.0433959197953
-0.295720279731
-0.179272100297
-0.29572080272
-0.293477564532
