-0.0509096348582
-0.0510531660705
-0.0511795403912
0.0285388334448
0.0393968548512
0.0602627893496
-0.0511795403912
-0.0510493829007
-0.0510572760558
-0.0511795403912
-0.051058269472
-0.0343695325726
-0.0511795403912
-0.0511795403912
-0.0458128140943
-0.0502977061761
-0.0448043127045
0.0669033491665
-0.0511795403912
0.0653834635249
-0.0511795403912
-0.0510574849781
-0.0478946164632
-0.0503121123155
-0.0511795403912
-0.0511795403912
0.0667122765297
-0.0498382587221
-0.0511795403912
-0.0511795403912
-0.0493173429983
0.0678183719261
-0.0356062485867
-0.0503273887082
-0.049412755939
-0.0510510717376
-0.0509073574843
-0.0511795403912
-0.0511795403912
-0.0493077575181
0.0714311822195
0.0717789290441
-0.0356515900807
-0.050906912256
-0.0493150282719
-0.0494357230165
0.060288349517
-0.0201900127144
-0.050308586697
-0.0511795403912
-0.0511795403912
-0.0492992520804
-0.0511795403912
-0.049837658775
-0.0484561361359
-0.0511795403912
0.106278368074
-0.049798536862
-0.0509016468245
-0.0492954141548
-0.0511795403912
-0.0510595499905
-0.0510583135759
-0.0509065028486
-0.0510565542887
-0.0510568861535
0.0716849576195
-0.0511795403912
0.0715126774167
-0.0439129109893
0.0713890089408
-0.0510510882397
-0.0511795403912
-0.0488202549177
-0.0511795403912
-0.0511795403912
-0.0510588840206
-0.0458099323726
-0.0490268661074
-0.0458128140943
0.0297479431277
0.100307009868
-0.0511795403912
-0.0511795403912
0.0100765409887
-0.049442058161
0.106315715776
0.106640026379
-0.0338626614104
0.0965423947896
-0.0511795403912
0.0100494604929
-0.0511795403912
-0.0508990748184
-0.0448435519771
-0.0509089776207
0.0717789290441
-0.0311878702538
-0.049638470889
