0.025454817429091947
0.042472539452595104
0.055267424550406896
0.04955965786145211
0.04299351538625129
0.034384545479160145
0.040781988028066096
0.04645414168369766
0.05155986928927303
0.05621255477938647
0.06046741056872096
0.06311122076661624
0.06676690222313386
0.07017887158255032
0.07304217246344336
0.0760008610620363
0.07848998954562203
0.07496876064212099
0.0775277376616833
0.07441423939859282
0.07674058214364954
0.07896047279487084
0.08095608181416958
0.08296856630678928
0.08493701016799104
0.08683254870100021
0.08444996739636823
0.08616852804195774
0.08787451272166602
0.08952546563751274
0.0910666326062104
0.08901153042663223
0.09005877303212317
0.09149669842378738
0.09286927497764708
0.09424903367325788
0.09558870097547723
0.09690099688294507
0.09818048539272628
0.09938311362487406
0.09768237119107703
0.09601309377144629
0.096823357182371
0.09795462189917159
0.09902668773116985
0.10007851162513759
0.09882250434353324
0.09923454541933718
0.1002407171532762
0.10124423755310463
0.10222845948370551
0.10315863405125969
0.10410640331776422
0.10501254256821924
0.10587783071350365
0.10677571738703429
0.10494333173057757
0.10578737472823885
0.10663573550864691
0.10744385705216808
0.10826933351009138
0.10907980255755934
0.10987758870718245
0.11066076567408378
0.1114343498299728
0.11219639290689132
0.11114220235366312
0.11188393482310144
0.1108623251457207
0.11148081684979605
0.11048930283672886
0.11118863281261482
0.11188024822330733
0.11253118495554337
0.11320459996069132
0.11386926931642183
0.1145238703936089
0.1151037429552878
0.11571657878163066
0.11628216907909106
0.11591938928485035
0.11471087109366596
0.11532015133641893
0.11592226357631596
0.11580509449505227
0.1163733940141437
0.11516526088032852
0.11396705833674914
0.1143433101301975
0.11328240469294926
0.11383870404502805
0.1137306453300504
0.114275108525702
0.11481088826063246
0.11527800859372683
0.1158028434145586
0.11507040536308799
0.11538543435555071
0.11588181906444084
