0.14066284174025112
0.18615821012556877
0.17737193382500593
0.13665297284461575
0.18460475682403987
0.1217686152799663
0.06680438810450295
0.0987877748495779
0.11242709602526368
0.13841056851113442
0.157328994319622
0.11415923905763747
0.1334886840073488
0.14210256984730996
0.12953640431583235
0.13722408906201877
0.14661157478969555
0.14477653246022415
0.1589082613164089
0.16914813214366708
0.16022647628759557
0.13511796523670216
0.14639957221854816
0.14499376801045816
0.1560026438186617
0.1485513636375484
0.15356375261714383
0.15166878110497894
0.1449823192541051
0.15229068997369966
0.13498593666896386
0.13332065867342502
0.12733257617630878
0.13511576133478898
0.129534450318608
0.13332313415731212
0.1280321170914268
0.12671750952116656
0.13391365291505797
0.14000842514087264
0.13870181763136025
0.14255605851388642
0.1487033838724664
0.1523836884251305
0.15833382364461834
0.15716621693399024
0.1456426839106536
0.14150479329818544
0.14481203195428116
0.1408665056091405
0.13699926773617666
0.13320829192988326
0.12945137599712853
0.12575621807118176
0.12513514754650024
0.1301850105688046
0.1351269823869543
0.13743873173876542
0.1340454849903996
0.138751982682652
0.13558469611353785
0.1324006666607408
0.13444170859592097
0.13134849861894182
0.13513539331675495
0.1392273885343851
0.14166330188140708
0.14583492612804505
0.1496300913139581
0.14885716856185216
0.1427404934137595
0.13670420471558442
0.12771828481252967
0.12503845669173674
0.11773486211765338
0.12068509271541872
0.12248431107030477
0.12590612419744485
0.12947873511983243
0.12700537428361858
0.12452399722753482
0.12795846949228384
0.12949121655654838
0.12710584432112548
0.13045436357014306
0.12387595595828615
0.12535865367701937
0.12857253692882464
0.1310886993782916
0.13179245600375
0.13491953859768524
0.136696130689952
0.13453434910688722
0.12990430135475728
0.1312601945050057
0.1341742258522699
0.1355003996186448
0.1349488877376761
0.13719440259017868
