-0.798916155245
-0.812976223234
-0.811389245498
-0.809979117673
-0.813131391032
-0.813257240516
-0.812991600989
-0.79568829261
0.186742759484
-0.813135482328
0.186742759484
0.186742759484
-0.812390063179
0.186742759484
-0.813257240516
0.161742759484
-0.811893810733
-0.812990644942
0.186742759484
-0.813257240516
-0.813257240516
-0.813257240516
0.186742759484
0.186742759484
-0.813133370827
-0.797065277972
-0.811395043123
-0.81313733644
0.186742759484
-0.813257240516
-0.813257240516
-0.813127235316
-0.813126487378
-0.811306972355
0.178837621144
-0.813257240516
-0.813130272512
-0.813257240516
0.186742759484
0.186742759484
-0.813257240516
-0.813257240516
-0.813257240516
-0.812379534255
-0.809774133585
-0.813136874604
-0.813257240516
0.186742759484
-0.813257240516
-0.813129461319
-0.813257240516
-0.811395043123
0.186742759484
0.17524850661
-0.813257240516
-0.813135586015
-0.807942802961
-0.813131628156
-0.813257240516
-0.813257240516
-0.813135095653
-0.813257240516
-0.813135155301
-0.811919547294
0.186742759484
-0.813257240516
0.186742759484
-0.813128887288
0.186742759484
0.186742759484
0.186742759484
-0.813257240516
-0.813257240516
0.186742759484
-0.813257240516
0.186742759484
-0.813257240516
-0.811081872377
0.186742759484
0.186742759484
-0.811893810733
-0.813257240516
-0.795688863595
-0.813126658119
-0.813133539378
-0.811367774291
-0.813257240516
0.172457045198
-0.813129117518
-0.812989753556
-0.813257240516
-0.813257240516
-0.813257240516
-0.813257240516
-0.81313770908
-0.813128969608
-0.813257240516
-0.813257240516
-0.812992969903
