0.029119162044044328
0.25228289152430433
0.4487445687537662
0.6017700349007772
0.7298370029109115
0.6992618162030303
0.797315149120763
0.8844964615017196
0.9630092403649226
1.0342843561263675
1.099255309352165
1.0827917472786905
1.1389239654107866
1.1912641396044839
1.2403800202373914
1.2277902374753227
1.27145544264448
1.3128158679436681
1.3521145525959097
1.389501544666499
1.379773076168537
1.4139458454313558
1.405028082641557
1.4364321871577754
1.4666619445825766
1.4957720813620148
1.5238425703993301
1.550945111538807
1.5771349275529545
1.5702308531350457
1.594788792557232
1.6180738021367256
1.6411906754615735
1.6636470666914258
1.6854551630759358
1.7066976953203907
1.7273812135584126
1.721893359533921
1.7415209847614461
1.7606845525081525
1.7793656357468302
1.7976375913301101
1.815494371437831
1.8107382312832718
1.827805955716883
1.823252204505071
1.8187933231101716
1.81442543929476
1.8301449131556566
1.8455561620388887
1.8606335355943302
1.8754580536599241
1.8900081659360293
1.90429380130308
1.9183240999297955
1.9321108486567067
1.9284207399161004
1.9417423279338095
1.9548373965160524
1.9513287685331808
1.964005763582291
1.9764815364877644
1.98876237544159
2.0008542784115106
2.0127629707303716
2.024493921372832
2.03605048036897
2.047441403456576
2.0586658391782833
2.069723749376583
2.08045854814362
2.077526680925056
2.0881363855071324
2.098612494298093
2.108952535227663
2.1191599857866867
2.1292365715949537
2.1265273778360276
2.123852048999088
2.133394092347565
2.1429791373846974
2.140400507180418
2.1497573368595235
2.1590026261862505
2.168140432279038
2.1656803597853007
2.1746020375379884
2.183431843001679
2.19216488403551
2.1898129465964424
2.198356138912147
2.1960547807728443
2.193777905166938
2.202050004195208
2.210234449049309
2.2183344481005065
2.226353258649782
2.2342923868623563
2.2421508776868855
