0.0198044906638703
0.032894017687338295
0.09982506982560735
0.20726524534991408
0.3220250138161555
0.4184350706546829
0.49688929323491404
0.5726577981656679
0.6414263992105087
0.7039988227794618
0.6780453736792491
0.7308778314868205
0.7086320179723524
0.754527345350269
0.7966688839838695
0.8360541984741423
0.8187518990740006
0.8023602470107085
0.786788177550581
0.8195639146143912
0.8502391312556496
0.8800084744993439
0.8670317499492375
0.8945204351174598
0.9209930762264973
0.9464852504955485
0.9710671787286749
0.9947642797085516
1.017619168196821
1.0398025222364642
1.0613159377014223
1.0821399651312065
1.1023662168955928
1.1219859155218483
1.1410523283067238
1.1326349934634115
1.1244391674317655
1.1165856610208091
1.1337964899214066
1.1263523226139056
1.1189370514424164
1.1348948029281218
1.1278165895371548
1.1428133621173255
1.1360428971346614
1.129416484598437
1.143761455656717
1.1577736300258432
1.1515448022417922
1.1454381083358598
1.1586434663563232
1.1527672137298601
1.1469997805964796
1.1413372098837058
1.1357757565050888
1.1478286206207529
1.159667942629807
1.1543892750162046
1.1658394200794024
1.1771228144424692
1.1882145242884112
1.183271010174085
1.1784047384677951
1.1736133324800637
1.1840252388817591
1.1942729484950008
1.1896929280655515
1.1996720383669637
1.2095085899497844
1.2192028260851642
1.2287446402960163
1.2381752731288012
1.233966605707145
1.2298140538511109
1.238790470644569
1.234745777278302
1.2435698910166937
1.25228582279894
1.260892805433908
1.2692243457562251
1.2776198088931108
1.273867502999104
1.2820614196222722
1.2783974032787127
1.2863813385455478
1.2828015524627598
1.2906229382281975
1.2871235967764836
1.2947535054230404
1.3022839041824914
1.3097587755141933
1.3171482456079648
1.324473337212193
1.3317184207790043
1.3284742396414777
1.3355699877998406
1.3425948633985276
1.3495472331021547
1.3464328192101291
