0.0011172119136848568
0.08091911433160381
0.04132277537450291
0.1155051760282772
0.14311959224569776
0.20393413482797357
0.24968670802452764
0.29722468460845936
0.29696511294747774
0.33983267337226086
0.3776396371813533
0.4031432510545238
0.4295755652602424
0.4047910002559155
0.3754901475668798
0.34888268707592396
0.3280984411240959
0.3155292588569779
0.29792192361790526
0.2802432024118618
0.26335555596793947
0.2523274085294322
0.2584306792412667
0.2650914619038713
0.27821495893062886
0.26936401496039103
0.26083336898183396
0.2734721041854964
0.2654973032495852
0.2577951158259621
0.2503265518371542
0.25024789375806883
0.2432368874837314
0.25369182930985473
0.25363036915987763
0.2663915615918
0.266326574161875
0.26017984573911557
0.2542083549130299
0.24837968449360498
0.24269473663331176
0.25120809245650855
0.2511572110356414
0.257039732554593
0.25698321295691834
0.25190555245471635
0.2519139076189393
0.2470313764336875
0.24699595853139117
0.24231114840658602
0.24934812848186133
0.249312684010921
0.25201727186378664
0.25155759111513987
0.2581004305703603
0.25391117180601136
0.25961412739653444
0.2658278326215989
0.2686008175452925
0.26856212100844945
0.27546279502869764
0.27553756940291524
0.2715743289172017
0.26767409671027775
0.26764740373145923
0.2672719722268597
0.26724135942664273
0.26721569428005115
0.2693019904165673
0.2716473364245267
0.2683288324261974
0.26506532436329344
0.2647255019934971
0.26825429527682
0.2744251948883851
0.2743965172173013
0.2713324909654826
0.26687493774040094
0.2638897747345941
0.2656929197753748
0.2701553949450616
0.2672781293972959
0.2672754277283286
0.2644640170264736
0.2675420806119715
0.2675466903577497
0.2722836346470479
0.272258823628245
0.27223143174398035
0.2722029073856307
0.2722049538420534
0.2739856126586222
0.27794695640329464
0.2754321532799281
0.2754138974470317
0.27295287771512666
0.27675308314471125
0.27434178098314776
0.27431578196821743
