-0.241248817408
-0.239876029122
0.272851507024
0.0819395883893
0.247569073966
-0.239867813879
-0.162462310729
-0.240367889497
0.242961708908
-0.241248817408
-0.22255530878
-0.180257154398
0.249957523935
-0.211455244307
-0.118355558981
-0.0936499473513
0.487372912975
-0.224432235476
0.247443414647
0.243214113838
0.247908402898
-0.22255530878
-0.234625082357
-0.11891826959
-0.222543781437
0.10183110462
-0.118499226573
-0.23463724716
-0.118470519933
-0.129857572851
-0.118780831377
-0.241122203075
0.250184011
0.249957523935
0.249597298377
-0.221294545947
-0.240393629266
0.0815037873899
-0.203112306032
0.0815896422677
0.10131678026
-0.0838655512309
0.250184011
-0.22377893789
-0.150298177554
-0.238870292093
0.10183110462
0.247443414647
-0.0897622671482
-0.1624801438
-0.0830270200846
0.242961708908
0.24794568161
-0.150360486739
0.247601954462
0.486688651074
0.247317693534
0.0975821309308
-0.0935268822269
0.243236889897
0.486230939677
-0.0169947269362
-0.177926632346
-0.238875936052
0.599824454006
0.48736919112
-0.234612872707
-0.24096987738
-0.238888338568
-0.118413066355
-0.223953219923
-0.209811691659
0.599935223776
0.727275061029
0.0815037873899
-0.188686112937
-0.24111823501
0.737571152335
0.250079230164
-0.241248817408
-0.240985347509
-0.239703699979
-0.0838282389345
-0.240968705363
-0.225675525603
-0.206862400043
-0.124658955657
-0.240379755994
-0.239307069835
0.250079230164
0.247782486511
0.623460293459
-0.239709171526
0.272851507024
-0.180123047839
-0.124712658955
-0.207965587861
-0.223905498527
-0.239478051149
