0.12062440870387892
0.20058308507795153
0.1323702083218301
0.11598229064396137
0.07472077831628732
0.10898760887036263
0.12929539771148968
0.15600294098893697
0.1317067700981338
0.1536384807715664
0.17218475650323173
0.18605069145689834
0.16819658260441095
0.18229359889155083
0.1896908213278503
0.19519964176027738
0.16812336881724765
0.1799355917370269
0.1675634210046616
0.1559817965362018
0.14471323276811943
0.1543895505411622
0.16416559563937716
0.168922326422967
0.17748170263206453
0.1737101802387485
0.1779422954735007
0.186033235030736
0.18998225236185207
0.1941712063247959
0.19788310730534242
0.2051898407318581
0.19783148746713786
0.19068984392614285
0.18375658563790653
0.1897375193121369
0.19606366745072545
0.1939738267484199
0.19905163439921514
0.197061643124393
0.19464933883249114
0.19659970048902464
0.19091370023901355
0.19588656552545103
0.19915391721140774
0.2042362638516939
0.20211478250545367
0.19706491690040662
0.19886016224337066
0.2020460474159156
0.20364272087908142
0.19905853769213744
0.19446695099565736
0.19720077802726932
0.19277931455473574
0.1842409171674666
0.17997681900308782
0.17832288458053136
0.1798816659509801
0.1758941759526621
0.1680517414417385
0.16832149901215365
0.1711016026425668
0.1747766170433641
0.16568836774024187
0.15841420070860068
0.1618643900131198
0.1653567070765961
0.16876939762756415
0.17043718729453428
0.1735476486823604
0.1764217814448159
0.1683145486910823
0.1586175478773585
0.157545129622228
0.15999559862140533
0.16308685804461387
0.15375051434417009
0.1506245239671189
0.1536029044289431
0.15654175013027471
0.15942974651556185
0.1604277017409731
0.16326262768641941
0.16588676170506134
0.1682644904411834
0.16968106948273576
0.17238196561750074
0.17504093306011126
0.17229280965171456
0.1695995217548516
0.162895647631632
0.1654457452010608
0.16257362407448728
0.16444990582280727
0.16573560333781168
0.16785770117312637
0.17011937287542123
0.17251415338691023
