0.150428227359
0.150752428804
-0.085550111745
-0.085933710914
-0.0861368243689
-0.513843767187
-0.234410608522
-0.254144480478
0.150909935036
-0.460393078402
-0.496055456634
-0.454562677489
-0.352944478615
-0.51542403847
-0.254144480478
-0.419163373383
0.151105219765
0.151932722497
0.283001357151
0.26590012959
0.283001357151
0.151105219765
-0.418218572337
0.150844251715
0.282928031305
0.150915149019
0.264660046155
0.151817862657
0.150797659136
0.151817862657
0.151817862657
-0.453938345243
0.150703532666
-0.0858982447594
-0.0628685259638
0.150847369072
-0.41876114283
-0.454089681726
0.151707027159
0.150844251715
0.150752428804
0.150612896354
0.150845806024
0.151638790229
0.150847369072
-0.0857765988106
-0.0731204931061
0.165632009757
-0.086258230779
-0.0858982447594
0.150428227359
-0.253701878633
-0.352944478615
-0.462270296475
0.150703532666
0.150799081746
0.150496816932
-0.5159242975
0.150729744513
0.151008894498
-0.0859381640338
0.150842706071
0.151008894498
-0.0856548925813
-0.0856764324533
0.150729744513
-0.0628614705206
-0.419700925423
-0.085550111745
0.150358831999
0.150703532666
-0.0878257198476
0.150960105868
0.150703532666
-0.0880231756782
0.151047362877
0.151035516653
-0.0858982447594
-0.458067780209
-0.513646633284
0.264741821014
-0.353052137654
0.15028978712
-0.462270296475
0.150683132639
-0.0854154798357
-0.0628755743604
-0.41854573977
-0.0880776147094
-0.498333801441
-0.46556615886
-0.253701878633
-0.0876945875307
0.15028978712
0.150823182296
0.150704686622
0.15082468328
0.151029261169
0.150954528329
