-0.0116433219487
-0.0824765773975
-0.0837515305888
-0.0846278267769
-0.083590174835
0.0379407225551
-0.0844989607976
-0.0843528370891
0.0377350424214
0.038064391031
-0.00490945294092
-0.0843639745342
-0.0843624339956
-0.0837751907104
-0.0832717924241
-0.0807545873403
-0.0846278267769
-0.0846278267769
-0.0236762810633
0.0728543584962
-0.0845033092822
0.0734928505424
-0.0843493528143
-0.0843653595853
-0.0843487310471
-0.0671122237973
0.0746642086213
-0.0845056520671
-0.0656626649546
-0.00589479510273
-0.0846278267769
-0.0845029828319
0.237937264833
-0.0845075766567
-0.0846278267769
-0.0651257520881
-0.0846278267769
-0.0837732476572
-0.0824737256999
0.0747404431441
0.23814780185
0.139655478451
-0.0845027329566
0.257861234963
0.0738093736066
0.139680235798
0.139572317558
-0.0782883955145
-0.0843619046921
-0.0827653403576
0.0736438371047
-0.084359190108
-0.0843469279005
0.238738462107
-0.0832891386913
-0.0845077499278
-0.0776024986202
-0.0845001780662
-0.0845027329566
-0.0845011322375
-0.0846278267769
-0.0846278267769
-0.0843622577954
-0.079259179676
-0.0824560927308
-0.0671227965959
0.0667797909188
-0.0843567138584
-0.0846278267769
0.0743379381261
-0.0843460175618
-0.0646319925757
-0.0846278267769
0.139410634762
-0.0846278267769
0.399582699539
-0.0780150420598
-0.0727140597573
-0.0846278267769
0.0735683077971
-0.0843599815915
-0.0846278267769
-0.0846278267769
-0.084502482079
-0.084349236444
-0.084505232686
-0.0843507033184
-0.0846278267769
0.258118034956
-0.0846278267769
-0.0844996545134
-0.0845003408004
0.0745940752404
-0.0846278267769
0.238653234743
-0.0845071704063
-0.0846278267769
-0.0832693362109
0.139410634762
