0.15469862067640316
0.2185383268248952
0.24009686033864186
0.15644572255420164
0.0844156106341597
0.12560347423272078
0.14467561617430835
0.14108544024726832
0.12320003282400205
0.1371103691800596
0.08388058521985986
0.1076946600702442
0.07792048515003824
0.06590081734759767
0.08530295974696289
0.1033699319924345
0.11982293630883067
0.11044519752885373
0.1253132547602065
0.13305650197131702
0.13997525111071285
0.13855920178117198
0.13102196139858824
0.1434038715412742
0.13652003295114756
0.1353194443428073
0.12041255457573552
0.1141916129975089
0.10815818623845108
0.115843771821729
0.1255360377241448
0.12012400664749912
0.12740228387389219
0.12705033169081137
0.1220987218667775
0.1172717752308502
0.11953825459439316
0.1274629135550741
0.13128825605299
0.1309899051194089
0.1267546526251473
0.1339301617511801
0.1336539302736126
0.13293357710860843
0.12383865266469563
0.127964476985708
0.13432070715416078
0.13405852790660855
0.13049030736996803
0.12229511920175551
0.12789472727876994
0.1314337797387526
0.13302916813064491
0.13243561097360046
0.12920108986775014
0.12602331474621298
0.12546442004922698
0.12201221435770981
0.11903385562305491
0.12400781540857819
0.12112837208462446
0.11830087632983266
0.11785203708140979
0.12262388281760428
0.12704067268891472
0.12437504544220868
0.12172351344883514
0.12444233268560279
0.12426114008234679
0.1284805047128036
0.12599824163064077
0.12555104103286752
0.12813801895276633
0.12572290986039814
0.12333963358349809
0.12531168785047242
0.1230279412792944
0.12076237414836666
0.11821646055583024
0.12104403637974159
0.12386944406000455
0.12347822070927539
0.12717235727344323
0.12507668394930338
0.128481634656063
0.12643093319822363
0.1244067032828613
0.124087639575572
0.12504759309614288
0.12306113480754999
0.125644817324987
0.12778479041205004
0.12588074995095122
0.12896677493650843
0.1271537392186406
0.12285071949206317
0.12102573177513376
0.11920133833221114
0.12119227432088464
