0.019999296099425523
0.006122990945218065
0.05551433859534893
0.07651519834514975
0.12054832110076774
0.08844894444143137
0.12143858515641293
0.1506449690302526
0.17533156372766912
0.1681991177740656
0.12948227891772168
0.11217942769191958
0.09615315809134684
0.07948307386026066
0.095941107656489
0.1114665506735163
0.12490631651205653
0.13254701201163255
0.1396390013110368
0.14636062710263664
0.14294580826179126
0.15426430813557768
0.1604186864792303
0.15134324812482824
0.161494426587096
0.14429888058914153
0.13618337730790808
0.13416993845035274
0.14291189040648844
0.12023993533067434
0.12848763665742757
0.10757180598914429
0.11530177045183543
0.12284661104083305
0.12708984456285588
0.13227994694339906
0.1387692020412038
0.14255513306193646
0.14637595848719487
0.1408939821959444
0.14426852387459776
0.15040970702916412
0.15305830388313812
0.15174915669907674
0.1561360239596049
0.1513612882431007
0.1567538612901591
0.16210571499407955
0.1650584296464307
0.1690444542616626
0.16790989627441422
0.1636765420403007
0.15951440114973148
0.15542653628817793
0.15806288865634865
0.16161815345022779
0.1655153503163247
0.16170398949808873
0.15792653317724614
0.14788450345892357
0.14976148167791048
0.14616390422948888
0.14265422993511245
0.13920241802114297
0.1422775119362233
0.13888933873012066
0.14269630818456458
0.14644836354474278
0.15021048004907422
0.15352619367936493
0.1569561569741339
0.16057355813005358
0.15753010751925045
0.16080035679100302
0.15976244645556115
0.15684694651372533
0.16014113843779942
0.1633964157575255
0.16516453007876308
0.1676703292843129
0.1649307369832378
0.16541134751285824
0.16709291612335486
0.16927444627542243
0.17208547004436636
0.16931775414291383
0.1684233555069291
0.16590095668084648
0.16707792415475886
0.1646118518616193
0.16375444767147163
0.1613340725223722
0.15639344196924443
0.1580008659137765
0.1571815801400127
0.15972760435507827
0.15892439951847137
0.15665336348427494
0.15607009074799094
