-0.0399985921989
0.0783668611339
-0.246549318162
-0.105004298749
-0.264198736534
0.224695636615
-0.26391712572
-0.262857454865
-0.246865946974
0.0784569054896
0.464602066276
0.224937065935
0.224367774408
0.250051263466
-0.26332854074
-0.263932531289
-0.241915785094
-0.145173214492
-0.141839785988
-0.141154141624
0.0751260144986
-0.260325497097
-0.147705080248
0.22688595886
-0.263930640019
0.464279741945
0.227234091875
0.0583897268691
-0.262258558684
0.70283060735
-0.263926442456
0.690222412053
-0.262818791731
-0.264069420615
-0.152756406793
-0.19203378808
-0.246591693717
-0.147651309809
-0.15283301701
0.224761027941
-0.141730750503
-0.264070875646
-0.116538261575
0.0589116232828
-0.201795893984
0.224412578676
-0.258843506259
-0.262240831492
-0.147635732618
-0.203287255377
0.0589970153369
0.224367774408
0.224755608091
0.224832567385
-0.147635732618
-0.202650093251
-0.226037418234
0.224870288276
0.226647379251
0.612563812818
-0.116372649577
0.226647379251
0.22461915484
0.224367774408
-0.202956198395
0.227007604809
-0.258873922902
-0.258891819852
-0.263348155303
-0.235415667751
-0.246957357223
-0.264070284382
0.225215345199
-0.245268695381
0.0788811854936
0.224493495521
-0.256946970078
-0.257166908258
-0.141449145699
-0.20296973565
0.224646568688
-0.0398906739585
-0.141251763282
-0.185430062926
-0.241748044129
0.240791283426
0.0787070799667
0.224493495521
-0.105927072652
0.224412578676
0.0788811854936
0.225094888866
0.464419271994
-0.152705274731
0.0786514342813
-0.246964348861
0.0787140739875
0.224832567385
0.0583272736284
