0.09417284832886486
0.1635808215316148
0.2151813536404774
0.25319779610133564
0.2341163635208634
0.1936567069316023
0.21921933428738183
0.2251315698424451
0.2301443765293948
0.20467013591584082
0.16130846065588988
0.1652260980189224
0.1450220639367833
0.15889402224388205
0.17186104013810677
0.17756448835199712
0.18903516744981796
0.19201932117594456
0.19485891070285666
0.20477416773119073
0.213450690093837
0.20114729081647953
0.20979224542057695
0.21346693980412024
0.20170703589642303
0.19147978244781105
0.19852986590580446
0.20022393356702317
0.20714073222635088
0.21330642311193349
0.21972631095235773
0.22356016479196017
0.22968019345978996
0.22583732755629282
0.23161738463609471
0.2236272174837578
0.21617412284889392
0.21773184064725637
0.21925148393364435
0.20051909152966207
0.20401371184188588
0.20876986158163213
0.2121195195796306
0.20958053732107385
0.20665495112377685
0.21096949017043243
0.21198958105610666
0.21586926843857213
0.21687083244479288
0.21423915139626337
0.21769212460666498
0.2204719628513253
0.21798790363747778
0.21289076967634268
0.207833312602685
0.21114628969036098
0.21262010650970165
0.21033914099994466
0.2117705056359841
0.21467826919458244
0.21777753923073428
0.21857662237171616
0.2141849939726458
0.2139436309365561
0.20970173670994707
0.21279146763705048
0.20320269767967214
0.204441616030134
0.2065413476125768
0.2094740828869308
0.21212406797200378
0.20828166467023346
0.20673768897246247
0.20740319115658412
0.2091849608427624
0.20984817966694802
0.21251770377035373
0.21328426719831795
0.21497565582985123
0.21719237937233127
0.21376877879417233
0.21035940309080825
0.21279376199557198
0.2139353471615315
0.21260191668425998
0.21479459429491743
0.21707981527104547
0.21557263327612675
0.21687822244914134
0.2191677813963131
0.22124121352862824
0.22269996228071776
0.22480009694919834
0.22659164240659135
0.2236661774604971
0.22074766498810794
0.21786137440494524
0.21650215272485884
0.21535447376060757
