-0.0308944029483
-0.0316964906791
-0.0206209978116
-0.033970635723
-0.0178645329068
0.0606896158021
0.0702892901923
0.0610123894882
0.0439839288272
-0.0321890790831
-0.0322643842632
-0.0319169135579
-0.0323397734424
0.0520854281026
0.0563829144004
0.0519824880271
0.0551078274428
-0.0369811469199
-0.0369051679377
-0.0322564212118
-0.0322935646125
-0.0176931751502
-0.0176931751502
-0.054535077863
0.0274957787795
0.0520170971043
0.0518050457765
-0.0320540964607
-0.0318453215201
-0.0200562126612
0.0559087095487
0.027872750615
-0.032642172967
-0.0315476876483
-0.0316964906791
-0.033970635723
-0.0177616598686
-0.168469855665
-0.0337861128736
-0.169473983619
0.0518880057898
-0.0205172787422
0.0516711504887
0.0567591781125
0.0519382430871
0.0551489799908
0.0551917863184
0.0501863509158
0.0551630558629
-0.0315476876483
-0.0322643842632
0.0276947387394
0.0278941526867
-0.0202332410259
0.0501863509158
-0.0177616598686
0.055289366334
0.0500955551701
-0.0322793468258
0.0518261628708
-0.896222398737
-0.407808511398
0.0518261628708
0.0518261628708
-0.0340076000896
0.0558948125338
0.0558985954467
0.0566343754915
0.0520854281026
0.0439670691748
0.0551208033336
0.055982367027
0.0567591781125
0.0565290004282
0.055219707107
0.05509259341
-0.894743774543
-0.0367384560309
0.0673157181932
0.0673267307847
0.0672605528247
0.055912578141
0.056024140956
0.0559684258366
0.0552475952396
0.0439670691748
-0.0203023634817
0.0550784759548
0.0566760512992
0.0566760512992
0.0566482757734
0.0501863509158
0.0556410579708
0.0566482757734
0.0611018835899
-0.0367053647526
0.0563967860461
0.0551489799908
0.0518880057898
