0.015447201474172959
0.026012698367202977
0.03116794782011381
0.03796207496470648
0.04093949711584662
0.03226955200126648
0.02348339072723281
0.01670423633965161
0.01230584345693117
0.015232123373581097
0.017920822062182262
0.020375969258940294
0.022685953076252013
0.019213591202742422
0.01568965905271598
0.012631865639355006
0.009570319670310634
0.011516695823991285
0.013361954220878769
0.014897974278582221
0.016365863579149376
0.017135132063941946
0.01787234769520149
0.02005375080972123
0.01899622085666465
0.017069661704653585
0.015219481498349174
0.016324795169408185
0.017386305886744766
0.018033280488718925
0.01628613331532243
0.01544150450880806
0.016401568419602316
0.01730293092383839
0.018183388998257555
0.019101514288067376
0.019568926389873426
0.023888666278710446
0.024733319100549836
0.028866830896135606
0.027631402186854725
0.02810854820411407
0.02693420387482487
0.02567288880565849
0.024543796564633513
0.023370414011637808
0.022220585130004425
0.021196373886824563
0.02009311276956703
0.02071169488031728
0.02133216380845601
0.020809621568090214
0.020293063185003873
0.02066094029456568
0.0197647554567833
0.020076363524654
0.01912309858786064
0.018274021381588526
0.018812010495351805
0.017962401267961448
0.032417601247591646
0.03889075222216322
0.038080968427306794
0.03728364284467893
0.03779890951270326
0.036964658579363194
0.03614262041102988
0.035321832360428074
0.03457775481610459
0.03395850032068476
0.03319293360771819
0.03242605186762208
0.03165903594718307
0.030905315941473374
0.030178740847960822
0.029463252621857325
0.040934326654455545
0.04139937040168195
0.0405579239242665
0.03972672971704741
0.03890647907284338
0.038232833553071735
0.03756587949407138
0.036907427425405454
0.03626501352727042
0.03575964491606573
0.03599035359199396
0.035371494311602567
0.034741760408278075
0.03411894665773736
0.03350320452976531
0.03296356634787484
0.032371640199249443
0.03177534255952914
0.031138864605467415
0.031517270427658894
0.03094179301902536
0.030384732615077903
0.029865852557179925
