-0.26186997749
-0.750463624179
0.204362112288
0.23526718955
-0.761637367629
-0.250625444657
-0.747118719177
-0.747433148489
-0.762589717802
0.23526718955
-0.763855104189
-0.751452597966
-0.760853424098
0.23526718955
0.23526718955
0.23526718955
-0.764604341796
-0.763851882539
0.23526718955
-0.762859566616
-0.764468155163
0.23526718955
-0.7623782864
0.23526718955
-0.76473281045
0.23526718955
-0.764608817889
0.23526718955
-0.763380443808
0.227362051211
0.23526718955
-0.76387247205
-0.762774905408
0.23526718955
0.23526718955
-0.76473281045
-0.762758801566
0.23526718955
-0.753803848701
0.23526718955
-0.763880053201
0.23526718955
-0.76473281045
-0.762825323564
-0.763874318534
-0.763190552584
-0.762578709372
-0.763187454245
0.23526718955
0.23526718955
0.23526718955
-0.764603594789
-0.76286248626
-0.762562526643
-0.76473281045
-0.764609323169
0.23526718955
-0.763885352822
-0.76473281045
-0.764461587233
0.230112550375
-0.76473281045
-0.753889662198
0.23526718955
-0.76460543814
0.23526718955
-0.76473281045
0.23526718955
0.23526718955
-0.761995428071
-0.76473281045
-0.76386525695
-0.76473281045
-0.760859571013
-0.764602228052
-0.762825323564
-0.76473281045
-0.764465180314
-0.763196476143
-0.76473281045
0.23526718955
0.23526718955
0.230112550375
0.23526718955
-0.762996973303
-0.763862993111
-0.76473281045
-0.764603024596
-0.764603343852
-0.763377388763
-0.758122454225
-0.764604457221
0.23526718955
-0.763880053201
0.23526718955
-0.764465216123
-0.758410556114
-0.76473281045
-0.76473281045
