0.09698857779438647
0.22016733843699987
0.31880883826219425
0.4175749603669181
0.35964679625441026
0.2954112635178291
0.24449512005311258
0.20573218181556413
0.18466369892434686
0.2022902378539056
0.18470168911254425
0.19968108964689552
0.184579100999335
0.1863176405250066
0.2137318218090054
0.21525071215883468
0.21682375261245618
0.20576307101224495
0.2257959195264181
0.21575378181276028
0.20617011145825231
0.19697869367895388
0.20507951690533766
0.2122230236585833
0.21321129064606154
0.22406221330832155
0.2165418927812081
0.23227059786878174
0.24458731723477997
0.25746834533583574
0.25836103236876107
0.2519722462230243
0.24244948031255842
0.23319830415234777
0.22736264984559157
0.22775171428204444
0.24136377262700962
0.23597878518690574
0.23662441990441654
0.23725430743369538
0.24806599689374775
0.2572337555495284
0.25244648572990797
0.2606576319739068
0.2644474447530456
0.2748393643020888
0.28233469829866203
0.2780444509959744
0.2715384851744691
0.26515049250903444
0.26521095025748287
0.27211162787242693
0.2800081348814521
0.286536536382081
0.2869953746262673
0.2832925222596649
0.27966080032753904
0.2760898710239429
0.270377769687348
0.2650409936330602
0.26162901644433184
0.26868176008029354
0.2714709083176179
0.2682293177121163
0.2650303683506011
0.27048719333138393
0.2673925917066755
0.2726925937857231
0.27546247847465377
0.2724941124998209
0.2729525726784264
0.2797980232883994
0.27694882399381593
0.27263090368145604
0.26985610247110325
0.26564421040380753
0.2614843829158796
0.26184404002837086
0.2621935974247299
0.25959422203800864
0.25990916580264806
0.2573713360187529
0.2577617560885537
0.2580701495119569
0.26392785513916706
0.26954124685444203
0.2698605763635683
0.2756625944665283
0.27332217086258676
0.2697637636724203
0.2674242278619748
0.2651602557509595
0.26543360619430445
0.26321636278004407
0.26827992090835906
0.26494174470737825
0.26279189951439685
0.2630770198496446
0.26334230906646683
