0.10481160070123907
0.1254772938678389
0.05511522711202188
0.09701256569834171
0.09463177471335293
0.1206107229465434
0.14672062388895946
0.15640952695092603
0.1756240467529272
0.19468101794458204
0.2070719986717382
0.22214913411028459
0.22589711274586954
0.20713389494431833
0.22023543661425538
0.23156030847597342
0.21606821961036915
0.2251132381445149
0.2276898340597845
0.23012638719291367
0.2065527712633839
0.20881837523368985
0.1817284895741078
0.18649558238955088
0.19451092493011013
0.19397279198199435
0.19577848047641666
0.20298211148810408
0.20588687792203098
0.2016050925635836
0.204470660065864
0.21078596912637382
0.20252198148525846
0.19454262181981208
0.1867899258131146
0.19033425589788378
0.19568644351721554
0.18851875352307657
0.17226298898118053
0.1654546802611675
0.16969473769919607
0.16314932779886926
0.16653422584255373
0.17105385094332282
0.1756079087101985
0.17983817879835629
0.1809201402329128
0.18062311274420506
0.18478286271509292
0.1888422624002134
0.19287077611018455
0.19679558997702573
0.1915835043156544
0.19536302117597537
0.19879734866081233
0.18550467738234055
0.18911644449288922
0.19058865563189875
0.1939634404023426
0.19739759943148538
0.18498995540329155
0.1880724727391604
0.18367477546237831
0.18513694580007634
0.1883108457425502
0.19142887633458872
0.19335363602769684
0.1963712346764147
0.1980725828902602
0.201023158509972
0.20372019301899613
0.20659174860992713
0.19958064991775915
0.1958631459802499
0.19567164141516202
0.19789892923121233
0.20058807943157808
0.20302772001958114
0.20411879163955937
0.20649095457807798
0.20903261581224164
0.2056734255072633
0.20432820063620205
0.20660550915284615
0.20505916871892493
0.20375621878573025
0.20057962890196412
0.19744248228571193
0.19596278102304787
0.19825258871710194
0.2004635385805008
0.20271757367165089
0.20417046728653132
0.20637840113525263
0.19837632779903402
0.1970456346783117
0.19856700976620434
0.19915390645541953
0.20107618172612862
