0.29282496024006743
0.1688063215858614
0.07152721041879995
0.00666102239405042
0.05966251206660855
0.0930241633288752
0.08075787350484354
0.06959177284153184
0.05956754011407961
0.05050624252191449
0.06442505242916163
0.068129003960257
0.06116455178052149
0.0544643331210527
0.04819784142440109
0.042307126076333246
0.055187252654563035
0.024893555328546313
0.008083127986181382
0.022961731697293652
0.01852777102529468
0.03157618583275901
0.04717906501519953
0.043173552926144776
0.04502498950911149
0.059239964118508626
0.043169675631398285
0.026986156980745357
0.02366009246878409
0.03624663230280645
0.04478156462935268
0.027086850402926244
0.03807823800448629
0.04232551062937806
0.03961362030633264
0.03697088720372621
0.04534183620057619
0.046580767449094784
0.04408610588653561
0.04534804318880692
0.0429580100081175
0.052032572323639115
0.04975117701479925
0.05346046493211487
0.05129129242431407
0.04921677475375452
0.05406765773505229
0.05207268404222831
0.05673682479359399
0.054321556202705956
0.05239574541583758
0.05054730912350314
0.04869282466207436
0.04699640309020292
0.051987839398925484
0.04606338344262351
0.044380141173147036
0.049950672323587963
0.05075307841785037
0.04914823277769387
0.05545141101533846
0.0606923535506495
0.0591238942758221
0.05986564826982821
0.058388340231702474
0.05692818810149902
0.055485095181024735
0.05413514813913545
0.052740461687283524
0.05342227208731287
0.052030077553239296
0.05691921946834122
0.05784456699567386
0.05875788817987404
0.059651920019448634
0.06276387761798174
0.0677535909281729
0.06651447492565365
0.06528934727672397
0.06405022816582495
0.06283046578816243
0.06162539934276079
0.060433542868972956
0.05365992734846958
0.05252617931921033
0.051370969205508765
0.050262988176914436
0.05288540097785743
0.05721541390691176
0.05614395972541397
0.05666893420371677
0.05559523572613523
0.05455024163066158
0.05349648194660983
0.052458208264174244
0.051425859787613715
0.050408775364003344
0.049279496045473103
0.052878571481822956
