0.0209792209279
0.0218223775797
0.0188256130872
-0.347048680047
-0.310775132952
-0.126660975827
0.0191044073673
0.0192188666204
-0.31154476328
-0.126821083085
-0.147136832027
0.0209838115197
-0.31054646007
-0.396805529811
-0.406404590986
0.0213038782649
0.0215612890242
-0.130988167935
0.371332373559
0.258039701434
0.0192134467699
-0.312394926291
0.257945574965
0.0209883975719
-0.130988167935
0.257945574965
0.0146264690238
0.0214610847972
-0.24554075352
-0.31054646007
-0.396723598371
0.258224558076
0.258065224594
0.0216919305537
0.258812561265
-0.396789158236
0.0212400757061
0.258632368224
0.258086294013
-0.396559182025
0.0216919305537
0.0188704173549
-0.355028254176
0.257462749562
0.0145958618126
-0.245457592627
0.0352466333175
-0.130498547199
-0.396805529811
-0.387926859568
0.258441147657
-0.346847639428
-0.312320319381
0.258784020753
0.272874052056
0.0194536011631
0.0209792209279
0.0191534752945
0.0145081863945
0.0143433332914
0.258157191317
0.272940149911
-0.347187309784
0.0213038782649
-0.310470089507
-0.438577610768
-0.311154798022
0.0196731838786
-0.146374608971
0.37322360072
-0.127251836114
-0.346696302944
0.257531829418
0.0211052179297
0.25899184995
0.258277558951
-0.358349653298
-0.245810095356
-0.24554075352
0.257945574965
0.258277558951
0.259174764796
0.0211052179297
0.258196570628
0.0218265624629
-0.311770919298
0.258155443609
0.0209883975719
-0.318089954458
0.258919928178
-0.311582500908
0.258470689047
0.258834120994
0.021465443488
0.257531829418
-0.355028254176
-0.310355396174
0.257646991682
0.257945574965
