0.0225034493947
0.0332174745331
0.0179815727794
-0.0547447846676
-0.20383898898
-0.0542490387377
0.0210326660158
0.0351800951375
0.0353167007973
0.0357261851331
0.035747857074
0.021809420362
0.0222381698926
0.0331387841794
0.0332398937802
0.0331384876947
0.0224895156433
0.0222381698926
0.02498362243
0.0224556025047
0.0224536989342
-0.0660683548036
-0.808488543324
-0.0519193974953
0.0367818018633
0.0376032679065
0.0373926851961
0.0374259408084
0.0354296941803
0.0352826535025
0.0353845884124
0.0348802604659
0.0357153385078
0.0350998928193
0.0348686215844
0.0357153385078
0.0363764907768
0.0359353191051
0.0359677276989
0.0362700928806
0.0358234858465
0.0363971155372
0.0362105432162
0.0333162802885
0.0331160411037
0.0362105432162
0.036090787799
0.0332265431085
0.0331950270147
0.0224197209413
0.0224977129828
-0.065711147872
0.0362139840409
0.0333849334435
0.0178490680025
0.033205368203
0.0211723519932
0.0208921585979
0.0224415486592
0.0266134471247
-0.0544182117802
0.0225591006887
0.0211584201549
0.0332705526242
-0.0677280274931
0.0210879483557
0.0332398937802
0.0265352882511
0.0210466714592
-0.0658067999128
0.0178490680025
0.0210738807782
0.0364074180867
0.0268075860012
0.0209484606011
0.0331837926369
0.021819534464
0.0210326660158
0.0225817048702
0.0210326660158
0.0210326660158
0.0177158706918
0.0331381963614
-0.00655049947065
0.0224755735057
0.0269871777997
0.0177988307051
0.021102007646
0.0210326660158
0.0212696472698
0.0178137011243
0.0226793112447
-0.00625926527094
0.0218931919423
-0.0530283100123
0.0177988307051
0.0218931919423
0.0177158706918
-0.0547101728963
