0.011251724697344728
0.022324216208394726
0.026819609403246666
0.015870652469720498
0.018102512360234094
0.02585237503704773
0.02322329178506801
0.01931439232534725
0.015782722245616485
0.012534887233514841
0.00955589914401437
0.00787825142386231
0.006289810717250877
0.004080558438624635
0.0020030650773613518
5.374227179283375e-05
0.0011956752639484813
0.002366105258293741
0.0036152863797946216
0.004684600784782111
0.005705223463608605
0.002832686298236159
0.030854336340252475
0.03293111224006298
0.03151642755301167
0.030123713926845513
0.028788260884129183
0.027497711201080598
0.02631672139506904
0.025178571282084526
0.02407280289419557
0.02301582530431965
0.021965374171736232
0.020962520091184024
0.019993947269394498
0.01902866785026379
0.01807139177719088
0.0171499733385976
0.016250780146126104
0.015366143734403669
0.014513203595201633
0.013666759047825834
0.012843792156548565
0.012103430372359857
0.011383516435322809
0.010613079345616429
0.009861187933136673
0.009183095216635712
0.008519194676342642
0.008079592304944858
0.007646943978352257
0.008886776957068444
0.008216147622977767
0.0076091488330963936
0.007290415475909612
0.006707865156559495
0.0063428246049527515
0.005988720221938096
0.00561469441095111
0.0051784083925135865
0.006056121485743332
0.00569804052242999
0.005367440207509316
0.004855585551752861
0.005881767786496184
0.005567022288649845
0.005078200321293774
0.004693630926350445
0.004392964191218596
0.005319820528018451
0.005071916805762064
0.00478323350743072
0.004291241371124271
0.003933806891108865
0.0036581692516204495
0.0032272109056866727
0.0029474732843533524
0.0026812370056718687
0.0023989656947945304
0.0021393031513891325
0.0018828072243667199
0.001669362999163898
0.0012748606615282654
0.0013519253611829485
0.0010905814832091187
0.00078038403723589
0.0005781245974051108
0.00034102338789962494
0.0001073270988347641
0.00012640528874516277
0.00032003247487859265
0.0005638960366498857
0.0004973081082356723
0.0007277627602601672
0.0001753845309650781
0.0003588776310177455
0.0005822775487965837
0.0007612257376029968
0.0002141240086396684
