0.2883286793871661
0.5318180632604479
0.7075501726274995
0.852643290508152
0.8079489333805543
0.9123030539068795
0.8787822860611811
0.960067643584209
1.0332510293076502
1.0088722890562332
1.0697875318983814
1.1259315157848542
1.1067767913015978
1.1555075417606226
1.2009116173939653
1.2439606678195192
1.2290625487769866
1.2149485412630083
1.251421870918777
1.2386520545966062
1.2718561259808439
1.2601967284692965
1.2906783068429788
1.3199465460428412
1.309836684186983
1.3369090579587801
1.327331695717152
1.3180845873459248
1.3424790492537386
1.365528560859866
1.3571483688984414
1.3792994537680567
1.3714122142749512
1.3923217530530774
1.4126504713095889
1.4324297647483568
1.4516885504650519
1.4448124955223445
1.463086309050737
1.480932932538407
1.4983369457722424
1.5153012851470185
1.5319309204507292
1.5481938950559384
1.5639645578921209
1.558258895280087
1.5735054339724708
1.5884408188139894
1.60307491863909
1.6174246021142746
1.6314983301380133
1.6453065161235683
1.6588540108356824
1.6721600809672172
1.6852044512201532
1.6980414840470275
1.7106443275242769
1.7230461961317363
1.7352039726836592
1.7472012490317643
1.7589832085574544
1.7547266031167308
1.7505365071360184
1.76176220060694
1.7728373634701065
1.7837602568616648
1.7801842841739357
1.7762978183367533
1.7867404296711051
1.7970479487870827
1.7933234190264495
1.7896499102214416
1.7995278636784833
1.8092821187703094
1.818911511628657
1.815428834449883
1.824807726102386
1.8214132179661129
1.8305502763401698
1.839581837158014
1.8485050567186065
1.857319108510245
1.8660212817471447
1.8746310918322553
1.8831407878466089
1.8915084316614137
1.8884610891299867
1.8966824799658701
1.9048109227113816
1.9128378771477024
1.9099230277698156
1.9177922090304007
1.9149393777243837
1.9226285314165332
1.9198351340960584
1.9273769357610542
1.9348306286795736
1.9321218797627495
1.9394017298816297
