-0.576657358774
-0.73046815162
-0.702928437468
-0.725465589403
0.268166142766
-0.730478843684
0.268166142766
-0.731568217707
-0.731833857234
0.268166142766
-0.730982914106
-0.729871790524
0.268166142766
-0.730961256885
-0.726465210133
-0.731833857234
0.268166142766
0.268166142766
-0.729466593115
0.268166142766
-0.730489570453
0.268166142766
-0.731557880968
-0.731705979997
0.262856408252
-0.730954091839
0.268166142766
0.268166142766
-0.731833857234
-0.71453485979
0.268166142766
-0.730985800697
0.268166142766
-0.731833857234
-0.731833857234
-0.731833857234
-0.731833857234
0.268166142766
-0.730952541136
-0.731711562994
-0.730968555821
-0.729466593115
-0.731703953363
-0.731833857234
-0.725450490464
0.268166142766
-0.731833857234
-0.731833857234
-0.731704991255
-0.731833857234
-0.731833857234
-0.731833857234
-0.731564714454
-0.731833857234
-0.730484734164
-0.731710871132
-0.73096492168
-0.73171024784
-0.729466593115
-0.731833857234
-0.730481490593
0.268166142766
0.268166142766
-0.72967007561
-0.730960748969
-0.731833857234
0.243166142766
0.268166142766
-0.730982793405
-0.731833857234
0.268166142766
0.268166142766
-0.730968555821
-0.731569131887
-0.731833857234
0.268166142766
-0.731553548895
0.268166142766
-0.730964669925
-0.731556426245
-0.731704003969
-0.731566298706
-0.7309825519
-0.731833857234
-0.731833857234
-0.727985011888
0.268166142766
-0.731703784394
-0.731559847096
-0.730452853705
0.268166142766
-0.731833857234
0.268166142766
-0.730469600754
0.268166142766
-0.731554761505
-0.730461906015
0.268166142766
-0.727985011888
