0.008361143797231574
0.018309904031336866
0.02274037945174684
0.08200066533452771
0.15853667887118217
0.21178791425475907
0.267019377125678
0.31675036336420503
0.33451825517832456
0.3746692706913581
0.3573083600239379
0.3308322146599074
0.3061816797889417
0.2842874849743662
0.29538675926948804
0.306992857688409
0.29549868977488347
0.27859658311564695
0.2624979944385277
0.25262244316072535
0.24320322094292796
0.26050164863970415
0.27587686909732534
0.28377272225110367
0.2843725189696221
0.2767020842223016
0.2913143129687542
0.2841640263694684
0.2852220073501248
0.2947880161599022
0.2847558232789416
0.29574870715384294
0.28965334076483434
0.283747969546801
0.2979048453603038
0.31183122210997954
0.3063817132112822
0.3071955447348641
0.31713404822815033
0.31205726741930384
0.3128166127189823
0.3212351856215112
0.31652618869770627
0.3089766103273885
0.30159835896515347
0.2947753584755331
0.2904523704489408
0.28375006591386664
0.2796042497676262
0.2755410558697528
0.27615679094090345
0.2795088268913425
0.28882320128084327
0.2954049946410022
0.2959255643951686
0.3022898655859009
0.30279638960829713
0.30895406282713134
0.3122410369230985
0.30685657421366985
0.30168693702182936
0.29659954781670883
0.30378194240240697
0.3005919003433217
0.2957292423006153
0.2926426280484542
0.28781093036412986
0.28480975155035454
0.28185542076614317
0.2789371691513908
0.2760577925949661
0.27155649479798327
0.2687561854899895
0.2691768978996215
0.2693837489360331
0.26650023964683134
0.2638408329524161
0.26121753027415706
0.26623839995787196
0.2636784208050412
0.25953831213664846
0.2631079105952792
0.2634633324906972
0.25946523942239286
0.26467336156650045
0.2650099425752686
0.2653424049283335
0.2630140747282501
0.259453090986336
0.25717951931113314
0.25493066037153034
0.2527032061914619
0.2565469713648048
0.2543669530681979
0.2522146727267932
0.2500786328850672
0.24796394538984215
0.24587174387444047
0.2438007149531076
