0.04446546830652787
0.07382258089292382
0.06737715412664758
0.06067928891642571
0.07521047545614123
0.08789701995441701
0.09899719951486152
0.10887841469408999
0.11757600493408571
0.11187418613561562
0.11928509752003691
0.1140109190928118
0.09587532057929515
0.10047127167766934
0.10602945521598528
0.1112444147124656
0.11616963508270417
0.120726765878159
0.1251042943039038
0.12751670698689355
0.12438540561613165
0.12139784528141706
0.12509804732759733
0.12865528479211952
0.12345054810525213
0.11477751063595065
0.1179536155149884
0.1210201995361283
0.11869786867382914
0.1215580167242436
0.12433710849340163
0.12223085807611522
0.12483833669888378
0.12097112616703809
0.12343398283643559
0.12583427361345767
0.12817136891761183
0.13045164934358766
0.12460610763897217
0.12676864733771054
0.12887937658232684
0.12728080670957231
0.12929905843061096
0.12408938393571156
0.12257514125702118
0.11969592521747752
0.12154602392005265
0.1233583765098396
0.12513699524210076
0.12379677802411482
0.12544369636102526
0.12710563070675096
0.1287018249766093
0.1299320652222542
0.13149245789898323
0.13295946354603894
0.13446966442360397
0.12769191942765912
0.12916967261427847
0.12803355862080734
0.12702459711037994
0.12593965936248652
0.12382944557391007
0.12519761382949557
0.12652469340420858
0.12785202081634373
0.12915982870771214
0.12577439285917513
0.1269501926108848
0.12597993021431075
0.12721334730171074
0.12842989601812826
0.12963166543181825
0.12871764878301684
0.12938870012683656
0.12902934544875655
0.13015177777110842
0.1312758311591946
0.13238746786685784
0.1315293658450004
0.13261242739270263
0.13368388446032975
0.13473932137752864
0.13576234023577183
0.13418847548443924
0.13518583217820634
0.13618090103561542
0.13715573983119644
0.1381425306771299
0.13535617765375252
0.13630810757934397
0.13726153900127347
0.1358242249063223
0.13673530717294202
0.1363850712202569
0.1372928364816186
0.13818023128268575
0.13907581479989073
0.13996385060514505
