0.08191534255363864
0.14391664393168624
0.1870777807688908
0.220049826928025
0.25075742640157117
0.26609510007101966
0.28177927910590106
0.24813844991657663
0.21759536130256296
0.23450515654245985
0.23981450042828834
0.18758047864405936
0.2008670970364408
0.21201027434445074
0.22156423981076923
0.2282158366874768
0.23411914001323542
0.2438144480166209
0.23699476697322075
0.24285950681139357
0.24414645328977036
0.23086666759310281
0.2386168691878403
0.24605148955277245
0.23458516709297972
0.24147415053327526
0.24701543989670272
0.23657800879050628
0.2427033525249117
0.23292835797615485
0.2387029296315748
0.24063533933144732
0.23165578957063937
0.23696600098795995
0.22856156091126667
0.23358494919767692
0.23449423724071516
0.22685021942135675
0.21927118851871064
0.2238045835618515
0.2228994922558487
0.22379562061021174
0.2253490178684706
0.22612147525276305
0.22750362310544303
0.2301639100883197
0.22395314561009105
0.2252443270648531
0.22896697485073525
0.23142071458179436
0.2349661304093954
0.22933725225937074
0.22997712162299033
0.23222775671002083
0.2328434968153401
0.23582518462787305
0.2386443199820547
0.24179453650481353
0.23651569577705
0.23928007871332901
0.2397300545049308
0.23755309145372772
0.2327920102839729
0.23538481627311303
0.23480677209230172
0.235235863482112
0.23563160594206523
0.2334197169474882
0.23147012156843705
0.2340879193759452
0.23557742639020185
0.23143449321694676
0.22410268688072488
0.22658089081775168
0.22695540329344388
0.22745503854455107
0.22782090910753316
0.2286707126135683
0.22485761592694964
0.2261540907609053
0.22842063794688117
0.2287543149217076
0.22964469241898866
0.22165035174943526
0.22360252857318275
0.22569753957268468
0.2271131096307588
0.22852292347659087
0.22883765099106257
0.2296018545904357
0.2262833253310067
0.2230283477403856
0.22482124549883353
0.22595082646976627
0.22787537942466873
0.22914204569833485
0.23086273303622284
0.23125063650489985
0.23311066051483043
