-0.163830685107
-0.186003904134
-0.172644547349
-0.164860230796
-0.184245596841
-0.107363715686
-0.125473432279
0.302767462704
0.30543088614
-0.186007747639
-0.0637121266299
0.679042283195
-0.186012657493
-0.16714765962
-0.152863447461
-0.113077146904
-0.106259459864
-0.184210852064
0.136393620868
-0.123159536602
-0.0283128225243
0.305435071023
-0.186004838274
-0.185865509123
0.298124383955
-0.186002552888
-0.155156102176
0.30268550208
-0.183760312032
0.303024831011
-0.184786292973
-0.0637695200958
0.305304691867
-0.185857399606
0.302559842761
-0.185865366597
-0.0345529456355
0.298116694955
0.303161236106
-0.185869196769
0.0380138348521
-0.0385335192376
-0.0683494793634
-0.0347605822932
-0.0635788012233
-0.125033488195
0.298116694955
-0.0632678912833
-0.186132389294
-0.125140726284
-0.184361623035
0.298330541951
-0.0345529456355
-0.123784929787
-0.0344814458979
-0.169956205314
-0.163509850543
-0.185862774843
0.316730443666
-0.168627359113
-0.0278984990793
0.137148672226
0.304709194864
-0.168532389294
0.0381509159335
-0.0287491231173
-0.0269104872768
0.152620340626
0.136471676534
-0.185863644333
-0.107244505026
0.302434121648
0.54255366888
-0.185865295277
-0.0284629481526
-0.0384719143353
-0.0285379039126
-0.0671344769768
0.305047734929
-0.10501446155
-0.18585686925
-0.0276951889106
-0.0747917097716
0.679518956912
-0.167887206842
-0.182265956957
-0.124570165111
-0.125473432279
-0.0283254763025
-0.069542527543
0.305304691867
0.302712915928
-0.168532389294
-0.107310192239
-0.184757083671
-0.122866628546
-0.168627359113
-0.038402443399
-0.186002400993
