0.217448234986
-0.249207932662
0.685660358991
0.657782127805
0.73323770867
-0.2653812878
-0.2653812878
-0.2653812878
-0.2653812878
-0.2653812878
-0.2653812878
-0.2653812878
0.247345074463
0.719271228223
-0.2653812878
-0.2653812878
-0.2653812878
-0.2653812878
-0.264889047496
0.686224107251
0.727213612285
-0.2653812878
-0.2653812878
-0.2653812878
-0.2653812878
-0.2653812878
-0.186871233681
-0.265898733471
0.222269012589
-0.264608547128
0.574310980084
-0.244139752578
0.46092418149
0.716363818795
-0.2653812878
-0.2653812878
-0.2653812878
-0.2653812878
0.582235365531
0.711907083988
-0.2653812878
-0.2653812878
-0.2653812878
-0.2653812878
-0.2653812878
-0.260394023499
-0.205717056371
-0.19370704894
0.699859871554
0.691109787391
0.70845820426
-0.2653812878
-0.2653812878
-0.2653812878
-0.2653812878
-0.2653812878
-0.233493349497
-0.232383262537
-0.194645829964
-0.265912914206
-0.263484168486
0.0566039975538
-0.247828354306
-0.259738261755
-0.255845671717
-0.252484845835
-0.249514075628
-0.247507632945
-0.244297458241
-0.237924293026
-0.235645496786
-0.228831256847
-0.235090988098
-0.228716463401
-0.228350832996
-0.214199586859
-0.251207167861
-0.205636521761
-0.204414831822
-0.204414831822
-0.243103651701
-0.249431614039
-0.185361654677
-0.176082190574
-0.194645829964
-0.20331278284
-0.193454443342
-0.188130974765
-0.17595690689
-0.176185896087
-0.176082190574
-0.151944067676
-0.150268635044
-0.255872317616
-0.150376027214
-0.147764379012
-0.144431743512
-0.144431743512
-0.144521993863
