0.10872411749304889
0.0256548066056399
0.1970698963534856
0.32862632191442653
0.4508326066928112
0.41292099414988837
0.3797483331748308
0.3502615234192241
0.323723394639178
0.2995978230209544
0.2774827157042494
0.25706877048882937
0.27473627580761995
0.32268769102251205
0.30610136053498316
0.2904906965467209
0.2757472916689174
0.26177985546889315
0.24853540309410382
0.28121274153462905
0.3142679057293911
0.30272958886850154
0.29167203521014895
0.2810567836981306
0.2708498110904205
0.26102087450521827
0.25434690187375286
0.24517798002991442
0.25258694711622975
0.24405118753144805
0.2619984056590774
0.25460023133852827
0.26815682491174964
0.2886243625915965
0.2812526601526948
0.2740801929148444
0.26709647481483234
0.2602918264096923
0.27484771054795476
0.2922112979622895
0.28589269587180244
0.2797210380159778
0.2736896451114219
0.26779228316030057
0.2620231247298558
0.2564828263575464
0.25219705434980866
0.24824384926940846
0.26224104670049153
0.2757922190022777
0.2894164152380545
0.2844092211286118
0.27949475283601055
0.2746696385123659
0.2699306869445006
0.26527487487782586
0.2612491274727107
0.25731042810767246
0.254066330941614
0.24970710283987219
0.24545735818686654
0.24635583433851482
0.24248351630248965
0.23848754304472308
0.23461109347324705
0.23084266293839917
0.22717333829681285
0.22358627115268825
0.22009630746352682
0.21674526108287828
0.21347240696085346
0.21033773220952556
0.20716082696495308
0.20411127411961183
0.2011066578959756
0.19832484507963022
0.19510424036346485
0.19250124641712751
0.1899460610193493
0.18742242112030905
0.18445774244102286
0.18145254227188
0.17924585590668163
0.17717430072345786
0.17491097711923098
0.17257404858084058
0.17037570263376922
0.1682618714566344
0.16630679471341425
0.16437068596520288
0.1624567491111374
0.16082294193182822
0.15922433943136394
0.15653094661435518
0.15496452966421415
0.15344118555068464
0.15196739224954503
0.1505084857494271
0.14906326581079898
