0.381338822608
-0.330588834943
-0.285481977462
-0.223276436466
-0.00322111970708
0.382591813328
0.502920587942
0.502753733924
-0.328933655996
-0.227335932161
-0.188508980126
-0.0234742678101
0.14458836095
0.145187113095
0.144705181308
0.142890369442
0.142704370745
-0.228085378921
-0.187919137154
-0.103731295923
-0.00365187273636
0.138069591839
0.142425576465
0.142425576465
0.381760679666
-0.329065370198
-0.223424306842
-0.121886844005
-0.0236149243147
-0.0032351179764
-0.00306101244947
-0.00306101244947
-0.00306101244947
-0.00322111970708
-0.00322111970708
-0.00313752150748
-0.00321410520847
-0.00321410520847
-0.00321410520847
-0.00321410520847
-0.00321410520847
-0.00337440605519
-0.00337440605519
-0.00322111970708
-0.00313752150748
-0.00321410520847
-0.00321410520847
0.138115838772
0.138108149772
0.145065406866
-0.223276436466
-0.0229525286797
-0.187919137154
-0.0233883296791
0.138115838772
0.138344772828
0.53322324378
0.142818829998
-0.264438613129
-0.0228598729569
-0.328924001116
-0.0232016064613
-0.00321410520847
-0.328667546246
-0.103731295923
-0.00329076366173
0.13845564254
0.138344772828
-0.00329076366173
-0.187869270595
0.138344772828
-0.00329076366173
-0.00314458855715
-0.00331161867447
-0.00306101244947
-0.00306101244947
-0.00306101244947
-0.00322812395557
-0.00339507274356
-0.00331161867447
-0.00339507274356
-0.00331161867447
-0.00339507274356
-0.00322812395557
-0.00322812395557
-0.00322812395557
-0.00322812395557
-0.00322812395557
-0.00314458855715
-0.00314458855715
-0.00314458855715
-0.00314458855715
-0.00314458855715
-0.00306101244947
-0.00306101244947
-0.00306101244947
-0.00306101244947
-0.00306101244947
-0.00306101244947
