0.0271608132496
0.265856470731
0.398635857724
0.398559709578
-0.443963041884
-0.400392206138
-0.310030591578
-0.399156280071
0.0527185811945
0.266344123148
0.505612367792
0.380042487485
0.266366670366
0.267086589722
0.0414551416723
0.0229542884996
-0.118604589537
-0.138421058989
-0.138771128249
-0.118604589537
0.0270350921362
0.0293146969788
0.0273629543436
0.0274998851136
0.0276311427708
0.0270350921362
0.0271608132496
0.0276630802122
0.0271608132496
0.0276630802122
0.0274283456695
0.0273193530641
0.0270798964039
0.0226791075103
0.0270798964039
0.0226791075103
0.0270798964039
0.0273193530641
0.0226791075103
0.0273193530641
0.0273138864164
0.0270798964039
0.0226791075103
0.0228130038951
0.0229315124399
0.0229542884996
0.0227176654436
-0.11868124799
-0.118611604036
-0.118611604036
-0.118604589537
-0.11868124799
0.0229315124399
0.0275536927962
0.0273138864164
0.0270798964039
0.0226791075103
0.0270798964039
0.0226791075103
0.0226791075103
0.0228130038951
0.0270798964039
0.0226791075103
0.0226791075103
0.0270798964039
0.0226791075103
0.0226791075103
0.0225528123404
0.0226791075103
0.0226791075103
0.0228130038951
0.0275536927962
0.0273138864164
0.0270798964039
0.0225528123404
0.0226791075103
0.0226791075103
0.0228130038951
0.0230726867663
0.0228359480729
0.0228130038951
0.0229542884996
0.0228359480729
0.0227176654436
0.0227253544432
-0.11868124799
-0.11868124799
0.0227253544432
0.0229315124399
0.0228130038951
0.0229542884996
0.0228359480729
0.0227176654436
0.0230726867663
0.0228359480729
0.0227176654436
0.0227176654436
0.0227253544432
-0.11868124799
