0.0356783088548
0.0356783088548
0.0232079531236
0.023005974558
0.0231983876685
0.0236763627096
0.0242963239558
0.021414225089
0.0214765615378
0.0216606867621
0.0216488133386
0.0182990815074
0.0184863257146
0.0185610831396
0.0186730694026
0.0188221053265
0.0189708232223
0.0191192241068
0.0185059839911
0.0186916097805
0.0188397556189
0.0188397556189
0.0187593847248
0.0187963443242
0.0189439870129
0.0187161585233
0.0187899637056
0.0189373400157
0.126803577682
0.018630116712
0.0184653736647
0.0185020707706
0.0185020707706
0.0185387486079
0.0186120465374
0.0187218492956
0.01879495522
0.0183441500853
0.0181189245821
0.0181189245821
0.0181189245821
0.0181922504279
0.0181922504279
0.0182288845731
0.0182288845731
0.0182654995531
0.018302095383
0.0183752296526
0.0183752296526
0.0184482875018
0.0184482875018
0.0185212690505
0.0185577312494
0.0185941744179
0.0185941744179
0.018630598571
0.00719073872607
0.00723011739997
0.00723011739997
0.00726947554276
0.00726947554276
0.00726947554276
0.00726947554276
0.00730881317048
0.00730881317048
0.00730881317048
0.00734813029918
0.00734813029918
0.00738742694488
0.00738742694488
0.00738742694488
0.0071662864569
0.0071662864569
0.00720560998376
0.00720560998376
0.00720560998376
0.00720560998376
0.00720560998376
0.00720560998376
0.00720560998376
0.00702398226747
0.00706331212461
0.00710262152409
0.00710262152409
0.00710262152409
0.00710262152409
0.00714191048186
0.00718117901387
0.00718117901387
0.00718117901387
0.00722042713604
0.00722042713604
0.00722042713604
0.00722042713604
0.00722042713604
0.00722042713604
0.00722042713604
0.00722042713604
0.000764461307513
