-0.433002185391
-0.433002185391
0.285296388899
0.387681174819
0.371538764473
0.28225571361
0.285187458599
0.147832553685
-0.0966177460314
-0.258224206519
-0.237824859378
-0.090103562973
0.147560602622
0.147383314555
-0.0668422583612
-0.0893826983328
-0.0895217646472
-0.0667209065544
0.147857785827
0.147793458035
-0.0667068027146
-0.0893954439389
-0.0899101335067
-0.0665853937865
0.147492529658
0.147861694965
-0.0665782723472
-0.0896569219368
-0.0780892285225
-0.0893954439389
0.147560602622
0.147929897587
0.147467949819
-0.0779654393873
-0.0893954439389
-0.089779043108
-0.0779654393873
-0.0665853937865
0.147832553685
0.147492529658
-0.0665853937865
-0.0899101335067
-0.0768402364549
-0.0667068027146
0.146997373877
0.147560602622
-0.0667068027146
-0.0779654393873
-0.0758407411751
-0.0665853937865
0.26089648882
0.14769664626
-0.0780892285225
-0.089779043108
-0.0899101335067
-0.0768402364549
-0.0667138581578
0.147069816825
0.147832553685
-0.0667138581578
-0.0779654393873
-0.0758407411751
-0.0667138581578
-0.0665782723472
0.146582895166
0.14769664626
-0.0665782723472
-0.0758407411751
-0.0667209065544
-0.0667068027146
0.26085561195
0.147832553685
-0.0667279479149
-0.0778417118693
-0.0779654393873
-0.0667279479149
-0.0667138581578
-0.0665782723472
0.262217570699
0.147832553685
-0.0667209065544
-0.0779654393873
-0.0769658253001
-0.0665996153327
-0.0667138581578
-0.0665782723472
0.26089648882
0.147832553685
-0.0667209065544
-0.0779654393873
-0.0767145849874
-0.0667209065544
-0.0665853937865
-0.0665782723472
-0.0665782723472
0.146909701041
0.14769664626
-0.0665782723472
-0.0667138581578
