0.0418953056859
0.0418953056859
0.039153587176
0.0284653125161
0.027735034137
0.0270132561062
0.0271679035462
0.0236678045525
0.0238749407997
0.0237186156434
0.0238216040529
0.0219880079427
0.0161288575671
-0.00027763741364
-0.000234796612419
-0.000234796612419
-0.000234796612419
-0.000234796612419
-0.000234796612419
-0.000234796612419
-0.000234796612419
-0.000234796612419
-0.000234796612419
-0.000234796612419
-0.000234796612419
-0.000234796612419
-0.000234796612419
-0.000234796612419
-0.000234796612419
-0.000234796612419
-0.000234796612419
-0.000234796612419
-0.000234796612419
-0.000234796612419
-0.000234796612419
-0.000234796612419
-0.000234796612419
-0.000234796612419
-0.000234796612419
-0.000234796612419
-0.000234796612419
-0.000234796612419
-0.000234796612419
-0.000234796612419
-0.000234796612419
-0.000234796612419
-0.000234796612419
-0.000234796612419
-0.000234796612419
-0.000234796612419
-0.000234796612419
-0.000234796612419
-0.000234796612419
-0.000234796612419
-0.000234796612419
-0.000234796612419
-0.000234796612419
-0.000234796612419
-0.000234796612419
-0.000234796612419
-0.000234796612419
-0.000234796612419
-0.000234796612419
-0.000234796612419
-0.000234796612419
-0.000234796612419
-0.000234796612419
-0.000234796612419
-0.000234796612419
-0.000234796612419
-0.000234796612419
-0.000234796612419
-0.000234796612419
-0.000234796612419
-0.000234796612419
-0.000234796612419
-0.000234796612419
-0.000234796612419
-0.000234796612419
-0.000234796612419
-0.000234796612419
-0.000234796612419
-0.000234796612419
-0.000234796612419
-0.000234796612419
-0.000234796612419
-0.000234796612419
-0.000234796612419
-0.000234796612419
-0.000234796612419
-0.000234796612419
-0.000234796612419
-0.000234796612419
-0.000234796612419
-0.000234796612419
-0.000234796612419
-0.000234796612419
-0.000234796612419
-0.000234796612419
