0.0016330336289487324
0.002721722714914554
0.00011088374664802725
0.002350509388775013
0.001806164845792102
0.00133284876173001
0.0009099850216202632
0.0005548334498587382
0.0002351970352733601
6.171816999006596e-05
0.00033389044148152136
0.000585126384396728
0.0008050832314479006
0.0007243507243936409
0.0006486639990302412
0.0005774294339823682
0.0005101523447704759
0.000446416154990803
0.00038586677470009434
0.0003282006982327501
0.0002731558070593887
0.00040704258352530776
0.000535350744305163
0.0004869112400726072
0.00044033479369515183
0.0003954834008872421
0.00035223384353672005
0.0003104756502327888
0.00027010939670563117
0.0003694447469868023
0.0004656758675716799
0.0004289792734560871
0.00039336199093215063
0.0003587623450517219
0.00032512380044574796
0.00029239440569400754
0.0003734311388181033
0.00045239000699032195
0.00042211531684499537
0.0003925790337763746
0.00036374599554273024
0.0003355834930819368
0.0003080610474952561
0.00028115021181052136
0.00034809360004350864
0.00041361266086725745
0.0003883837524127909
0.00036366971964107986
0.0003394499675247742
0.00031570511250883504
0.0002924168893200796
0.0003505186979750885
0.0004075445472105921
0.0003855265907412586
0.00036390181206602534
0.00034265641547281955
0.00032177731882082616
0.0003012521051629635
0.00035257536947491674
0.00040305726879813486
0.0003835252106398346
0.00036430318515073834
0.00034538150380991617
0.0003267509252589118
0.00030840262820114317
0.0003543637604208061
0.00039964899363720274
0.000382098448625412
0.00036479862568522536
0.00034774246222307736
0.00033092318992011815
0.00031433431860761196
0.0003559477761578278
0.00039700638760736817
0.0003810723401624361
0.00036534522839859473
0.0003498197462727948
0.0003344907892371962
0.0003193534441645052
0.0003573706769881557
0.00039492428502130306
0.00038033407290305465
0.0003659175537862325
0.0003516706407766801
0.0003375893895463111
0.00032366999177835254
0.0003099087689850122
0.0003445087224537291
0.00037872423199503125
0.00036541667588718685
0.0003522537671283299
0.0003392323950228149
0.0003263495481524714
0.00031360231019655904
0.00034567935039153674
0.0003774256994504843
0.0003650686830646288
0.0003528364850260979
0.00034072660896794504
