0.20786655698230266
0.3464442616371711
0.2690966615428624
0.18495711277335886
0.12943477130731929
0.1014906734171721
0.10696165464818375
0.13018979901150768
0.15114720603479953
0.15512610147553524
0.15856652910475477
0.13295792112498395
0.11893460217907526
0.12181307821135856
0.12481840799515448
0.12764922178774446
0.13006528043040838
0.13233579947104718
0.13452419196345183
0.13657400187618102
0.13854232264302951
0.14043101775784506
0.14216456214798534
0.14382913182827894
0.14541097873009579
0.14692973107150192
0.14839004488491042
0.14979594437993027
0.15115932879264943
0.1524828079245807
0.153772968285538
0.155028005314305
0.15589845581327905
0.15641922709890932
0.1569253367266999
0.1574175770282466
0.15789348125955766
0.158357182818271
0.15062856226728982
0.1458401118955161
0.14681706841720876
0.1477679704352422
0.14869458601150531
0.1496035089533181
0.15049267270074362
0.15136291807056435
0.15221775502704543
0.1530578164633612
0.15388614090234742
0.15446401399705134
0.155011550799796
0.155527528717112
0.155865065661502
0.15619633741787403
0.156521693607168
0.15684121801343515
0.1571552333782149
0.15746174796787288
0.15776315398103652
0.1545525361987159
0.15138892139728588
0.15182295855331346
0.15246613059049274
0.15310135497003763
0.15372887348442116
0.15416874703412115
0.15460397228360817
0.15501296755071048
0.15540360099113532
0.15566031923053053
0.15591347193882305
0.15616306024841842
0.15640927574301927
0.15665211429178227
0.1568917575964826
0.15712661942492184
0.1573584702042785
0.15758738616364332
0.15781344067351605
0.1553955680226326
0.15300356658740505
0.15322316893676724
0.15357402045855173
0.15392074431537406
0.15426343649944263
0.15459069987579577
0.15491138934659188
0.15521862913119566
0.15541980361758834
0.15562010026590767
0.15581821977674526
0.15601413318105128
0.15620796240020512
0.15639839905524827
0.15658811667146938
0.1567758784359769
0.1569604127297506
0.15714308304075886
0.15732392664865708
