0.014333430429287086
0.023889050715478477
0.028199066480275536
0.06981191973646406
0.06505575043486747
0.042011264297940776
0.021910884569660838
0.006105378143364981
0.0032495642879803444
0.0006663038156446421
0.0017246127545850198
0.0039297558975522895
0.006016509174281703
0.007977799820183096
0.009812012376695045
0.011532854199285625
0.0012539315535343154
0.008491502227032266
0.0070410310972540135
0.005701022789779631
0.0044093925536117795
0.0031647954301382564
0.0019779328981052724
0.0008302929443950169
0.0002837677127215388
0.0013455033000761563
0.0023717690960850524
0.0033744529391881994
0.004352823697813868
0.005299634109387108
0.006218989099653405
0.0071117812263425395
0.00797494007646582
0.00880494563022266
0.009615676358115222
0.010410006585385934
0.0055410432268721554
0.0007936294322328785
0.0015318843118906633
0.002236091664865436
0.0029284209851033194
0.003611005235307274
0.004278076207097525
0.004931839755731304
0.005571391053307839
0.006194889164487294
0.006810101564202087
0.007409028113267213
0.007997415307037625
0.008568361725570073
0.004567125835551966
0.005121658258363582
0.005666461215558416
0.0062017479687759836
0.006729072882817266
0.007243939565346913
0.007751102505881402
0.008243478681838834
0.0013623309067043454
0.0008816377639096484
0.00041224004689899285
4.2789490538708286e-05
0.0004907091914539419
0.0009317378200474069
0.0013681618980878607
0.0018001168126884348
0.0022277319810706797
0.002651131196638956
0.0030704329503356553
0.003483829045529574
0.0038914835282902738
0.004294488455530265
0.004692047370239982
0.005084305499420239
0.0054722997403560125
0.005853762187847944
0.006232354433826304
0.006603840521221149
0.006970683032523517
0.007333836743029676
0.007687276831901402
0.005184829273997049
0.005531475313820311
0.005880240667080039
0.006223615029711582
0.006560941476886184
0.006894434668979266
0.007224945349327605
0.007551783688783176
0.00787428259981826
0.00819078550574387
0.006201316606566198
0.006513255773698934
0.006822175783216755
0.007127877875968747
0.007431129943504811
0.00773176402698178
0.008025887939559107
0.00831707061301068
