0.0286668608586
0.0286668608586
-0.208352468783
-0.208064266281
0.0285370158096
0.161311402958
0.160803037826
0.142249557837
0.0285581385538
0.0284158651957
0.0286909988428
0.0286668608586
0.0292145458742
0.0294193596885
0.0293474009042
0.029254310984
-0.185020607624
-0.185163241831
0.0290094225956
0.028140174457
0.0284158651957
0.0286257338399
0.0284847007688
0.0286909988428
0.028965577085
0.0286668608586
0.0287354422882
0.02907783145
0.0293511227588
0.0293511227588
0.0294193596885
0.0294621401807
0.0293474009042
0.0290501943815
0.0291863062041
0.029390218409
-0.185020607624
-0.185149137991
0.0295301951863
0.028872501472
0.02907783145
0.0293511227588
0.0293511227588
0.0294193596885
0.0294193596885
0.0293044112254
0.0295301951863
0.0293474009042
0.0294193596885
0.0291182673452
-0.208064266281
0.029390218409
0.0294193596885
0.029440771427
0.0295301951863
0.0293474009042
0.029415450551
0.0290501943815
-0.576348575313
0.0293222817105
0.0291026584547
0.0286668608586
0.0286668608586
0.0286668608586
0.0288039891507
0.0289409792782
0.02907783145
0.0292145458742
0.0293511227588
0.0293511227588
0.0293511227588
0.0294193596885
0.0294193596885
0.0294193596885
0.0294875623111
0.0293726084569
0.0295301951863
0.0293474009042
0.0293474009042
0.029415450551
0.0289820872875
-0.207703147306
0.0291182673452
0.0296450550271
0.0295301951863
0.0293474009042
0.0293474009042
0.029415450551
0.029415450551
0.0293474009042
0.0291182673452
-0.185020607624
0.0293222817105
0.0293474009042
0.0293474009042
0.029415450551
0.0294621401807
0.0291182673452
0.0291182673452
