0.0212263963949
-0.335453349564
-0.414105254429
-0.341430482699
0.23561122546
0.367621852553
0.234933695396
-0.0017892326436
-0.150134935092
-0.150134935092
-0.00367942901967
-0.0017892326436
-0.0017892326436
-0.0017892326436
-0.0017892326436
-0.0017892326436
-0.00166758669477
-0.00166758669477
-0.00166758669477
-0.00166758669477
-0.00166758669477
-0.00166758669477
-0.00166758669477
-0.00166758669477
-0.00166758669477
-0.00166758669477
-0.00166758669477
-0.00166758669477
-0.00166758669477
-0.00166758669477
-0.00166758669477
-0.00166758669477
-0.00166758669477
-0.00166758669477
-0.00166758669477
-0.00166758669477
-0.0015458804655
-0.0015458804655
-0.0015458804655
-0.0015458804655
-0.0015458804655
-0.0015458804655
-0.0015458804655
-0.0015458804655
-0.0015458804655
-0.0015458804655
-0.0015458804655
-0.0015458804655
-0.0015458804655
-0.0015458804655
-0.0015458804655
-0.0015458804655
-0.0015458804655
-0.0015458804655
-0.0015458804655
-0.0015458804655
-0.0015458804655
-0.0015458804655
-0.0015458804655
-0.0015458804655
-0.0015458804655
-0.0015458804655
-0.0015458804655
-0.0015458804655
-0.0015458804655
-0.0015458804655
-0.0015458804655
-0.0015458804655
-0.0015458804655
-0.0015458804655
-0.0015458804655
-0.0015458804655
-0.0015458804655
-0.00167194538556
-0.00167194538556
-0.00167194538556
-0.00167194538556
-0.00167194538556
-0.00167194538556
-0.00167194538556
-0.00167194538556
-0.00167194538556
-0.00167194538556
-0.00167194538556
-0.00167194538556
-0.00167194538556
-0.00167194538556
-0.00167194538556
-0.00167194538556
-0.00167194538556
-0.00167194538556
-0.00167194538556
-0.00167194538556
-0.00167194538556
-0.00167194538556
-0.00167194538556
-0.00167194538556
-0.00167194538556
-0.00167194538556
