0.214985496078
-0.28201628822
-0.236917044414
-0.139934360381
0.19217257724
0.443218148353
0.5499149699
-0.281945078612
-0.176710915851
-0.141294525366
0.0240165575983
0.189804520888
0.191941837421
0.428470865035
-0.281933826631
-0.176400005911
0.0432245578188
0.543537052499
-0.281699633662
-0.176710915851
-0.147613560525
-0.260994233651
-0.176653781311
0.023931247949
0.184946022394
0.428490804471
-0.180459501606
-0.141042706598
0.0241017849619
0.039977846734
0.0434813578116
-0.140070066137
0.0241017849619
0.0234176553618
-0.141582243176
0.192302956396
0.191941837421
0.0436623253467
0.428971680787
-0.22065100143
0.191915620302
-0.074981198694
-0.236012833543
-0.147821058583
-0.184657246228
0.0432245578188
-0.208688108679
0.0240165575983
-0.208313864068
0.192302956396
0.0432245578188
0.0394060443559
0.0432245578188
0.0233395619061
0.0241017849619
-0.0753337014228
-0.07501041345
0.0235739557538
0.0233395619061
0.043301093746
0.023652162745
0.0240165575983
-0.139840734414
0.184946022394
-0.181372687001
0.192298771513
0.0238532566961
-0.220633187357
0.565762818483
-0.208500900812
-0.141256877611
0.428215253163
0.192059244219
0.0394882259983
0.0437389090477
0.184984580327
0.0240165575983
-0.151507867793
-0.208313864068
-0.074981198694
-0.281788381182
-0.2084176653
0.428543119511
0.189678985022
-0.18285141033
0.0233005876888
0.428543119511
0.191716469639
-0.0750643595868
-0.266902737955
-0.226826737606
-0.14145759093
-0.0568548653674
0.0240165575983
0.0240165575983
0.0240165575983
0.0240165575983
0.0240165575983
0.428562687946
