-0.431052173824
-0.431052173824
0.306939355861
0.413982417324
0.323321628069
0.306707554032
0.174331706588
-0.0649944466852
-0.230324700375
-0.231017298492
-0.0641916801615
-0.0626876230541
0.175055064138
0.175084205417
-0.0623035750159
-0.0628764664681
-0.062399420552
-0.0620383015771
-0.0622992541946
-0.0507429289347
-0.395409627321
0.175055064138
0.173666965378
0.174630422814
0.175309900756
-0.0486157419345
-0.0621729334863
-0.0622992541946
-0.0626876230541
-0.0496177260023
-0.039484292262
0.174872716584
0.174783113074
-0.0508667180699
-0.0621729334863
-0.062425637671
-0.0625609857752
-0.0507429289347
-0.0394983961018
-0.039484292262
0.287455546709
0.175055064138
-0.0625609857752
-0.062168680733
-0.0621729334863
-0.0623035750159
-0.0625609857752
-0.0506192014167
-0.0494920745348
-0.0394983961018
-0.039484292262
-0.0393557618946
0.295495098152
0.175055064138
-0.0507429289347
-0.062425637671
-0.0624300223967
-0.0625609857752
-0.0506192014167
-0.0496177260023
-0.0393771048801
-0.0394913477052
-0.039484292262
-0.0393557618946
0.289440081151
0.175055064138
-0.0508667180699
-0.0625565326554
-0.0625609857752
-0.0506192014167
-0.0508667180699
-0.0486182307225
-0.0394983961018
-0.0394913477052
-0.039484292262
-0.0393557618946
-0.0393557618946
0.288078122403
0.175055064138
-0.0395054374623
-0.0626876230541
-0.0507429289347
-0.0508667180699
-0.0486182307225
-0.0394983961018
-0.0394913477052
-0.0393628833339
-0.039484292262
-0.0393557618946
-0.0393557618946
0.287467509519
0.175055064138
-0.0394983961018
-0.0507429289347
-0.0507429289347
-0.0494920745348
-0.0395054374623
-0.0394983961018
-0.0394913477052
