0.16679309645581786
0.03771511758585866
0.183199440940926
0.10715623739176017
0.05468447194933379
0.02107847714234945
0.012080131913086212
0.07566509153993706
0.1222305419932167
0.15253007394202467
0.12109559272937886
0.10285486151250223
0.10926184396390037
0.11569731090544622
0.1217390204196579
0.12741362051168414
0.13267164541775933
0.13764630499265074
0.14234899193992623
0.14684569274693926
0.150922863397829
0.1478031902917718
0.1448131833251659
0.1379985214111662
0.13525527655735414
0.1333439078352856
0.1365487761300309
0.13980162210332925
0.14293824021043555
0.14127170468846184
0.15598212633004382
0.1446240812346502
0.13770519995085928
0.13566268890062394
0.1342295511998869
0.1328332646814765
0.13520037413540276
0.13761929720908028
0.13997761053972158
0.14216862641055994
0.1409385644776746
0.13973710863625177
0.13856438223909207
0.1374163244350658
0.13629322440938785
0.13519565115985754
0.13412094401969243
0.13595229733097547
0.13774372651396982
0.1395887959887382
0.14132132163442346
0.14034655557440112
0.1393879090880491
0.1384497279703213
0.13752718152065724
0.13662082009642595
0.13573128635114085
0.1348556490429852
0.13399460568996546
0.1354676318355743
0.13698535027449676
0.13841349210479736
0.1398837818425035
0.14126434049254766
0.14048273529970035
0.13971009484801356
0.1389537294072941
0.13820499605684222
0.13948694337474032
0.14075250104913672
0.14003496492162026
0.13932926045481742
0.1386342219417238
0.13983080862509056
0.1410115495757862
0.14034160226763137
0.1396800643000028
0.139026988892072
0.13838120637730722
0.1394890620841328
0.14058340735550923
0.13996096637742272
0.13934867054445932
0.13874357819188377
0.13978711309016867
0.14081865333445032
0.14023244943981483
0.13965361319176306
0.13908035811146824
0.13851263721936735
0.13948803191776815
0.14045293850113227
0.1399033363609069
0.13936193794018137
0.13882617908633843
0.13975137497553947
0.13922420557573145
0.13870468183867157
0.13960212185119658
