0.003989385851178584
0.008370773479748683
0.22212170278286225
0.4167321340094011
0.4124709939530554
0.40881858819047323
0.40562273314821395
0.4027819731106502
0.40022528907684285
0.39790103086429063
0.3957704608361178
0.39380378081011214
0.39197757792882115
0.3902731219062828
0.3886751943851531
0.38717126260056045
0.3857508825817785
0.3844052594060904
0.3831269173891866
0.3819094488016591
0.3807473196953829
0.3796357179415536
0.37857043292746717
0.37754775931394413
0.3765644193009413
0.3756174992884199
0.3747043978477743
0.3738227826637027
0.3729705546524337
0.3721458178673346
0.3713468541067698
0.37057210136925234
0.369820135476956
0.36908965432443963
0.36837946431504875
0.36768846863023585
0.3670156570423918
0.3663600970337232
0.3657209260252713
0.36509734455361087
0.36448861025984713
0.36389403257756625
0.36331296802442814
0.36274481601691544
0.3621890151400008
0.3616450398136587
0.3611123973066154
0.360590625054818
0.36007928824805646
0.3595779776531923
0.3590863076466909
0.35860391443276496
0.3581304544265044
0.35766560278399384
0.35720905206367115
0.3567605110051085
0.35631970341307284
0.3558863671361564
0.3554602531305219
0.3550411246003896
0.35462875620783996
0.3542229333453307
0.35382345146504834
0.35343011545984726
0.3530427390910885
0.35266114445917707
0.352285161513029
0.35191462759508585
0.35154938701882765
0.35118929067603777
0.3508341956713422
0.3504839649817796
0.35013846713937313
0.3497975759348654
0.34946117014094324
0.34912913325343575
0.34880135324910155
0.3484777223587462
0.34815813685452024
0.3478424968503465
0.3475307061145164
0.3472226718935757
0.34691830474669383
0.3466175183897754
0.34632022954863506
0.3460263578206112
0.34573582554404225
0.3454485576750751
0.34516448167131875
0.34488352738188943
0.344605626943432
0.3443307146817324
0.34405872701856144
0.3437896023834238
0.34352328112990216
0.3432597054563137
0.3429988193304149
0.3427405684179091
0.34248490001452836
