0.016845975507580158
0.02807662584596693
0.02281148472465877
0.0640048272002052
0.05851398891287768
0.03492282024646681
0.014267530486294144
0.010590847861726704
0.007363376764142393
0.004391698898475849
0.0016447330510262481
0.0008890709632209393
0.0032907648264645095
0.005476270359270841
0.007563199026258072
0.0030690372264998156
0.013118517810062347
0.011366832866788412
0.009749645074037694
0.008196331448750205
0.02421946574677225
0.02278925449057201
0.021425198129744527
0.028660259996316217
0.027390483649203712
0.026174472799989856
0.02499612214446084
0.02386402801065096
0.022768917759583063
0.021712874125394077
0.028141136340923245
0.027140706491683042
0.026168918291077647
0.025226237766654447
0.024314273047752077
0.023430092821550896
0.02256858354102831
0.021725613303916314
0.035163182307163865
0.034357958282165646
0.03357009771975833
0.032804897769849406
0.03206397617868212
0.03133487379787725
0.03062162146882902
0.029923544721249917
0.02924243823600059
0.02857523188310329
0.02791858602452779
0.02727481557494399
0.02664298995209141
0.0260204650774723
0.025411622009755663
0.024813438866572224
0.02422924835997503
0.02365612456181404
0.023091687446988862
0.02253564314922124
0.021986559320488486
0.021446476865997266
0.018781002603993624
0.018256967921058298
0.01774474006180682
0.017240392631159174
0.016746486264343385
0.016261675538321196
0.015780945972468763
0.015305183219901486
0.01483621707808519
0.014380021680346133
0.013932721248130442
0.013490601919694256
0.013054457176777445
0.012623207098710565
0.012197631363776162
0.011775790574319822
0.011359358000112951
0.010948196724313741
0.010540451897675773
0.010136890706042068
0.00973825099235509
0.009344414166784831
0.00895301505182411
0.008567571288301323
0.008186672543005591
0.007807199151914468
0.007433393937225752
0.007063016519592069
0.006696754406598782
0.006333007718566153
0.005972468850867163
0.005615806745186469
0.005261479868726104
0.004910161449975581
0.004567042156379597
0.0042274601750887375
0.0038913433160559507
0.0035586215768113605
0.0032278557720382683
