0.19536922864090245
0.08757431649099667
0.24168317870737577
0.3647195669435077
0.47518639841012544
0.4272123973142594
0.3852351463553767
0.34792203439192537
0.3143402336248192
0.3699585316767091
0.42370385217192275
0.3978716977356873
0.3738846971877543
0.35149683000968346
0.3305082045302421
0.3106802307414086
0.2920784670146723
0.3196344595882723
0.3273461504486699
0.3113623260230022
0.29617596976633975
0.31314169893504384
0.29915612997689023
0.31933715997556067
0.34018834901317674
0.36452689017766615
0.35253338990369976
0.3409534586046976
0.3297595250156622
0.32388664543491286
0.313445709714001
0.33281210627244695
0.351347274918689
0.3695624670948341
0.3602341891039713
0.35115802673448315
0.3423207107431394
0.3337099925977276
0.32530180064621284
0.3382041950827568
0.35359485094410803
0.3457851298354786
0.3381529023884091
0.33069027999571887
0.34168606630325926
0.35533321651778693
0.34833700802463974
0.34148357929665885
0.3347672191432376
0.331243359811333
0.33875911838067263
0.35087323334382003
0.34465438134991144
0.3385485993922557
0.3325518492552725
0.3266516049587044
0.3223994908904657
0.3253979375784736
0.3198047278201822
0.3143090244358443
0.3206091633428251
0.31623397624732175
0.3160071504361214
0.31108845676887964
0.30614490879014045
0.30127529882130155
0.30924629943806337
0.30528014964697525
0.3006665916563749
0.30776497236037137
0.304083270279342
0.3128345521937137
0.30830413809967727
0.3039536788209961
0.31240076801102235
0.3080469253330964
0.3038966836444206
0.31202397868174514
0.30783603381092106
0.30384566723152073
0.2999309471259549
0.3017551917525707
0.30159051648689494
0.29789903003758644
0.29423721538921077
0.29059115399768376
0.287076337753832
0.2836125720345737
0.28021521775177605
0.27688752563740404
0.2736358606018475
0.27042111454753726
0.2674810347459047
0.264574717797469
0.2617023712692721
0.2588655695286207
0.255583181015658
0.25232126359212703
0.2495824953307373
