0.0327351558044
0.0327351558044
0.0182599152688
0.0189033486565
0.0183208779947
0.0181057406758
0.0184766044446
0.0185354250686
0.0188665109499
0.0191229013585
0.0193783171633
0.0196327639109
0.0197777290855
0.0167143746297
0.0165920886216
0.0167767110785
0.0168872457524
0.0169608363028
0.0170343476172
0.0171811330488
0.0169489628793
0.0134919779666
0.0136423308522
0.0136367200276
0.013674188922
0.0137116377473
0.0137864752553
0.0137864752553
0.0138238639701
0.0138612326803
0.0138612326803
0.0139359101509
0.0139732189433
0.0140105077952
0.0141222548672
0.0141594641165
0.0141594641165
0.0141594641165
0.014270972763
0.0143081026643
0.0144193736475
0.0144564244544
0.0137689490843
0.0138061335317
0.0138061335317
0.0138061335317
0.0138804430898
0.0139546736372
0.0139917593212
0.0140288252998
0.0141028982033
0.0141399051596
0.0141399051596
0.0141399051596
0.0141399051596
0.0142138601596
0.0140225550642
0.0140225550642
0.0140595342655
0.0140964938649
0.0140964938649
0.0140964938649
0.0141334338778
0.0141703543199
0.0142441365536
0.0142441365536
0.0142441365536
0.0140163080639
0.0140163080639
0.0140163080639
0.0140163080639
0.0140532204203
0.0141269865574
0.0141269865574
0.0141638403692
0.0142374895564
0.0137458833776
0.0137458833776
0.0138565715133
0.0138934286078
0.0138934286078
0.122081548992
0.0138934286078
0.0141141632703
0.0141508845399
0.0141508845399
0.0141875864673
0.0139609725958
0.0137344780262
0.013771260559
0.0138080237377
0.013581748114
0.013581748114
0.013581748114
0.013581748114
0.013581748114
0.0136185417913
0.0136185417913
0.0136553161238
