0.01636757790218124
0.027279296503635392
0.03184427532084519
0.03562494505215055
0.03867842471792762
0.041264959100184934
0.043574534655759944
0.04563402633005301
0.047520677425043234
0.04925912300308857
0.05087398276669822
0.052384195375227316
0.05379689030990514
0.054911181951882604
0.055948187490732465
0.05693505284829162
0.05787323316786841
0.058765908762754365
0.05961762614361235
0.060435775336411285
0.06120618274001671
0.06179279047769515
0.06236122092986954
0.06290668973097394
0.06343262007412653
0.06394045850921123
0.06443283262547095
0.06490822832392862
0.0653690237895995
0.06581616032767423
0.06624932384893414
0.06667162415653707
0.06708260118428225
0.06748290140700258
0.0678751862644249
0.06825787448378928
0.0686304919605388
0.0689935551430127
0.06935032946208666
0.06969930757584925
0.07004262599602731
0.07037882191357048
0.07069175257457688
0.07099855554194909
0.07129868887959578
0.07159243640154789
0.071881612299252
0.07216640155715306
0.07244623674357684
0.07272131174945448
0.07299252133028716
0.07325931199367622
0.07352116208922474
0.0737782512739451
0.0740307495803669
0.07428011554807959
0.07452188373884097
0.07475955416365723
0.07499387973474955
0.07522496979810861
0.07545233260238121
0.07567608647325266
0.0758969213775938
0.0761149268286691
0.07633074707948118
0.07654334613251992
0.07675281872889633
0.07695595362837385
0.07715618660071596
0.07735359939034903
0.07754827033568165
0.07774078020445269
0.07793168542820156
0.0781200452489671
0.07830641156961426
0.07849131403138626
0.07866754330545817
0.07884154182922534
0.07901474897314112
0.0791862727831138
0.07935570483930632
0.08082656687535389
0.0809919648349704
0.08115801381462129
0.08132255898369017
0.08148521282897667
0.08164643540246835
0.08180330026309543
0.0819559055744977
0.0821072381081131
0.08225732532265298
0.08240336562495437
0.0825478523070185
0.08269081807663986
0.08283229461949432
0.08297231264128843
0.08311127735344426
0.0832488383816389
0.08338539154287672
