0.007974843162176892
0.013139549189539454
0.01649940564990468
0.019278000199900516
0.02116631462067231
0.022837732798261817
0.024322975953712273
0.025665684403609362
0.026862951200127064
0.02796448507697312
0.028981568101787453
0.02992799721298045
0.03081382406451827
0.03164780957021407
0.032413900279343835
0.033138746286705684
0.03382870750621887
0.03448630180509252
0.035114216669548726
0.0357137503205341
0.03628844355668508
0.03683907055403017
0.03736983304241792
0.03788188740616104
0.03836469807649176
0.03883157666074179
0.03928440310972044
0.039722696388387047
0.04014777075079769
0.040560475593315035
0.0409612566832291
0.04135052107615665
0.04172894544816286
0.042097148475948115
0.04245627019122916
0.04280596436148956
0.04313891416104007
0.043464390097388866
0.043781987906672565
0.04409209172778514
0.044395058261276585
0.04469145942997088
0.044981358711163405
0.0452650449325567
0.045542788085398675
0.045814840927584935
0.046015830583867295
0.04621271841042961
0.04640566848046067
0.046595498150306544
0.04678211002307907
0.04696541302024622
0.04714532151746584
0.047322367345177294
0.0474964520013578
0.04766767926276533
0.04783614753850965
0.04800176041974982
0.048164986270119406
0.048325902891207334
0.048484404258517855
0.04864056693532488
0.04879463811239658
0.048947024031705935
0.04909726948104584
0.049245603937163235
0.04939175700422008
0.04953611337583322
0.04967425271737069
0.049810603676491844
0.049945215833483714
0.05007798398832501
0.0502089579789117
0.050338185649623904
0.050465712956247785
0.050591584064084344
0.05071598439141271
0.050838810031053394
0.05096037884457004
0.0510804468085371
0.051199186252633616
0.05131649510101813
0.051432407415493306
0.051547217677106516
0.05166095119227419
0.05177350495028091
0.051884905685164226
0.05199505472639718
0.052104103009512
0.05221231780623123
0.05231935635516004
0.05242524395194982
0.05253000508494397
0.05263366346916977
0.05273624207855987
0.05283776317651297
0.052938248344895106
0.05303771851157642
0.05313619397659092
