0.0159496863244
0.0154941180821
0.0134394258415
0.01389297275
0.0113298865246
0.0116999272431
0.0118819452436
0.0120843760491
0.0119726679652
0.0121168726453
0.0122049962978
0.0123035784455
0.0124015759215
0.0125097825854
0.0122574513461
0.0123223821252
0.0124193019512
0.0124942916786
0.0125582972891
0.0125902066707
0.0126432511953
0.0126644209389
0.0127382997213
0.0128013590936
0.0125530774286
0.0126057217748
0.0126791405714
0.0127105050813
0.0127522308723
0.012793850118
0.0128249948773
0.0128457249666
0.0128664286482
0.0128871059725
0.0129283817501
0.0129386842996
0.0126520923829
0.0126935615176
0.0127039123713
0.0127142566656
0.0127245944066
0.0127452502539
0.0127555683725
0.0127658799627
0.0127761850307
0.0127864835828
0.00964750350155
0.00964750350155
0.00964750350155
0.00968131316214
0.00970381738417
0.00971505884986
0.00971505884986
0.00973752052413
0.00974874074611
0.00975995390023
0.00977115999317
0.00977115999317
0.00979355102218
0.00981591388636
0.00982708477325
0.00983824863884
0.00986055533259
0.00990508475511
0.00991619965643
0.00993840855987
0.00993840855987
0.00996058964131
0.00966975390762
0.0096809180976
0.00969207530342
0.00969207530342
0.00969207530342
0.00969207530342
0.00969207530342
0.00969207530342
0.00970322553161
0.00970322553161
0.00972550508133
0.00972550508133
0.00973663441591
0.00973663441591
0.00973663441591
0.00975887223712
0.00978108230442
0.00979217694658
0.00980326466973
0.00980326466973
0.00981434548033
0.00984754650145
0.00984754650145
0.00984754650145
0.00984754650145
0.00984754650145
0.00984754650145
0.00984754650145
0.00984754650145
0.00984754650145
0.00984754650145
