0.19472132772554818
0.0863861862325579
0.24112743507824097
0.36282290685389584
0.47303541740821375
0.4248434269589477
0.38267543531584003
0.3451927760775221
0.31145838276303583
0.2808429370847636
0.27949953118089643
0.25639913574155593
0.23226749482479803
0.2098676712251818
0.1932046415184373
0.18002744781279423
0.16782039090408507
0.15477963843985643
0.1439913150779203
0.1349008936627979
0.13418725496115635
0.12921260826120495
0.12141785854129383
0.11419972762959385
0.10727131082800623
0.10667366366981057
0.10026186013804672
0.09403761395353094
0.09022289290531638
0.10275669260204656
0.09691063031211322
0.09141235995018127
0.0909533253602891
0.09107536562444674
0.09119189001599082
0.09130526509965531
0.09141565662848661
0.09152517994247422
0.09154017530142955
0.09155279515463843
0.0911689648963907
0.0912624747814863
0.0913614517213317
0.09145436016191555
0.09153618896770477
0.09162514385762544
0.09171050735250319
0.09179583143059034
0.09147638479306197
0.0915516918713668
0.09124453164297408
0.09131699694473905
0.09139145851990782
0.09146760168076407
0.0915422602490904
0.09126819027733779
0.09133440857032993
0.09140244342239201
0.09146945884004387
0.09153526304121862
0.0912762586862601
0.09133865083466097
0.09108798243793248
0.09114973714980423
0.09121572177636783
0.09127833189719747
0.09134114673904337
0.09140173920029371
0.09146156596953792
0.09152055010822935
0.09152093612553258
0.09157249948260526
0.09162683630772839
0.09168258137207863
0.09173759294874007
0.09178647768986092
0.09178683401352539
0.09178817593332911
0.09183730975019477
0.09164012046776981
0.09168695779695935
0.09169319170035173
0.09173800271304589
0.09174312099086723
0.09174344416814428
0.09174281901416081
0.09156033867316737
0.09137902998472602
0.09142170399576544
0.09146306800748305
0.09150768082409388
0.09151235881995212
0.09155240270363618
0.09155183019419877
0.09138455654828803
0.09142765840216716
0.09147039180877015
0.09150841327408632
0.0913503305740121
