0.389442655451
-0.325005424479
0.618964995383
0.608477358878
0.661275063326
-0.337343933145
-0.337343933145
-0.337343933145
-0.337343933145
-0.336769902461
-0.0161208708464
-0.300305140711
-0.337842972835
-0.335997353994
-0.266608475308
-0.224012292996
-0.219727024357
-0.24777429682
-0.215766467239
-0.190898849718
-0.0157000514361
-0.114416874099
-0.187073993278
-0.180453272792
-0.180138836841
-0.0161364732713
-0.179530498889
-0.180503139351
-0.114441631446
0.388547790599
-0.187073993278
-0.181442921944
-0.0156071760563
0.00427140924552
0.00419487809559
0.00419487809559
0.00419487809559
0.00427140924552
0.000599814358212
0.000517413981565
-0.0161208708464
0.00402092505911
0.0043549853532
0.00418087982627
0.00376412506631
0.00418087982627
0.00409744775413
0.00418087982627
-0.0159723318764
0.00384066099355
-0.0159723318764
0.00384066099355
0.00402092505911
0.0041878738471
0.00418087982627
-0.0156219883899
0.00384066099355
0.00401405627166
0.00402092505911
0.00401405627166
-0.0160582700074
0.00393070534925
-0.0160427773906
0.00401405627166
0.0043549853532
0.00419487809559
0.00427140924552
0.00418087982627
0.0041878738471
0.0041878738471
2.77932458295e-05
0.00376412506631
0.00402092505911
0.00418087982627
0.00418087982627
0.00376412506631
2.77932458295e-05
0.000106011664496
0.00393070534925
-0.0159723318764
0.00384066099355
0.000517413981565
0.00376412506631
0.000435053614812
2.77932458295e-05
-5.43883965578e-05
-0.0160582700074
-0.0161364732713
0.00384066099355
0.00376412506631
0.0041043791282
0.000435053614812
0.00376412506631
-5.43883965578e-05
-0.0160582700074
0.00418087982627
0.0041878738471
0.00376412506631
-0.0158082700074
