0.009818791796642419
0.01636465299440403
0.02043996735168945
0.023866871300849517
0.02675428619262677
0.029271463484330344
0.0314708337229808
0.03344959725532395
0.035251599676721306
0.03688057440929598
0.03838507677150028
0.03978179595765647
0.04106271894237156
0.04226237561911333
0.04319503077564873
0.0440767851940938
0.044914519663704
0.04569812066517865
0.046443657686369176
0.04715528483883238
0.047838099829292734
0.04849315250850341
0.04912137187712042
0.04972666899292965
0.05029843716358572
0.05084984930042818
0.05138354200501279
0.0519003519027166
0.05240140088059866
0.05266782353410036
0.05292877266068554
0.05318220837153532
0.053430480398668094
0.053672398739491874
0.05390831549297966
0.05413855421112234
0.05436442967580802
0.054586160587988646
0.05480298923141103
0.05501608945416774
0.055224723736038935
0.05542850605786661
0.0556279468194262
0.055816461672135116
0.05600143607967171
0.05618274753092788
0.056322751812688386
0.056459898864208886
0.05659456993947631
0.05672660040542476
0.056856091823951134
0.056948940233343036
0.0570400692277462
0.05712979383129781
0.05721791620978601
0.05730497941778653
0.057390780539071935
0.057475362213458094
0.05755853419327114
0.05764034269800528
0.057720831710727595
0.057800043120073356
0.057878016851148094
0.057954790986360145
0.058030401877099284
0.05810488424708112
0.05817827128809263
0.05825059474879963
0.05832188501721081
0.05839236620208959
0.05846206066118754
0.058518706953056464
0.05857458775449472
0.05862972347858047
0.05868431910080555
0.05873838853880347
0.05879194517501383
0.05884500188378058
0.058897395383687746
0.05894914205026273
0.05900042904828822
0.05905109813067486
0.05910133121601661
0.059151138462983165
0.05920036655591523
0.05924902880869865
0.059297138081336805
0.05934486442196791
0.05939206046992534
0.05943873787999313
0.059484907926908005
0.05953058152170552
0.05957576922719667
0.059620481272630026
0.05966472756759012
0.059708517715179495
0.05975200408404132
0.05979533416857361
0.059838230952260575
