0.153811265772974
0.3018535701292576
0.41289822332373793
0.3287892112078896
0.4202443321769431
0.5030236092370515
0.4504717527063129
0.4038979685896451
0.3619470894747262
0.3677598755407183
0.3333004395153941
0.37674442308515166
0.34698108271056083
0.3194300916145121
0.29424008971462734
0.32749600542435253
0.35129892743996094
0.33713003021167987
0.3172339041202964
0.2986278991563577
0.27960144320316627
0.26474082529138543
0.2520731367381779
0.23843862148867456
0.22697741100758184
0.21687413602793326
0.20712701829249025
0.19805376028883404
0.19151170177711452
0.1830871998771476
0.17488525972403202
0.16893541377723253
0.1636961366588494
0.1609020664936618
0.15874329580541313
0.1604682230026866
0.16226559786170314
0.16389804570110178
0.16548968234451544
0.16704902532327504
0.1651991469955557
0.1633976321455104
0.16163358143389794
0.15990873184921017
0.15821971250651
0.15656826077648978
0.15789558812377058
0.15928958223173795
0.16065787630965267
0.16199250875338134
0.1632168446329303
0.16441880734368208
0.16559545865047276
0.1667537136262881
0.16536481126632963
0.1640027192649458
0.1626644738975157
0.16135150544748267
0.1600591446539834
0.16110347291086613
0.16213237128325186
0.16314505957089231
0.1641404349407336
0.1651219635887543
0.16608862059059293
0.16492899537023165
0.16378755079212948
0.16266032568839506
0.16155368085193866
0.16045938662990755
0.16134427152809472
0.1622199628995038
0.1630856256696741
0.16393511517193382
0.1647745804630042
0.16560468267944795
0.16642140093162539
0.16543686254988266
0.16446645942415694
0.16350726325422837
0.16255976459856725
0.161625527880375
0.16070058871651538
0.15978653118987762
0.16053002708203945
0.16126181404452855
0.1619883261141779
0.1627065898233112
0.1634144123085317
0.16411403281113113
0.16480903984076067
0.1654950544872268
0.16617283866456167
0.1653549977196752
0.16454719860863742
0.16520402038873516
0.16585647596757103
0.16507167910126586
0.16429473020362373
