0.005368803220124119
0.01422865647977345
0.021456522438542014
0.02565443727541239
0.02361972912235344
0.020147222548403287
0.017132821759119565
0.00893264780052494
0.012085670406624671
0.011003765796991916
0.011902008755158677
0.011618661151380105
0.010764791749087066
0.009965181847734761
0.009223863343284733
0.009833400797732206
0.010424406263726316
0.010997348452501221
0.010372574130835477
0.009807760032206847
0.01123325695280164
0.011684513597727264
0.011190301261427282
0.010712666954776129
0.010254426677582695
0.010118424740895526
0.011186493401845188
0.010766444986035961
0.010369746629170673
0.0099610934194172
0.01094222410822343
0.010830602324916727
0.010481746558116734
0.010142858098939556
0.010635469637553685
0.010316333481451445
0.009696672583167976
0.009971995825225566
0.008929852248677927
0.009695539941739884
0.009949421466290187
0.00897805661794615
0.009302475722790304
0.009526970058794437
0.008617139516135519
0.00836477576993977
0.009015634807629458
0.009232908492251446
0.008992491912724776
0.007765988431149506
0.007970727095504837
0.008171445933012222
0.008364113056212652
0.008557533026901654
0.008743319181416354
0.008924963886613235
0.009099286227191361
0.008899823433386134
0.008838622561876952
0.008778424983343247
0.00894136442076554
0.009101717517911334
0.008917837754872093
0.008861344642709712
0.008805707486792214
0.008956487264705437
0.009105049692943457
0.00893353439825284
0.008881076508387764
0.008829357462041942
0.008972459409430034
0.008922157323258073
0.008872534995007397
0.008823574297800008
0.00895914456374658
0.008911455572960136
0.008864377979491467
0.008817896304927464
0.008944174368929803
0.009068893444487691
0.008924245931424268
0.008880004337562197
0.008836289429341337
0.008959971558840318
0.008917273276392024
0.008875065778799485
0.00883333791186136
0.008949105779411215
0.009061352947413281
0.008931157092434527
0.00889124348058068
0.008851759047348917
0.008963599270832012
0.008924946088826213
0.008886695544132905
0.008848839334951952
0.008956114651354152
0.009058157531356081
0.008939546570644108
