0.004131749754746054
0.00765102070815625
0.009786319433499835
0.011596003036567645
0.013104442066575045
0.014192232807488395
0.015081569540760606
0.015817352263805477
0.016501288525238786
0.017131287146267098
0.017717230426287832
0.01826498829244695
0.018782355073636077
0.01926596870735476
0.019725561235372384
0.02014266074547187
0.020539654087830907
0.020919802531576562
0.02119599504233434
0.02139778289375647
0.021592026740009984
0.02177937934150293
0.02196090661663879
0.022135647425599862
0.022305034650653102
0.022469899470048814
0.02263056025441059
0.02278649229362456
0.0229376183125609
0.023084248115970686
0.023227395161046716
0.02336691393337445
0.02350267318160714
0.023635554642243033
0.023765716189816974
0.023892674422091142
0.024016903591391303
0.02413824521722646
0.024257423233383646
0.024373694468658946
0.024487748734146053
0.024599150574854386
0.02470828345054636
0.02481499115122296
0.02491937911927615
0.025021546066732472
0.02512182535853498
0.025220529466275857
0.025317490208119367
0.025412775797010734
0.025506450510687853
0.0255983577769371
0.025688776246075407
0.02577817782694025
0.025865982951003938
0.025952449053250837
0.026037819848953356
0.02612232586858737
0.026205423454560825
0.026287346229408787
0.02636794766917855
0.026447451091485025
0.026525890688126705
0.026603123521743127
0.026679531826238792
0.02675496978809512
0.026829298368159435
0.026902714760387747
0.026975082347012805
0.02704659095212146
0.027117106382159153
0.027186811630777005
0.027255728490652123
0.027323877882858907
0.027391279902742705
0.02745795386281473
0.027524063538989396
0.02758933638382008
0.027653793318090383
0.02771745448774006
0.027780477331141085
0.02784274086317584
0.027904263162686363
0.02796506167043794
0.02802515321879706
0.02808455405970378
0.028143408422499017
0.028201601500319015
0.02825939908410441
0.028316561529606446
0.02837310264417911
0.02842915716464975
0.028484615360434534
0.02853948978573738
0.02859379260244331
0.0286477681001754
0.028701192827522468
0.02875419169932636
0.028806660582412214
