-0.302086593773
-0.302086593773
0.22137159638
0.313033533552
0.231867415539
0.215825774734
0.196899174449
0.0824471405544
-0.153907447878
0.329926068911
0.0838352393142
-0.156007695345
-0.160615060403
-0.155668366413
-0.153623604067
-0.130718220926
0.0836595667794
0.0828608861009
0.0831118817638
-0.154105467936
0.0835632882503
0.0831804631934
-0.155411504985
0.0835632882503
0.0834544435007
-0.130711172529
0.0835632882503
0.0837961436639
0.0830482688259
0.0838352393142
-0.130839572732
-0.14183902624
-0.130575586718
0.0837924218094
0.0836595667794
0.0838643805937
0.0838604714562
0.0838352393142
-0.130711172529
-0.141962753758
-0.130575586718
0.0838604714562
0.0838643805937
0.0839071610859
0.0834952152867
0.0836528917601
-0.130711172529
-0.140711899359
-0.130575586718
0.0834952152867
0.0838643805937
0.0837924218094
0.0835632882503
0.083356458793
-0.130582708158
-0.139961530844
-0.15339275831
0.0835632882503
0.0837494321306
0.0837924218094
0.0835632882503
0.0834706354483
-0.130704117086
-0.130718220926
-0.130575586718
0.0835632882503
0.0837924218094
-0.15339275831
0.0838352393142
0.0837924218094
-0.155980281496
0.0838352393142
0.0825851953621
-0.160339879413
0.0838352393142
0.0830672884711
-0.302336524978
0.0838352393142
0.0837494321306
0.0837924218094
0.0838604714562
0.0835632882503
0.0838352393142
-0.130575586718
-0.130582708158
0.083356458793
0.0835632882503
0.0838352393142
-0.130575586718
-0.130704117086
0.0832884703102
0.0838352393142
0.0838352393142
-0.130575586718
-0.130704117086
0.0836528917601
-0.155931213569
0.0838352393142
0.0834271081927
