0.15104329688629464
0.2517388281438244
0.19639592904876269
0.13378922233829443
0.09514465308179582
0.06431239954838569
0.039700002742297014
0.030539209347365592
0.045929954135149276
0.01593667514325886
0.008950405200409184
0.02095099714998938
0.032423501464457605
0.042801392558642626
0.0524028678128019
0.06009217492607166
0.05544442121610549
0.051083321947638594
0.04692772785945093
0.05426608347544448
0.050467752191338366
0.046851210313363256
0.05332668968774695
0.04998415815773355
0.04677437186924338
0.05161552640735401
0.04863112325555635
0.04574160106024777
0.042973325432717535
0.04026896287419507
0.04435769952208041
0.048655851832398456
0.052496310265290946
0.05010224107073752
0.04777836421575443
0.04551175933484364
0.04330490482283894
0.04115528330196211
0.044423062615186804
0.04788556880441669
0.050994511345329674
0.04904426782309296
0.04713825917323616
0.04527365559354901
0.04345854221775186
0.04167869345689795
0.04440184288458515
0.04727351430006643
0.049885026034433344
0.048247864950381025
0.04663508840050218
0.04505409930975934
0.043506631008827235
0.041991059030772104
0.044322893105015415
0.04677835855842
0.04942306128790447
0.048006734368407245
0.04661091049956373
0.045237264240393704
0.04388946926861409
0.042564538547212816
0.044606790376677696
0.04661783992937901
0.04859625790995997
0.04734904465249229
0.04611680315529565
0.04833988660906524
0.04714224033314818
0.045962065378086614
0.04812845817664879
0.04698003024083791
0.04586401408729546
0.04800187914613796
0.046898783892003804
0.045819987937833095
0.04969609723242213
0.04863489167148294
0.047588023769850274
0.04655354942652473
0.045530860750229885
0.04452407414480414
0.04352603558153989
0.045062218954696864
0.046580622537925054
0.04562250232191317
0.04467291950088664
0.04373095051982828
0.04518179037225434
0.046618099351218634
0.04571278989132549
0.044811335705151334
0.04391947145712799
0.04529395131732111
0.04665545253696435
0.04579305159098357
0.047384186423323205
0.046537365824189936
0.045703094742263306
