0.0039775862475082135
0.010118039972181636
0.00582702727484552
0.0023857824612487644
0.005337017773430763
0.017390082165738896
0.0007102340425045872
0.007886647163123817
0.00961732590010378
0.008891702015680014
0.007919312687487134
0.0070184067752187
0.0057268089568561775
0.004946023832890223
0.00869102158055779
0.008223541475806617
0.007563754253797739
0.008470132429020727
0.007879898916091532
0.007314367011512557
0.010342073035038979
0.011096616980078244
0.010601776563571641
0.010126729763725306
0.00966995399464221
0.009230095846636255
0.008805946918202023
0.008276120338995274
0.007885727777012352
0.0075026255190717706
0.008030172861981155
0.007672455581418047
0.008169699249923834
0.007832422956821405
0.007502529345816966
0.007287741189579977
0.007736527394431536
0.0075300834570865005
0.007950778460788288
0.007662859673993494
0.008065485278500706
0.00779095806318475
0.007521045108726532
0.00789499622312817
0.007638372956637163
0.007997554126277562
0.007751623495890425
0.007509252679642309
0.007853377161001984
0.007621913038284633
0.007952801962668898
0.007730072335148441
0.008042692982798472
0.007828062614460563
0.007615988150243447
0.007912155079596084
0.007708626282034281
0.007995241119141072
0.007798496614831341
0.007603805303418865
0.007884642467963277
0.007697266749573051
0.007961489802530863
0.007779879490860342
0.007599937521221567
0.007481323166284692
0.007364453140096927
0.0076069194950237895
0.007494762486641382
0.007380501211379453
0.007617758927937368
0.0075074669614105805
0.007399603951563805
0.007627371359459345
0.007521433023190194
0.0074177724682724655
0.007636779591248977
0.007534864229774896
0.00774521173162579
0.007646241608374016
0.0075468846080214425
0.007451135670903719
0.007355700194910941
0.007556334027668088
0.007462714102593027
0.007371367415457741
0.0075631580647576024
0.007472693867494051
0.0073840065038423
0.0075698337059225684
0.0074823194281350425
0.0073968660756537075
0.007578595390464016
0.0074942103380072345
0.007411065934583627
0.007587174755121495
0.007507062606276871
0.007426087050889096
0.007596338876542763
