-0.00762352077298
-0.0134646555875
-0.0423274716115
-0.0421756105753
-0.0135003801795
-0.0420856298108
0.562781546978
0.700255235565
-0.161747777248
-0.164774521136
-0.142421560495
-0.104292350994
-0.0918294112534
-0.0832114117604
-0.0504105132136
-0.0461289393018
-0.0426567327808
-0.0420856298108
-0.0423232016305
0.813868740491
-0.158402032826
-0.101608763084
-0.0864305967541
-0.0743639984905
-0.126824772428
-0.0504105132136
-0.0461289393018
-0.0426851487006
-0.0427753870193
-0.0425761132159
-0.0424333766355
-0.0424905111754
-0.0420856298108
-0.0423518814383
-0.0421508408192
-0.1035497197
-0.0460461869289
-0.042623836582
0.802513152662
0.158322189637
-0.158419145253
-0.0485079407939
-0.0426851487006
-0.0426851487006
-0.0426851487006
-0.0427753870193
-0.0425761132159
-0.0424333766355
-0.0421143115158
-0.0424333766355
-0.0420856298108
-0.0419995043361
-0.0420856298108
-0.154184709619
-0.0419995043361
-0.0420971259942
0.562763524187
-0.00741214489527
-0.0420282262303
-0.0424905111754
-0.154102767422
-0.0425761132159
-0.0420569347188
-0.154190805833
-0.0419995043361
-0.0424755499141
-0.0424755499141
0.562852242217
-0.133606973498
-0.0426615957562
-0.0421756105753
-0.0421756105753
-0.15775710373
-0.0419995043361
-0.0421796012354
-0.0424755499141
-0.0420971259942
0.562833138605
-0.0136364815504
-0.0419707690267
-0.0419995043361
-0.0419995043361
-0.0421756105753
-0.0421469029845
-0.157797722435
-0.0420569347188
-0.0421796012354
-0.0421508408192
-0.0424755499141
-0.0420971259942
-0.0420971259942
0.699753922188
-0.00990435504913
-0.0420569347188
-0.0420856298108
-0.0419707690267
-0.0419995043361
-0.0421469029845
-0.0421469029845
