0.0038117603864913363
0.008299978915671802
0.01888184681855487
0.027316968933619123
0.02956703229686819
0.035579265126985615
0.03476842824524329
0.11257456553028078
0.09639978780552272
0.08142028588407402
0.06955182250952219
0.061529333971487965
0.054970090310530684
0.049422662859834765
0.04627200578398649
0.04355853876623206
0.04118872027841003
0.038973687130472
0.036857527048947736
0.0756131813580615
0.06841308895690112
0.06399531664891922
0.060394041784164076
0.05741948184454304
0.05254160598194624
0.05067454993699916
0.04902708781907683
0.04755518613974685
0.046129339905769506
0.044755916898804204
0.04342987387894581
0.04214228263120756
0.040904469989712755
0.0396944162343329
0.038523559544909936
0.0357249184719306
0.03451317671064469
0.03342025782392599
0.05348308664048107
0.057344603460903976
0.05357271905012262
0.05244462740375366
0.051474510387831574
0.05052595152781891
0.04959801351258919
0.04868789889515679
0.047800896536491666
0.04693490925821675
0.04609262302789985
0.04526059603504751
0.04445125700022401
0.0436588135221847
0.04287945000716953
0.04007609165046444
0.03932610050160579
0.03858755443153217
0.04829037381406509
0.04816474423956907
0.04746427380239704
0.04676770804542385
0.04428217953861724
0.04360636821772956
0.04294922861274875
0.04057706236916381
0.0399407062428595
0.03930674281130564
0.038682102371392246
0.04683938124410558
0.044930710194138634
0.04432984264827666
0.04374407027917493
0.04316632218910199
0.04103446943598721
0.04047447604483945
0.03991948129174172
0.03936785077337668
0.038828144029861344
0.04595261413879137
0.045782158119411
0.045264000477106436
0.04475181139983708
0.04424579327530598
0.04374370267321881
0.04324785675575393
0.04141299951814237
0.040929586475397906
0.04045027282499536
0.039976667871970295
0.03950471731736904
0.03904211153721304
0.03858453408075435
0.04610876980320888
0.04600340432396277
0.04556069974797572
0.045122307770779635
0.04468961943029848
0.044261053059522104
0.04383532676674928
0.043413857736904204
