0.150692954953
0.497081369751
0.514738040279
0.63658558916
-0.362033407311
-0.362033407311
-0.362033407311
-0.363289473309
0.477687829695
-0.363148453393
0.485598063172
-0.363286973603
0.501284921008
-0.352571262588
0.501383610594
0.63658558916
-0.362033407311
-0.362033407311
-0.362033407311
-0.362547734544
-0.358040955709
0.364393212593
-0.205919154673
0.364412781028
-0.361643644581
0.501309262517
-0.36167445513
0.603924686182
-0.362554442372
0.496496560618
-0.363136671637
0.590367101765
-0.359541171404
-0.362547108152
0.477699852766
-0.362058376487
-0.357063476346
-0.357101279527
0.364370480325
-0.281674884429
0.585580051416
-0.361063445265
-0.356382582565
0.363789236576
-0.251972081099
0.585615418294
-0.361647910118
-0.356777242699
0.364459444704
-0.246878252388
0.590060089607
0.15083558916
-0.334576412537
-0.357012362185
0.603163129267
-0.361466675083
-0.352491623646
0.585482220983
-0.361047546935
-0.356379979148
0.496898905087
-0.290106562853
0.605846289549
-0.361676379556
-0.350129157471
0.585644923458
0.478023768156
-0.361448808875
-0.358071579139
-0.349926568895
0.364411235384
-0.301136042046
-0.34907054575
-0.332438123722
-0.346100978004
-0.341684364873
-0.334444226869
-0.334588637207
-0.325483376357
-0.345842525856
-0.341915767551
-0.302462865127
-0.302018651123
-0.332251123754
-0.324902661493
-0.29989394562
-0.240545922169
-0.290364287217
-0.284783094275
-0.281637645464
-0.272755070181
-0.325019616914
-0.248649001457
-0.245413485343
-0.244554355233
-0.241055460295
-0.241145698613
-0.24094642481
-0.240722193032
