-0.415824669493
-0.415824669493
0.309298844849
0.420606188319
0.333042493268
0.195517129703
-0.0438594053765
-0.209144854798
-0.209587456643
-0.0438594053765
-0.0412545659079
0.332311072271
0.196099002289
-0.0432686960127
-0.0481768320692
-0.0482153900025
-0.0434661518433
-0.0434824273748
-0.0438594053765
-0.0431428416693
-0.0433946123991
-0.041687462379
-0.0416966208918
-0.0415843321598
-0.0412195749757
-0.0410978687464
-0.0409803423039
-0.0409888351567
-0.04099308791
-0.0412457920946
-0.0413811401988
-0.0294393558404
-0.0284378804259
-0.0183185505255
-0.0183115021289
-0.0183044466857
-0.0181759163182
-0.0181759163182
0.310579265029
0.196234909714
-0.0411237294395
-0.0409803423039
-0.0407365092232
-0.040866829923
-0.04099308791
-0.04099308791
-0.0411237294395
-0.0412545659079
-0.0415077774777
-0.0294393558404
-0.0296868724935
-0.0274383851462
-0.0181972593038
-0.0184399023322
-0.0183115021289
-0.0183044466857
-0.0183044466857
-0.0181759163182
-0.0181759163182
-0.0181759163182
0.195870305848
0.196234909714
-0.0181972593038
-0.0413811401988
-0.0415077774777
-0.0415077774777
-0.0295630833583
-0.0285634692712
-0.0274383851462
-0.018325591886
-0.0183185505255
-0.0183185505255
-0.0183115021289
-0.0183115021289
-0.0183044466857
-0.0183044466857
-0.0181759163182
-0.0181759163182
-0.0181759163182
-0.0181759163182
0.195756129193
0.19605256216
-0.0183185505255
-0.0295630833583
-0.0295630833583
-0.0295630833583
-0.0285634692712
-0.0283122289585
-0.0274358963582
-0.0181972593038
-0.0183185505255
-0.0183185505255
-0.0183115021289
-0.0183115021289
-0.0181830377575
-0.0183044466857
-0.0183044466857
-0.0181759163182
-0.0181759163182
