0.20791233474651666
0.3465205579108611
0.26919584669865937
0.18507460903484146
0.1295675268235399
0.10163650829459675
0.10711893396666189
0.13035725116647784
0.15131599683075592
0.15530321550134873
0.15874109599367386
0.13317870581900648
0.11917163422691246
0.12205621396109101
0.12506726596541368
0.12790346537732294
0.13031825159083804
0.1326068004000358
0.13479977066886184
0.13685419170073415
0.1388266740825112
0.14063917244681567
0.14237653165064046
0.14403990493703372
0.1456252732053286
0.14714741649223206
0.14861100014594153
0.15002440825479219
0.1513908445184589
0.15272135394086678
0.15401451457208065
0.15490661626421393
0.1557430245120352
0.1562664116699063
0.15677506450681988
0.15726977928210784
0.15774809286943015
0.15821414200579548
0.1504496603800729
0.1456634430699682
0.14664257948519488
0.14759561070156385
0.14852144045663734
0.1494295922327043
0.15032074631770437
0.15119293967749164
0.15204968404081498
0.15289161395730277
0.15372176950685756
0.1542990117782379
0.15486991317234455
0.15538761855246108
0.1557246048358642
0.15605987578735936
0.1563868668968038
0.15670799754041181
0.1570235914487852
0.15733165782706054
0.157634589765698
0.15793255560698072
0.1547733571255553
0.15165851728882046
0.15194284946544184
0.15257948239157793
0.15320838811093762
0.15382790717776956
0.1542626584036273
0.15467662172639757
0.15506859865705724
0.15532670558502915
0.15558112989788314
0.15583206894617752
0.156079521677649
0.1563236750393675
0.15656452302207352
0.15680224310890023
0.15703526767708287
0.15726534256718727
0.15749254152116537
0.15771693554978572
0.1553296656815768
0.15296758661940535
0.15318566460185162
0.15353346558253783
0.15387722236577417
0.154217027921617
0.15454161279969825
0.15485972773181605
0.15516457102468456
0.15536454090714358
0.15556365558676843
0.15576062924833284
0.15595543246246996
0.15614818511645828
0.15633759175976586
0.15652629739570045
0.15671307746392144
0.1568966725782472
0.15707843174142966
