0.19036422620937
0.0799624763834419
0.008459268962775268
0.0363772821040641
0.013459704006991036
0.04098958696402821
0.10297545835230903
0.0651592649104562
0.045998108863534504
0.05896745223324873
0.09077860630253665
0.12004948496457102
0.0963027313634357
0.08346303194587001
0.07579347925038138
0.07535177607328591
0.08324588721526305
0.09073345318074133
0.0978411542196167
0.10471417282568718
0.11117323951674896
0.10143154008812372
0.09362144494008051
0.09268263521422548
0.09252857971679951
0.09239260258202209
0.0922557636571435
0.09212364331588141
0.09199616080261519
0.09187279062848652
0.09175327577229941
0.09163738257842102
0.09152469169910926
0.09141760907919505
0.09523720542870728
0.09895336163364798
0.09885216457665025
0.09875374164985307
0.0986581297649034
0.09807298307930878
0.0979855692069519
0.09031266867824661
0.08977554267714394
0.09283104889009519
0.0958222036299714
0.09874686792038645
0.09619432588755894
0.09571360032030063
0.09563002085960326
0.09555461913085983
0.09547759138214684
0.09540201698718309
0.09532938756377585
0.09190157833935508
0.10107237220791898
0.1035625639164941
0.10349662468549437
0.10308602647355924
0.09752817493717791
0.09714049696370108
0.09191238449471051
0.08996844799568471
0.08990858096605037
0.09202393142117038
0.09410867563381142
0.09405044975543453
0.09399389845887696
0.09393826810894812
0.09388094937008351
0.09382678756492979
0.09377106101325583
0.0937196232222055
0.09366549561500181
0.09361542949837953
0.09356492299647046
0.09351724270245765
0.0934669607939449
0.09341625898466543
0.09336619094800203
0.09331674103524801
0.09326891190276032
0.09322165902488089
0.0931759626660108
0.09313080391136264
0.09308617025851273
0.09304204963615537
0.09299937965039773
0.09295718910268236
0.09291546733883049
0.09287512247466578
0.09283521614163326
0.09279573890895598
0.09275668164683903
0.09271803551379709
0.09267979194464093
0.09264194263908432
0.09260447955093132
0.09256739487781018
0.09253068105142026
