0.020081119860674096
0.03346853310112349
0.04353468405501035
0.05123586202009342
0.057167597257964636
0.062291752101754666
0.06674457802109174
0.07068843379356776
0.07420325908053504
0.0774251769359777
0.07945007725517458
0.08131544305699381
0.08260393147352305
0.08382009565741147
0.08494914765135828
0.08594210457604198
0.08688444027483253
0.08774289042351699
0.08856046767436984
0.08933268971505912
0.09007539525809746
0.09078936580571559
0.09146797681101662
0.08817677415844286
0.08501724459387636
0.08562241207338908
0.08622819930832584
0.08678921791093588
0.08733290300510269
0.08786037219920131
0.08837263832633305
0.0888665349934539
0.08934710916836106
0.08981395265255662
0.09027010050242376
0.09071612858525871
0.0911447250096594
0.08903497971954802
0.0869812855025798
0.08737981042811258
0.0877691329285187
0.0881503542324307
0.08851891475185056
0.08888201523955822
0.08923722223840266
0.08958487164152698
0.08992613065822477
0.09026292737383482
0.0905929881551327
0.09091233451056849
0.08933002554298494
0.08777757146158219
0.08808167002816028
0.08837651844369618
0.08866756469396384
0.08895422297373304
0.08923593886936829
0.08951287991931481
0.08978588713267308
0.0900564287566877
0.09032260680612145
0.09058112528433135
0.09083560441131924
0.08956975723725238
0.08832308956582294
0.08856940358171686
0.08880969066917047
0.08904649533506678
0.08927991707716457
0.08951005118909197
0.08973812511402554
0.08996419414231174
0.09018720818372924
0.09040724870459452
0.09062154691679483
0.09083359283855238
0.08977872019349667
0.0887372003667328
0.08894348835504398
0.08914521084821489
0.0893444733109813
0.08954133502118425
0.08973682695684157
0.08993098035760502
0.09012287616068518
0.09031256626487935
0.0904976419935978
0.0906806382197464
0.09086250918429786
0.089958332631393
0.08906398408449792
0.08924143611745375
0.08941526081901593
0.08958768642745271
0.08975874187115288
0.08992887629450227
0.0900972746523073
0.09026397201659916
0.0904268386578714
