0.21550028000624927
0.3591671333437488
0.28804618915073343
0.2105808116461905
0.1489024689044337
0.10822672055511479
0.08959107952514372
0.09778357677328314
0.1067663889777104
0.11471133876148143
0.12103297728093265
0.109502553178288
0.09884434080051918
0.10315154620078432
0.10861396789156752
0.11374865417304342
0.11733838358418652
0.10944556447991344
0.10195060272046547
0.10502717800636913
0.10899489013296415
0.112801461645268
0.11549375870362533
0.10950710351261156
0.10374092194003204
0.10613381382906822
0.10926032707798722
0.11228806350394677
0.10280934714514689
0.09797262679549507
0.10070042888252911
0.10334874547711947
0.10591225194062215
0.10840985158329025
0.11084886148197992
0.11259540663768508
0.10866869681429658
0.10483109733287749
0.10644647556789189
0.10858186934308672
0.11038510588393158
0.11188496258576547
0.10848141751110313
0.10514945460356523
0.10655149456397517
0.1084169779485269
0.10999480992176619
0.11131362973321701
0.11260565024443187
0.109672832068485
0.10679463245742066
0.10801122899765869
0.10941603755753676
0.11075667326701433
0.11191038899922823
0.109297343778198
0.10671220014303928
0.10780725236344568
0.10907158006733592
0.11029467527772235
0.11133685478418326
0.11236022772375998
0.1082514560190071
0.10594575764761222
0.10706291636326759
0.10837342914465309
0.10948901241279152
0.1104255656122276
0.11134853819799873
0.11225660151058092
0.10860492802287103
0.10655097828534765
0.10742415570967978
0.10843396817255291
0.10943375042740333
0.11027299939832658
0.11110130812914681
0.11191741566323965
0.10863090952430077
0.10677981902011302
0.10756780840304686
0.10848178023718441
0.10937297128654438
0.1101317223239427
0.11088297907980288
0.1116255196034896
0.11235816159432294
0.1106806788795745
0.10901545227801152
0.10972394123618001
0.11042627959922974
0.11111960881033311
0.11180548641877286
0.10903862945985587
0.10747677184694748
0.10814290720159259
0.10890552400122766
0.10965156884283422
0.11029772013683997
