-0.431000560012
-0.431000560012
0.284483776772
0.387326887523
0.370070056451
0.284730238445
0.14908512824
-0.0737324752333
-0.0898281220443
-0.0873944476215
-0.0758596622334
0.149895513334
0.149214973289
-0.064608081004
-0.0873987470525
-0.0872896667851
-0.0646151294006
0.149963562981
0.149899235189
-0.064608081004
-0.0872896667851
-0.087551144783
-0.0646151294006
0.149666379775
0.149920720887
-0.064608081004
-0.0875423709697
-0.0878043563528
0.284361490764
0.149938330839
-0.0872896667851
-0.0873944476215
-0.0871592197591
-0.0874159874934
-0.0878043563528
-0.0646221707611
0.149214973289
0.149666379775
-0.0646151294006
-0.087551144783
-0.0757359347155
-0.0644938381789
0.149755983285
0.149938330839
-0.0644938381789
-0.0876777190739
-0.0757359347155
-0.0646221707611
-0.0646010255607
0.149573726973
0.149666379775
-0.0644796166326
-0.0758596622334
-0.0737349640213
-0.064608081004
0.148943577599
0.149938330839
-0.064608081004
-0.0758596622334
-0.0746088078336
-0.0646151294006
-0.0644724951933
0.262961389104
0.149870394141
-0.0737324752333
-0.0878043563528
-0.0758596622334
-0.0646221707611
-0.064608081004
-0.0644724951933
0.262920491115
0.149938330839
-0.0646151294006
-0.0757359347155
-0.0759834513686
-0.0646221707611
-0.064608081004
-0.0644724951933
0.262920491115
0.149938330839
-0.0646151294006
-0.0758596622334
-0.0748600481462
-0.0644938381789
-0.064608081004
-0.0646010255607
-0.0644724951933
0.149295961613
0.149870394141
-0.0644724951933
-0.0646151294006
-0.0644796166326
-0.0644724951933
0.262851411097
0.149938330839
-0.0646151294006
-0.0747364463642
-0.0738584393191
-0.0646151294006
