0.0244068403592973
0.052858882120006445
0.06796821270361675
0.045084153894559775
0.041660729894128945
0.014441611160871948
0.002352302215831048
0.013843059629656929
0.019890268867899352
0.024315900377810395
0.02850641282339439
0.03979387918456301
0.043303875699833294
0.035626004722139615
0.018044231871120142
0.029372867308813166
0.032185285689016796
0.03037981608704876
0.03464475101569697
0.029156152312520556
0.023020961134772144
0.02672459956111517
0.0004507170976376651
0.0071689478961145525
0.009490066357195182
0.0007360377242479066
0.005544369039566899
0.0010025459143986337
0.0038580871654684268
0.005435870337472282
0.014943336483197789
0.009167328624051785
0.024462546064600743
0.028309407367925865
0.026933862471147818
0.021822908334273028
0.02033293028539751
0.019034891032995827
0.017796900625895562
0.01572013851171372
0.013690585699664637
0.011710417172189014
0.017989091053132955
0.02055043711461535
0.01674994827613918
0.012747521765939518
0.01169703311237369
0.01068338993414275
0.008880748200286503
0.007909775331972568
0.006193512629861342
0.003752182567284823
0.004051767550818708
0.004345374357269338
0.004634701972597632
0.0037690642831110788
0.004045624766376599
0.004318411685326318
0.004587551257905997
0.003778676695598948
0.004038734291949453
0.00429420140652137
0.00454697623637812
0.0037878785702130102
0.00403255090892185
0.004271961476524866
0.004509867198743023
0.0037947751943845365
0.004025883610253578
0.004252565697831501
0.004475754292979639
0.0037976056130509805
0.004015826888115637
0.004231138546179403
0.004444001560795607
0.0037989559019213637
0.004004976143596628
0.004209385945555866
0.004411915276285705
0.003798723724022568
0.003996011396105836
0.004190570123271842
0.0043828126751145335
0.003807385871207214
0.0039957852486303125
0.004180158904140696
0.004364276477531459
0.0038147115524514996
0.003994462542571853
0.004170731861576238
0.004346844323080412
0.004520796894164625
0.003995888933518543
0.004166439948870004
0.004334652181732346
0.004500874562904822
0.003997391416978968
0.004161051482215239
0.004323074946799066
