-0.0488136807186
-0.0853561252821
-0.0604373223344
0.114420294045
0.520469302732
-0.190533831133
-0.0967144715603
-0.145758256609
-0.0604720923824
-0.048681946609
-0.050286149347
-0.146737062695
-0.0491399512138
0.115168064665
0.281308365616
-0.192586802441
-0.0506235308437
0.0343039224374
-0.085298698573
0.115260572767
0.13497420591
-0.0851836838059
0.65220759981
-0.190491624844
-0.0603490799881
0.276104810199
0.134633276829
-0.189860533665
-0.0856662375321
-0.0489112783321
0.652134618261
-0.190608259352
0.520037392979
0.134640145616
-0.049519616284
-0.189105303064
-0.0566191658573
-0.0506235308437
-0.049519616284
-0.0851472466815
-0.0852412181061
-0.0851472466815
0.276261650762
0.115260572767
-0.17482248657
-0.188114045979
-0.0504234553712
-0.0496685157333
-0.0901320866928
-0.049519616284
-0.0892456605098
-0.129390493317
0.0161775891108
0.0161483743548
0.0162023464584
-0.0493413483007
0.0160405080294
0.016094428218
0.0161483743548
-0.0493413483007
0.0161235709737
0.016094428218
0.0161775891108
-0.0493413483007
0.0161483743548
0.0160405080294
0.0161775891108
-0.0493413483007
0.0161775891108
0.016094428218
0.0160695788507
-0.0495048536348
0.0161483743548
0.0161483743548
0.0161775891108
-0.0496685157333
0.0160695788507
0.0161483743548
0.0162023464584
-0.0496685157333
0.0161775891108
0.0161483743548
0.0161483743548
-0.0489112783321
0.0162023464584
0.0160405080294
0.0162023464584
-0.0489112783321
0.0161775891108
0.0160405080294
0.0162023464584
0.0161775891108
-0.0493413483007
0.0162023464584
0.0161483743548
0.0161235709737
-0.0493413483007
0.0162023464584
0.0162023464584
