-0.43880259254
-0.43880259254
-0.256906213448
0.38053537372
0.400053967541
0.372806877824
0.357472022371
0.26867863768
0.263985664084
0.263908982325
0.131822747371
0.131537908715
0.132767098546
-0.105103787985
-0.104942222762
-0.104715735696
-0.0820341499148
0.132494651976
0.24640794408
0.132240310865
-0.104711482943
-0.105185454424
-0.10470299009
-0.104968439881
-0.106991343799
0.13244432523
0.132541403208
0.132512261928
-0.0932857311442
-0.104715735696
-0.105103787985
0.269150770707
0.132512261928
-0.104968439881
-0.104581103787
-0.104715735696
-0.105230425264
-0.0820411983114
0.132329914374
0.132104130807
-0.0818985641041
-0.0932857311442
-0.0820411983114
0.131537908715
0.132240310865
-0.0820270944715
-0.0932857311442
-0.0820411983114
-0.0818985641041
0.132240310865
0.132469444424
0.132512261928
-0.0821625501181
-0.0931620036263
-0.0912845082298
-0.0820270944715
0.131632035185
0.132240310865
-0.0818985641041
-0.0820482396719
-0.0819056855434
0.245535320193
0.13244432523
-0.0819199070897
-0.0931620036263
-0.0921605282118
-0.0821625501181
-0.0818985641041
0.131331192981
0.132240310865
-0.0818985641041
-0.0820341499148
-0.0818985641041
0.131632035185
0.132376354503
-0.0818985641041
-0.0820411983114
-0.0820270944715
0.24511719355
0.132512261928
-0.0821625501181
-0.092162515275
-0.0819199070897
-0.0820341499148
-0.0818985641041
0.245576197063
0.132376354503
-0.0819056855434
-0.091158544144
-0.0820411983114
-0.0820270944715
0.146466385806
0.132512261928
-0.0818985641041
-0.0820411983114
-0.0820270944715
-0.0818985641041
0.245466342728
0.132512261928
