-0.185145233473
-0.185145233473
0.184108729537
0.188203058241
0.183655336318
0.183623389202
0.0515389202769
0.0520051974335
-0.185428504926
-0.185027707031
0.0521484493373
0.051307318244
0.0507994462278
0.0512131917743
0.0516943110802
0.0518067491741
-0.162365915252
0.0519155939237
0.0518999850332
0.0518067491741
0.0522166862671
0.051424808127
0.0521875449876
-0.162230402484
-0.172487232216
0.0522127771296
0.0514641874371
0.0520118724528
0.0522166862671
0.0523275217649
0.0518475209601
0.0521875449876
-0.162351811412
-0.185555142204
0.0518475209601
0.0520118724528
0.0522166862671
0.052101737804
0.0507303663715
0.0519155939237
0.0521875449876
-0.162223281045
0.0522127771296
-0.192262754729
0.0521875449876
0.0522166862671
0.0523275217649
0.0522127771296
0.0519155939237
0.0521875449876
-0.162223281045
-0.162358866856
0.0519155939237
0.052101737804
0.0521447274828
0.0521484493373
-0.518201617163
0.0521875449876
0.0514641874371
0.0516698280505
0.0518751580286
0.0521484493373
0.0521484493373
0.0522166862671
0.0522848888897
0.0523275217649
0.0521447274828
0.0517794138661
0.0524423816056
0.0521875449876
0.0516407759836
-0.162223281045
-0.519127309481
0.0521875449876
0.0518751580286
0.0521484493373
0.0521484493373
0.0522166862671
0.0522166862671
0.052101737804
0.0523275217649
0.0521447274828
0.0522166862671
-0.192128858344
0.0520516375626
0.0521447274828
0.0521447274828
0.052101737804
-0.333476935125
0.052119608289
0.0522166862671
0.0522380980055
0.0523275217649
0.0521447274828
0.0521484493373
0.0518475209601
-0.185266939702
0.0521875449876
0.0521447274828
