-0.00612582606866
-0.0152132719417
-0.00581381440377
0.0198306555243
0.0257243109914
0.0255868727791
0.0179162514317
0.021202670937
-0.0152132719417
-0.0584651283261
-0.0237591702107
-0.00585534436981
-0.00608433437957
0.0146731062541
0.0197388295651
0.0197388295651
0.014698654702
-0.0778097380148
-0.0179571683602
0.0146475695176
0.0197388295651
0.0180481354051
0.0179689686392
0.0146225706557
0.0148256262211
-0.00612582606866
-0.00579303518516
-0.00616727979646
-0.00614655767446
-0.00612582606866
-0.00608433437957
-0.00606357428324
0.0146475695176
0.014698654702
-0.00606357428324
-0.00612582606866
-0.00612582606866
-0.00608433437957
0.0148000720981
0.0146475695176
-0.00608433437957
-0.00612582606866
-0.00612582606866
-0.00612582606866
-0.00608433437957
-0.00606357428324
0.0146220444845
0.0146475695176
-0.00606357428324
-0.00612582606866
-0.00608433437957
-0.00608433437957
0.0148000720981
0.0146220444845
-0.00608433437957
-0.00612582606866
-0.00612582606866
-0.00608433437957
-0.00608433437957
0.0148000720981
0.0146220444845
-0.00608433437957
-0.00612582606866
-0.00610508497253
-0.00608433437957
-0.00606357428324
0.0148000720981
0.0146220444845
-0.00608433437957
-0.00612582606866
-0.00608433437957
-0.00608433437957
-0.00606357428324
0.0148000720981
0.0148256262211
-0.00608433437957
-0.00612582606866
-0.00608433437957
-0.00608433437957
-0.00606357428324
0.0148000720981
0.0148256262211
-0.00608433437957
-0.00610508497253
-0.00608433437957
-0.00608433437957
-0.00606357428324
0.0148000720981
0.0148000720981
-0.00606357428324
-0.00608433437957
-0.00608433437957
-0.00608433437957
-0.00606357428324
0.0148000720981
0.0148000720981
-0.00606357428324
-0.00608433437957
-0.00608433437957
