0.02697217120145151
0.04495361866908586
0.05498525735283631
0.06276102280032116
0.06866676762793276
0.07029736156645043
0.06589677442563165
0.06191758911991917
0.06302131293808773
0.06405507122994712
0.0650080335162777
0.06586740754655514
0.06666846066243719
0.06740427654121621
0.06807901262748108
0.06606681245649233
0.06415444329017216
0.06473535056289244
0.06529394368257278
0.06582797909316083
0.06632674445545268
0.06680569157121062
0.06726646992525238
0.06769916097090482
0.0663821742406868
0.06511650126782505
0.06551145414271799
0.06589890813984307
0.06626538537080383
0.06662142531214853
0.06696700907767984
0.06729415384677796
0.06628402066960505
0.06530568767001453
0.06561287323937572
0.06590943642776546
0.0661993254715137
0.06648233157873641
0.06675826253327856
0.067021574176699
0.0672786164952761
0.06647990654123238
0.06570168710973993
0.06594159327374523
0.06618106683162421
0.06641590168655369
0.06664584414867213
0.0668715315057538
0.06708744705335855
0.06729955050710974
0.06663907881434282
0.06599300985234909
0.06619293165568683
0.06639360871353565
0.06659070225249432
0.06678471419103822
0.06697084828380094
0.06715382756143208
0.06658141876103409
0.06601895617861421
0.06619308162023095
0.06636827587708309
0.06654073272367193
0.06671086626977966
0.06687443865432872
0.06703556966000392
0.0671946472503173
0.06669690046736253
0.06620724437421384
0.0663592975767524
0.06651259255149804
0.06666408132542957
0.06680997020894629
0.06695391390734946
0.0670962464881562
0.06665021365667724
0.06620989919483262
0.06634655460470905
0.06648452008198012
0.0666210470016962
0.06675270282340641
0.06688277243039724
0.06701129358968579
0.06713855566193651
0.06673920068491467
0.06634483036850532
0.0664675096569171
0.06659176449396208
0.06671463872170656
0.06683327363797291
0.06695061904427983
0.06706693384149824
0.06670156652209526
0.06634004517447549
0.06645250118885297
0.06656650820428599
0.06667935188282682
0.06678840013919286
0.06689635791299524
