0.0020486069606105994
0.26252720249270955
0.47664506497630577
0.44821555566902893
0.424524297912965
0.4042175055506244
0.38644906223357645
0.3706548903962005
0.35644013574256206
0.3435176315119818
0.3316720026339498
0.3207375759773049
0.31058417979613473
0.3011076766937092
0.2922234550351851
0.2838618346506919
0.27596474873200394
0.26848329891429945
0.26137592158748035
0.2546069908000336
0.24814573868474332
0.24196541057446586
0.23604259613544987
0.2303566942739944
0.22488948094567196
0.21962475699988004
0.21454805890929485
0.20964641937355755
0.20490816782234467
0.20032276309536445
0.1958806522661024
0.19157315085590898
0.1873923406636625
0.18333098219119448
0.1793824392318505
0.17554061364978601
0.17179988874093388
0.16815507985538558
0.16460139119197603
0.16113437786182028
0.1577499124680969
0.15444415557190194
0.15121352951425682
0.1480546951467817
0.14496453109164287
0.14194011520789007
0.15412438012481855
0.17063071953749065
0.16778776860676292
0.1650005618119318
0.16226695514777056
0.1595849259678387
0.15695256399494262
0.15436806314882656
0.15182971410353396
0.14933589749763254
0.14688507772976378
0.1444757972799945
0.14210667150438805
0.14170452990195714
0.14036942019528187
0.13809322659468615
0.13619620601865956
0.14695801052604762
0.1596831643783706
0.15756155920618575
0.15547115411006251
0.15341104473997003
0.1513803655037359
0.14937828738350512
0.14740401590383312
0.14545678923895122
0.143535876447919
0.14164057582743383
0.15249817448209646
0.16307169892354068
0.16124929448076653
0.1594499584486605
0.15767311411695573
0.15591820613502516
0.15418469946994728
0.15247207842734023
0.15077984573047842
0.14910752165357988
0.1474546432054823
0.14582076336023653
0.14420545033141396
0.14260828688718497
0.1410149388471571
0.13983971018219088
0.13828910203309763
0.1369557890043922
0.13543810018311764
0.13910038464573626
0.13924768559444334
0.13782289506467316
0.1365520397545542
0.14467056779454446
0.15302661455713074
