0.00409721392122
0.781435786596
0.856471449934
-0.142147546536
-0.142147546536
-0.142147546536
-0.142147546536
-0.142147546536
-0.142147546536
-0.142147546536
-0.142147546536
-0.142147546536
-0.142147546536
-0.142147546536
-0.142147546536
-0.142147546536
-0.142147546536
-0.142147546536
-0.142147546536
-0.142147546536
-0.142147546536
-0.142147546536
-0.142147546536
-0.142147546536
-0.142147546536
-0.142147546536
-0.142147546536
-0.142147546536
-0.142147546536
-0.142147546536
-0.142147546536
-0.142147546536
-0.142147546536
-0.142147546536
-0.142147546536
-0.142147546536
-0.142147546536
-0.142147546536
-0.142147546536
-0.142147546536
-0.142147546536
-0.142147546536
-0.142147546536
-0.142147546536
-0.142147546536
-0.142147546536
0.584844716013
0.808810631221
-0.142147546536
-0.142147546536
-0.142147546536
-0.142147546536
-0.142147546536
-0.142147546536
-0.142147546536
-0.142147546536
-0.142147546536
-0.142147546536
-0.142147546536
-0.0245306377483
-0.0827768018139
-0.143400196838
-0.121409316866
0.69951729298
0.839860154253
-0.142147546536
-0.142147546536
-0.142147546536
-0.142147546536
-0.142147546536
-0.142147546536
-0.142147546536
-0.142147546536
-0.142147546536
0.825177497754
0.814161381991
-0.142147546536
-0.142147546536
-0.142147546536
-0.142147546536
-0.142147546536
-0.142147546536
-0.142147546536
-0.142147546536
-0.142147546536
-0.142147546536
-0.142147546536
-0.142147546536
-0.143401323603
-0.106945808512
-0.142655949717
-0.12399811167
-0.1426627492
0.347917023949
0.0141408910759
-0.138204681388
-0.124543820392
0.803734275959
0.835604676259
