0.2030833993219715
0.38806037562619955
0.557560177255888
0.49343621926548487
0.4399995876068157
0.3941967604708134
0.3541192867268115
0.318494865621032
0.28649006698893664
0.34509302212397186
0.4015929560005347
0.3769298952349951
0.3540284816669941
0.33265382900352636
0.3126150921315254
0.33651935522546284
0.37343471945208884
0.3565599936651407
0.34052900416753995
0.32526139512220587
0.31068776830620515
0.33479515068681587
0.3624009624854174
0.34957617088733683
0.33724464050456704
0.32536983346930715
0.31391912668530664
0.33308319978638656
0.35510605890915103
0.3447634850397312
0.3347441166037308
0.3250283653930637
0.3155983715709456
0.33099080701117667
0.34923429693497865
0.3405688972065457
0.3321315343130715
0.32391051405789173
0.31589501930909136
0.3118808677235295
0.30567640033369214
0.31819399631182843
0.3109204985207469
0.3229877547190385
0.33739669725813703
0.3305749995995835
0.32389542064224974
0.3173521596228208
0.3109295400999631
0.3188869815851476
0.3126970205556229
0.30812497123223437
0.3033109377775197
0.3147976076659724
0.3263052595335776
0.3379019771677687
0.3323740497548029
0.32693981602680267
0.3215961528609358
0.3163481123807437
0.31214743670657685
0.3080255162518709
0.3039544686114357
0.3122350769329283
0.307379608591832
0.3039270609392114
0.31156012842795855
0.30692082090107864
0.3146825352293491
0.31014902602120753
0.3174686326952524
0.3266627870507619
0.335489516825376
0.3312145862926825
0.32699590484594543
0.3228320114699452
0.31872150134235533
0.3146455419312003
0.32137307620122246
0.3293648231722768
0.3262083457256413
0.32234545669007475
0.3185285544287413
0.314894140518876
0.32119052081784105
0.3175510487812401
0.31390173525092213
0.31973447087030005
0.32700823663705036
0.3340984234362432
0.33061342571937335
0.32716590109623334
0.32375505226695656
0.3203801071095669
0.32212131988898696
0.3286189272704929
0.32534729676077845
0.3221087130238893
0.3189025151243692
