-0.464149172539
-0.464149172539
0.330363428014
0.371859450086
0.343516342662
0.317687580665
0.242826108542
0.225690447862
0.10434161011
0.105318892755
-0.132452935716
-0.132164733214
-0.120632030732
0.105250655826
0.104315398262
0.104977364517
0.105017800412
-0.120384514079
-0.131807799122
-0.120508241597
0.104881620354
0.104908955662
0.105246933971
-0.109249604924
-0.132452935716
-0.109249604924
0.105429728253
0.104977364517
0.105544588094
0.105289751476
-0.118381054597
-0.132199724146
-0.109142417542
0.105153844051
0.105203944292
0.105017800412
-0.109249604924
-0.120508241597
-0.280444245288
0.105017800412
0.104772034539
0.105250655826
0.104525266907
0.105153844051
-0.109249604924
-0.119383038664
-0.109249604924
0.105017800412
0.105429728253
0.105017800412
-0.109121074557
-0.109263708764
-0.109121074557
0.105017800412
0.104525266907
0.105017800412
-0.109121074557
-0.109256660367
0.104727890351
0.105017800412
0.104810970955
-0.109256660367
-0.119383038664
-0.109256660367
0.10422476195
0.105017800412
0.105107403922
-0.109249604924
-0.109270750124
-0.109249604924
0.104525266907
0.105017800412
0.105289751476
-0.109121074557
-0.109263708764
-0.109121074557
0.103970697595
0.105017800412
0.105289751476
-0.109121074557
-0.109263708764
-0.109121074557
0.103901652716
-0.280798742925
0.105289751476
0.105361673248
0.105314983618
0.105017800412
0.105107403922
-0.109121074557
-0.109256660367
-0.109121074557
0.105107403922
0.105017800412
0.105289751476
-0.109121074557
-0.109256660367
-0.109121074557
0.105289751476
