0.12460752108231243
0.25256075085079444
0.1354315453209739
0.05201188044887728
0.11231520941317752
0.16404597270435772
0.20945524453010778
0.2370380604991007
0.23795013320648173
0.22368469923322665
0.19696124789557468
0.17232864159937278
0.17304066287545994
0.18963417322249987
0.20514921628195615
0.20718854747733506
0.20769525453699123
0.20820834480803152
0.20868404383838446
0.20914826836932565
0.20958568841213077
0.21000954559255536
0.21040596145118284
0.21078652067546522
0.21114804072754034
0.2114963736164931
0.21182371402154632
0.2119836604794091
0.21214248522767154
0.21229618659695781
0.2124411380743959
0.2125816970828207
0.21272183656658172
0.21285797206509238
0.21299032602197776
0.21311910284489322
0.2132478127343469
0.2133764575388981
0.2134989235097149
0.2136184025056337
0.21374104043775743
0.21385824795955366
0.21396366721587223
0.2140667438220505
0.21417032517961299
0.21427170267850393
0.21437096814616796
0.21446820778796127
0.2145635026369187
0.2146594041231783
0.2147558877265917
0.21485055088465765
0.21502028294653708
0.21518692897092784
0.21526975838660678
0.21535335035937653
0.21543550109123644
0.2155162594378106
0.21559567181194184
0.21567378234387413
0.21575063302851727
0.21582826756501317
0.2159066604927865
0.21598384737551724
0.21605806917601222
0.21612729973240052
0.21619736947428103
0.21626642371265603
0.21633449146191142
0.21640160051047297
0.21646777748891566
0.2165330479334071
0.21659743634486484
0.21666096624416986
0.21672532118889676
0.21679047894704606
0.21685480134932167
0.2169183095439735
0.2169795425293819
0.21704001955200747
0.21709975904996692
0.21716181679875246
0.2172232253904659
0.21728251860737458
0.2173364540408399
0.21738976952679412
0.2174424791549534
0.217548091754436
0.217652530880591
0.217755822324041
0.21785799103441006
0.21795911993765438
0.21805662559022343
0.21815310486750228
0.21824857915230944
0.21834306916613921
0.2183904002608129
0.21843725326362118
0.2184849006880999
