0.0276455941412
0.0276455941412
0.0288587412578
0.0290900482261
0.0260424614195
0.0261749490711
0.0261511853773
0.0198841309579
0.0152439167557
0.0155101345671
0.015348184426
0.0154177694714
0.0155286718104
0.0152984941262
0.0153677791777
0.0151524080984
0.0146680891446
0.0146960462177
0.0147379195345
0.0148075427741
0.0148769597837
0.0146643062317
0.0146920920482
0.0138620871079
0.0139325495608
0.0139887701767
0.0137367311804
0.0137789949269
0.0138773211407
0.0139053402418
0.0139333265145
0.0140031489496
0.0140449444716
0.0140588600319
0.0140727674641
0.0141005579721
0.0141283160524
0.0129756620984
0.0106574994877
0.0106723699069
0.0104257236091
0.0104555560794
0.0104704592949
0.0105002397243
0.0105299855353
0.0105448454778
0.0105448454778
0.0105745394745
0.0105745394745
0.0105745394745
0.0105745394745
0.0105893735436
0.0105893735436
0.0106041990033
0.0106486238006
0.0106781974221
0.0107077367851
0.0107077367851
0.0107077367851
0.0107224936383
0.0107224936383
0.0107372419491
0.0107667129735
0.0107667129735
0.0107667129735
0.0107667129735
0.0107667129735
0.0107814357019
0.0107961499175
0.0108255528402
0.0108255528402
0.010840241562
0.010840241562
0.0108549218006
0.0108549218006
0.0108695935632
0.0105956565687
0.0105956565687
0.0105956565687
0.0105956565687
0.0105956565687
0.0105956565687
0.0105956565687
0.0105956565687
0.0106103946677
0.0106103946677
0.0106103946677
0.0106103946677
0.0106251242648
0.0106545579825
0.0106545579825
0.0106545579825
0.0106692621178
0.0106839577806
0.0106839577806
0.0106839577806
0.0106839577806
0.0106839577806
0.0106986449782
