-0.00247799217618
-0.00623134887831
-0.00645856577834
-0.00645856577834
-0.00278505129195
-0.00240649243861
-0.00240649243861
-0.00240649243861
-0.00240649243861
-0.00240649243861
-0.00257088557528
-0.00257088557528
-0.00247799217618
-0.00275719942821
-0.00268562883389
-0.00261399049645
-0.00257814589401
0.00108230836223
0.00111906262525
0.00108230836223
0.00108230836223
0.00108230836223
0.00108230836223
9.83775679604e-05
-0.00257814589401
-0.00257814589401
0.00108230836223
0.00108230836223
0.00108230836223
0.00108230836223
0.00108230836223
9.83775679604e-05
-0.00257814589401
-0.00257814589401
0.00108230836223
0.00108230836223
0.00108230836223
0.00108230836223
9.83775679604e-05
9.83775679604e-05
9.83775679604e-05
-0.00254228431968
-0.00254228431968
0.00108230836223
0.00108230836223
0.00108230836223
0.00108230836223
0.00108230836223
9.83775679604e-05
-0.00254228431968
-0.00254228431968
0.00108230836223
0.00108230836223
0.00108230836223
0.00108230836223
9.83775679604e-05
9.83775679604e-05
9.83775679604e-05
9.83775679604e-05
9.83775679604e-05
9.83775679604e-05
9.83775679604e-05
9.83775679604e-05
9.83775679604e-05
9.83775679604e-05
9.83775679604e-05
-0.00254228431968
-0.00254228431968
9.83775679604e-05
0.00108230836223
0.00108230836223
0.00108230836223
0.00108230836223
9.83775679604e-05
9.83775679604e-05
9.83775679604e-05
9.83775679604e-05
9.83775679604e-05
9.83775679604e-05
9.83775679604e-05
9.83775679604e-05
9.83775679604e-05
9.83775679604e-05
-0.00254228431968
-0.00254228431968
9.83775679604e-05
0.00108230836223
0.00108230836223
0.00108230836223
9.83775679604e-05
9.83775679604e-05
9.83775679604e-05
9.83775679604e-05
9.83775679604e-05
9.83775679604e-05
9.83775679604e-05
9.83775679604e-05
9.83775679604e-05
9.83775679604e-05
