-0.303102041633
-0.303102041633
0.220981211321
0.315905907009
0.234496549957
0.217998814498
0.198893202735
0.0854244408969
-0.150829203514
-0.151415916138
-0.137272011962
0.0861112341558
0.085218303018
0.0854244408969
0.0856754365597
0.0865387708875
-0.128019153362
-0.151212802683
0.0863987941102
0.0859495549794
0.0866536307282
0.085920013589
-0.139399198962
-0.151081907699
-0.128147617733
0.0865855703875
0.0857440179894
0.0864279353897
0.0863559766054
0.085920013589
-0.137272011962
-0.151217255803
-0.128019153362
0.0863559766054
0.0863596984599
0.0850797402295
0.0861268430463
-0.128012031922
0.222550743408
0.0863987941102
-0.151343893082
-0.150959845044
-0.138148344563
0.0862164465561
0.0863559766054
0.0861948819053
-0.128012031922
-0.12815466613
0.0862164465561
0.085450652744
0.0862628866852
-0.128012031922
-0.128276017936
0.0862164465561
0.0852177251627
0.0863308574116
-0.128012031922
-0.128147617733
0.0862164465561
0.0863596984599
0.0863987941102
-0.128012031922
-0.128147617733
0.0862164465561
-0.151081907699
0.0863987941102
0.0850797402295
-0.299335202654
0.0863987941102
0.0864279353897
0.0865387708875
0.0864240262522
0.0862628866852
0.0862164465561
-0.128012031922
-0.12815466613
0.0857298027293
0.0863308574116
0.0860341902443
-0.128012031922
-0.128147617733
0.0855440905266
0.0863987941102
0.0858520251062
-0.128012031922
-0.128147617733
0.0854733370344
0.0863987941102
0.085920013589
-0.128012031922
-0.128147617733
0.0854733370344
0.0863987941102
0.085920013589
-0.128012031922
-0.128147617733
0.0855651599455
0.0863987941102
0.085920013589
