0.15155102081672786
0.2525850346945464
0.19733973186432585
0.1341585504625385
0.0950757921363366
0.06393310435095734
0.039071454009122486
0.029579849465027452
0.044662769816439074
0.058427853101720495
0.06986718743191056
0.0632432463430011
0.05715622469885756
0.05146126197240053
0.04610654718741697
0.041016031252859686
0.048128206439617516
0.056086775001889966
0.051766835296380986
0.0476739993449809
0.043735197948242654
0.039999545183502794
0.04580784514027114
0.05185112144822146
0.056779875976413874
0.05357300299910067
0.05051071664233597
0.04753044300820897
0.044651910454697186
0.04188029711311597
0.04617004748693726
0.05075238857187536
0.054517657788394236
0.052050344171098384
0.04965146365832246
0.047352011219686296
0.045085515350046346
0.0483678751429274
0.042804106557726485
0.04069681889650256
0.04430024492226098
0.04781093899304317
0.050950674096738646
0.049034753062158265
0.04715744922291143
0.04532351556535197
0.047990432897067836
0.05060583424665155
0.048881505315529206
0.0472060023205495
0.04554710065352641
0.047962422010552064
0.050337903824188124
0.04877033206862236
0.04724858697643203
0.04573401053061377
0.047941114529275186
0.05011310805017355
0.048676167274238236
0.04726043451259998
0.04586690557533901
0.04789884258997967
0.04990114911705784
0.04857474224696373
0.0508638620605813
0.04957432782013088
0.048323155169696486
0.05266134651250909
0.051427078025220785
0.05020978316057734
0.04900785578714023
0.047823965016562664
0.046658250331627515
0.04550869771087929
0.04719306655196298
0.04885741286533446
0.047758312830342986
0.04666551716690448
0.04559008978885121
0.047170485244682814
0.04873326107069503
0.04770260937760323
0.04667405230486299
0.04566402848008472
0.04715254047918194
0.0486255016025498
0.04765421368170453
0.04668344071417441
0.04572877389651864
0.047135499522039104
0.048528408410441315
0.04760934027028668
0.04669020416273156
0.04578578296705771
0.04711924163291564
0.048440351094080625
0.047567237217085834
0.04669452212506381
0.045835321989173616
