0.381338822608
-0.330588834943
-0.285481977462
-0.223276436466
-0.00321410520847
0.382591813328
0.502920587942
0.502753733924
-0.328933655996
-0.228112700272
-0.188508980126
-0.00739214689189
0.14458836095
0.144943760917
0.14458836095
0.142764390967
0.142676956897
0.502817398857
-0.328491516105
-0.19459721541
-0.122102472938
-0.274056761654
-0.187376566661
-0.0228598729569
-0.00329076366173
0.138226432402
0.142818829998
0.143142140172
-0.00329076366173
-0.285282790869
-0.121886844005
-0.00365187273636
0.138226432402
0.142551297578
-0.328681572647
-0.121857629249
-0.00321410520847
0.142470380733
0.142704370745
0.137943296669
0.138069591839
-0.121886844005
-0.0235368686491
-0.00306101244947
-0.00322111970708
-0.0032351179764
-0.0032351179764
-0.00339507274356
-0.00339507274356
-0.00339507274356
-0.00322812395557
-0.194561490818
-0.0233883296791
-0.00329076366173
0.138108149772
0.138344772828
0.57864539031
0.145426525841
0.142425576465
-0.00329076366173
0.142890369442
-0.00698094418785
0.514367270923
0.138329596215
-0.0229451826061
-0.186919032459
-0.121857629249
-0.328528810782
-0.188720356004
-0.122210131978
-0.121832871902
-0.0032351179764
-0.122210131978
-0.103731295923
-0.121886844005
0.51876118849
-0.00322812395557
-0.103731295923
-0.0235524710739
-0.0227746455932
-0.0235758428663
-0.121940790142
-0.0227746455932
-0.121832871902
-0.121857629249
0.531652559158
-0.00322111970708
-0.0235368686491
-0.0233883296791
-0.0227746455932
-0.0235758428663
-0.0227746455932
-0.121857629249
-0.103731295923
-0.121886844005
-0.0068985838211
-0.0236149243147
-0.0236929422174
-0.333062845015
