0.19066941130412995
0.08047313298968894
0.00910263862426286
0.03555264866893615
0.036088332870347406
0.018567640462153423
0.08143271395495677
0.1372942399464857
0.10440087434691103
0.08366335614039144
0.06795427446323876
0.06738564777924716
0.07771338784708226
0.08737630524154882
0.09641307780090458
0.10481098315190618
0.11273748075729739
0.13920155438132753
0.12277697857606151
0.11351044450891568
0.10796033210262934
0.09604482072637555
0.088237463782181
0.08732306886390673
0.08719650103076337
0.09231599852711891
0.0974166710270552
0.10235260689506098
0.1022429147730034
0.09304024409980816
0.0892312802246471
0.08912061741445432
0.09318610072038369
0.0972589949369067
0.08812895125228071
0.08483550181311572
0.08475092009710339
0.08840400678255578
0.09197161605118342
0.09533608670165106
0.09862345793591365
0.09578888016835196
0.09525395133541847
0.09518592883654142
0.09511590449508323
0.09504707219771313
0.09497967390653828
0.09491038670769014
0.09484248525281902
0.09477591519902384
0.09471383589218596
0.09104286436731601
0.09060974715103665
0.09054991508445975
0.09301613204467984
0.09544323332237103
0.10541987798288077
0.10788473435306212
0.11025849396081155
0.11020454701553728
0.11250923039364036
0.11239842175573789
0.12043541036390859
0.12256355799799079
0.1222159037160796
0.11942606741071438
0.11763404345116868
0.11287275633838156
0.11017675125261661
0.10845548178813824
0.10676335856728336
0.10671904188267523
0.10506755361270281
0.1036844696670689
0.10208069540384324
0.10881785369591956
0.10877646749136094
0.10746341311259455
0.10716900722417022
0.10688783876005625
0.10660032848119838
0.10513116233491038
0.10486003560165769
0.10342670769693363
0.10200975851961847
0.10812070747546121
0.10808410384242617
0.10781964464412197
0.10755977431435437
0.10730950348365953
0.10705324432206886
0.10680835565977609
0.10551199790180688
0.10442008952367487
0.10315043489862119
0.10307931547778504
0.1028383468623294
0.10259902421366829
0.09926839576351787
