-0.283463246792
-0.371780154195
-0.3120028238
0.293423469026
0.4257015644
0.292901526777
-0.0920229677836
-0.277130230282
-0.275984032149
-0.0921832686303
0.0562521855999
0.067913035908
0.0564830313563
0.0562565442907
0.0559008458759
0.0539500549461
0.0544642846812
0.0537424350032
0.0540099674231
0.049134434094
0.0495359102532
-0.0920996262369
-0.0920299822822
0.0494175698264
0.0536615181575
0.0492607292639
0.0492992871972
-0.0920996262369
-0.0920299822822
0.0492992871972
0.0492607292639
0.0495207336402
0.0492992871972
-0.0920996262369
-0.0921065880785
0.0492992871972
0.0495131341935
0.0494175698264
0.0493069761968
-0.0920996262369
-0.0920229677836
0.0493069761968
0.0495207336402
0.0492992871972
-0.0920996262369
-0.0921832686303
0.0492992871972
0.0495131341935
0.0495359102532
0.0492992871972
-0.0920996262369
-0.0921832686303
0.0492992871972
0.0493946256487
0.0494175698264
0.0492992871972
-0.0920996262369
-0.0921832686303
0.0492992871972
0.0495359102532
0.0492992871972
0.0493069761968
-0.0920996262369
-0.0921832686303
0.0493069761968
0.0494175698264
0.0492992871972
0.0493069761968
-0.0920996262369
-0.0920229677836
0.0493069761968
0.0494175698264
0.0492992871972
-0.0920996262369
-0.0920996262369
0.0492992871972
0.0495359102532
0.0492992871972
0.0492992871972
-0.0920996262369
-0.0920996262369
0.0493069761968
0.0494175698264
0.0492992871972
0.0493069761968
-0.0920996262369
-0.0920996262369
0.0493069761968
0.0492992871972
0.0492992871972
0.0493069761968
-0.0920996262369
-0.0920996262369
0.0493069761968
0.0492992871972
0.0492992871972
-0.0920996262369
-0.0920996262369
0.0492992871972
