0.14173162339617773
0.2656583414611007
0.3436590474110801
0.2849743536058257
0.21402409287244173
0.17218101761858334
0.18368388859153573
0.21447613640065744
0.2420745396155446
0.25045483676375785
0.24576715463043414
0.24054307494520272
0.23650857270546466
0.23275813641942006
0.2292643335521774
0.22609080090828831
0.22306500731488693
0.22023645810419473
0.21753595973304157
0.21519622477618333
0.21294459249194503
0.21694892406746158
0.22078350666255453
0.2188068038694967
0.21674289932497776
0.2149184278707601
0.21315773904228968
0.21633358822287174
0.21940125429894614
0.21781095471194056
0.21627155692244437
0.21477092863031744
0.2133209495951065
0.21595236748758878
0.2185108838231024
0.21717847065561124
0.2158754934399928
0.2146083762649557
0.21337570186003557
0.21562203420727655
0.21781305724974365
0.21666638338470162
0.21554091216560645
0.21444537245011375
0.216447538237872
0.21840888437894318
0.21738181589566874
0.21637134376927075
0.2153806255642059
0.21441397287406527
0.21618511953246683
0.2179244264877564
0.21701147672484578
0.21611339262214257
0.2152309360180989
0.2143660362427099
0.21595396083300095
0.2175163891148712
0.21669473432825165
0.21588267022573948
0.21508752043223672
0.2143048700164144
0.21574392667636566
0.2171621308091402
0.2164150554122189
0.21567747974316748
0.214952490225562
0.2142378963676373
0.21555360531387846
0.21684970345167592
0.21616488433783138
0.21548793132651017
0.21482172474276462
0.21604971975925635
0.21726155694658372
0.21662130646350358
0.21598623069102613
0.21536218908093535
0.2147459479909707
0.21588298041364823
0.21700614658726874
0.21641208663309036
0.21582378223039456
0.21524379061631016
0.21467045368378918
0.2157290700773165
0.21677565673909927
0.21622164577059583
0.21567387591284948
0.21513212550408933
0.2145961801106458
0.2155864986723327
0.21656628193017186
0.2160472611281002
0.215533726886463
0.21502548681226535
0.2159652789167233
0.2168955781716413
0.21640258529966955
