0.02431818372940213
0.04053030621567022
0.0504040009359001
0.057279053399502025
0.062325870246300555
0.06667781926845635
0.07023128752166456
0.07092271031108092
0.07153361594354697
0.0720689499499529
0.07256324752537248
0.06952696770876889
0.066717359673142
0.06712320194183409
0.06751212726088081
0.06788069466711423
0.06822878610633469
0.0685596833683166
0.06887510526051656
0.0691629506320232
0.0694377121230068
0.06970052746220849
0.06995328577579966
0.07019679113701492
0.07043093090741422
0.07065719225277202
0.0708659682662882
0.07106902599285596
0.07126531512853813
0.07145596443788386
0.07164065595631254
0.07182040052919238
0.0719871260523768
0.07214908798918453
0.07230714817111074
0.07124034715446624
0.07020252275658255
0.07035406451529326
0.07050679092340977
0.07064936966434764
0.07078855367335841
0.07092549958197387
0.07105933308357536
0.07119019250736348
0.07131867356366171
0.07144442098046423
0.07156754865941668
0.07168860112686638
0.07180723254496708
0.0719183828937567
0.07202739573583881
0.07213435173184392
0.07140339547969861
0.07068572934122867
0.07079165025024715
0.07089496032165883
0.07099648918494271
0.07109629722003534
0.0711947993631973
0.07129168671712709
0.07138701137179997
0.07148082293671613
0.07157350373210732
0.07166475866910786
0.07175463095554778
0.07183923793746226
0.07192260069905447
0.07200475530468158
0.07208573627308544
0.07216587946392126
0.07161766227481227
0.07107695491021164
0.07115355852897205
0.07123236024350162
0.07131012509336633
0.07138688001011591
0.07146265088947128
0.07153773406548437
0.07161187870179732
0.07168510797222984
0.07175423806720875
0.07182253526947706
0.07189001940981361
0.07195670961908739
0.07202262436081146
0.07208802857402231
0.07163948723747861
0.07119598569123313
0.07125897088888057
0.07132391735689946
0.07138815788504856
0.07145170765483046
0.07151480947296913
0.07157724706144318
0.07163903425837063
0.07170018447388647
0.07175802802274638
0.07181528729333496
0.07187197397121765
