0.0054071617965708585
0.020555522379690605
0.031893299960878974
0.03522502723365861
0.037039860781477696
0.03847384876412485
0.03985229439284799
0.040971815453439864
0.041926336647843176
0.05058777954738469
0.05148897318014645
0.052329458840400744
0.048333422361009126
0.03697054568368929
0.016917568149598994
0.025783607425756916
0.026932271649408257
0.018771392221860528
0.0029637246475960888
0.0054278473068331
0.0063589151615423
0.008502900702533456
0.002073963783051691
0.004083031391145964
0.0048735292231226746
0.002805505356970883
0.0035429733855877332
0.004257135789161093
0.004817903439179982
0.005380591770022813
0.005041477042073139
0.004530382059596105
0.0040343192824859875
0.003721073334024716
0.0033562655201345715
0.0030609597476127792
0.002774407082167696
0.0042033527687916905
0.003932667906617504
0.003666172453366201
0.0034051341629818266
0.0031510338470910337
0.0029035565451157597
0.002666561979590587
0.017774366950332188
0.021400816953732194
0.021179414474264302
0.020760675160454767
0.02041921854758444
0.020091176663241783
0.01977081827162841
0.019456504377969974
0.019072972716791647
0.01876813888600204
0.018399546279256662
0.030870412181188023
0.03387973271661748
0.034822465305408556
0.03464200873062584
0.0330819955108097
0.03292516518940147
0.03220153531409331
0.03071292896893474
0.030549431753327694
0.030383316477628597
0.03022023717041511
0.030026563118017102
0.029360611969980854
0.03735529609458044
0.03720754943274507
0.036921609924699395
0.036799126228273527
0.03657304330798339
0.036297259097672896
0.03602773945552018
0.0357604714832469
0.035497417298930634
0.03491714396057799
0.03372646474345242
0.033594801095938376
0.04317434557345046
0.04305719521288043
0.04251716418302176
0.04197728986424576
0.05002596661808989
0.048091373747283894
0.04757044654580822
0.04705987248862564
0.04655529044975404
0.04605787303381981
0.045559594841103945
0.04382809607097904
0.04334280498638088
0.04286132045555935
0.042388793304433015
0.04192113756723581
0.04879272105097998
0.04862235605682097
0.04816794514592848
