-0.0108143235931
-0.0454450817494
-0.0453511103248
-0.0166586363639
-0.0108890012869
-0.0100379158785
-0.0110275650298
-0.0100756895453
-0.00954521194403
-0.095275871895
-0.0108143235931
-0.0109263135833
0.0559445107115
0.17044315016
0.320847640545
-0.150722667695
-0.0206759560257
0.155056709123
0.316153351485
-0.051746575844
-0.0204834928036
-0.0493116674428
0.154294486068
-0.0502266902024
-0.0205529436314
0.0558366443861
-0.0206491048013
-0.0207107097036
-0.0168230295006
0.316153351485
-0.0108516712944
-0.0168661344217
-0.0168661344217
-0.0109636081961
-0.0131330813
-0.0109263135833
-0.0108890012869
0.0557288817783
-0.010827394487
-0.0109263135833
-0.0109636081961
-0.0109263135833
-0.0108890012869
-0.0106647554486
0.694959028654
0.17044315016
-0.0106273190145
-0.0205182263767
-0.0170728306435
-0.0167301361015
-0.0166586363639
-0.0166586363639
-0.0207107097036
-0.0167658606934
-0.0206411859777
0.71083935641
0.174540591055
0.0556212227387
-0.010827394487
-0.0951608064088
-0.00972347992731
-0.0455886821444
-0.0952708060902
-0.0106273190145
-0.0109636081961
-0.0109263135833
-0.0131698355631
-0.0459506292145
0.559627888722
-0.0104900129903
-0.0205876445793
-0.00894130983909
-0.0167301361015
-0.0206838157733
-0.0204834928036
-0.020579633865
-0.0205182263767
-0.0458415937299
-0.09525433737
-0.0106647554486
0.785522647156
-0.00972347992731
-0.0453626065081
-0.045889317096
0.692186200831
-0.16830957976
-0.0458415937299
-0.0454410910893
-0.0454123834984
-0.04526498485
-0.0458415937299
-0.161029385622
-0.0456173619522
-0.045741030428
-0.0453626065081
-0.0453626065081
0.673415181407
-0.0168661344217
-0.0454410910893
