-0.0137835576444
-0.0069656412697
-0.0114687428296
0.00704977568896
0.00704977568896
0.00704977568896
0.00704977568896
0.00704977568896
0.00704977568896
-0.00989937685342
-0.0022094835703
-0.0146893547458
-0.0262835576444
0.00704977568896
0.00704977568896
0.00704977568896
0.00704977568896
0.00704977568896
0.00704977568896
0.00704977568896
0.00704977568896
-0.0517737537228
-0.017950224311
0.00704977568896
0.00704977568896
0.00704977568896
0.00704977568896
0.00704977568896
0.00704977568896
0.00704977568896
0.00704977568896
0.00704977568896
0.00704977568896
0.00704977568896
0.00704977568896
-0.0762835576444
-0.0299872613481
0.00704977568896
0.00704977568896
0.00704977568896
0.00704977568896
0.00704977568896
0.00704977568896
0.00704977568896
0.00704977568896
0.00704977568896
0.00704977568896
0.00704977568896
0.00704977568896
0.00704977568896
0.00704977568896
0.00704977568896
0.00704977568896
0.00704977568896
0.00704977568896
0.00704977568896
-0.0517737537228
-0.0314117627726
0.00704977568896
0.00704977568896
0.00704977568896
0.00704977568896
0.00704977568896
0.00704977568896
0.00704977568896
0.00704977568896
0.00704977568896
0.00704977568896
0.00704977568896
0.00704977568896
0.00704977568896
-0.0596168909777
-0.0346168909777
0.00704977568896
0.00704977568896
0.00704977568896
0.00704977568896
0.00704977568896
0.00704977568896
0.00704977568896
0.00704977568896
0.00704977568896
0.00704977568896
0.00704977568896
0.00704977568896
0.00704977568896
0.00704977568896
-0.092950224311
-0.0517737537228
0.00704977568896
0.00704977568896
0.00704977568896
0.00704977568896
0.00704977568896
0.00704977568896
0.00704977568896
0.00704977568896
0.00704977568896
0.00704977568896
