-0.465343171502
-0.414984899665
0.231121316893
0.452214165006
0.367854518785
0.230885775542
-0.00782053277531
-0.272741835712
-0.272634073104
-0.00793499202841
-0.00573552113088
-0.00586215840977
-0.00586215840977
0.00608253570964
0.00608253570964
0.00608253570964
0.00620626322757
-0.00586215840977
-0.00586215840977
-0.00586215840977
-0.00586215840977
0.00620626322757
0.00608253570964
0.00620626322757
-0.00586215840977
-0.00586215840977
-0.00586215840977
0.00620626322757
0.00608253570964
0.00620626322757
-0.00586215840977
-0.00586215840977
-0.00586215840977
0.00620626322757
0.00608253570964
0.00620626322757
-0.00586215840977
-0.00586215840977
-0.00586215840977
0.00620626322757
0.00620626322757
0.00620626322757
-0.00586215840977
-0.00586215840977
-0.00586215840977
0.00620626322757
0.00620626322757
-0.00586215840977
-0.00586215840977
-0.00586215840977
0.00620626322757
0.00620626322757
0.00620626322757
-0.00586215840977
-0.00586215840977
-0.00586215840977
0.00620626322757
0.00620626322757
0.00620626322757
-0.00586215840977
-0.00586215840977
-0.00586215840977
0.00620626322757
0.00620626322757
0.00620626322757
-0.00586215840977
-0.00586215840977
-0.00586215840977
0.00620626322757
0.00620626322757
0.00620626322757
-0.00586215840977
-0.00586215840977
-0.00586215840977
0.00620626322757
0.00620626322757
0.00620626322757
-0.00586215840977
-0.00586215840977
-0.00586215840977
0.00620626322757
0.00620626322757
0.00620626322757
-0.00586215840977
-0.00586215840977
-0.00586215840977
-0.00586215840977
0.00620626322757
0.00620626322757
0.00620626322757
-0.00586215840977
-0.00586215840977
-0.00586215840977
0.00620626322757
0.00620626322757
0.00620626322757
-0.00586215840977
-0.00586215840977
-0.00586215840977
