0.10694466155555393
0.02086829272888091
0.19149302828280745
0.13952909385082957
0.254992621109596
0.21577351709558557
0.24246657452459686
0.21217073191674196
0.2574114412105001
0.23251496141917827
0.2812638194551885
0.3370023556466194
0.3174296395050359
0.29916177110622477
0.2820356444823392
0.26591693707162345
0.27776206405484605
0.31518190575416016
0.3014810044550519
0.2884325270273297
0.2759771622099584
0.26406333499334245
0.28861852848691594
0.3169831704034446
0.3064440155579765
0.2962951997808593
0.2865088417100675
0.27705994426240654
0.267926010063001
0.25957770467553654
0.27731666759848783
0.2991469491080737
0.2910875954027158
0.2832585089460825
0.2756468971132445
0.2682410045191319
0.28375287180139164
0.30188548145751526
0.2950350308079611
0.2883516643205911
0.28182742560673
0.2754549133745866
0.26922723096590095
0.28463066273496984
0.2999308560236803
0.2941006852581022
0.2883919763834736
0.28279977177159255
0.27731941125194914
0.27194650878171056
0.2666527919550906
0.2656837246348466
0.26062751421909125
0.2614884883152053
0.2566295011849451
0.2519249742667218
0.2636092648955899
0.25896435808463936
0.27025724914853544
0.2657445113799122
0.2624800253954154
0.2581390932960147
0.2538697027494077
0.25207258075435257
0.24816207729776463
0.24424687639043596
0.24038906980671215
0.2435184135549644
0.24013060675898235
0.24959155615715434
0.25259202558627725
0.24885174967451595
0.2452192902397119
0.24173807399678082
0.25083818661182433
0.24728449900051142
0.2439267618679114
0.24062066148097372
0.23739777832360054
0.23421416300318343
0.23109913486438327
0.22804768338081383
0.22511330879884306
0.22224592378378338
0.2194433656358885
0.21664999337971957
0.21395177230260187
0.2112860870916906
0.2086569862796419
0.20630115559518303
0.20397669487530468
0.20167543868246107
0.1994095217998867
0.19716701934239522
0.19447837113469013
0.19188067663466613
0.18928754529779912
0.18666261535183748
0.1845234333423118
