-0.311353758
-0.395880521094
-0.244901760507
0.391097917715
0.396657518809
0.372838381578
0.0221983158045
-0.310449179206
-0.310664582266
0.0154809872891
0.0224158072895
0.022546448819
0.0225507015724
0.0225591944252
0.0224416679826
0.0223199617534
0.0221983158045
0.021959736195
0.0218429158372
0.02185207435
0.0200079935598
0.0198929052443
0.0201449243299
0.0202708407163
0.0203966950597
0.0205277021439
0.0194285035596
0.0196801313525
0.0196801313525
0.0198058524658
0.0200571093543
0.0203081194285
0.0203081194285
0.0200679650352
0.0200733848858
0.0200733848858
0.0199589256326
0.0199589256326
0.0197249356202
0.0197249356202
0.0153241467266
0.0153241467266
0.0153241467266
0.0154503800779
0.0155765516562
0.0154580431114
0.0157101974279
0.0155993277159
0.0154809872891
0.0153627046599
0.0153627046599
0.0153627046599
0.0153703936595
-0.126036208774
-0.126036208774
0.0155993277159
0.0153241467266
0.0153241467266
0.0153241467266
0.0153241467266
0.0154503800779
0.0155765516562
0.0154580431114
0.0154580431114
0.0157101974279
0.0155993277159
0.0155993277159
0.0154809872891
0.0153627046599
0.0153627046599
0.0153627046599
0.0153627046599
0.0153627046599
0.0153703936595
-0.126036208774
-0.126036208774
0.0154809872891
0.0155765516562
0.0155765516562
0.0154580431114
0.0154580431114
0.0155841511029
0.0157177259826
0.0155993277159
0.0155993277159
0.0154809872891
0.0154809872891
0.0153627046599
0.0153627046599
0.0153627046599
0.0153627046599
0.0153627046599
0.0153703936595
0.0153703936595
0.0153703936595
-0.126036208774
-0.126036208774
0.0153627046599
0.0155841511029
