-0.0434043149084
-0.0797874851971
-0.0445005682343
0.0215488467786
0.286219886175
-0.185434796488
-0.0800135608333
-0.0454524437187
0.120546603071
0.525227148017
-0.185229428268
-0.0913176771561
-0.0798699604383
-0.0441483586162
0.0215488467786
-0.16471328757
-0.0450650173076
0.0215488467786
0.657543914142
-0.18523998831
-0.0549697525667
-0.0434043149084
-0.12394795177
-0.0797874851971
-0.0435400206643
0.286679623284
0.286460040569
0.140345463578
0.525208587572
-0.183808311566
-0.0513984452071
-0.0435125564318
-0.0452522731759
-0.141782912735
0.120631830434
0.525003514939
0.140345463578
-0.080403910631
-0.164836094969
-0.0510835150528
-0.0454524437187
-0.0796898635389
-0.0513409771075
-0.047594714252
-0.0452765499833
-0.0450521977034
0.524676323631
0.0215488467786
-0.0513268407533
-0.0512910131107
-0.0513409771075
-0.0453884868851
-0.0453511922722
-0.141280713956
-0.0510835150528
-0.047594714252
-0.0453138799758
-0.0452018368595
-0.0450650173076
0.638826668457
0.0215488467786
-0.0512551685082
-0.0513268407533
-0.0514342220424
-0.0453511922722
-0.0453511922722
-0.129684334826
-0.0800422406412
-0.0452018368595
-0.0453138799758
-0.0453138799758
-0.0452392022821
-0.045164453703
-0.0450650173076
0.0213040030894
0.525203010033
-0.0434254373358
-0.129728599954
-0.080165909117
-0.0453511922722
-0.0453138799758
-0.0453511922722
-0.0453138799758
-0.0452392022821
-0.0450896341376
-0.0449148916792
-0.0433489567688
0.646160209951
0.0215488467786
-0.0803755079034
-0.130650285626
-0.0848153833045
-0.0453511922722
-0.0453138799758
-0.0453511922722
-0.0453138799758
-0.0452392022821
-0.0452018368595
-0.0452522731759
