0.196445040907
-0.277116095962
-0.231150912873
-0.135251195917
0.669935269222
0.571796528487
-0.276911732937
-0.203855248964
-0.146751162753
-0.136653531164
-0.0702190074623
0.0484537313344
0.194219134121
0.194093413008
-0.275515751962
-0.13627696336
0.0285517873041
0.194377673936
0.194421275215
-0.23352155222
-0.135251195917
0.0281153654689
0.189737428382
0.219776902066
-0.135886998101
0.0281309678938
0.0282795068638
-0.136790837188
0.028807963586
0.0480159638065
-0.142822154538
0.0285517873041
0.0481825440894
0.189989833312
0.194558205985
-0.177936939482
0.0287299893792
-0.136940476344
0.434216869378
-0.274779897271
-0.274979112036
0.028807963586
0.0484537313344
-0.276929238285
0.028807963586
0.0486068240934
0.0484467168358
0.0484467168358
0.0484467168358
0.044279631986
-0.183056316641
0.0283025306928
-0.172090594444
0.652804839029
-0.256262068841
0.044279631986
0.0484537313344
0.0481757477526
0.0486068240934
0.044279631986
0.044686892355
0.0482727637993
0.0282795068638
0.028807963586
-0.135164076821
0.194486666541
-0.0701897927062
-0.135087596254
0.189775986315
-0.177952562632
0.196702641564
-0.0704346363954
-0.135251195917
0.189775986315
-0.176417542378
-0.0703268737877
0.570921997434
0.448207949832
0.194372207288
0.0287299893792
-0.142986547674
-0.175613042327
0.0282795068638
0.434216869378
0.028807963586
-0.233374196835
-0.20352245808
-0.0701897927062
0.448141851976
0.0280529122282
-0.276964544905
-0.274518826473
-0.143101290933
0.0286446626839
0.433539103388
0.196265356005
0.0481757477526
-0.278277975983
-0.256245469784
