0.09822252045330537
0.00585048846613534
0.051937239752010034
0.0789874789353312
0.03266839926831788
0.11435361762365026
0.07973965100653901
0.05708906778835621
0.04241395151305016
0.02999090322540654
0.02413931927021573
0.027866529372861604
0.041739324667230626
0.05467888553441924
0.03745915103677344
0.02944285907443167
0.03102906948021411
0.04125947337156899
0.0509805371323272
0.03986046321707781
0.0337126815845048
0.03493508877880547
0.042840814961384366
0.05163189104402843
0.046405468040140674
0.04744735573991066
0.04845733812790265
0.04374041270761886
0.04470067816048573
0.04624958021876002
0.04178638788945788
0.04265159356533921
0.04406872721502886
0.04949700816678648
0.054901402777488006
0.050092296305013106
0.05084834865709664
0.047337054391857314
0.058192476126310955
0.051490527412395126
0.04494340569725397
0.04561335833878899
0.04671457950547986
0.040560596432484886
0.041186856510441516
0.042221044257109486
0.04323035085785498
0.044219059364707713
0.045187993701423346
0.046056221779580686
0.04253590799802465
0.043069918011096275
0.03988305515102397
0.05175223404245766
0.047176125670289615
0.047952961319167264
0.04878837048010509
0.04960490857760702
0.05041502231249695
0.051140917918825246
0.05186167424713184
0.052627908593152584
0.05306977588789907
0.05351297532768384
0.05146503476979514
0.05436782083757241
0.05333561800365716
0.05137782675360458
0.054088912272392986
0.0515825381508207
0.05431451928365394
0.05334966125083973
0.05152194238710184
0.05405228887130431
0.0517310054189577
0.05081766939574117
0.05813718218335595
0.0638107005356584
0.06624035312675802
0.06659504435366148
0.06485130596738908
0.06273548618031854
0.06307214697631591
0.06818058073370592
0.06851555705447343
0.06583309502188728
0.06352033981643102
0.06273169046018112
0.06771104437102782
0.06801931813177742
0.06500883394802615
0.06205701860961044
0.06053466445074929
0.06083618721584261
0.06535221954280002
0.06737557372842218
0.06786716299120399
0.06505627434491434
0.06249381964706968
