0.0664972063077
0.0664972063077
0.0541213167034
-0.0226479308024
-0.0216291720686
-0.0220606641392
-0.0223984460933
-0.0223458686835
-0.0227236573873
-0.0107370940032
-0.010383847902
-0.0102067783324
-0.0103105458679
-0.0104144885877
-0.0103757769798
-0.0104800682099
-0.00970271473601
-0.0093450161686
-0.00937957683216
-0.00944875685275
-0.00891712482737
-0.00902061934794
-0.00902061934794
-0.00880618642981
-0.00802413429703
-0.00777465957053
-0.00780889221007
-0.00794601732714
0.037215786838
0.037194288077
-0.00777465957053
-0.00902061934794
-0.00902061934794
-0.00880618642981
-0.00798986003048
-0.00802413429703
-0.00777465957053
-0.00780889221007
-0.00784314428893
-0.00794601732714
-0.00794601732714
0.037194288077
0.037194288077
-0.00780889221007
-0.00798986003048
-0.00802413429703
-0.00777465957053
-0.00777465957053
-0.00780889221007
-0.00780889221007
-0.00784314428893
-0.00794601732714
-0.00794601732714
0.037215786838
0.037194288077
-0.00784314428893
-0.00802413429703
-0.00777465957053
-0.00777465957053
-0.00780889221007
-0.00780889221007
-0.00784314428893
-0.00787741582367
-0.00794601732714
-0.00794601732714
0.037215786838
0.037194288077
-0.00784314428893
-0.00777465957053
-0.00777465957053
-0.00780889221007
-0.00780889221007
-0.00784314428893
-0.00784314428893
-0.00791170683087
-0.00794601732714
-0.00794601732714
0.037215786838
0.037194288077
-0.00787741582367
-0.00777465957053
-0.00780889221007
-0.00780889221007
-0.00780889221007
-0.00784314428893
-0.00787741582367
-0.00794601732714
-0.00794601732714
-0.00794601732714
0.037215786838
0.037194288077
-0.00791170683087
-0.00780889221007
-0.00780889221007
-0.00780889221007
-0.00784314428893
-0.00784314428893
-0.00791170683087
-0.00794601732714
