-0.161521376496
-0.128728477968
0.083094063779
0.487535398329
-0.233931645394
-0.0889004181036
0.248622148045
0.487483083288
-0.222966423728
-0.0923501776756
-0.0820760905304
-0.0159889198769
0.102647589665
0.249141856629
-0.224732209565
-0.179320679391
-0.081835024721
0.102293372563
0.248420006951
-0.117313755669
-0.0159641625293
-0.177869382555
-0.0159101644401
0.0830088364154
0.248294285837
0.251160603304
0.250934116238
0.250466228835
0.0828381347119
0.248622148045
0.102654604164
0.248339090105
0.248922273913
-0.117407727094
0.487418902484
0.488345783423
-0.0160720807697
-0.0886212817083
-0.0886212817083
-0.0828889589277
-0.0851324809075
-0.0926464611177
-0.0925502899237
-0.0827900398314
0.620025805763
-0.178740573931
-0.0887285060378
-0.0888646074088
-0.092446138148
-0.092446138148
-0.088785674845
0.0989701255511
-0.0886927814459
-0.0816861252717
-0.0827900398314
-0.088785674845
-0.0828889589277
-0.217961132703
-0.0886212817083
-0.0827769689375
-0.0827900398314
-0.0824526583347
-0.117342437374
-0.117436474052
-0.201877431178
-0.0162876060226
-0.221326590838
0.0828455355132
-0.221578716477
-0.082189249425
-0.0816861252717
-0.0159101644401
-0.0821515477852
-0.0824150822474
-0.204988231989
-0.117913274559
0.083094063779
0.083094063779
0.250907899119
-0.212377043363
-0.0818871319368
-0.179414081497
-0.0159889198769
-0.0816861252717
-0.0924808717211
0.48760163044
0.0823318407232
-0.117407727094
-0.0816861252717
-0.178723581822
0.0822928665059
0.248807529497
0.487483083288
-0.0160181346329
-0.0816861252717
-0.0813064602015
-0.0816861252717
-0.0824150822474
-0.0829262535405
