0.08076068824812188
0.12367018090397475
0.10289666495922367
0.005389585293508192
0.044378192859238386
0.05707825258832122
0.02600048408275424
0.028164302949222342
0.005867660576429512
0.002527810121347951
0.00936748433221779
0.010597401245823201
0.003265430555455029
0.01334402655311906
0.0007017365446628787
0.011250011802949156
0.01579640206522792
0.01041254035137984
0.0020084599961470717
0.0035779093214317603
0.00430355307276431
0.012037004488204106
0.01269992800654185
0.009379574549926772
0.0001702056745809255
0.009472450241385322
0.01843438296417299
0.027071149475714984
0.0298324206327798
0.037852489924539046
0.04106044630465677
0.048585873277531944
0.05590711662791892
0.052552610139525724
0.06609202409742365
0.07929055878453684
0.07886760929059822
0.07659526873397515
0.07437973669126763
0.07235805476620161
0.0703310909350715
0.06817652207186942
0.06607310639178554
0.06423332772886625
0.07771214959327832
0.07390915865856684
0.07206064811611212
0.07024708469960683
0.06839816193664672
0.06658549256119561
0.0648780757372539
0.06674543659670917
0.06510297768104478
0.06361777540337732
0.06213938183496004
0.060581738416627284
0.0591526184351151
0.05545836194862486
0.053981340586819915
0.05262434109604053
0.051289017872953924
0.04998024551843472
0.04814676993446321
0.046340054949053244
0.04328130599180657
0.04303820739445474
0.03978340458801888
0.0409840645229933
0.03781865428761111
0.036661059225287396
0.03552652970762471
0.03530858224954103
0.034198426198389864
0.03309955843509138
0.030402344856286012
0.02887100362824835
0.029936312138235555
0.030988135730374844
0.034124484469363336
0.0315025456624104
0.030503922102205205
0.028342306662484495
0.02815196237823603
0.02719094913974529
0.02611559016624454
0.0317202066080805
0.032655795707207336
0.0313366077623336
0.030428984148203497
0.028464988743566844
0.029359476422978648
0.03203482620251308
0.037220816450255545
0.037052204506751174
0.03620130736850424
0.035363096438592034
0.03452956454806433
0.03369708896980794
0.03286782643440245
