0.06360099444705725
0.09771517745607983
0.1597467149485805
0.1115575967558593
0.031158209003549042
0.05605453471714228
0.026939224430515663
0.01273583854952387
0.003467977881265183
0.01374542547364832
0.021394569604348712
0.01428765602091786
0.0027863880728919987
0.049373873455345385
0.034843555087671674
0.02882749048771427
0.023743430191993098
0.022371813159501763
0.012907763987032417
0.008506347605399145
0.00041622379678030175
0.0035980445082631762
0.0074476226992882255
0.03186719094108181
0.02284487280724512
0.019481645038446294
0.022089451304944996
0.024615903157625407
0.027709457535777693
0.024777932273245207
0.027038832495230092
0.024238319634316996
0.031260264342142574
0.03335117509540275
0.028588178745649895
0.026135991847412998
0.03242367918329081
0.04465889821193003
0.05660093356525964
0.05104489744406526
0.06569654564478578
0.07682656383446596
0.07476315101531705
0.07263107608747255
0.07061957216552228
0.06851975158126633
0.06483397097030741
0.06282146821732293
0.06097587584960329
0.059160845191441824
0.0567091439886519
0.0547745203581107
0.053073311192536665
0.05260143917418081
0.04844943429756732
0.04683908816478832
0.04525455280993129
0.04369687398651245
0.042161387209851076
0.040661172696359604
0.03690528886598132
0.03321432365591381
0.031784431697742255
0.03320581441442838
0.029995387807408513
0.02802051802792971
0.027640872734868815
0.03456723899066805
0.03791168672152512
0.04130927633301884
0.040947321838333606
0.04059327944539948
0.03807136981018877
0.036370761849055855
0.04416679102591914
0.05037079671783218
0.05130902590198738
0.05013919141578316
0.048857937477041924
0.0460046725945501
0.044884216645371344
0.043781649352323426
0.0426817417405394
0.03996892979982536
0.03844289340972362
0.03927807852927656
0.03898471625736588
0.041697795923415826
0.04437932810125789
0.04329747929071315
0.04228969756268075
0.03978668119978701
0.037333606572545586
0.03510654689148396
0.04146646539457166
0.04639641959589491
0.04547076976451192
0.045393097576617136
0.04448432474523212
