0.11014394424043217
0.02638953709771652
0.19735794960330943
0.3166257975188823
0.4385319836207532
0.40036314364081826
0.36696540865837524
0.3372785331184259
0.31056034513247155
0.2862710833270584
0.26400592667209644
0.24335711665973558
0.2592860150117845
0.24147120160308644
0.2249257354777594
0.2519480979855284
0.26432976159772115
0.25047793993420664
0.2802949019130999
0.31484457843617164
0.3026999475334652
0.2910833440613111
0.27995076573383015
0.2692634905394483
0.2589872643910043
0.25465454440099966
0.24725024635634352
0.2549114729270493
0.24601745802217923
0.2608348364336047
0.2524510516249723
0.27328746072111987
0.29466998430899893
0.2870362163130119
0.27961449742802447
0.27239336553992877
0.2653622634383618
0.2625608823543738
0.25891770404597636
0.2539145931380211
0.2592042696151087
0.2530020899753349
0.26605759674711615
0.26008953267181
0.2700731139771214
0.2852530755802384
0.2796867864164979
0.274234094990793
0.26889045739360207
0.26365159700419927
0.2598911050060163
0.2576092725644703
0.2555584704048599
0.2507147719512193
0.2459190061764197
0.25398224668056735
0.24938560912285757
0.24494133880261815
0.24058671798320186
0.23636307613353702
0.23226094526002083
0.2413488715639398
0.23838174790069777
0.23448969365397065
0.24345451305498045
0.23947838557130774
0.2357304968958135
0.23206380546798633
0.2284776678870135
0.22496231719309323
0.22154641327168134
0.21817053670204478
0.2149624340493106
0.21181327084712287
0.20868967948966577
0.20569595149668296
0.20274272259544845
0.20000868826178886
0.19687103894527136
0.19431025288698645
0.1917955993828515
0.18931107620355825
0.18639549000944688
0.18340376709097972
0.18053372345197982
0.18866493913356674
0.18632079692226622
0.18346359529186995
0.18069833124500556
0.1787433472589678
0.17660858709662897
0.17450506542624522
0.17242601680754888
0.17042673715676904
0.16857509654271807
0.1667403979239106
0.1649244207195807
0.16337037789422093
0.16184861170149478
