0.220287888481
-0.251263221428
0.683873650022
0.596339239578
0.731437116611
-0.26718187986
-0.26718187986
-0.26718187986
-0.26718187986
-0.26718187986
-0.26718187986
-0.268434530161
0.223004576929
-0.26722220113
-0.264727458005
0.459380162632
0.222869945019
-0.263184611607
0.596339239578
0.725543206985
-0.26718187986
-0.26718187986
-0.26718187986
-0.26718187986
-0.26718187986
-0.11698343973
-0.20732034525
0.22217557055
-0.266820447146
0.459338730754
-0.268281113876
0.687601500173
0.727005801988
-0.26718187986
-0.26718187986
-0.26718187986
-0.26718187986
-0.109253862276
-0.145727132336
-0.205127547226
0.222166412038
-0.26669372451
0.574442297958
-0.268562883389
0.459244740044
0.713458195347
-0.26718187986
-0.26718187986
-0.26718187986
-0.26718187986
-0.195545583906
-0.120937119402
-0.110743316619
-0.26640341495
-0.268562883389
0.459604708736
-0.266604978347
-0.262211948894
-0.261277249165
-0.25764215283
-0.254332114158
0.572539357147
-0.189895914447
-0.252983526037
0.591678080467
-0.266400541406
-0.254856429934
-0.25300170852
-0.251029630668
-0.249589899268
-0.245945082342
-0.246438989583
-0.237399596302
-0.236187240164
-0.237392943167
-0.23051705546
-0.230351854296
-0.215988712359
-0.251011945321
-0.207423670721
-0.206201587339
-0.206215423881
-0.244909240305
-0.25429644807
-0.246823752954
0.707415764298
-0.206284514594
-0.254290945105
-0.248873764218
-0.177903542729
-0.196397934935
-0.195627515346
-0.195430570157
-0.189931566824
-0.177757498949
-0.177965766024
-0.177965766024
-0.153850239711
-0.152176619273
