0.21770678380133926
0.3628446396688988
0.2933360618831384
0.21693904369744815
0.15594651500058226
0.11620627768233183
0.08147785404886837
0.0658223136124062
0.07563217742363298
0.08495240292992656
0.09315461128989355
0.10055052632659084
0.10737625367323983
0.1122352967044779
0.10338642123025121
0.09509557080550018
0.08722513665154402
0.09226126841793242
0.09705668421131097
0.10160095734593416
0.10596224076147631
0.10913056865837795
0.1032295271056119
0.09756437834077336
0.09212262960165224
0.09568095820983086
0.0990846583586279
0.10238434195802798
0.10519280753924892
0.10753935628961442
0.10312499117556206
0.09883462730927034
0.09467329003817776
0.09707700941821806
0.09973145894191487
0.1023246544862913
0.10448269343600869
0.10634789885296586
0.10281300226028212
0.0993587340342727
0.09599709036165249
0.09793035929686722
0.10010515076010817
0.10224014792501535
0.10382477155173464
0.10082157798079505
0.09787016517306152
0.0993601038929659
0.10128160134138237
0.10291161240440655
0.10431312388655983
0.1016491798441061
0.09902947794472972
0.10035441506525222
0.10185673967777742
0.10313543521231378
0.10439184110246441
0.10199378233607204
0.09963718460761622
0.1008296929889495
0.1021664562776845
0.10332529750427683
0.10446190705523511
0.1022824022126011
0.10014004064127763
0.10122575722726762
0.10229770850416597
0.10335392005593369
0.10439310593109558
0.10239778459628979
0.10043395315590992
0.10143043276222952
0.10241537391721023
0.1033853756865517
0.10434252057156923
0.10250267882129377
0.1006899113378662
0.10161070894876911
0.10252177951712627
0.10342142817920946
0.10430853807264034
0.10260169693081855
0.10091679327193481
0.10177259340442107
0.10262001895176959
0.10345762287853671
0.10428424800650637
0.10270185884962219
0.10112928210133071
0.10192865585145522
0.10272081451528098
0.10350299743206948
0.10080001594108545
0.09930877578559905
0.10006800125922999
0.10092501738514992
0.10166882031197733
0.10240496775714875
0.10313368317343613
