-0.435413567603
-0.435413567603
0.278034311143
0.381985090928
0.365955172181
0.278181661228
0.277827389068
0.140899863928
-0.0980986381123
-0.102522480569
-0.0984265003196
-0.0961468954771
-0.0955601828531
-0.0728856454686
0.141582007588
0.140944457221
0.141667814771
-0.0956865035614
-0.0959083158676
-0.0954297358271
-0.0959482351419
-0.0728715416287
0.141624997266
0.141628719121
0.141485467217
-0.0960748724208
-0.0953036041663
-0.0956908243826
-0.0842539674366
-0.0727430112613
0.14125968365
0.141582007588
0.141485467217
-0.0841301783014
-0.0955601828531
-0.0959482351419
-0.0820054800893
-0.0727430112613
0.141395863707
0.141624997266
0.14118903425
-0.0831305642142
-0.0956908243826
-0.0960748724208
-0.0728926868291
0.141150097834
0.141667814771
-0.0730069972753
-0.0960748724208
-0.0831305642142
-0.072878597072
0.14118903425
0.141463902566
-0.0728715416287
-0.0841301783014
-0.0728856454686
-0.0728715416287
0.141485467217
0.141395863707
-0.0727430112613
-0.0828793239016
-0.0730069972753
-0.0727430112613
0.141667814771
0.141395863707
-0.0727430112613
-0.0728926868291
-0.072878597072
-0.0727430112613
0.141667814771
0.141395863707
-0.0727430112613
-0.0728856454686
-0.0727501327006
-0.0727430112613
0.141667814771
0.141395863707
-0.0727430112613
-0.0728856454686
-0.0728715416287
-0.0727430112613
0.141667814771
0.141531907346
-0.0727430112613
-0.072878597072
-0.0728715416287
-0.0727430112613
0.140832634963
0.141531907346
-0.0727430112613
-0.072878597072
-0.0727430112613
0.254080260152
0.141667814771
-0.0728856454686
-0.0831305642142
-0.0728926868291
-0.072878597072
-0.0728715416287
