0.309994096257
0.797938762201
0.819269386883
-0.179349609588
-0.179349609588
-0.179349609588
-0.179349609588
-0.179349609588
-0.179349609588
-0.179349609588
-0.179349609588
-0.179349609588
-0.179349609588
-0.179349609588
-0.179349609588
-0.179349609588
-0.179349609588
-0.179349609588
-0.179349609588
-0.179349609588
-0.179349609588
-0.179349609588
-0.179349609588
-0.179349609588
-0.179349609588
-0.179349609588
-0.179349609588
-0.179349609588
-0.179349609588
-0.179349609588
-0.179349609588
-0.179349609588
-0.179349609588
-0.179349609588
-0.179349609588
-0.179349609588
-0.179349609588
-0.179349609588
-0.179349609588
-0.179349609588
-0.179349609588
-0.179349609588
-0.179349609588
-0.179349609588
-0.179349609588
-0.179349609588
-0.179349609588
-0.179349609588
-0.179349609588
-0.179349609588
-0.179349609588
-0.179349609588
-0.179349609588
-0.179858012768
-0.101979764509
0.789648089545
0.798380259942
-0.179349609588
-0.179349609588
-0.179349609588
-0.179349609588
-0.179349609588
-0.179349609588
-0.179349609588
-0.179349609588
0.308300690802
0.78638546712
-0.179349609588
-0.179349609588
-0.179349609588
-0.179349609588
-0.179349609588
-0.179349609588
-0.180605503646
-0.179852906856
-0.117464852368
-0.179852778442
-0.141959103642
0.0435234773548
-0.166921637283
-0.178577938833
0.791447447296
-0.179880995445
0.685066724563
0.802170330279
-0.179349609588
-0.179349609588
-0.179349609588
-0.179349609588
-0.179349609588
-0.180607019
-0.162021731538
-0.179390330168
-0.180452873914
0.668203344241
-0.173489617944
-0.178962408648
-0.117478942738
-0.108011552593
