0.00680674727311
0.00680674727311
0.00685170412199
0.00673584996899
0.00668925739012
0.00631982561383
0.00673430432516
0.0062965476375
0.00618138537387
0.00618138537387
0.00625043025304
0.00638841518616
0.00638841518616
0.00638841518616
0.00659513092035
0.00659513092035
0.00659513092035
0.00659513092035
0.00666939429746
0.00671628153424
0.00666396649345
0.00692085942295
0.00680153329063
0.00680153329063
0.00687026456742
0.00687026456742
0.00693896113144
0.00707625022633
0.00707625022633
0.00707625022633
0.00714484280969
0.0072134007853
0.00728192417932
0.00728192417932
0.00728192417932
0.00684612658324
0.00684612658324
0.00684612658324
0.00684612658324
0.00684612658324
0.00684612658324
0.00691470801291
0.00698325487533
0.00705176719663
0.00705176719663
0.0071202450029
0.00718868832023
0.00718868832023
0.00725709717465
0.00725709717465
0.00739381159887
0.00739381159887
0.00739381159887
0.00746211722064
0.00753038848343
0.00753038848343
0.00753038848343
0.00753038848343
0.00753038848343
0.00753038848343
0.00753038848343
0.00753038848343
0.00753038848343
0.00753038848343
0.00759862541318
0.00759862541318
0.00759862541318
0.00759862541318
0.00759862541318
0.00759862541318
0.00759862541318
0.00759862541318
0.00759862541318
0.00759862541318
0.00766682803578
0.0074836769501
0.0074836769501
0.0074836769501
0.0074836769501
0.00755187418154
0.00782432075174
0.0076414059054
0.0076414059054
0.00770946091097
0.00770946091097
0.00770946091097
0.00770946091097
0.00752666662885
0.00752666662885
0.00752666662885
0.00752666662885
0.00752666662885
0.00752666662885
0.00752666662885
0.00752666662885
0.00752666662885
0.00759471627566
0.00759471627566
0.00759471627566
