0.003403373636556406
0.005672289394260677
0.007385215424757563
0.008732385418555755
0.009847261650242023
0.010750093880788958
0.011591881921434288
0.012291498325600392
0.012909636862986962
0.013471580987883869
0.013992450175636939
0.014483866728418393
0.014940182098858279
0.015366076444602195
0.01577827212712435
0.01616622100479226
0.01653261716703419
0.016879729320737058
0.017213199035609916
0.017533021965811912
0.01783592953369617
0.018136836465128703
0.018420233685571552
0.01869229501719666
0.018956535962097343
0.019210990205335066
0.019458810245743696
0.01970281887423775
0.019938693881781988
0.020166960018115132
0.020390236355918023
0.020608824258502745
0.020822998499071044
0.021031053475623118
0.02123332914727094
0.021418359595466507
0.021598520821341116
0.021774062528603588
0.021945215693184472
0.02211219439033657
0.022275197404223124
0.02243600456731404
0.02259471490538978
0.022751420843092618
0.022904720129975853
0.023056214704505695
0.02320597904451044
0.023352686969413006
0.023497828912906082
0.023640124935938478
0.02378231362053218
0.02392181949975619
0.024058741936772376
0.024194416795329354
0.024328888018247785
0.024461000096904495
0.0245908343811016
0.024718468084210632
0.0248439745589345
0.02496742355046616
0.025088881429231213
0.025208411405158726
0.02532607372521234
0.025441925855726688
0.02555705654380519
0.025670468863404905
0.025782213354775263
0.025892338360763434
0.02600089015238033
0.026107913045523734
0.0262134495095957
0.026317540268680384
0.02642022439588554
0.026521539401394623
0.02662241871765486
0.026719609327396365
0.026815553903679623
0.026910283991655515
0.027003829953531733
0.027097062968118646
0.027192481513871603
0.02728454664526203
0.027375515763183533
0.027466215303312613
0.027555860197626236
0.02764447469085579
0.027732082201207764
0.027816651489172395
0.027900281118381887
0.027982991740676977
0.02806480333446887
0.02814573523370384
0.02822580615528736
0.02830503422506475
0.028383437002448664
0.028461031503777046
0.028538528608630764
0.028615242914445504
0.02869119007720211
