0.0965626267454
-0.228413224182
-0.172827989056
0.077015180352
0.48137818465
-0.234089175085
0.703152629025
-0.228437819902
-0.129435374323
-0.0982877697052
-0.155266847743
-0.0944302612274
-0.0874236050532
0.238327054781
-0.0877002492986
-0.0885275196129
0.482791097924
-0.228437819902
-0.123145206875
-0.0036000663318
-0.228519365248
-0.0887276901557
-0.123655669064
0.0771080557317
0.238453226359
-0.164891777142
-0.0880773561485
0.482905957765
-0.228977598386
-0.0878513079394
-0.0944659858193
-0.088514448719
0.481770894403
-0.123062731634
-0.217226636103
-0.207798675794
-0.0217556144144
-0.167378388321
0.618921801963
-0.129473546434
-0.0220250858041
0.0773565839975
0.0767428999117
0.238239379363
0.242884668263
0.242841066984
0.243404376847
0.0969171243823
-0.0217263996584
0.242682527169
-0.134669025364
-0.0874236050532
-0.184613945169
-0.207221297826
-0.0944302612274
-0.0981836179295
-0.0218634807398
0.077015180352
0.482157887239
0.481927763596
0.0768287547895
-0.0219712433476
-0.0876246117183
-0.0867878028687
-0.0879267292065
-0.208054130161
-0.123051235451
-0.123589442222
0.482078455032
0.0967361568472
-0.0882027918944
-0.088663733322
-0.0877758146712
-0.222572204886
-0.123684123491
0.613974592418
0.245196636457
0.614284412761
0.496605245024
0.0969031056352
-0.123740992659
-0.0878135703119
-0.123398982275
-0.123145206875
-0.0884152195045
-0.0886264387092
0.0928212434526
-0.0874236050532
0.0766724543975
-0.0874236050532
0.0969866410336
-0.0874236050532
0.0768287547895
-0.0874236050532
0.23820082143
-0.0217263996584
-0.0877879075629
0.614284412761
-0.0867878028687
