0.23215088254340374
0.38691813757233956
0.3043689273066219
0.2300275557989838
0.17280758342862357
0.12744544226895976
0.09711125276964816
0.07205586419494786
0.061618421988160255
0.05205784924198337
0.06210260812750412
0.07228086395531319
0.08089949496561166
0.057910327423576546
0.05140015206638171
0.05917020140143198
0.06652116394373853
0.07348018921875804
0.0682415614656317
0.06326229990306542
0.05849569954558448
0.0636494445861075
0.06915849289461368
0.07353542660148787
0.0694907192526254
0.06559819839047004
0.06184482905391231
0.06561288654026054
0.06963491434506647
0.0731598713484245
0.0698756731789365
0.06669088338262757
0.06359987334075651
0.060601164444345657
0.06364070174078607
0.06722121230793998
0.06099279472954727
0.05829697014163848
0.06161210834822828
0.0648338361212979
0.06770376723144667
0.07851973157378594
0.07613333949416173
0.07380944398741168
0.07153957874006389
0.06930635562530568
0.06711539103764014
0.06498674767511453
0.06288400449654569
0.06502914562343798
0.067327907762126
0.07677701662039749
0.0748300321957967
0.07292367585081333
0.07105424871156935
0.06921042304002206
0.06739603506018516
0.06562820490561017
0.06387591892346944
0.06566729051533993
0.06743206956874864
0.06576384634211063
0.06412107823385371
0.06580221157391675
0.06746003432105824
0.06590536557904159
0.06435923088891743
0.06594290722375945
0.06750589655111289
0.06603520107341215
0.06457590632021909
0.0660728058695903
0.06755130928735709
0.06610109781246853
0.0647186080462856
0.06613774658010507
0.06754042930978121
0.06603461937091565
0.06472125409304186
0.06607031171161099
0.06740457089349805
0.06614954124910344
0.06489790840471721
0.0661834809588831
0.06745418780241075
0.06495328465951916
0.06375854421715049
0.06498641824572776
0.06620080724672356
0.0674030291969599
0.06503861924465609
0.063908112159404
0.06507196532399451
0.06622371586411385
0.0673633220877754
0.0651159355067848
0.06404310735445373
0.06514818005618611
0.06624234306929949
