-0.464301765087
-0.464301765087
0.330196841063
0.371706857538
0.343319834222
0.317534988118
0.242673515994
0.225498497172
0.104374422068
0.105166300208
-0.120537106626
-0.132317325762
-0.120660834144
0.344837513131
0.104162805715
-0.132090838696
-0.132317325762
-0.132221480225
0.104772555063
0.104564492814
0.104865207865
-0.118536135932
-0.132217159404
-0.109423342672
0.10516239107
0.105098063278
0.105094341424
-0.109273667104
-0.120660834144
-0.109273667104
0.105094341424
0.105098063278
0.105094341424
0.104954811374
-0.109423342672
-0.132478890985
0.236679867979
0.105137158928
-0.132605528264
-0.132090838696
-0.120537106626
-0.465086466721
0.105001251503
0.104575297804
0.104413801378
0.104961486394
0.105166300208
0.104303524764
0.105137158928
-0.109402197472
-0.119535631212
-0.500802769488
0.105137158928
0.104849598974
0.104687919798
0.105098063278
0.105234502831
0.10430197912
0.105137158928
-0.109273667104
-0.109416301311
0.105098063278
0.105137158928
-0.109273667104
-0.109416301311
0.104162805715
0.105137158928
-0.109273667104
-0.109409252915
0.104419378917
0.10506922223
-0.109273667104
-0.109409252915
0.108765860617
0.10506922223
-0.109273667104
-0.109409252915
0.11895898517
0.10506922223
-0.109273667104
-0.109409252915
0.104167460485
0.105137158928
-0.109273667104
-0.109280788543
0.217578573432
0.105137158928
-0.109280788543
-0.10929501009
-0.109402197472
0.217525715612
0.105137158928
-0.109402197472
-0.109416301311
-0.109402197472
0.217996498356
0.105137158928
-0.109402197472
-0.109416301311
