0.2088339631762407
0.3480566052937345
0.2931422876192055
0.2053741553274303
0.1458437162835431
0.11448731285979363
0.11749671898566161
0.15628159379737738
0.18470632517580454
0.18643336360309787
0.1680723441693494
0.15111817555478702
0.15232944182270702
0.1536021935763771
0.15481108647507985
0.1559710432033744
0.15706655789120816
0.1580598049222396
0.15901623267309778
0.15993311226374451
0.16080831550936187
0.1616514199516954
0.16244933548726198
0.16315122834260154
0.16382647756938157
0.16447222321363858
0.1650950681971553
0.16570078049164683
0.16627414982261263
0.16682902336870858
0.16736275568058834
0.1678803142860475
0.1683826505795814
0.16886715708674938
0.16933820507982938
0.1697999292060709
0.17024629834243749
0.17067809837598497
0.1710960562511168
0.1715038200317332
0.17190197479098296
0.17229380488775398
0.17267682640853782
0.17305133633997088
0.17341770475115542
0.1737762780897616
0.1741273811504801
0.1744738968162512
0.1748160098382338
0.17514902137635158
0.1754780605268294
0.1758032783774624
0.17612021217213625
0.17643368488492406
0.1767438212506781
0.17704851662755927
0.1773479586358735
0.17743777583663423
0.17752815820934775
0.17761705890382007
0.1777045257161235
0.17779060416632686
0.1778753376407458
0.17796067197148474
0.17804471335781857
0.17811073318282805
0.178175782128058
0.17823806820675964
0.17829946448433692
0.17835822628663234
0.17841617195278475
0.1784733238426885
0.17851789470958934
0.17856187129826484
0.17860526924761566
0.1786497071625306
0.17869196043641078
0.17873367885872282
0.17877487580075596
0.17881556413856647
0.17874465500308462
0.1786746001945363
0.17871383537742502
0.17875260896992684
0.1787909317067019
0.17872409780889142
0.17865802338719244
0.17869505434632338
0.17873167385035288
0.17876789094225015
0.17880371437010506
0.17874119233666946
0.17867933543124914
0.1787140275929613
0.17874835837798891
0.17878233523739773
0.1787230031036272
0.17866427028433923
0.17869722783796577
