-0.417667926352
-0.417667926352
0.219657270698
0.438840661459
0.357182634263
0.219494823966
-0.0240752490069
-0.349063873305
-0.284247313784
-0.0189974227002
0.220332233205
0.220404191989
-0.0169577277509
-0.0190912763051
-0.0193422863792
-0.019719264381
-0.019719264381
-0.0188716935896
-0.0191285550172
-0.0192544714036
-0.0192544714036
-0.0193914021737
-0.0191499728536
-0.0175473213835
-0.0175564798963
-0.0174351323949
-0.0174396595385
-0.0175656565403
-0.017201079929
-0.017201079929
-0.0170794339802
-0.0170794339802
-0.0170794339802
-0.0169577277509
-0.0169577277509
-0.0170837926709
-0.0169620271819
-0.0168402013084
-0.0167183150053
-0.0167183150053
-0.0167224998885
-0.0168486941612
-0.0168529469145
-0.0168529469145
-0.0168529469145
-0.0168529469145
-0.0168529469145
-0.0169792676228
-0.0171056510991
-0.016983588444
-0.0171100358248
-0.0172365460835
-0.0171144249124
-0.0172409992033
-0.0173676364822
-0.0173676364822
-0.0173676364822
-0.00529921484488
-0.00542294236281
-0.00542294236281
-0.00542294236281
-0.00542294236281
-0.00542294236281
-0.00554673149803
-0.00554673149803
-0.00442332827564
-0.00442332827564
-0.00429773943041
-0.00429773943041
-0.00417208796297
-0.00417208796297
-0.00417208796297
-0.00329824415066
-0.00329824415066
-0.00329824415066
-0.00342171944845
-0.00329575536265
-0.00329575536265
-0.00329575536265
-0.00329575536265
0.00581454910951
0.00581454910951
-0.00329575536265
-0.00329575536265
-0.00329575536265
0.00581454910951
0.00581454910951
-0.00329575536265
-0.00329575536265
-0.00329575536265
-0.00329575536265
0.00581454910951
0.00581454910951
-0.00329575536265
-0.00329575536265
-0.00329575536265
0.00581454910951
0.00581454910951
-0.00329575536265
