0.06341373821
0.06341373821
0.057883565846
-0.0140826290359
-0.0260114315845
-0.0262742967967
-0.0264481394845
-0.0145783329354
-0.0140826290359
-0.0142903392911
-0.0142863718193
-0.0131863257508
-0.0127929755308
-0.0128964700514
-0.0118657107339
-0.0117189949924
0.0333184373735
0.033559898175
-0.011650510274
-0.0128274541642
-0.0128964700514
-0.0118657107339
-0.011650510274
-0.0117532665271
0.0333184373735
0.0335813404903
-0.0116847429135
-0.0128964700514
-0.0126820371333
-0.011650510274
-0.0116847429135
-0.0118218680306
0.0333184373735
0.0335813404903
-0.0117189949924
-0.0118657107339
-0.0118999850005
-0.011650510274
-0.0117189949924
-0.0118218680306
0.0333184373735
0.0333184373735
-0.0117189949924
-0.0118999850005
-0.011650510274
-0.0116847429135
-0.0117189949924
-0.0118218680306
0.0333184373735
0.0333184373735
-0.0117532665271
-0.011650510274
-0.0116847429135
-0.0116847429135
-0.0117532665271
-0.0118218680306
0.0333184373735
0.0333184373735
-0.0117875575343
-0.011650510274
-0.0116847429135
-0.0117189949924
-0.0117875575343
-0.0118218680306
0.0333184373735
0.0333184373735
-0.0118218680306
-0.0116847429135
-0.0116847429135
-0.0117189949924
-0.0118218680306
-0.0118218680306
0.0333184373735
0.0333184373735
-0.0118218680306
-0.0116847429135
-0.0117189949924
-0.0117875575343
-0.0118218680306
0.0333399361346
0.0333184373735
-0.0117875575343
-0.0116847429135
-0.0116847429135
-0.0117189949924
-0.0118218680306
-0.0118218680306
0.0333399361346
0.0333184373735
-0.0118218680306
-0.0116847429135
-0.0117189949924
-0.0117532665271
-0.0118218680306
-0.0118218680306
0.0333399361346
0.0333184373735
-0.0118218680306
-0.0116847429135
