0.031706869105001076
0.05284478184166845
0.06731567330317943
0.06449914749600773
0.06016390889859706
0.05641043792763516
0.05310442049207502
0.051484605721475465
0.0500763428178896
0.048777221064151624
0.04758669007920928
0.046572357329144456
0.0456585733626569
0.04479880869256404
0.04405720177169313
0.04336784912508242
0.045218873423611514
0.046985183853873166
0.04640265834017408
0.04579182718949902
0.045205624005344794
0.044689723538651985
0.044204285610569424
0.0437341549494845
0.045015633310004646
0.0462593866614968
0.04584207441458528
0.04539736855074415
0.044974633979635345
0.04459881106757142
0.044233662851523844
0.04387542442635435
0.0448553784667521
0.045814845337903184
0.04548931769922589
0.04516862281452495
0.044855465314512385
0.044556734281846186
0.044263759407036626
0.04397542116238802
0.044768717290329066
0.04554356467110869
0.04527722387582726
0.04501277976470554
0.04475950780222766
0.044510896250876106
0.04426675052186814
0.04402548790899889
0.04469185665646937
0.04534515935006787
0.04511913499377705
0.04489931404521137
0.04468292991718316
0.0444704800460282
0.044260600286615284
0.04405319909309609
0.04462765490988098
0.04519237418739834
0.04499591489515957
0.04480492292345496
0.04461645932807555
0.044430443534545686
0.04424626294807184
0.04406438805529349
0.04456921286398323
0.04506650297403582
0.044892651973585926
0.04472330787338995
0.044556382974625344
0.04439132670712699
0.04422713409559097
0.04406519069791161
0.04451543985160787
0.044959685683254855
0.04480413478811547
0.04465238488014765
0.0445021413546043
0.044352931765562195
0.04420515841517979
0.04461676256498963
0.04502308497198383
0.044881066206510015
0.04474196212420618
0.04460449456051767
0.044468227176885325
0.0443323436363038
0.04419800422686525
0.04457261025084948
0.0449428151105553
0.04481290447285648
0.04468589639770949
0.044559885698866666
0.04443485094857812
0.04431041023246661
0.044187265773814585
0.04453097645561456
0.044870960510446437
0.044751547702056596
0.044634700272921365
