0.0421089352522
0.0421089352522
0.039389496292
0.0286929704064
0.0280046777856
0.0272832057793
0.0274093561051
0.0239111281155
0.0241033016145
0.0239322452098
0.0240352336192
0.022262202714
0.0160900111661
-2.11670460873e-05
-0.000242060150416
-0.000242060150416
-0.000242060150416
-0.000242060150416
-0.000242060150416
-0.000242060150416
2.16248919441e-05
2.16248919441e-05
2.16248919441e-05
2.16248919441e-05
2.16248919441e-05
2.16248919441e-05
2.16248919441e-05
2.16248919441e-05
2.16248919441e-05
2.16248919441e-05
2.16248919441e-05
2.16248919441e-05
2.16248919441e-05
2.16248919441e-05
2.16248919441e-05
2.16248919441e-05
2.16248919441e-05
2.16248919441e-05
2.16248919441e-05
2.16248919441e-05
2.16248919441e-05
2.16248919441e-05
2.16248919441e-05
2.16248919441e-05
2.16248919441e-05
2.16248919441e-05
2.16248919441e-05
2.16248919441e-05
2.16248919441e-05
2.16248919441e-05
2.16248919441e-05
2.16248919441e-05
2.16248919441e-05
2.16248919441e-05
2.16248919441e-05
2.16248919441e-05
2.16248919441e-05
2.16248919441e-05
2.16248919441e-05
2.16248919441e-05
-0.000242060150416
2.16248919441e-05
2.16248919441e-05
2.16248919441e-05
2.16248919441e-05
2.16248919441e-05
2.16248919441e-05
2.16248919441e-05
2.16248919441e-05
2.16248919441e-05
2.16248919441e-05
2.16248919441e-05
2.16248919441e-05
2.16248919441e-05
2.16248919441e-05
2.16248919441e-05
2.16248919441e-05
-0.000242060150416
-0.000242060150416
2.16248919441e-05
2.16248919441e-05
2.16248919441e-05
2.16248919441e-05
2.16248919441e-05
2.16248919441e-05
2.16248919441e-05
2.16248919441e-05
2.16248919441e-05
2.16248919441e-05
2.16248919441e-05
2.16248919441e-05
2.16248919441e-05
2.16248919441e-05
2.16248919441e-05
2.16248919441e-05
2.16248919441e-05
2.16248919441e-05
2.16248919441e-05
2.16248919441e-05
