0.021054467626092685
0.035090779376821146
0.044938153449821425
0.05067674753110993
0.05534419382871064
0.059241794654329466
0.06266796416746512
0.06532475618029426
0.06773508634174777
0.06991074499717959
0.07191368113211208
0.07362615826395974
0.0747754447758271
0.07477403363942128
0.07475890488002027
0.07474466604764285
0.07473121826150861
0.07471847825359196
0.07470637524607115
0.07469484857224182
0.07469583152187564
0.07469677173456887
0.0746976727717332
0.07469853776741095
0.07469936949402417
0.07470017041594804
0.07470094273351746
0.07470168841944658
0.07470240924917804
0.07470310682633752
0.07470378260421076
0.07470443790396664
0.07470507393020029
0.07470569178425585
0.07470629247569874
0.07470687693223776
0.07470744600834156
0.07470800049275039
0.07470854111504899
0.07470906855143786
0.07470958342981748
0.0747100863342813
0.0747105778090982
0.07471105836225253
0.07471152846859913
0.07471198857268305
0.07471243909126521
0.0747128804155906
0.07471331291342947
0.07471373693091857
0.07471415279422519
0.07471456081105432
0.07471496127201624
0.07471535445186978
0.0747157406106545
0.07471611999472369
0.07471649283768825
0.07471685936128053
0.07471721977614626
0.07471757428257156
0.0747136700865971
0.0747140133388502
0.07471435122778683
0.07471468391843211
0.07471501156831006
0.07471533432789132
0.07471565234100813
0.0747159657452392
0.07471627467226696
0.07471657924820985
0.07471687959393128
0.07471717582532778
0.0747174680535973
0.07471775638548989
0.07471804092354178
0.07471832176629431
0.07471859900849873
0.07471553495596181
0.0747125092040816
0.07471277617805622
0.07471303989625067
0.07471330043711746
0.07471355787630726
0.07471381228680071
0.07471406373903261
0.07471431230100897
0.07471455803841742
0.07471480101473141
0.07471504129130857
0.07471527892748378
0.0747155139806571
0.07471574650637691
0.07471597655841888
0.07471620418886041
0.07471642944815149
0.07471665238518185
0.07471687304734453
0.07471709148059649
0.07471730772951593
