0.04221423671286004
0.07035706118810006
0.07054810434992798
0.07028979515769271
0.07008069937713785
0.0698961928112555
0.06973474956610845
0.06958302195289237
0.06944646710099792
0.06932232632654839
0.06920853061663634
0.06910348842287137
0.06900594924294676
0.06912406980925684
0.06923480784017252
0.06933903186926965
0.06926316806266161
0.0691912970879803
0.06912301966203308
0.06905623014625525
0.06913676689601211
0.06921380204795347
0.06928762740189726
0.06923300546113947
0.069180484364257
0.06912990849318498
0.0691944799484461
0.06925557679308925
0.06920882413204477
0.06916477417982075
0.06912094356009155
0.06917463472659613
0.06922674674114468
0.06927840390535356
0.06924047200204955
0.06920356528532132
0.06916762979798066
0.06913166621256184
0.06917596142492813
0.06921917626626109
0.06926222390310183
0.06923046696080079
0.0691994317671884
0.06916908624454518
0.06913859537864661
0.0691762934317243
0.06921320610869619
0.06924936546572988
0.06922205449535099
0.0691952790341952
0.06916901848575396
0.06914255471535144
0.06917536598377091
0.06920758068367366
0.06923986641130422
0.06921590941974379
0.06919236547976199
0.06916922058961039
0.06914584425908815
0.06917489029998408
0.06920346785634943
0.06923159180070898
0.06920967649084439
0.0691886680520914
0.06916797792301649
0.06919496300879724
0.06922101901607153
0.06920069177213914
0.06918118393615422
0.06916142929064248
0.0691865404121329
0.0692108117613747
0.06923524420390592
0.06921703689032
0.06919906914664967
0.06918133475029972
0.0691633529575903
0.06918623904299931
0.06920838664918244
0.06919107084879561
0.06917441781807676
0.069157519265892
0.06917861222416166
0.06919945702998109
0.06922005945433751
0.06920393784708079
0.06918842025027461
0.06917266092632704
0.06915707670597887
0.06917654712899701
0.06919580591698235
0.069215246785233
0.06920032572319754
0.06918595152826126
0.06917134132168487
0.06918998050464684
0.0692080601831637
0.06919389271011991
0.06917986691180658
