0.0844284734257
0.0844284734257
0.000764172647312
-0.00129154596118
-0.00125457468333
-0.00129154596118
-0.00129154596118
-0.00136554851894
-0.00136554851894
-0.00136554851894
-0.00136554851894
-0.00136554851894
-0.00136554851894
0.00177180849465
0.00177180849465
0.00177180849465
-0.00136554851894
-0.00136554851894
-0.00136554851894
-0.00140257983133
0.00177180849465
0.00177180849465
0.00177180849465
-0.00136554851894
-0.00136554851894
-0.00136554851894
0.00180800074731
0.00177180849465
-0.00140257983133
-0.00136554851894
-0.00140257983133
0.00177180849465
0.00177180849465
0.00180800074731
-0.00136554851894
-0.00136554851894
-0.00136554851894
-0.00140257983133
0.00177180849465
0.00177180849465
0.00180800074731
-0.00136554851894
-0.00136554851894
-0.00136554851894
-0.00140257983133
0.00177180849465
0.00177180849465
0.00177180849465
-0.00136554851894
-0.00136554851894
-0.00136554851894
-0.00140257983133
0.00177180849465
0.00177180849465
0.00180800074731
-0.00136554851894
-0.00136554851894
-0.00136554851894
-0.00140257983133
0.00177180849465
0.00177180849465
0.00177180849465
-0.00140257983133
-0.00136554851894
-0.00136554851894
0.00180800074731
0.00177180849465
-0.00140257983133
-0.00136554851894
-0.00140257983133
0.00180800074731
0.00177180849465
0.00180800074731
-0.00136554851894
-0.00136554851894
-0.00136554851894
-0.00140257983133
0.00180800074731
0.00177180849465
-0.00140257983133
-0.00136554851894
-0.00140257983133
0.00177180849465
0.00177180849465
0.00177180849465
-0.00140257983133
-0.00136554851894
-0.00140257983133
-0.00140257983133
0.00177180849465
0.00177180849465
0.00180800074731
-0.00140257983133
-0.00136554851894
-0.00140257983133
0.00180800074731
0.00177180849465
-0.00140257983133
-0.00140257983133
