0.15345548494199757
0.3012775197753548
0.41219208529267437
0.32794382906516506
0.41938101997060484
0.3607467201725393
0.371074092117193
0.32499426939424503
0.283245096882061
0.3328505772046837
0.36977393993342034
0.3377746485062594
0.3092927541074364
0.2824484858165117
0.25994057817921856
0.24048462456952202
0.22362175112104332
0.2079109846829208
0.19422862842520794
0.18138490857097622
0.16942593600490807
0.15803293962254183
0.14982431463626378
0.1465425422641522
0.14914218473107077
0.15165790936310253
0.15405781831333942
0.15638853224919746
0.15864155572052685
0.16082190101536176
0.16293411051973306
0.16497175460683344
0.1668163184542112
0.168616270069733
0.16643518980528682
0.16431005284881828
0.1622455990181495
0.16023622344466715
0.16180841626750775
0.1633380545799673
0.16484028960164154
0.16630171904305313
0.1677361882923727
0.16599132408081574
0.16428938629151568
0.16262040265179656
0.1609844474150951
0.1593820210983592
0.16064389851656558
0.1619669621417964
0.1631754518721944
0.16436366625644905
0.1655273971079434
0.1666699692166833
0.16779296409014088
0.1664167845977409
0.16506409063543215
0.1637332619994989
0.1624270500925742
0.16113848399563113
0.15987205029369467
0.16087165922013102
0.1619223194525421
0.16289105328842002
0.16384522544547298
0.16478373326508478
0.16571158430788357
0.16662598823412011
0.16752427429003425
0.1664194541341638
0.16533210499099993
0.1642565037646977
0.16319543769010225
0.16214954127587822
0.16111740665657825
0.16193403034377296
0.16274140678435622
0.16353856326999539
0.16432456356892022
0.16510038413658312
0.16586674347781116
0.1666254827834195
0.16569073409865687
0.16476698245724442
0.1638539721139879
0.16295409696102459
0.16206270797162914
0.16117953345574676
0.1618782003881244
0.16257023733719578
0.16325475214551632
0.16393215329114286
0.16309684595582308
0.16227113826038309
0.1629262186032333
0.16357690568539884
0.16421853858248037
0.16485330086511363
0.16548446733481426
