0.21205274006579122
0.35342123344298537
0.2750595982476626
0.19148869288449993
0.1383433216050151
0.09625048832949012
0.10319377480907738
0.12584920069902927
0.14621062668524665
0.15126683713005945
0.13608170150528298
0.12209062393633613
0.1260395029687364
0.12987750680394594
0.13335365148475475
0.13659696813801075
0.13965404311110113
0.14256397422580214
0.14475024356842736
0.14738158115579042
0.13910610443168325
0.13118139499137627
0.1329981282295965
0.13520375553105263
0.13732019205088447
0.13935839954232748
0.14133767291939187
0.14284117628895343
0.1439237901786598
0.14496296536179548
0.13926932800694125
0.13375646605871477
0.1350388659915761
0.13661119748497502
0.13813985310355725
0.13963414205434965
0.141095886576368
0.14221705034181686
0.14302597696392805
0.14381482967233328
0.1445818399265525
0.13773102708843987
0.13359174393714907
0.13482329181621133
0.13601963099597136
0.1371905161506301
0.1383422725350802
0.13947070274460793
0.14058162858134188
0.1414365618699161
0.14205894852847306
0.1426693261980551
0.14326826992110353
0.14385398684250728
0.14442924453317169
0.13925944241539778
0.1361181252540989
0.13685713538490035
0.1377785404924604
0.13868698641767385
0.13958085181376745
0.14027097673756678
0.14095418590713715
0.14159229205337004
0.1420825506122253
0.1425653866792081
0.14304101845927597
0.14350789426619198
0.1439681004187235
0.14140965497715574
0.1388791494861094
0.13932230039690185
0.13991151117686518
0.14049286581309567
0.1410517657444757
0.1415903944550877
0.14200522862027293
0.14241472249986592
0.1428190095129236
0.14321671853362983
0.14360957744432745
0.14399770311513715
0.14183086921274107
0.13968738220856064
0.14006354519097747
0.14056613584445454
0.1410473942912437
0.14151339890604286
0.14187292184920336
0.14222841653588303
0.14257865079801874
0.142926424572692
0.14326913128202395
0.1436082305523103
0.1439437975385312
0.14206736405604387
0.14020821716466292
0.14053491374087113
0.14095842117404556
