0.10580087703944552
0.0184597240085963
0.03604749901443238
0.060439968409439215
0.025192479455926176
0.038901413749444225
0.0061875251263571185
0.0080165575413772
0.012519416845270137
0.03388356578114515
0.07127123076098185
0.051122432788420547
0.042415404921178124
0.03431791471197643
0.03086081726156542
0.05729707986904575
0.08854599095025018
0.07475507366893264
0.06691386871687222
0.060646316444560866
0.055108871752189814
0.04985638647732615
0.044528679391806936
0.042330237132698234
0.037646142777327474
0.028707704416130242
0.02674183951004039
0.02823161987396927
0.030354368792733233
0.028582230111115048
0.029941862707749456
0.0312709107858955
0.026530063546194915
0.027785607663101453
0.02954471793882474
0.03527659324789034
0.04078507085937333
0.041910029805844795
0.047034183921105144
0.048585545118901674
0.05362539695545243
0.06669185925383136
0.07688685351447322
0.0783054215216269
0.07566575206650605
0.07307984959970948
0.07056037238891821
0.06809795888131498
0.06569967451802095
0.06263524525782482
0.06030788825047406
0.058031317271746596
0.057007988704646184
0.057796063280963206
0.06158514304351448
0.06269469918447979
0.05817008229183451
0.056137637916161554
0.05687158291307037
0.052768727540379645
0.05083243844488494
0.04692829348998884
0.045025759483235506
0.045701934716547044
0.04926057187539523
0.05020991230986771
0.05108503537184639
0.05171558961956091
0.04997631668329816
0.05816017117853911
0.06623183411893396
0.06911087137958827
0.07188068441486417
0.07114787032849457
0.06955562728256592
0.06617609081564324
0.06282008775197534
0.061288156557263496
0.06855364774415784
0.07409864173506286
0.07165316443134206
0.07217736013124931
0.0746767665278244
0.07326576252085815
0.07185822499607575
0.06934834498452924
0.06756582386844534
0.06806061824838383
0.0730460972125696
0.07132145761441588
0.070009954767975
0.06870863687139184
0.06651386034306961
0.06421604122736735
0.07026925756393687
0.07489024102145903
0.07698212594537446
0.07912544379085795
0.07976226846648715
