0.211601754079
-0.262023459093
-0.218028892092
-0.121962346975
0.211484933721
0.448657252438
-0.261711108985
-0.12783674401
0.205359743866
0.235005638295
0.448651979758
-0.261934373643
-0.121898390141
-0.121462353138
-0.0553135592066
0.449416464327
0.562480399462
-0.262027428345
-0.156824099041
-0.131618597719
-0.121823783232
-0.120807161322
-0.127864970052
-0.0549610564777
-0.12178645324
-0.241337835752
-0.0550442173705
0.0432036305539
0.0636824675629
-0.0549362991302
0.0435082430923
0.0438585865788
-0.16118880615
0.0439440440917
0.063327969926
0.212079386435
0.209322149236
0.0438733989124
0.20496616461
0.0636058091097
0.211673777135
0.56185787883
0.448579747468
0.0638355603219
-0.121424794936
-0.121537415939
-0.120934906118
-0.120658261873
-0.119914218165
-0.15628589227
-0.121022564382
-0.120658261873
-0.0552597426234
0.0433441016974
0.212188466703
0.063244700035
-0.262427779773
-0.119914218165
0.0440366998145
-0.250274177734
-0.120049923921
-0.245961132158
-0.121762176432
0.0439513901653
0.234870052484
0.0636058091097
0.0595083682145
0.0435082430923
-0.121749105538
0.581053669162
0.581159731708
0.210169720028
0.20496616461
-0.0549610564777
-0.121010471491
-0.260224307953
-0.261768238966
-0.121022564382
0.581239294952
0.449144513263
-0.200529138905
0.0435082430923
0.209950137312
-0.119935340592
-0.121048227131
-0.218359561005
-0.156861858215
0.0440366998145
0.448693106777
-0.156942203432
-0.120658261873
-0.121022564382
-0.206308993662
-0.218292815992
0.581108768311
0.44823539538
0.205004722544
0.212188466703
0.0636824675629
