-0.0449399202586
0.139577275364
-0.185635529024
-0.0916179704447
-0.0480219733847
0.0210923728899
-0.124238153584
-0.0443973497656
0.139765111687
0.288405742736
-0.188856672154
-0.0866792129777
0.0211215876459
0.52485048374
-0.186136277269
-0.0517324711844
-0.180860013395
0.0392479209725
0.639639838839
-0.185551151242
-0.0865718558306
-0.164909163789
-0.112543868611
-0.0518614811751
-0.0453548045901
0.119956043036
0.286032781436
0.645835939278
-0.185617857933
-0.174237855395
-0.0439291036728
-0.140814258074
-0.0445756177489
-0.0439398155644
0.0211215876459
-0.0802319298514
-0.0449278273669
-0.0517823259288
0.0211215876459
0.139327344159
-0.164373310521
-0.0443973497656
0.139918204446
0.0208767439567
0.0211215876459
0.119956043036
-0.174323719278
0.288140469297
0.524550967085
-0.185635529024
-0.0450033206351
-0.185948270842
-0.044776624414
0.311088282418
-0.0516824276409
-0.0517182722433
-0.0449655830076
-0.0449399202586
-0.142436510068
0.0209306123053
0.139327344159
0.139765111687
-0.18085062518
-0.080440819966
0.120119343938
0.288405742736
-0.180558117749
0.139327344159
0.288014021916
0.120026688215
-0.080412126747
-0.185560407717
-0.0454922764402
0.0210923728899
0.0210923728899
-0.0443973497656
0.0211215876459
0.0210923728899
-0.0445608550997
0.0211215876459
0.0211463449935
-0.0447245171982
0.0211215876459
0.0210923728899
-0.0447245171982
0.0392479209725
0.0207690849171
-0.0441959526787
0.0392479209725
-0.043967279797
0.0211463449935
0.0212003430827
-0.0443973497656
0.0212003430827
0.0210675695088
-0.0443973497656
0.0212003430827
0.0210923728899
-0.0445608550997
