0.022469960129288702
0.024055798325391953
0.022353083930632733
0.04067667801958197
0.04868034025035706
0.045667144123229364
0.06119691332116961
0.0661299521840164
0.05215344101535846
0.025934737130290597
0.041672793143084697
0.04834042491059709
0.04683174007874402
0.011841707829404191
0.023475225158691826
0.02651831169894825
0.036566090220886194
0.034500410169701845
0.002518418227775876
0.011354187334533417
0.01528927169046801
0.022459235333470606
0.02714856319228154
0.029223022439285318
0.030967438000441327
0.026524621591698883
0.016309165111842883
0.005961039690863257
0.0002262222402230618
0.005846798220720095
0.007219582710496386
0.011486681440020075
0.012797729020869952
0.014053152322710538
0.013466441554767727
0.015634872091291108
0.01681718333778892
0.018144935284681307
0.017616895593532744
0.014218667687223352
0.018132317937731735
0.01916481444390894
0.015984855251964025
0.015520927608480783
0.015061762659655975
0.012509506424846495
0.016141250576472865
0.010260832835717437
0.0002301865059748387
0.003409725827831056
0.004275174301583862
0.007783632242001626
0.008612828990409271
0.0029566784009859015
0.0038795788945731324
0.004786917004105273
0.005562185676650566
0.006323879240355268
0.008697821074813872
0.008354696282924068
0.0061074810545581615
0.0038889872182632512
0.006714778236702523
0.007952329313102635
0.006132339253433039
0.0018277759290189488
0.004483042366506429
0.0024638054946414245
0.0016506805327325402
0.0033411972681605118
0.002224362174451988
0.00031756121892878575
0.000932321711364148
0.0006510900728322611
0.0003735588505968668
0.0009501478085919279
0.000679358223387494
0.0004123661614900964
0.0009693768502361255
0.0007086165089281726
0.0004507342529098679
0.0009895838577075322
0.0007381363857320578
0.0004899908223215954
0.001010043347882128
0.000558917819462601
0.0003229054908593376
0.0008194892288219124
0.00038340121801627713
0.0008665581388624943
0.000636706562846201
0.00040874588453754246
0.0008810581160867414
0.0006578966099529682
0.0004384427609025465
0.0008961473976615286
0.0006798173662053708
0.0004667630945902612
0.0009123716455871067
