-0.434980920805
-0.434980920805
0.302358640627
0.409289681791
0.320213060879
0.302281313911
0.169333337033
-0.068908086321
-0.21503357374
-0.0735949675396
-0.0667330488976
-0.0665065618319
0.284984404472
0.170449484728
-0.0670887473124
-0.0688703654306
-0.068525308507
-0.0690450170911
-0.0670932744559
-0.0666113426683
-0.0662499831452
-0.0667592660166
-0.0549528297623
0.302354727407
0.170721435792
-0.0663719299227
-0.0670932744559
-0.0668546948464
-0.0666113426683
-0.0663719299227
-0.0665065618319
-0.066890161001
-0.0550765572803
-0.0438320244474
-0.0436893902402
0.170721435792
0.170449484728
-0.0529493702801
-0.0667592660166
-0.0668946141208
-0.0550765572803
-0.0438390658079
-0.0436965116795
-0.0436893902402
0.170721435792
0.170449484728
-0.0438320244474
-0.0668946141208
-0.0670212513997
-0.0540769431931
-0.0438320244474
-0.0438179206076
-0.0436893902402
0.169841209049
0.170585528367
-0.0438249760508
-0.0670212513997
-0.0550765572803
-0.0529493702801
-0.0438249760508
-0.0438179206076
-0.0436893902402
0.283785370927
0.170721435792
-0.0538257028804
-0.0668946141208
-0.0670212513997
-0.0550765572803
-0.0538257028804
-0.0438320244474
-0.0438249760508
-0.0438179206076
-0.0436893902402
0.283174873366
0.170721435792
-0.0529493702801
-0.0670212513997
-0.0549528297623
-0.0539533414111
-0.0529493702801
-0.0438320244474
-0.0438249760508
-0.0438179206076
-0.0436893902402
-0.0436893902402
0.283162850295
0.170721435792
-0.0438320244474
-0.0550765572803
-0.0552003464155
-0.0529518590681
-0.0438320244474
-0.0438249760508
-0.0436965116795
-0.0438179206076
-0.0436893902402
-0.0436893902402
0.283174873366
0.170721435792
