-0.0508986585295
0.165285522058
0.165285522058
-0.0511366600436
-0.0946628600355
-0.0569197811364
-0.0827036047523
-0.025641120905
-0.0510798413962
-0.0825788771925
-0.0621520827755
-0.0827243507187
-0.0504800433341
-0.0511700676616
-0.0507176170269
0.0687598347993
-0.0257105717328
0.149806572921
-0.0621014883382
-0.0218162644653
-0.050393877642
-0.0505947434176
-0.0505451755506
-0.0505202346096
-0.021980657602
-0.0258067329027
-0.0256758544781
-0.0218162644653
-0.0509136197907
-0.015934586272
-0.0511043386633
-0.0158352535106
-0.0257988140792
-0.0159719516946
-0.0218877642029
-0.0152710732875
-0.0258067329027
-0.0505202346096
0.169612714166
-0.0257105717328
-0.0506027098508
-0.0160466293884
-0.0160466293884
-0.01519554398
-0.0151577522742
-0.0160466293884
0.169098389806
-0.022230458745
-0.0221669714549
-0.0505987191907
-0.0544692955442
-0.0183274636645
-0.0505202346096
-0.0505087384262
-0.0505739494346
-0.0160092993958
-0.0505202346096
-0.0218877642029
-0.0505202346096
-0.0155348591241
0.315476281082
-0.0148811080288
-0.0508986585295
-0.0506314568087
-0.0545796064711
-0.0505202346096
-0.0159850225884
-0.0258067329027
-0.025641120905
0.0505712536769
-0.0507463102459
-0.0218162644653
-0.0141581867483
-0.0221669714549
-0.0257452726807
-0.0150300074781
-0.0257988140792
-0.0505374201312
-0.0183274636645
0.149136857966
0.0506790162847
-0.0505700115999
-0.0218162644653
-0.0221094746857
-0.0148811080288
-0.021980657602
-0.0506027098508
0.149557677376
-0.0218162644653
-0.0505739494346
-0.0218162644653
-0.021980657602
-0.0157977667201
-0.0544416858198
0.0508160973661
-0.0160839416847
-0.015934586272
-0.0505451755506
-0.0142453058443
