-0.479211656795
0.247724036988
0.268670533135
0.173353672504
0.024256591766
0.15693448794
0.156779412556
0.137557387939
0.0243975940158
-0.214679344311
0.0243018244939
-0.360723546645
0.156779412556
0.0250442910681
0.0241389672067
0.0242339059735
0.137581517197
0.137528523076
0.157088534196
-0.212140889051
-0.212727601675
-0.360646888191
0.156683703081
0.0243018244939
0.145463242457
0.156811608484
0.0247747216139
-0.21428009206
-0.199711270413
0.138041189373
0.0243637510225
0.0241815909327
0.156922063131
0.0243878890066
0.138982790724
-0.21252448822
-0.54575415069
0.137610323724
0.162442013487
0.0243018244939
0.156337253999
0.0389089348148
0.156848927988
0.156704655131
0.138982790724
0.15704980887
-0.212140889051
-0.544987617627
-0.214679344311
-0.360723546645
0.156779412556
0.0241389672067
0.0247470845454
0.0243637510225
-0.212245669888
0.157045166434
-0.380813426903
-0.380821112662
-0.212655578619
0.138151043707
-0.212727601675
0.145320950941
0.157082020245
0.137946448001
0.0250480129227
0.0242339059735
0.0243693285612
0.0241389672067
0.156720400187
0.156666616919
-0.212136636298
0.145423939401
-0.546153138986
0.138982790724
0.156666616919
0.157013284637
0.138982790724
0.0237680546923
0.0287845068154
0.0250480129227
0.028903817842
0.02892179421
-0.38029265594
0.156779412556
-0.360667900959
0.157058085036
0.139350077253
-0.479290412232
0.156848927988
0.0245144424584
0.157337553524
0.15644721399
0.0236990098131
-0.212245669888
0.137458540605
0.138151043707
0.0244181171921
0.0389089348148
0.159842230816
