0.010339579066920776
0.01290875242981307
0.01924334498900615
0.007002638421676505
0.0006204793519912905
0.003601255996157529
0.004462655207325902
0.005486661774555299
0.007741477691876178
0.009607887303460516
0.011318762780746158
0.014782225966134863
0.016202027468099928
0.01758063801035603
0.01901753914590419
0.0195548308033361
0.015878932919356464
0.012569837525267802
0.009509660883435397
0.009946876452616313
0.010918026146203755
0.00924261678883162
0.010119578527237078
0.010978523424832826
0.011849044344488538
0.012649969938791111
0.01126104377679793
0.012808987326524177
0.01347760976584196
0.014167869921983517
0.014789033079093239
0.015467862586414166
0.015744231756329136
0.013832352402971981
0.014420460657480705
0.015026894184230408
0.015267491071919131
0.01932089028921158
0.019817820814899356
0.018209132958488097
0.016713365632360505
0.0158140856455819
0.014388673201996147
0.01303196136520711
0.013496424262140233
0.013926300637183905
0.014118936212458202
0.014580845271867357
0.014996346658158813
0.01423463897708846
0.014728560619174463
0.015128030376953983
0.015521077987660656
0.014319082072555125
0.01319550960595156
0.012093625658385287
0.01253715369287299
0.01292682179742842
0.013271476943399335
0.01236981939015279
0.01270791612883089
0.013024578714219623
0.013167973572113245
0.013500665742054316
0.01363866743889175
0.013946201630928079
0.014251717356142377
0.014549799066858118
0.014842601535909342
0.01515914698615023
0.014285096347212131
0.014638466642213452
0.014983129941499779
0.015105955001856061
0.017173833179165265
0.017507213837766572
0.01778255699308154
0.017904562406525937
0.01801841380641682
0.01724238809171766
0.016473202225093894
0.016783997785757704
0.01702712942766195
0.0172711029073324
0.016539339581709805
0.01609486786410659
0.01633307238453889
0.01643865161798956
0.016539468969835325
0.01676149303167107
0.016163838128457564
0.01638459625455893
0.01660919109015109
0.015965580173653807
0.016184052740755656
0.016405462700699647
0.01649805006463964
0.01672904129858617
0.01695305503600207
