0.03342744026886424
0.02273986168713915
0.025582487769861273
0.06421358805850208
0.0419826574366543
0.03240886267463661
0.03643711725555143
0.021807170234182993
0.005006127237935476
0.007069620721105396
0.018046694165431698
0.014058171732525548
0.00010097468007042032
0.0031420510744875063
0.009344892107492453
0.0015296632664043575
0.005794399114445348
0.0030829619166122813
0.006812275063507234
0.0005386558368719596
0.005508953188664956
0.003172935031624524
0.004508882354340216
0.012422894377188243
0.020021213236296687
0.015116911163950641
0.022188839733130794
0.028999580632066646
0.035438097346840114
0.041677307211985815
0.037513303715706825
0.03548991827192105
0.03155949337782182
0.02767619964423551
0.03317703538671002
0.029503649422506717
0.02602761626541339
0.022453152637814444
0.020775047078469777
0.025492868601215357
0.026256267071338546
0.030749152173117578
0.026926640198985274
0.023957815389944126
0.021067938269221487
0.018232872058988936
0.022262203441756112
0.026205096265758843
0.030157840409408387
0.03116798367918927
0.03216203823420116
0.03277007666150911
0.030329430810740132
0.027899035198089783
0.02551737869582338
0.026424235482851777
0.025269706258962188
0.023021946521859182
0.020807002723092216
0.019712384368257285
0.022946455907690733
0.023771033496527205
0.022727268896511887
0.02352529665644587
0.02096929553027982
0.02395299828860864
0.02441695477324246
0.025163484813750525
0.027925089699547323
0.030715786518492383
0.02837986240457968
0.028809903053712893
0.026871669798500086
0.025978115620711728
0.024243469267352546
0.024862868783096514
0.02400368207368464
0.023385606349485832
0.02172392700507031
0.02009837733602937
0.018473554676239456
0.01885545322955373
0.02120731382880159
0.01965633591285698
0.018878326602085327
0.019242666601224312
0.027298859500399453
0.032215339337587134
0.03436588467869006
0.034720016949539745
0.03686688092855217
0.03901904562177794
0.04656101344228236
0.05402359212783414
0.052639252253604774
0.05116266526477942
0.050477724220148956
0.049131911512040216
0.047450006243421994
