0.0054057214742593285
0.012307110732864168
0.015005364783469588
0.010639950714506963
0.010905424738794522
0.011092537153369553
0.013290705606914144
0.014389108328219047
0.014568097216733467
0.015234995191280687
0.014163484887711575
0.014255241155481824
0.01435769190962477
0.01446167884708538
0.014565864813862128
0.014658590182188513
0.0147457051517621
0.014830841292349684
0.014904688926291487
0.014972989429053452
0.01504012364172791
0.015102484970336727
0.015162247910253446
0.015225961676082478
0.015283405973612663
0.014806754484672058
0.015093657255991433
0.015201306886149402
0.015238549181471606
0.015515574545483468
0.015556245061305152
0.014909558572517079
0.014948326622060804
0.014336292658038818
0.014384876160906446
0.014432588857971607
0.01457273496417777
0.014610605545686384
0.01406890418429907
0.014100647025915958
0.014137982012876082
0.014176748884234813
0.014212762281778146
0.014249623457315397
0.013970099030297334
0.013997612274870508
0.014150298474944978
0.014290973701116427
0.014325298427977584
0.01391390903519285
0.013944540653379911
0.013542139666170239
0.013569182984581318
0.013727999525445678
0.013823098668942713
0.014013203501164417
0.01403995410612946
0.014126197652923778
0.014211003807271583
0.014354199049034455
0.014379890083642932
0.014405304293568788
0.014484810063269848
0.014637482111684141
0.014741709489215826
0.01476732495702271
0.01478523603497195
0.014806641146259403
0.014928564583491455
0.014950650068735416
0.014655181959245311
0.014336438509050753
0.014050219321583679
0.014072336026906052
0.014168769416426752
0.014180887226208694
0.014199275823106206
0.014217971426635834
0.013956041724301094
0.014078164864482323
0.014162055192739609
0.014181444864221904
0.014200309024839819
0.014219823764830108
0.013975089259905982
0.013995756557322325
0.014006263652791118
0.01402388241068242
0.013881014370206501
0.013898518152027695
0.014006384273189898
0.01401903013741923
0.014075684946311062
0.01409245172679241
0.014105138740339807
0.01417148553410541
0.014255778703094135
0.014309572158001549
0.014360455850610188
