-0.00311017989078
0.236343669688
-0.00344925175487
-0.168938396497
-0.00109670769053
0.235684162414
0.236476524718
-0.002858409161
-0.334683575344
-0.00140302987069
0.235795984672
-0.00284785840998
-0.169023723192
-0.00294698479225
-0.00109670769053
-0.168945731939
-0.149228673289
0.235639115479
-0.332811340269
-0.268103022271
-0.249731845256
-0.168775194926
-0.000970133399585
-0.000813436238077
0.235200288342
-0.149291312995
0.0219588406223
0.235131243463
-0.333919686487
-0.00122334496942
0.236476524718
-0.00129536802567
-0.267941339475
0.236548483502
0.235933112964
-0.333704283426
-0.00765577650478
-0.00285313118742
-0.0035749728682
-0.169537417982
-0.00093514246735
-0.000813436238077
-0.00129536802567
-0.00129536802567
-0.000839296931203
-0.267833421235
-0.000578208375687
-0.169693491551
-0.00057402349247
-0.00294698479225
-0.149214654542
-0.00142136502745
-0.00788471056121
-0.14965242207
0.236480246572
-0.00122334496942
0.235544989009
-0.000708655401686
-0.14965242207
-0.149395622077
-0.00793095749414
0.235666139623
0.236111211101
-0.00318171933496
-0.169615473648
-0.00311017989078
0.0219658819828
0.236026108315
0.235131243463
-0.267833421235
-0.149214654542
-0.00793095749414
-0.00344925175487
-0.00294698479225
-0.000939501158134
-0.00142136502745
0.236548483502
-0.00128180001546
-0.00318171933496
0.235682625364
-0.00294698479225
-0.333983086863
-0.00332359243613
-0.333377115994
-0.000695909795549
-0.344315396853
-0.00105678841617
-0.00129536802567
0.236476524718
-0.0035749728682
-0.169023723192
-0.00141218838348
0.235546142965
0.236138546409
-0.00305637220826
-0.000817735669128
-0.00344925175487
-0.00344925175487
-0.00057402349247
