0.02365763600684062
0.08937947362533363
0.13688875242600312
0.10118159116103537
0.07136877052542828
0.04543726199870646
0.022737958426810534
0.01761715441148537
0.0373309003506363
0.06989763687367184
0.08594506076681929
0.07218244063120602
0.06068557509213296
0.05005211843221652
0.03890083463143018
0.03620204836977731
0.06532314904553904
0.07533748289106892
0.06625222876424691
0.07541720915318909
0.0834449532748637
0.08139572035454437
0.08931375911785525
0.09720781137336873
0.09033497571913268
0.08372253844784236
0.08208398964612454
0.07998460131379495
0.07846219009260141
0.07260073581723236
0.06702149186958117
0.06218970423081971
0.05693446946746428
0.055582604552787684
0.05430230630412297
0.06399122605602708
0.06277464925106035
0.06157773541562017
0.05711116623417478
0.055982504006939104
0.05172917201309757
0.05066221000267668
0.04961477281772381
0.04859523134109939
0.04758343311373919
0.05164203470634887
0.05066250100029068
0.047022013109118244
0.05748229892520035
0.05432629662035676
0.05110683347851919
0.05426438801883848
0.060912757041692356
0.058012504805893095
0.057179722768899655
0.05636669372707637
0.055560264840158025
0.05252656991534932
0.051737982048454645
0.049120517015392384
0.048375239067066866
0.047650281342689005
0.046927987573455676
0.04445173961119381
0.04174286338911137
0.04857214591296899
0.04789124556729185
0.0470088939493562
0.04445192251273172
0.04379716519891386
0.0415616635663163
0.04092588533775621
0.04318930459240705
0.04080082934904161
0.04768772745513156
0.04708741942218747
0.051688935208770215
0.04942884884392723
0.048851258433974976
0.050918986538265876
0.05035520704328128
0.054678674342549305
0.054132491408643346
0.05636975684662776
0.058581007570217
0.056527674883534884
0.060601341133752595
0.05859210231565698
0.05660736915204567
0.05609817049440635
0.05816767103021442
0.05624260208550008
0.05454633621231786
0.060057838994698354
0.05819929169456728
0.05654852498807106
0.05607825884335377
0.058070743367963196
0.05628380609786182
