0.318539262307
0.590014343699
0.590014343699
-0.409985656301
0.590014343699
0.590014343699
0.590014343699
0.590014343699
0.590014343699
0.590014343699
0.590014343699
0.590014343699
0.590014343699
0.590014343699
0.590014343699
0.590014343699
0.590014343699
0.590014343699
0.590014343699
0.590014343699
0.590014343699
0.590014343699
0.590014343699
0.590014343699
0.590014343699
0.590014343699
0.590014343699
0.590014343699
0.590014343699
0.590014343699
0.590014343699
0.590014343699
0.590014343699
0.590014343699
0.590014343699
0.590014343699
0.590014343699
0.590014343699
0.590014343699
0.590014343699
0.590014343699
0.590014343699
0.590014343699
0.590014343699
0.590014343699
0.590014343699
0.590014343699
0.590014343699
0.590014343699
0.590014343699
0.590014343699
0.590014343699
0.590014343699
0.590014343699
0.590014343699
0.590014343699
0.590014343699
0.590014343699
0.590014343699
0.590014343699
0.590014343699
0.590014343699
0.590014343699
0.590014343699
0.590014343699
0.590014343699
0.590014343699
0.590014343699
0.590014343699
0.590014343699
0.590014343699
0.590014343699
0.590014343699
0.590014343699
0.590014343699
0.590014343699
0.590014343699
0.590014343699
0.590014343699
0.590014343699
0.590014343699
0.590014343699
0.590014343699
0.590014343699
0.590014343699
0.590014343699
0.590014343699
0.590014343699
0.590014343699
0.590014343699
0.590014343699
0.590014343699
0.590014343699
0.590014343699
0.590014343699
0.590014343699
0.590014343699
0.590014343699
0.590014343699
