0.15926963115350845
0.3559410790533263
0.5034446649781897
0.4214475337180804
0.5197832576679894
0.6040710210536256
0.6778228140160573
0.7433799633159967
0.8023813976859421
0.8560190652949834
0.9051869272699379
0.9505726460160496
0.9927165277088678
1.0320508172888312
1.0689267137700473
1.103633439870015
1.1364120145199847
1.1674654010304821
1.196966118215455
1.2250620393440004
1.251880873148521
1.277533670700671
1.3021176016881482
1.3257181754361262
1.3484110348091822
1.370263417909162
1.3913353587555708
1.4116806809521036
1.4313478257420855
1.450380546506584
1.4688184947471918
1.4866977172835387
1.5040510803335225
1.5209086330106496
1.5372979203356345
1.5532442539491331
1.5687709472043818
1.5838995201197523
1.5986498787122385
1.6130404724610057
1.6270884330252784
1.6408096968322425
1.654219113734503
1.667330543594491
1.6801569423705662
1.6927104390450225
1.705002404538761
1.7170435135938518
1.7288438004678408
1.7404127091678303
1.751759138854358
1.7628914849618949
1.773817676511885
1.7845452100336932
1.7950811804568976
1.8054323092937299
1.8156049703919965
1.8256052135055465
1.8354387859005374
1.8451111521906922
1.8546275125729417
1.86399281961579
1.8732117937360941
1.8822889374853164
1.8912285487534901
1.9000347329878102
1.9087114145128021
1.9172623470301855
1.925691123368749
1.9340011845476144
1.9421958282101066
1.9502782164799624
1.9582513832867119
1.9661182412027047
1.9738815878303293
1.981544111774478
1.9891083982321636
1.9965769342283592
2.0039521135246026
2.0112362412245957
2.0184315380989792
2.025540144649575
2.032564124931711
2.039505470151705
2.046366102055187
2.053147876120698
2.059852584571828
2.0664819592201367
2.0730376741501306
2.079521348256718
2.0859345476447553
2.092278787899588
2.0985555362368165
2.104766213538916
2.1109121962857853
2.1169948183857796
2.123015372913325
2.128975113758774
2.1348752571957688
