0.12054331732150336
0.12933040718101363
0.09319420158596547
0.09347551348829919
0.1336028685818319
0.1340476842292263
0.09288327312671496
0.07453896932167348
0.06006777593304402
0.08198014698986744
0.051600862474204146
0.05187636993075018
0.025811809445623446
0.026019390081074234
0.025808411321174285
0.016141135857199007
0.01632660059459512
0.002453638338330788
0.002520118349178979
0.01393192705704771
0.007361707857948097
0.0074283372448213925
0.008537722894509603
0.008695431530908682
0.00971453634725905
0.009841369118803511
0.004670848633358871
0.0003192180523754473
0.0005680530860657784
0.0041020944491746425
0.0033998345636919725
0.0034996343949957875
0.004010304593954239
0.010897882391227465
0.017594138583020835
0.024103698963317988
0.02420104116682642
0.024113497113193216
0.020494132773381968
0.020581382486657862
0.017136194030962892
0.011009462648637558
0.011611500598225577
0.011536656794697508
0.007949250738614966
0.007873920669220325
0.0048577837193776174
0.0005165313659249993
0.0038017004764040463
0.01026034467626058
0.010239816067653229
0.009914546039977767
0.009975292738253594
0.00990803812492047
0.005603302001624733
0.0051385709528198875
0.000982274006189554
0.0009584340144663805
0.003047921077271809
0.006977708417344242
0.004642298278550783
0.0048841727000180635
0.0023084052659432253
0.0023649813039623435
0.00012754875345766248
0.00026781945224196857
0.003811468642337834
0.007299226407723403
0.007321118920553205
0.010699358535729786
0.010742349846493582
0.010763853334304518
0.010782860895273028
0.013996154041603814
0.01716655238951792
0.020286044620901555
0.020333467745687672
0.02338406250486247
0.02009125500395459
0.020131136747018386
0.023070956538537413
0.02596579505728358
0.025977006563643656
0.022101677774416073
0.022117012013206816
0.022156781564773187
0.022457720444151286
0.022472720669628687
0.022488349108647276
0.022527371032717625
0.02256757759503636
0.022604352129573124
0.022637379268072744
0.021114095753480222
0.018370393073095626
0.018527486769512547
0.01870468345882481
0.017243088356408753
0.01964439399625706
