0.241086634643
0.0263612695785
-0.14454482238
0.00140655951167
0.240764130561
0.00311370953176
-0.32931528882
-0.165098734245
-0.144711933886
0.241036081625
-0.364551414188
0.0035815969351
-0.364903846792
0.00311370953176
-0.0033756601584
-0.164343682888
0.00333836527313
-0.263586282869
0.00132960021696
0.239647982865
-0.14454482238
0.00153247589809
0.0266252555925
0.00394271590998
0.0264967252251
0.0034244848317
-0.144774573592
-0.144711933886
0.0266181341532
-0.144774573592
0.240061728412
0.00329339443302
0.0173627867646
0.241065222905
0.241065222905
0.240853734071
0.00369900373332
-0.00341421809169
-0.144774573592
0.00357723824431
-0.144697915139
-0.26344944944
0.0264896697819
-0.00336797115876
-0.16502067858
-0.00354051326155
-0.144774573592
-0.26334143918
-0.164258455524
-0.329390854193
0.00106748764758
0.0172393114668
-0.0032803217069
0.00369900373332
0.241065222905
0.0264896697819
0.241065222905
0.00140655951167
0.240381305504
0.239717027744
-0.144795428605
0.0152380885524
-0.164849115781
0.00367744247124
-0.16450698379
0.0264896697819
0.240968144927
0.240655285812
0.00153247589809
0.239855012678
0.003095374375
0.0015697546102
0.00140655951167
0.240996985975
0.240950274441
0.240200901817
0.00369900373332
0.240996985975
-0.263424600073
0.00323042118817
0.241065222905
0.240271597056
0.000941766534243
-0.329402947084
0.00131874453601
0.00345995098628
0.0264826213853
0.00133502006749
0.00140655951167
0.0035509950904
0.00369900373332
0.00342003171192
0.00310455101897
-0.144711933886
-0.263395457317
0.0152380885524
0.0173652755526
-0.144697915139
0.240130563985
