0.041794784703080956
0.009163196513255145
0.04788636909428423
0.03118649901593884
0.05675127121872969
0.07864013931351449
0.13940868620235047
0.11754839612915086
0.09590546994594312
0.10999757418751605
0.13511315396148038
0.11846474920516673
0.11248036435797115
0.09806655608365478
0.08458213268538894
0.07967717059529489
0.06735395452921933
0.0753997277342548
0.07124797772952252
0.06094678580389862
0.057134930346265156
0.05348510761349329
0.05996904678025117
0.05203088694121277
0.04878814707696422
0.06434457177435671
0.06136336365893791
0.05455866661579328
0.04735195217104565
0.052348490568597805
0.067504010209741
0.06497450029362806
0.06251859290022072
0.06014222189942736
0.05783761203233084
0.05557904220835791
0.050361943889234484
0.054284475286295986
0.048890705926989686
0.05261933869891672
0.056313885593871904
0.05437042582884094
0.057890714245298125
0.05602890562617063
0.058856226757850016
0.05707673156713522
0.05533863579839582
0.0509217120875371
0.049249399340831224
0.05555116611319566
0.051385694980004115
0.05744278385806728
0.060273546784787135
0.056345431185536254
0.05486183980198084
0.051408358001984567
0.049969154084196166
0.05217604302699291
0.048895235316996466
0.047526741561128905
0.04617995363571198
0.04484921812716852
0.041774741574721996
0.04377561499098742
0.05113501911560009
0.048198562240095666
0.046962060726692345
0.045750021648071404
0.04455079417873209
0.04338323255395515
0.04221124373097196
0.04106999947931894
0.039931239387539175
0.038824106052943896
0.04435111502117606
0.048520280093089674
0.04744690149087111
0.051519087645675754
0.050474478021971636
0.049439159255700804
0.04680849877530752
0.0486848874634464
0.047680672535169166
0.04950956665502343
0.04853998112558622
0.04757808385438572
0.05311018143147772
0.050898861301717835
0.04996956936878899
0.04905225893096021
0.05232812787431845
0.05021261593175075
0.04932330910105165
0.047252334252011696
0.05039170865606335
0.0495291876311339
0.04867644508117136
0.04783169057182951
0.04943131406539619
