-0.00690198011171
0.00445630314156
-0.0295440428794
-0.00759696899742
-0.0118633879717
-0.00764792001422
-0.00754439158766
-0.0294477986591
-0.00769961972329
-0.0118576971994
-0.00708805256917
-0.00610196695016
-0.00671642095759
-0.00916532140598
-0.00734427096701
0.0764953444555
-0.0120932207804
-0.0123125012414
-0.0294885236281
-0.00743223284216
-0.00912835012814
-0.00932459175063
-0.0118691882404
-0.00755881804098
-0.00746947040474
0.00409899486391
-0.00928760741405
0.00438698850819
-0.0071969208823
0.0687039215028
-0.011739790876
-0.00746947040474
0.00456012902255
0.0525927432905
-0.00755881804098
-0.00628322253918
-0.012133812658
0.0837794419514
-0.00628322253918
-0.0119811146337
-0.381165252029
-0.00928760741405
-0.00759696899742
-0.00746908640759
-0.0298150851874
0.0523718501862
0.004490931228
-0.00757357193692
-0.00893073315633
-0.00932459175063
-0.00734427096701
-0.00769525408567
0.0800093590096
0.0524361537092
-0.00764792001422
0.0524361537092
-0.0071969208823
0.0765461555464
0.0768054207782
-0.00916532140598
-0.00767226152283
-0.00769525408567
-0.00891885973281
-0.00746908640759
0.0689396004448
-0.00757357193692
-0.358257179182
0.0767370897799
0.0749063435914
0.076510195766
0.0765250384521
0.00420271393341
0.0687039215028
-0.0122243799119
-0.00628322253918
0.0749063435914
-0.00693915347085
0.00456012902255
-0.0122055071137
-0.00624693212477
-0.0065742556914
-0.00923932396375
-0.0119437858847
0.0812986834036
-0.00725918704332
-0.00697649800353
0.0689396004448
0.00406438309262
-0.0117527094782
-0.011635559482
-0.00723372823351
-0.0068276949727
-0.0071096027975
0.0748003848084
0.0765608936454
-0.00777395535984
-0.00792218029145
-0.00744008652206
-0.011635559482
