-0.014962815628
-0.014962815628
-0.0588494347576
-0.0260229418957
-0.0150484176686
-0.0144718087887
-0.0149478543668
-0.014962815628
-0.0145579342635
-0.0144718087887
-0.0148241858909
0.0218137398418
-0.014680652646
-0.0146152842959
-0.0151339002088
0.0199041747744
0.020303163071
0.0199788524681
0.0212479641172
0.104893234855
0.0102402324299
0.205410425569
-0.0151535345005
-0.014962815628
0.0139701465607
-0.0209802452465
-0.014680652646
-0.0209151568736
0.0199041747744
-0.0151574531532
-0.0150961410347
0.0198295678651
0.0139270416395
0.0103096832577
-0.015276106232
-0.0194608481433
0.0101787985589
-0.014647915028
-0.0209958683966
-0.0196245867779
-0.0146231452719
-0.014962815628
-0.0145579342635
0.0102402324299
0.021069696134
-0.0148241858909
0.0199788524681
-0.0209151568736
-0.0149056810881
0.0206419932477
0.010205531482
-0.0145694304468
-0.0145943713879
-0.0209151568736
-0.0146519056881
0.021069696134
-0.0145866159685
-0.015247691472
0.019866862478
-0.0147668128641
0.010205531482
-0.0261757241763
-0.0149913629348
0.0201155506521
0.0139270416395
-0.0151858558808
-0.014647915028
-0.0145694304468
-0.0194608481433
-0.0144430734793
0.0199415047669
-0.0149478543668
-0.0149056810881
-0.0145579342635
-0.0151339002088
-0.0194608481433
0.019866862478
-0.0148241858909
-0.0196790654364
-0.0209802452465
0.0207552601828
-0.0194608481433
-0.014962815628
-0.0146519056881
-0.0145579342635
0.0199788524681
-0.0151290372334
0.0141345396974
0.0141345396974
-0.0145579342635
0.010205531482
-0.0148241858909
-0.0146519056881
-0.0150961410347
0.0103096832577
-0.0151574531532
0.0141345396974
0.0139701465607
0.0139128426985
