0.007481407814006968
0.01246901302334491
0.027181371712735047
0.03238596009187056
0.0348940297032998
0.0369614309588332
0.038829912754678175
0.04049244782445749
0.04194824125080476
0.04326386023159867
0.044499209055844036
0.042821229068011224
0.04386984711415165
0.044844199400542184
0.04579006816359521
0.044619234353338366
0.04349128084939535
0.0424397622984406
0.041377364092578195
0.036382448147084245
0.03591698303663493
0.02698609496839799
0.02761749223925347
0.028216004864374034
0.027678691535115818
0.02845573765535725
0.028980046678427462
0.02970125898441467
0.02903778649193578
0.02952673659365257
0.029998491000986283
0.029397595005072996
0.028987976133321824
0.02869341375453105
0.029117750038752166
0.029643718907489625
0.029375855787518113
0.029751443352337925
0.030276340062252438
0.03075498852025005
0.031103158645770956
0.03145113110223641
0.03178199324458808
0.03155443252392398
0.031096395651446285
0.03141180386189191
0.030995577768805682
0.031422417705002204
0.03172053132676467
0.03131578636112309
0.031119526140315545
0.03139442105440704
0.031664687191220175
0.03204496277074076
0.032306603943742185
0.03193696015191816
0.032188453530685335
0.032446888979362876
0.03211577460472992
0.03235785350414211
0.03219324815765834
0.03260873584299717
0.03284297588885354
0.032533505878821534
0.03232249009640431
0.03254914466178982
0.03276455517690702
0.032975706342803335
0.03325371845913605
0.033457142029267306
0.033180176685282725
0.033384941813594526
0.03358636993640696
0.0337804757265866
0.0339796059924925
0.03423234428006772
0.03397764091496547
0.0341652888376357
0.034411277155590225
0.034670292529004
0.03441717959994606
0.03465164764986517
0.03482977640734153
0.03500215176837773
0.035171430073766996
0.034941788091374604
0.035113708969027435
0.03495489391624784
0.03479784347516579
0.03495782077476439
0.034846891084742704
0.035006290933032425
0.035162162270139685
0.03532106901787313
0.03521367648393903
0.03536993888758044
0.03522570889066834
0.035084596299145954
0.034945467872160796
