0.448567694407
0.719992675558
-0.279885669941
0.719992675558
0.719992675558
0.719992675558
0.719992675558
0.719992675558
0.719992675558
0.719992675558
0.719992675558
0.719992675558
0.719992675558
0.719992675558
0.719992675558
0.719992675558
0.719992675558
0.719992675558
0.719992675558
0.719992675558
0.719992675558
0.719992675558
0.719992675558
0.719992675558
0.719992675558
0.719992675558
0.719992675558
0.719992675558
0.719992675558
0.719992675558
0.719992675558
0.719992675558
0.719992675558
0.719992675558
0.719992675558
0.719992675558
0.719992675558
0.719992675558
0.719992675558
0.719992675558
0.719992675558
0.719992675558
0.719992675558
0.719992675558
0.719992675558
0.719992675558
0.719992675558
0.719992675558
0.719992675558
0.719992675558
0.719992675558
0.719992675558
0.719992675558
0.719992675558
0.719992675558
0.719992675558
0.719992675558
0.719992675558
0.719992675558
0.719992675558
0.719992675558
0.719992675558
0.719992675558
0.719992675558
0.719992675558
0.719992675558
0.719992675558
0.719992675558
0.719992675558
0.719992675558
0.719992675558
0.719992675558
0.719992675558
0.719992675558
0.719992675558
0.719992675558
0.719992675558
0.719992675558
0.719992675558
0.719992675558
0.719992675558
0.719992675558
0.719992675558
0.719992675558
0.719992675558
0.719992675558
0.719992675558
0.719992675558
0.719992675558
0.719992675558
0.719992675558
0.719992675558
0.719992675558
0.719992675558
0.719992675558
0.719992675558
0.719992675558
0.719992675558
0.719992675558
