0.22428384720334138
0.46428140572258325
0.3943099882373189
0.538308523348864
0.6583073026084849
0.7611633991167315
0.8511624835614473
0.931161669734528
1.0031609372903005
1.0686148168864573
1.1286142065162679
1.1839982584822468
1.23542630673637
1.2834258184402185
1.3284253606625764
1.3707778709895013
1.4107774640760415
1.4486718154211848
1.4846714491990713
1.51895681470182
1.5516837544998983
1.5829877838719733
1.6129874786868785
1.6417871857091875
1.669479211692177
1.6961456070832037
1.7218596312102652
1.7466869648501868
1.7706867207021109
1.7939122908813925
1.8164120619925712
1.838230021857957
1.8594062770214195
1.8799774963230687
1.899977292866339
1.9194365543678993
1.9383837300404712
1.9568450806957975
1.9748448975847408
1.9924056945495634
2.0095483773009377
2.0262923930115826
2.042655862910622
2.058655700145238
2.0743077148312756
2.0896267079282485
2.104626555335701
2.1193202834083076
2.1337201369194623
2.1478376403617707
2.1616836533532653
2.1752684208166184
2.188601618512132
2.2016923944313636
2.2145494064948945
2.2271808569432756
2.239594523763236
2.2517977894506553
2.2637976673766174
2.275600825992318
2.2872136110819588
2.2986420662495415
2.309891951805131
2.320968762198327
2.3318777421310197
2.3426239014677024
2.3532120290494336
2.363646705506792
2.3739323151576164
2.38407305706688
2.394072955338515
2.4039358687023196
2.4136654994530997
2.4232654017938695
2.4327389896301552
2.442089543858178
2.451320219185841
2.460434050522015
2.469433958966486
2.4783227574301616
2.487103155912573
2.4957777664614613
2.5043491078371485
2.5128196099025333
2.5211916177578555
2.5294673956378295
2.537649130587349
2.5457389359306943
2.553738854548002
2.5616508619717133
2.569476869314732
2.5772187260411594
2.584878222589646
2.5924570928586745
2.5999570165624006
2.6073796214650575
2.614726485501361
2.621999138789823
2.6291990655454
