0.00177209315685
0.00405746676576
0.00203283575176
0.00502106716506
0.00226901082696
0.00319618057838
0.00203283575176
-0.0078848134733
-0.00726840828963
0.00217254302394
0.00338889666602
0.00198217719047
0.00231569581192
0.00364057363862
0.00232891782847
0.00457268228476
-0.00707658582869
0.00536563583708
0.00446664924016
0.00437819889029
0.00464072940059
0.00399682920512
-0.00588286456083
-0.00618519934919
0.00144959573683
0.00230242224755
-0.00760359020199
-0.00657744500552
0.00244351985671
-0.00342322821494
0.00210749047367
-0.00555925347872
0.00187865752173
0.00165438331945
0.00392572757422
-0.00714208895435
0.00462728320889
0.00354882615488
0.00275560758173
-0.00786959894038
-0.0062347069763
0.00245836766666
-0.000583703530755
0.00453085362888
-0.00553545949384
0.00406601241089
0.00318679205304
0.0034432161515
0.00384798947844
0.00222054641618
0.00376789147618
0.00526403047232
0.00312983049639
0.00231459165455
0.0024805160609
0.00226004577497
-0.0076594179635
-0.00709118188289
0.00539369104974
-0.00696302663196
0.00236827757657
0.00228909683332
0.00287503433332
0.00149976200217
0.00187865752173
-0.00690872094094
0.00529850372108
-0.00698870974251
0.00239857693422
0.0032311247066
0.0032311247066
-0.00556947456072
0.00385262660046
0.00144959573683
-0.00726840828963
0.00471326962744
0.00532756597889
-0.00852560474154
-0.00762981575486
0.004141645629
0.00253162773992
0.00471326962744
-0.0053782289009
-0.00746885212956
0.00232231324489
-0.00595433074604
0.00297118817948
-0.00491239882176
-0.00787213280549
0.00437819889029
0.00238346129962
0.00547539929683
-0.00725349159934
-0.00453616785247
0.00246576685275
0.0025171048179
-0.00495003269081
0.00468058988888
-0.00735848215019
