0.0008860465784262857
0.0022385355003448175
0.002746744438285537
0.003750957871297639
0.004129126342457115
0.004585723567940323
0.004839828036910684
0.003963737650988269
0.0032368968220255027
0.0034344007332925298
0.0037168087887941258
0.003869283957291511
0.004034690801000253
0.004277395710241907
0.0044229530745212055
0.00469193438538972
0.004298790728240107
0.004581192614402348
0.004804525076410122
0.005013010737852274
0.005223952983333535
0.005397728166164753
0.005152608809463433
0.004905200835495796
0.004960954517681639
0.005046229415739165
0.004774672622810849
0.0045478641743446485
0.004629314836234931
0.004518888119623983
0.004584747196926297
0.00441628497029848
0.004471539603290508
0.004518807698131911
0.00462785568630481
0.004434826255106213
0.004556596865866356
0.004647592408299291
0.004716482597842561
0.00452454116027232
0.004376095756074776
0.004433267097159811
0.004420001107824482
0.004520686744021863
0.004400350668068877
0.004486861570428342
0.004553253071533302
0.004623522788910955
0.0047004825784797925
0.004744022704287185
0.004816482155752191
0.004915803485418592
0.004973763309425864
0.005015846794054028
0.00506014172371292
0.0050997916495896
0.004967732719184485
0.00484754319574562
0.004937438046574639
0.0048232900690015155
0.004861488094430006
0.004897822964800215
0.004942745376258389
0.004965818637830213
0.004994283145735197
0.004891167907810743
0.004969087080179541
0.004867801431737422
0.0049020668165119935
0.004947575615196558
0.004992452347232727
0.004916158175168045
0.004968220696795863
0.004987548639953623
0.004891911688774311
0.004953122982637179
0.005021425110571702
0.004913506063210438
0.004818133366274685
0.004869264793793255
0.004900138302816628
0.004956924683870132
0.004892898149335554
0.0048050293007525086
0.004832032943134924
0.004763592359847087
0.004797355861886598
0.0047421603695073054
0.0046546922272241165
0.004702804302941536
0.004728711490980832
0.004787586752237035
0.004710421947988706
0.004662672812699557
0.004688357884082327
0.0047143074182875305
0.00466379688062625
0.0047110755663725
0.004637490744870566
