0.056207614199730915
0.09367749781996776
0.12163098645259557
0.14424902463386108
0.16298798944134313
0.17916984446826417
0.16369004315246743
0.11287541170276744
0.06716634997897958
0.055678113859359724
0.04723770227097074
0.03769291430120103
0.030458784471101896
0.022147575549307186
0.02922020990497326
0.002276349178606918
0.004617108799560066
0.029241705781798744
0.023572313530338007
0.02982551787822363
0.050566695860227995
0.04568397883395536
0.040984940289673255
0.04504119420922509
0.05627817608375807
0.06087428679535595
0.06530625069582535
0.0568639985442852
0.07207419573108842
0.07570855007500671
0.07219499417360381
0.068769321409132
0.06545638686490252
0.058969852848829496
0.0665473202009304
0.06351346123694146
0.057577607633184424
0.0693069625547702
0.07209859681912745
0.06934588810333986
0.07235382426057096
0.06974759126323749
0.07261965029314243
0.07542984568895927
0.0729901176287217
0.070583943354119
0.07626313061147516
0.07397417846458071
0.08312005701271252
0.08091716045717928
0.07874675550819288
0.08109244373986846
0.07901368852380192
0.07695743556451273
0.07494233827064134
0.07295509291645808
0.06906679006999838
0.07680078863955936
0.0749283265673561
0.07120654475485516
0.06725863808959553
0.06546355569425699
0.06369366530068749
0.06560262289464142
0.061893148464419234
0.05823332434101708
0.06495767954307285
0.07159691489304643
0.07341064784561302
0.07752909935270635
0.08158689836295435
0.08004977294149496
0.08176015203806808
0.08344327460102058
0.08197203835719807
0.07904250039727234
0.07589953031802088
0.07448503779078874
0.07166623228524965
0.06886340894497117
0.06748063034705393
0.07311600943425789
0.0746003693564361
0.07609699211493676
0.07345427422192691
0.07084474904304694
0.06940057708522074
0.06665099824525583
0.06805651506416954
0.06682243892619172
0.065603323108824
0.06438725953074975
0.06197206069497785
0.06505629024718079
0.06388746158743752
0.06516540341531307
0.06285810577564921
0.060381255106276066
0.06164622024329841
