0.112415228399
0.112409650861
0.111813954531
0.113090190906
0.112433788845
0.113272985188
-0.123838410526
-0.457331683047
-0.457090617238
-0.126370597316
-0.101284939061
-0.124082243607
-0.101277817621
-0.124668133827
0.113162149691
-0.458045632348
-0.124082243607
-0.467867342663
0.113387845029
-0.131317291306
-0.456305915604
0.112302491604
0.112776925063
-0.101406347989
-0.292161528738
-0.124094989213
-0.124094989213
0.244825312395
-0.456305915604
-0.112664984661
0.112433788845
0.113047201228
0.112639774504
0.227028690563
-0.272788824676
0.112252781668
0.225562436943
-0.457444841942
-0.111665370574
0.112861057347
-0.126333318604
0.112068018885
-0.126370597316
-0.126458792812
0.112227490771
0.113090190906
-0.272600988353
0.112158655198
-0.457293927407
0.112347724332
0.112861057347
-0.124321476279
0.112252781668
0.113093912761
0.112845448457
0.113272985188
0.225521565095
-0.456305915604
0.112347724332
0.227028690563
0.244770213246
0.113090190906
0.113272985188
-0.124082243607
0.244825312395
0.245208216268
-0.45725615374
-0.458107239148
-0.12696130668
-0.292410057004
-0.292161528738
0.112210155767
-0.126568053146
-0.126234192221
0.111813954531
0.225574422914
0.245151666182
0.111744909651
0.225504440443
0.227028690563
0.113387845029
-0.467736464238
-0.124686233463
-0.127212934473
0.227273738799
0.227028690563
0.127087132289
0.244712516757
-0.126496513702
0.112300928556
0.112158655198
0.113093912761
0.227028690563
-0.293001807459
0.112207551335
-0.123960357304
0.226115168687
0.245208216268
-0.126496513702
