0.029603374890796452
0.04928982526851822
0.06409769566835555
0.06886415210069174
0.07294281738274977
0.02911561351049452
0.03205534428680201
0.035457277151659694
0.037745481554258054
0.03982122134479893
0.014624639244620874
0.016985895271352414
0.019161109746141602
0.009754989357651622
0.011247623652660299
0.012590749399480905
0.01392943382906442
0.01703782073080995
0.01856047086316237
0.021381396959948562
0.024070350268643126
0.026653468887572584
0.02490170729994967
0.025879087496020747
0.02815435568030078
0.030345991173372222
0.03247755129405472
0.03330456056039721
0.034324664520919534
0.035117287890394144
0.03583082344339261
0.037627700064587044
0.038635872390668013
0.03932541431887271
0.04017848278281033
0.040833801787840907
0.039728844318269396
0.04061043434038325
0.041205296601780295
0.03372950710992351
0.02642978601440471
0.019400404134519045
0.020098047960598775
0.020862686711388023
0.021524708508062984
0.02278129044706645
0.02328799747781496
0.023991633846313754
0.025185307513895916
0.025858784178886984
0.02315535700119098
0.023804074187274704
0.024261173586720308
0.02471248142877369
0.025259220639197277
0.02630630280374302
0.026731234486114475
0.027247387073352614
0.027645422885354987
0.02501206146072421
0.02539725740782328
0.02588063840222088
0.02641731511963563
0.026793230579662985
0.027138865589436345
0.02750131901142827
0.02785844223603795
0.02725069563465843
0.02759815188431447
0.028436678598556586
0.028912759974761504
0.02938363668912025
0.029707225190427122
0.03003633675802797
0.030362099580123925
0.03080861920171407
0.031119957397527598
0.03155551111633159
0.031027284683567302
0.03176482884214704
0.030049320517959055
0.03076661445423845
0.030264827020567875
0.030550525600255618
0.03095031642423751
0.03123231574949259
0.03153872713410866
0.029954302251249287
0.0303351673522132
0.030987413013845888
0.03125137365812258
0.031514513353739226
0.0321446777938712
0.03277322923429715
0.03302305495017144
0.03333810883652788
0.031898396532167195
0.03214179370118242
0.029077168052197955
