0.187086795394
0.186544687917
-0.0506690626777
-0.218032069221
-0.198909296364
-0.198478543335
0.187262467928
0.186922443901
-0.052367054185
-0.418501161843
-0.0505431925085
0.186813228798
0.186288114715
-0.0500746099634
-0.0502182338806
0.186881672115
0.186854336807
-0.0528318471625
-0.0525039849551
-0.0500961712255
-0.0501920167616
-0.198832760437
-0.0525475862346
-0.0500961712255
-0.317144267633
-0.0524440134797
-0.0528318471625
-0.0503136627104
-0.218280597486
0.18642728812
-0.052957630116
0.187517304546
-0.0385355251443
0.187291609208
0.187262467928
0.186544687917
-0.0504173845435
-0.0505567739458
-0.0271483581042
0.186539110378
0.187291609208
-0.198471528836
0.185943414048
-0.389854639037
-0.0499527840898
-0.0499655296959
-0.0523778794464
-0.0527061260491
-0.0364083381441
0.186881672115
0.186769234021
0.299703882431
0.187080120374
0.187402444706
0.185943414048
-0.0375359110571
-0.0524385936292
-0.38320222353
-0.0573141269583
-0.0525475862346
-0.218280597486
0.185874369169
-0.0504802192637
-0.198826026473
-0.0505522423199
0.186289268671
-0.0523239657644
-0.0522038590865
-0.198471528836
-0.198485547583
-0.0499655296959
-0.198318436077
0.186477183849
0.185874369169
-0.0498308977867
-0.0498308977867
-0.0522625556351
0.187291609208
-0.218032069221
0.186744750991
-0.0505522423199
-0.0385355251443
-0.218716198821
-0.0527061260491
0.186494517085
-0.383315382425
-0.0525039849551
-0.0501920167616
-0.0528318471625
-0.0502182338806
-0.218280597486
-0.0501920167616
-0.0501963754524
-0.317144267633
0.186539110378
0.187223372278
0.186081398981
-0.0499612769426
-0.42248319816
