0.09354339769677261
0.1557249603356589
0.14305769466622448
0.09945128082209248
0.06629973142812723
0.03794565380891157
0.061353462299955364
0.08212262273338006
0.0768859173148762
0.03884035714737549
0.034628424438330474
0.04899867280737452
0.06230496671559066
0.058966659384698195
0.05582801976716151
0.06682105930333199
0.07720185579259947
0.07442123225773295
0.07179603300997656
0.06941050104685925
0.06712904573951334
0.058484143111837195
0.05629466035206426
0.05429081350304571
0.0420929570556387
0.04015058618601863
0.038263734501644886
0.036528780615078305
0.02925276069886401
0.03526654418660058
0.033611618245475705
0.039293960807488204
0.038160563009127346
0.04351175184363748
0.04871348706386941
0.053755235385941236
0.05242846210848001
0.051132134571408916
0.050453425618804115
0.055003160018265274
0.059462484047023756
0.054846867097351704
0.05907285378025412
0.05040941735719878
0.04932348726828989
0.048260390891780414
0.0471691850699803
0.046093549844487935
0.045365383081605704
0.04902972959366253
0.05262144563252785
0.058276235867084025
0.061740682540681935
0.06514799971714819
0.06846841782514296
0.06780989306975532
0.06690577938649295
0.060410826445304766
0.05945559099600056
0.058594155156089844
0.055073500357921634
0.05802388717012069
0.057235133744125644
0.05417627179839063
0.05341032873293722
0.056190765578767954
0.05542129549399749
0.054664717826077125
0.051829410271278575
0.049033839178560246
0.048339873488338736
0.045623182583175714
0.0481431445270864
0.0506214694493336
0.04996579974161347
0.049318645224902646
0.048648612460350626
0.05101939232374114
0.04829399145848284
0.05059948221146188
0.049982991451462844
0.04951870801598973
0.04691494374431443
0.04629487167314822
0.048463412569488884
0.04405748863357334
0.04346085244090142
0.04289689719638895
0.04230987667236158
0.04175802794839906
0.039385412758329186
0.03884571365336564
0.03831170965919123
0.03497334894726928
0.03691646468037246
0.03884660253890959
0.04074539232442825
0.040240732961371595
0.03601590097977336
