-0.0191092815662
-0.0191369607935
-0.00268007247483
-0.00261436380374
-0.00271574669295
-0.00176604646489
-0.0179639550806
-0.00879819005261
0.0375134920164
0.00913342866934
-8.37836478884e-05
-0.00283528158831
0.0300593268361
-0.0093356414526
-0.00159336265225
0.0332282233772
0.0412322073337
0.0350517381514
-0.019925518618
-0.0183171605144
-0.0179781591202
-0.00273357169263
-0.00854905225782
-0.0027513886267
-0.0185115676084
-0.00854905225782
-0.0180349118112
-0.0190815777515
-0.00830270447114
-8.37836478884e-05
-0.00838500509623
-0.00930329499269
-0.00854905225782
-0.0180490841383
-0.00259653603328
-0.00846712081765
-0.00285310373622
0.0374307396435
-0.00854905225782
0.000199311212171
-0.00930329499269
-0.0177117642257
-0.00835210706959
0.0364892091231
-0.00936795893473
-0.00936795893473
0.000217901046379
-0.00817657231351
-0.00273357169263
-0.0027513886267
-0.00180224095926
-0.00180224095926
0.0349018438152
-0.00180224095926
-0.0183452473351
0.00938315960776
0.0298812992225
-0.00854905225782
-0.0176974910261
-0.00838500509623
-0.0203586507319
-0.00854905225782
-0.00842917791083
-0.00830270447114
-0.00854905225782
-0.00940024747799
-0.00287091780884
-0.00843429667763
-0.00271574669295
-0.00835210706959
0.0350517381514
4.59827963316e-05
0.00919568045476
-0.00285310373622
0.00909197494154
0.0298307047852
0.0363529179616
0.00936241832041
-0.00935180381346
-0.00271574669295
-0.0183452473351
0.00925843684194
-0.00842917791083
0.0299068242556
-0.0190815777515
0.02995790944
-0.00259653603328
-0.00276919750064
-0.00830270447114
0.0299323609921
-0.0181622352396
0.000348267184841
-0.00276919750064
0.0350517381514
-0.00266222324542
-0.00271574669295
0.0374031810896
0.00907126229685
-0.00276919750064
