0.015023689992980746
0.02495845368870664
0.026367319189815136
0.01552004543935423
0.006586812752289076
0.0011183112127111233
0.002622098097568082
0.007670432521408518
0.010681977319539168
0.013253747199850202
0.008828485296335398
0.011377854626771572
0.014620829102398175
0.016826526848277124
0.013333441136783655
0.010148373162812835
0.006912966304374102
0.004062381140158999
0.005763222347777777
0.0032101295356067733
0.004978253234677668
0.006455419586908012
0.007840966442013417
0.009180048484420333
0.010326367372388706
0.012015795007103744
0.013636909165221589
0.01218719761531481
0.013185344001198862
0.011435783718866457
0.011611891906505023
0.012281143357429802
0.010717142779157765
0.009550831172816895
0.010889927735750204
0.011793211586340918
0.010362354332261486
0.009345856097314822
0.00828884722021754
0.009019198234279047
0.009728824212545187
0.00985838378913051
0.008639367903059761
0.008772024903797582
0.007494420072097441
0.008095035778717438
0.00910287316445424
0.009718974727103355
0.008612968187969042
0.0077809367428355175
0.006766010315092524
0.007330998835404251
0.007885797533098815
0.006613512069807273
0.0056567573917112035
0.005758739276712915
0.006278985618920235
0.00684427178768969
0.005867819520241957
0.004906832187042354
0.0039571674276582675
0.004430251413169023
0.0037744308681495753
0.0029395963070103642
0.003451100650593661
0.002643067926622583
0.002024808589162333
0.001260461592450371
0.0016897098779641018
0.0021612176393749905
0.0014087824184476627
0.0018863011797474738
0.002267363623511029
0.0028734431604357097
0.0021596315290664386
0.002549322886150951
0.0029936959980045585
0.003414456375298691
0.003832919513550845
0.003904949016506107
0.004271491355443413
0.0036234658446397255
0.002983005310685627
0.00234608539884959
0.0017188059228396418
0.0020642826101138767
0.0014479602379285916
0.001957212427749974
0.0014996583865705404
0.0015635371497034756
0.0019263605821338015
0.0022818148713567715
0.0026021919775408853
0.0020298490759091126
0.0014655226602136168
0.0008935241225952462
0.001240737778252371
0.0006799233974174174
0.0011347174198891447
