0.01865164496915267
0.07719328866359051
0.06097530102373868
0.04527899923472166
0.033362411407537804
0.024248591749317747
0.01614945689959249
0.010102416912155146
0.005083477063170791
0.0005302020764982041
0.0031103536051763914
0.0012371584615852999
0.0014846542290610915
9.209527783507476e-05
0.0016763466476850536
0.0010006445859871288
0.00047155711273029477
0.0018056635294460693
0.0007056108956321611
0.0011295311737229696
0.002884001631461963
0.004762538822324483
0.006572660764299118
0.008079328246339904
0.006324798660583969
0.007757142040331136
0.008704791358262048
0.010087016350021863
0.008437485498561048
0.009683795439594342
0.0081350598506367
0.008914059226449403
0.007578256994659638
0.008302486192305336
0.009378178667572123
0.008150684724846397
0.009166420674138726
0.007766330866490742
0.0072352566034736
0.006124064865395018
0.007047004971299162
0.007613319782152281
0.006581251762704535
0.007176286823530095
0.00800790005200959
0.0069909366177444004
0.005956995740948323
0.006748060659843777
0.007526117360351012
0.00831475027201535
0.009058313891279424
0.00956214746768401
0.008659278100524637
0.008270975012883805
0.007891253276361754
0.008552711791395412
0.007767722893168003
0.00842960526531994
0.008834892975322292
0.009463184787581541
0.010064266375787917
0.010676932503932493
0.009678312698648384
0.008931044287993087
0.008240981970563319
0.008823268330044431
0.00804879905762168
0.00859674471272047
0.00916675608240472
0.008552305888817224
0.007920651461041706
0.008442932444850754
0.00783107872334389
0.008347423372183096
0.007706848287709289
0.008019862081737716
0.007322126698571865
0.00676874735481936
0.006199927641159994
0.005639038579680525
0.005085245983879286
0.0054057681503369565
0.005865894815681658
0.005267317297953433
0.004700572030501823
0.0051450923897337075
0.004589948752370981
0.00489443333378016
0.004389109791559737
0.0038378573437187063
0.003343231505754052
0.0031164907338238207
0.0035228858213277314
0.0037942138152477767
0.00444419540380224
0.004888815327630747
0.005163572120815557
0.005571331753434439
0.005083782295168371
