0.003949923668537275
0.0065611129605814555
0.009920489582394193
0.01148353965671109
0.009325934598906155
0.02504109274084443
0.02627354327426798
0.02492376437695651
0.02608225579932584
0.025392145087358126
0.024351518609881342
0.02337561042069096
0.022808135582405756
0.02200570100921903
0.02150725745320231
0.020794017190744724
0.020121191264350358
0.020316661204827058
0.019686841902684493
0.036900213970150225
0.036425950535395116
0.03590262363983855
0.035363834190426366
0.03482633393093633
0.034358538608298614
0.03396390293052315
0.03350473351483339
0.03306400058977495
0.032180798733861815
0.02896801752076575
0.02857155481890715
0.028203674606047696
0.027978204745556817
0.02763430421419108
0.027431617532441735
0.02706844168143495
0.026785136974087437
0.02647422362611218
0.02676516792719498
0.026455733623305347
0.029441791420606156
0.029195441658218857
0.029023764178762942
0.02875908677315908
0.028499273375974257
0.02824317723559551
0.02808346941774781
0.027815914664265834
0.02759693048672579
0.027357413776835066
0.027156546187445327
0.02691539043599825
0.02669057475036192
0.026248507701259707
0.026034234238982865
0.025827878829850034
0.02564524021290772
0.025429229912853776
0.025598074022444073
0.02575746182874901
0.0255604462125026
0.02539131663631311
0.025195624370765113
0.027116498917437476
0.026748633199627322
0.026565329512747135
0.02640917777136477
0.026253326967659085
0.026143813035420654
0.02603409247638963
0.02756195507352252
0.02739291168112512
0.027217167517939733
0.027048222494493457
0.026953172274767997
0.026794536324024135
0.026639268802548507
0.02648596669273713
0.026183395162562864
0.025295473377546812
0.025149317049635467
0.024994416523860613
0.024840951327037328
0.02469724581871642
0.024554439458007435
0.02446439844793695
0.024191253669068935
0.024055016765004003
0.023907729459978364
0.02377050399042098
0.0235070231729841
0.024849829972020468
0.024724699564354816
0.024598152657956743
0.024516683380453402
0.024409001786141374
0.02350725178142317
0.02340174557285482
0.023146402450383297
