-0.0320823982992
0.181684091452
-0.0573444588701
-0.203339593277
0.18174770439
0.182158674982
-0.056896138692
0.181221017989
-0.203540918405
0.18174770439
-0.0320823982992
-0.223507604808
0.181496708727
-0.0551449879725
-0.0547569356837
0.181634345082
0.294912476444
0.18243196629
-0.0553436483077
-0.203193418172
0.181635882132
-0.0569952650742
-0.32193567362
-0.0546264886577
-0.0551449879725
-0.0576232531502
-0.0548617165201
-0.0553345984963
-0.22366375393
0.181496708727
0.18243196629
-0.203283947592
-0.0547526829303
-0.0547569356837
-0.0575784488825
0.181082963181
-0.0553481799335
-0.222823475208
-0.0547569356837
-0.0548617165201
0.295075993562
-0.0567756823588
0.182428244436
-0.0567756823588
-0.223164878854
-0.0547569356837
0.181637427776
-0.055014024594
-0.0553391211641
-0.0573389922223
-0.322043539946
0.182568405843
-0.386804262412
0.182199110877
0.182725898559
0.181753281929
-0.043326931132
-0.0550184136816
0.181590835197
-0.388907749362
-0.223072003474
-0.0548617165201
-0.054883256392
0.18174770439
0.182542983712
0.182428244436
0.181427838336
0.181496708727
0.182295389406
-0.0551050686982
-0.0571207392823
-0.22291598331
-0.0554650547177
-0.0553436483077
-0.0576232531502
0.181590835197
-0.0574975320369
0.181637427776
0.181496708727
-0.0617040567868
0.181496708727
0.18243196629
0.181427838336
-0.054883256392
0.18182243723
-0.0423273170448
-0.0551405348527
-0.0574975320369
0.182428244436
-0.222908702572
-0.0551050686982
0.182114978592
-0.386859620551
0.1815655443
0.181082963181
0.181590835197
-0.0576232531502
0.182428244436
-0.0571584601728
