-0.0391202235321
-0.00772655587445
-0.0326554103827
-0.0326957470478
0.00205556132339
-0.00789194463727
-0.0326554103827
-0.0327781287652
-0.00785724368938
0.335245803976
-0.0330888390541
-0.0330031572074
-0.0329216620102
0.00206838092756
0.0683707392638
-0.0390126329929
-0.0330602917473
-0.0333735823512
0.167667181702
-0.00418463342076
-0.00794548603573
-0.0329216620102
-0.0332549292725
-0.0366159675008
-0.00788393392303
-0.033045330486
-0.0330602917473
-0.0326554103827
0.16713872498
-0.0376948046736
-0.00778779286159
-0.0376129543207
-0.0329216620102
-0.00413458987728
-0.0332833320001
-0.0330602917473
-0.0331458937878
-0.0366159675008
0.00203094449338
-0.039066453093
0.572597707084
-0.00396293642188
-0.0332549292725
-0.0331936171539
-0.0377765415556
-0.00778779286159
-0.0331458937878
-0.0328642889834
-0.0331458937878
-0.0326554103827
0.00216812874924
-0.0332223206153
-0.0325980068022
-0.0333167396182
-0.00396293642188
-0.0327493818073
-0.0332549292725
-0.00403443615946
-0.032569284908
-0.0330031572074
-0.00789194463727
-0.033045330486
-0.00403443615946
-0.00789194463727
-0.0332549292725
-0.00396293642188
-0.0326669065661
-0.00396293642188
-0.0329216620102
-0.0328929822024
-0.00778779286159
-0.0409276008018
-0.0328929822024
-0.00794548603573
0.00176938635871
-0.033045330486
0.183546110471
-0.00412732955855
-0.0327493818073
0.00173209174587
-0.032569284908
0.0018066986551
-0.0326957470478
0.00297222001471
-0.0326918475072
-0.0326554103827
-0.039066453093
-0.008049747081
-0.00424207281716
-0.0327493818073
0.00220568695171
-0.00396293642188
-0.0326554103827
-0.0441970985251
-0.00798025608371
-0.0328929822024
-0.00785724368938
-0.0329216620102
-0.0375583242626
