0.019560111766032895
0.02213563039084876
0.0302994829865334
0.036838632396085425
0.03649603884218733
0.037623459504654955
0.041705385802497275
0.04534740010974525
0.04613312447868334
0.015656233208105497
0.018413636462611738
0.020952340863179986
0.023303888149623586
0.023165996087786467
0.0188928248837964
0.021187685648084376
0.023024368522933325
0.024780872857208425
0.016397513772118733
0.016596782030249946
0.0169579404864193
0.01838931709555891
0.019774939148579196
0.021239577848610525
0.02154280607641923
0.02276670720553131
0.023947431910791295
0.02507348054467884
0.019502189712026663
0.020718151153110598
0.020961519680035234
0.022101306174600488
0.02306959035137135
0.023187721490722235
0.024112258490724958
0.025005779889300084
0.025878040252138024
0.02681691121369656
0.02676613760136204
0.027718977920702992
0.014085699180615974
0.014177860492752825
0.01493365433985483
0.015671290276609184
0.016492519440862052
0.01665821716132132
0.017348756615234717
0.018019456390406363
0.01868237426616326
0.01932267643053065
0.019280981646891404
0.0199078178849158
0.02051148467754982
0.02111724357969813
0.021188010301517513
0.02176256085954109
0.02233592170906673
0.022404301982955843
0.02294712339808913
0.023488158762144606
0.023615448191778077
0.02413997724711181
0.024203015312103338
0.024324429844984508
0.024828292409719177
0.024887440714523423
0.025367836399319277
0.025425270260506005
0.02589557971779477
0.026358861157265157
0.026467024947009476
0.02702767701278741
0.02747217677227931
0.027578116586088997
0.027554835186632265
0.02798399532281448
0.02563084006036842
0.025683084738324813
0.02609245201091659
0.02607106816220217
0.0264682545635192
0.02644648710984332
0.026835722193745193
0.02680075489945455
0.027180892661165856
0.027556242205795
0.028000179172760653
0.028090625769176314
0.02813775991158929
0.028497643228153513
0.028473668369982774
0.028516280589572895
0.028863678572367935
0.029328911188421847
0.029412038855960443
0.0297511417652635
0.02983131772127756
0.030163859761784706
0.03053944300441025
