-0.0062735615962
-0.00592117758231
-0.00600216590616
-0.575353534555
-0.00606409243467
0.126544022269
0.130834989986
0.126338738203
-0.0065517448519
0.126044662916
0.107785126779
0.12951309925
-0.00659786223636
-0.00659786223636
-0.00527880835572
-0.00645987730324
0.127008687402
-0.242376358954
-0.00545448089052
0.126358396479
-0.0061124425204
0.126716103317
-0.244525552655
-0.00613201095515
-0.00594779973656
-0.00606409243467
0.126562770743
-0.00520688658399
-0.00594779973656
-0.00615474322308
-0.0014441227186
0.1264825292
0.131418773897
-0.0062485067994
0.107256550195
-0.242854938994
0.115239839433
-0.242854938994
0.115058022472
0.115121888031
0.126796399501
0.129303608855
0.108616873796
0.13225754871
0.126789752504
-0.244646008988
0.126683891941
-0.242376358954
-0.00600216590616
0.115161225659
-0.245328319179
-0.242376358954
0.126196562574
-0.00596832291285
-0.231076801428
0.107109748328
-0.00625316156904
0.129181315936
0.126413495628
0.115200542787
0.126581088247
-0.574717732371
0.107109748328
0.126413495628
0.1294395087
0.00854301788622
-0.410573345505
0.126796399501
-0.0061124425204
-0.006065778844
-0.00659786223636
0.126317786153
-0.00613201095515
-0.242890405149
-0.57464759899
0.126488173098
-0.410573345505
0.107744249909
0.115082529888
0.115082529888
0.107785126779
-0.391450572648
-0.411491642129
-0.00599658836741
0.107162606147
0.126445691555
-0.00606239653659
-0.576120067618
0.126410143738
0.126413495628
-0.00603802024529
-0.39101280512
0.126373681539
-0.391089463573
0.108616873796
0.107133637026
-0.242611586816
-0.00659786223636
-0.00652885230777
