0.003280926916778504
0.004899756145198331
0.008877628278683769
0.007591868001789126
0.006520401104376905
0.0052347956480853775
0.007285827513603738
0.009055622284829035
0.008412742146381769
0.007830718451206975
0.007279448606265282
0.00851755004609911
0.008010140230900742
0.009065894853537482
0.008664094767007913
0.008267877367836074
0.007893672046396016
0.0075447984229021214
0.0072233583536784884
0.006838601416433887
0.006918091227234191
0.007618609391355391
0.007335158445448409
0.007081718039537166
0.0077001297792756995
0.007463009014574862
0.007231510710278388
0.007009827903917243
0.006795534524434821
0.007314738354042505
0.007107594640093029
0.0069014484976152035
0.006701760688395564
0.006500454786842469
0.006318921544052669
0.0061401313240715405
0.006565872642516624
0.006970858063345742
0.006807478144834955
0.007195563231028657
0.007565433226431328
0.00741345190688647
0.007267342784512132
0.007306459282204858
0.007656357515201329
0.0076938094810773405
0.0075598761189008545
0.007921921125300546
0.00824332898679292
0.008558597716855743
0.008863142319539441
0.008896354440221965
0.009189309534723522
0.009483608361838591
0.009766399778616264
0.009653613789414983
0.00993111928455015
0.009822381519866474
0.009703534892764543
0.009598144706133849
0.009494454361222981
0.00939262058159851
0.009291340073468768
0.009190183286710396
0.009089952405811896
0.009329544593826844
0.009558117982654157
0.009583628742019012
0.00948497082749189
0.009716073009522153
0.009605197456342252
0.00951840279678362
0.009732407112182928
0.00963769061334585
0.009548179788322564
0.009464688861251513
0.009380562530052039
0.009295639918873388
0.009205531115050736
0.009122374376952957
0.00903612056170855
0.008956096882028697
0.008880668189793162
0.00877479479927501
0.008965113079998699
0.008883149888893938
0.008806302970117308
0.008705505066043506
0.008615728447353144
0.008545228138382432
0.008466540341465989
0.00838957387166428
0.008558933685975934
0.00848760785195879
0.008397358668679855
0.008330534415893265
0.0084954489931095
0.008657513641134429
0.00881570939216525
