-0.100192953801
0.0851696417558
0.469765552174
0.231837861756
-0.0996438712399
-0.184537446307
-0.135245672159
-0.0982841845792
-0.138688618587
-0.13857830766
-0.0997566532076
0.230990290964
0.226768202723
-0.109854284797
-0.0994178230309
0.0657900689061
-0.105925276581
-0.109950455991
-0.106032500911
-0.109688896034
-0.106089669718
-0.0332929147498
-0.109854284797
0.0656195318932
-0.0997566532076
-0.135155957313
0.231581000328
-0.100294205247
0.226886711268
-0.100155641504
-0.105996776319
-0.139602590553
0.0853506092909
-0.109819583849
0.0853506092909
-0.106275983571
-0.100094034704
-0.0994555426581
-0.0982079500564
0.0655415406403
-0.0332929147498
-0.0991390195939
-0.0983543179601
0.230990290964
-0.0333221295058
-0.0997693069858
-0.0997190771203
-0.105996776319
-0.0995685936666
0.231383544498
0.230990290964
0.0851903084441
0.084912841763
-0.100118311512
0.0816661306782
-0.10008096381
0.231837861756
0.0655415406403
-0.105925276581
-0.109811514095
0.084912841763
-0.109750133021
0.0853435947923
-0.109784866594
-0.109977349921
-0.134654187666
-0.10008096381
-0.033537758439
0.0651994086493
-0.0988118521613
0.226886711268
-0.0993544226543
0.0650278458503
-0.106275983571
-0.0999067788359
0.233856608431
-0.0983543179601
-0.0334299958312
-0.106089669718
0.0851627729683
-0.0989901201446
-0.0997566532076
0.0853506092909
0.233404753583
0.231116012078
-0.109819583849
-0.0983817821927
-0.134617750542
-0.0993423297626
-0.100094034704
0.0852739508376
-0.0333221295058
0.233508475416
0.256673780023
-0.11001208724
0.0655415406403
0.226909487328
-0.135155957313
-0.134531625067
