0.0663470600362
0.305890629783
0.577501754814
0.577501754814
0.577501754814
-0.422371486408
0.577501754814
0.577501754814
0.577501754814
0.577501754814
0.577501754814
0.577501754814
0.577501754814
0.577501754814
0.577501754814
0.577501754814
0.577501754814
0.577501754814
0.577501754814
0.577501754814
0.577501754814
0.577501754814
0.577501754814
0.577501754814
0.577501754814
0.577501754814
0.577501754814
0.577501754814
0.577501754814
0.577501754814
0.577501754814
0.577501754814
0.577501754814
0.577501754814
0.577501754814
0.577501754814
0.577501754814
0.577501754814
0.577501754814
0.577501754814
0.577501754814
0.577501754814
0.577501754814
0.577501754814
0.577501754814
0.577501754814
0.577501754814
0.577501754814
0.577501754814
0.577501754814
0.577501754814
0.577501754814
0.577501754814
0.577501754814
0.577501754814
0.577501754814
0.577501754814
0.577501754814
0.577501754814
0.577501754814
0.577501754814
0.577501754814
0.577501754814
0.577501754814
0.577501754814
0.577501754814
0.577501754814
0.577501754814
0.577501754814
0.577501754814
0.577501754814
0.577501754814
0.577501754814
0.577501754814
0.577501754814
0.577501754814
0.577501754814
0.577501754814
0.577501754814
0.577501754814
0.577501754814
0.577501754814
0.577501754814
0.577501754814
0.577501754814
0.577501754814
0.577501754814
0.577501754814
0.577501754814
0.577501754814
0.577501754814
0.577501754814
0.577501754814
0.577501754814
0.577501754814
0.577501754814
0.577501754814
0.577501754814
0.577501754814
