-0.0222239083406
-0.0143258294081
-0.0144685659885
-0.0142443342109
-0.0221711426352
-0.0223029659862
0.010689211968
-0.014382963948
0.0144569293227
0.0204094195452
-0.0203353051936
-0.0142443342109
-0.0142443342109
-0.0180213920744
0.010785383162
-0.0140354326158
0.020883014751
-0.014072054008
0.0204840264544
0.0107239229401
-0.0463187030485
0.0143636843878
-0.0140432935918
-0.0144970734341
0.0147143913774
0.0222305135628
-0.0140393557571
-0.0146060042008
-0.0222766255482
-0.014382963948
0.0218278157973
-0.0145776014732
-0.0140145197079
-0.0190992137563
-0.0144685659885
-0.0146678397919
-0.014382963948
-0.0141008009659
-0.0145825161965
-0.0142443342109
-0.0461104452183
-0.014072054008
0.0147143913774
-0.0139780825834
0.0108895349377
-0.0138919571087
-0.0141869611841
-0.0222239083406
0.0145499982408
0.0106623180377
-0.014072054008
-0.0144685659885
-0.014072054008
-0.0142156544031
0.0107239229401
-0.014072054008
0.0107239229401
-0.0145162893546
-0.0203353051936
-0.0145540485288
0.0108895349377
0.0108200841099
0.022410700201
0.010785383162
-0.0255958724963
0.0143001970978
-0.0145540485288
0.0106623180377
0.0215006483647
0.0143636843878
-0.0138919571087
-0.0140354326158
0.014471065677
0.010689211968
0.020446714158
-0.0180213920744
-0.0140680633479
-0.0142443342109
-0.0580486677512
-0.0140145197079
-0.0142156544031
0.0872096721274
0.0106623180377
-0.014382963948
0.0205456332544
0.0146428916399
0.0146071670479
-0.014072054008
0.0147143913774
-0.014072054008
-0.0145162893546
-0.0145162893546
0.014471065677
0.0207082722927
-0.0145540485288
-0.0138632217993
-0.0140432935918
-0.0138919571087
-0.0190992137563
