-0.145200230038
0.239642267833
0.23957343226
-0.145200230038
-0.26418223806
0.000918263360053
0.00261625486735
0.239159686714
0.000786811438928
0.00095598425053
0.00108145845858
-0.164917288688
0.00332404060248
0.00272854359932
0.00108145845858
-0.340286953603
-0.332973296362
0.00130104117404
0.0147497924008
0.239852415372
0.00280509828141
0.239917262471
0.0261369594409
0.000792284884688
-0.145033118532
0.00280509828141
0.0160006468007
-0.164831979039
0.00318914631963
0.000579191495965
0.00280509828141
0.00321500701275
0.00293618868009
0.353611720608
0.0027376023687
-0.330105414248
0.00297165483466
-0.145033118532
0.00117003408983
0.00108145845858
-0.145186211291
0.00321500701275
0.240504967969
0.0259943252337
0.00273307522517
0.00321500701275
-0.145033118532
0.00130104117404
0.016874490613
-0.329526940726
0.00293618868009
0.239159686714
0.239824427923
0.239762501394
0.23966755873
-0.330543035813
0.00306269893879
0.00306269893879
0.239297741521
0.240508689823
-0.165587030397
-0.165360435761
0.239830005462
0.23977983463
0.000846723915876
-0.165524577156
-0.00390251424331
0.00332404060248
0.240235398514
0.239830005462
0.00297165483466
-0.365248542548
0.00083044838439
0.00261625486735
0.00306269893879
-0.145547442891
0.240411878048
0.240508689823
0.240576926753
0.24027583441
0.0261298380016
0.240573017615
0.00332404060248
0.23977983463
0.000781332589963
0.240123144149
0.240030068536
-0.330692462086
-0.145186211291
-0.145623978819
-0.164746751676
-0.165173712544
0.00118058484085
0.0260013736303
-0.00390251424331
0.0261369594409
0.00273307522517
0.00261625486735
0.000579191495965
