-0.0131797893139
0.0106302724511
-0.00385367823378
-0.00731622045262
-0.018504825435
-0.00401774007689
0.0106302724511
-0.00399322098316
-0.00755340322758
-0.0130760772566
0.0106417390096
-0.00405038294555
-0.0109627609393
-0.00730877610604
-0.00397685729498
-0.00397685729498
-0.00403406854026
-0.00534969046633
-0.00379592064407
-0.00366216174975
-0.00379592064407
-0.00731622045262
-0.00366216174975
-0.0039276814262
-0.00378765525366
-0.0130638266284
-0.00354596487623
-0.00396867015634
-0.00367987822737
-0.00365388530722
-0.00403406854026
-0.00730877610604
-0.00912093727415
-0.00755340322758
-0.00403406854026
-0.0034458044923
0.0190191136936
-0.00354596487623
-0.0102407831978
-0.00340391656508
-0.0034458044923
-0.00382069533747
-0.00370480387058
-0.00731622045262
-0.00366216174975
-0.00354596487623
0.0190592309901
-0.0038619150397
-0.00403406854026
-0.00397685729498
0.0194807310881
-0.00371310520134
-0.00316092254496
0.0188193162317
-0.00377938627972
-0.00956372891177
-0.00399322098316
-0.00956372891177
-0.00316092254496
0.0188193162317
-0.00910685810884
-0.00397685729498
0.0106302724511
-0.00403406854026
0.0196297921636
0.0188060429636
0.0188193162317
-0.00367987822737
-0.00399322098316
0.0188193162317
-0.00379592064407
-0.0130147199214
-0.00378765525366
0.0188060429636
-0.00366216174975
-0.0107691449336
-0.00365388530722
-0.00366216174975
-0.0034458044923
-0.00955678879532
0.0189657059866
-0.00314402495966
-0.00399322098316
-0.00402590606697
0.0188193162317
-0.00366216174975
0.0204150274874
-0.00366216174975
-0.0130147199214
-0.00534969046633
-0.0104953062715
-0.00316092254496
-0.00403406854026
-0.00397685729498
-0.00864205401315
0.0194362214016
-0.00334512005141
-0.0102407831978
-0.0038041824533
