0.013713079779154341
0.022837010908724226
0.0034522627400476735
0.002138229365495542
0.006700194930280484
0.0055498958647872965
0.017254149467260588
0.02925587336145055
0.005144510557409887
0.002639419229473222
0.0003730829032051186
0.019968877804479396
0.03881176013349105
0.03147632897832833
0.024916820649237476
0.018739073713760157
0.03378168765949857
0.029266339942833675
0.024955826030331613
0.026268016725917498
0.027524877788375646
0.022823752955687004
0.018456238771431044
0.014261838206146349
0.015287748234160264
0.012114201764691995
0.013097590402657594
0.010125262855562062
0.0300396388323258
0.03814447562847567
0.03546476826705461
0.0328225597778565
0.029733686310117857
0.03049774052892107
0.03126393577201628
0.031984845521431465
0.029727171663099017
0.030429012519219784
0.031094784525123292
0.028544849319804
0.026314884171327935
0.03636133391916227
0.04237595912956971
0.05154122132450556
0.05213882507442197
0.04990430181369948
0.05541358283869738
0.05327246560297086
0.05116797033976628
0.049450306211641704
0.04742840665220824
0.045450289917146225
0.05316537955521172
0.06282093529094254
0.07349582142119829
0.07164718272209436
0.0698273957748046
0.07029533339595867
0.06854912391393611
0.06683403097518259
0.07112353978659017
0.0754213099845038
0.07378423859510766
0.07216654216231394
0.07057860809430477
0.06892437592925724
0.07528837266425645
0.07568978650843539
0.07418710360042302
0.0727130491528157
0.0712589669529671
0.06974169252548482
0.06832342045433004
0.06869176251636316
0.06730297774079991
0.06594072069533624
0.06610416528675048
0.06645126126168158
0.06528003758194684
0.0639791436825774
0.06292845420184837
0.061801574197509646
0.060686706983556465
0.05939924353186171
0.06246805811355968
0.0612585780772352
0.06006212656119192
0.05882129836299449
0.05765288620082684
0.056468615416571666
0.05676945406028025
0.056906536620821235
0.055791934823785555
0.05607033445946771
0.056355179993160004
0.055272428955044306
0.05540386748326806
0.05434223628893814
0.05340692588533699
