-0.0274261595583
-0.0273717933887
0.105157094595
-0.0279524605277
-0.0273717933887
0.0857506355655
0.0936340288198
0.108015515048
-0.24111362804
-0.0275560046073
-0.0271960359152
-0.2644454892
-0.263800352606
0.110031467327
0.104952133265
0.105021697903
-0.270767051023
0.0857916066166
0.08621027825
-0.0275560046073
-0.0276509433741
0.108125871152
0.104820340422
0.104860014132
-0.0266736607284
0.0856857546756
-0.027534881863
0.0861974988658
-0.597431279303
-0.251249940681
0.0857506355655
0.0871928801435
0.105021697903
-0.0267418976581
-0.0275830287514
-0.0266736607284
0.0857916066166
-0.0273717933887
-0.0266308802361
0.104547343418
0.093658536236
-0.431997339157
-0.264643509258
-0.412436798772
-0.0274897724962
0.105022593254
-0.2644454892
0.104914744551
0.10522476316
0.0876008705344
0.105138777091
0.104840186958
-0.416614840456
-0.531055565465
-0.597793623294
0.105372405849
0.105547642943
-0.0276083196481
0.104772568921
0.104620669264
-0.265949546307
-0.270759522469
0.104772568921
0.105150268132
0.104803648489
0.110833555058
-0.43275177798
-0.0276975552483
0.105187803561
0.10465786578
0.104693918389
0.110761033206
0.104952133265
-0.0276256546525
0.105547642943
0.104893792501
-0.0127486781303
-0.0274205820196
0.0936978943788
0.105372405849
0.0861565374198
0.0935310403601
0.0936488459721
0.109434393394
-0.263918054026
0.10522476316
0.105287733412
0.11043370964
0.105157094595
0.107768641367
-0.0276771552212
-0.0127486781303
0.104772568921
-0.0264479653898
-0.0273451712345
0.105026850697
-0.0128809757659
0.105101488239
0.0935310403601
