0.021079140522993575
0.03889786983481893
0.030564645796423116
0.020646262905895663
0.012283718677688515
0.00540010864604841
0.0002806057435637971
0.0046248700842558416
0.0005190911174312723
0.006416797529785051
0.0035315294344486214
0.0030629418135943304
0.006075329738903623
0.00871008688057133
0.00834182686468013
0.010821950047864501
0.013812170097806276
0.011404979562268908
0.009457833314619302
0.0072804276382138905
0.005208641550951826
0.0036945220823185465
0.005456062748924281
0.007138545178447059
0.005973300490526745
0.004280672508947245
0.006210103991790103
0.005060168468120699
0.003949071929667924
0.002975752774788898
0.00465381872593898
0.006281498064286198
0.005294104916705289
0.005128991249343726
0.004959779052924121
0.004147171874155864
0.00323088257227043
0.0024599475565159346
0.0017507936092654025
0.0009035932534856017
2.6705547002722763e-05
0.0008539117163918475
0.00011007252995651196
0.0005618724038037176
0.0012127695416418033
0.0019518166605135417
0.0026719759880315247
0.0033785722562771764
0.0022078618163279135
0.0011718705936464568
0.0001438669795026798
0.0007102000837200667
0.0013449843766790565
0.0005744262845330667
0.001112379267179206
0.001641667934264568
0.0022849972490631976
0.0029515976707137903
0.003509729303767556
0.0028623997128469636
0.003348766919723134
0.0038637902712157918
0.0032217219916726714
0.0038226392685138944
0.004327701515591462
0.0035293003959244867
0.003610419149466998
0.004094942179351288
0.004524673660971437
0.003927762462830178
0.003345546339088609
0.0038213711964443925
0.003253432144919216
0.003727697015368972
0.004188216500317671
0.004623486026515716
0.005010085601212161
0.005392092510462326
0.005826361648811507
0.006249379472263894
0.006615967064816028
0.007020775800937434
0.007285349986304326
0.007676689696111086
0.007190056663048991
0.006568053275527147
0.006947156753677228
0.006293005283924763
0.006360452090117735
0.006691176631990967
0.006099851955649771
0.006421801077591188
0.005845820519759862
0.005908294640633555
0.005344996110119321
0.004910374656036984
0.004362400678638911
0.0038187243059222276
0.003394571237528954
