0.000448124240933212
0.0009684412442203527
0.0006580057460107147
0.000413788493377365
0.0005627505001339905
0.0007797703669290001
0.0010044054954813086
0.0008657473252270398
0.0010302818725811402
0.0011487613455497536
0.0007412705317807466
0.0008927743344878669
0.0008744632288022469
0.0009623730879806391
0.0010447885809604651
0.001029708846866484
0.0011025397726646124
0.0011837306628855737
0.0012650704479192365
0.0010001711313303296
0.0010505514989592735
0.0011184189341706396
0.0010635232819409257
0.001010336032289949
0.0010689649413783142
0.00102320370223985
0.0010626982439146948
0.001019879554506442
0.0008558438435919413
0.0006966215820354282
0.0006139911132683196
0.0005761752486534988
0.0006341827280189616
0.0005966562221733085
0.0006389269126194641
0.0006827513695624177
0.0006558656472052116
0.0007064362702418059
0.0007586062739164401
0.0007283701781733987
0.000722266476278155
0.000691958464975273
0.0005806700299204604
0.0006957076720267574
0.000729243039726768
0.000757299377762477
0.0007313868093706821
0.0007646407403780753
0.0007908598736653394
0.0008167157146001802
0.0007914574895118154
0.0006871426624375232
0.0006823953387412596
0.0007122624742722516
0.0007496741350326852
0.0007656588167639367
0.0007922558325259565
0.0007713142485133995
0.0008060026409090204
0.0007858831135147959
0.0008205209147672532
0.0008452563161268634
0.0008292929184772202
0.0008495009097266859
0.0008339573623037388
0.0008581589280781676
0.0008396860645236703
0.0008634163466925138
0.0008821442990405437
0.0009006084774119127
0.0009159324663352564
0.0009310810576625972
0.0009517508978551525
0.000934947355606508
0.0009522979857075065
0.0009792922302584994
0.0009630296881495415
0.0009743119227983987
0.0009711074793034014
0.0009962953022960575
0.0009811521072614626
0.0009999271709441038
0.00101562536008315
0.001003556252672455
0.0009891173922905727
0.0009744664768672751
0.0009921747755679
0.0010152828785187085
0.0010327433664651942
0.0010181984008855727
0.0010324479298460254
0.0010184564723090261
0.0009636250488196385
0.0009854756927687447
0.0010043068286914592
0.0010210779183891239
0.0010075926065831187
0.0009949873183782154
0.0009924237635822175
