0.000896248481866
0.00156095100986
-0.00124174199284
-0.00122108626317
0.00089377204054
0.00151913906756
0.00179708102842
-0.00124792353229
0.00164534547354
0.00130327420265
-0.00488988976523
0.00196954943519
-0.000256355479598
0.00131864788768
0.00131864788768
-0.000256355479598
0.00131095666437
0.0015426269142
0.00162679570067
-0.00556288564837
0.00110836808784
0.00156095100986
-0.00131749565351
-0.00132968124127
0.0015243516363
-0.00123555345674
0.00110584716689
-0.00124174199284
-0.00492107132743
-0.00493589010825
-0.00264417500055
-0.00124792353229
0.00197225429843
-0.0013134277046
0.00152174485606
0.00162150490689
-0.00102165744957
0.00197225429843
0.00208680014699
-0.00123967992546
-0.000256355479598
-0.00130324448602
-0.00489669114241
0.00517669389478
0.0015426269142
0.00131864788768
-0.00124380328281
0.00162944261936
0.00131095666437
0.00131864788768
-0.0013134277046
-0.00552868583494
-0.000256355479598
0.0016426924542
0.00209505300259
0.000911126858682
0.0015426269142
-0.00123555345674
0.00208130354374
-0.00122729117105
0.00214754367765
0.00155833028565
-0.00102165744957
0.00131351943122
-0.00102587412991
0.00162150490689
-0.00125615472171
0.00163738946965
0.00131095666437
0.00131095666437
0.00110332720248
0.00110584716689
0.00152956817425
-0.00126026566865
0.00131864788768
0.00207855683042
-0.0012684782845
0.000891296537259
-0.000256355479598
0.0020402136624
-0.00124174199284
0.00155833028565
0.00131864788768
-0.00102587412991
-0.00124174199284
-0.00127462964183
0.00155833028565
0.00205662116262
0.00157144391518
-0.00132359186775
0.00131095666437
-0.00130120555094
-0.005154153808
0.00207581117516
0.00180778904858
0.00162679570067
-0.00132156055698
-0.00124792353229
-0.000256355479598
