-0.0300003000583
-0.0306616292937
-0.0304051814229
-0.0349032139381
-0.0305998189481
-0.00130782609747
-0.0304907834634
-0.0300117962417
-0.0623409205234
0.00482323907365
-0.00151532415532
-0.00523683431286
0.0894508690605
0.00626313252359
-0.0302665516858
-0.0300003000583
0.338474058915
-0.00130782609747
-0.00130782609747
0.189606828174
-0.030237871878
-0.0305714030283
-0.0300003000583
-0.0300003000583
-0.0301230184408
-0.001415050427
-0.0300902808228
0.00516190782564
-0.0300942714829
0.169645296334
-0.0300902808228
0.00452341577946
-0.0621119308724
-0.0306900572668
-0.00130782609747
-0.0300655110667
0.0053128943879
-0.030348046883
0.169567240668
-0.00513268253718
-0.00137932583505
-0.00513268253718
-0.0363689077425
-0.0351214312312
-0.0303902201616
-0.0300003000583
-0.0303902201616
-0.00137932583505
-0.0300655110667
-0.00520213336497
-0.0300117962417
0.00486079727612
-0.0302665516858
0.00623566829101
0.00486079727612
-0.00520213336497
-0.00513268253718
-0.0299716049663
0.00562733033912
-0.0301804720194
-0.0300902808228
0.189780223452
-0.00130782609747
0.00482323907365
-0.0300367371828
0.0052751207211
0.00526302782944
-0.0305714030283
-0.0300003000583
0.00526302782944
-0.0304051814229
0.00218097470337
-0.00130782609747
-0.0300902808228
-0.0306047336714
-0.001415050427
0.00452341577946
-0.0053598994372
-0.00523683431286
0.00562733033912
-0.00147221923414
-0.0302665516858
-0.00137932583505
-0.0304051814229
-0.0300003000583
0.00486079727612
0.0047106716478
-0.00130782609747
0.189613562138
-0.0340436095493
-0.0305672102909
-0.00147221923414
0.00482323907365
-0.00130782609747
-0.00539463675658
-0.0298854392742
-0.0300942714829
0.189947047007
0.00452341577946
