0.00263552314134
0.000274487020629
0.238909516739
0.240050912181
0.239528146707
-0.165289756681
-0.264640015702
0.000564984267897
-0.264287512974
0.000514293400429
-0.165289756681
0.000279953668401
0.000722807198712
0.00058640210433
-0.165966752374
0.00214930058124
0.240161929603
0.00058640210433
-0.165289756681
-0.165289756681
0.000460485717913
0.0155428691585
0.00287475581314
0.239209781088
0.00247395791816
-0.264287512974
-0.165453057583
-0.145720647386
0.238908938884
0.00251387719252
-0.145651003432
0.00263552314134
-0.145490896174
-4.30725951306e-06
-0.145720647386
0.240050912181
0.002992457233
0.000843263531897
-0.330374683627
0.00286201020701
-0.165460458385
0.000460485717913
0.239115654618
0.00227529758303
0.0155428691585
0.0256720603595
0.000712256447689
0.239777620872
0.000329033796788
0.00058640210433
0.00247395791816
0.0142920147587
0.240050912181
0.239441383121
-0.145665001701
0.000444239809129
-0.00443995882624
-4.30725951306e-06
0.00234732063927
-0.146081756461
0.00275722937061
0.239254828023
-0.145720647386
-0.145643988933
0.240004200648
0.0256791817988
0.00287475581314
0.240090007831
0.00215847722521
0.00247841103795
0.00227529758303
-0.329348916184
0.239366650281
0.000274487020629
-0.145490896174
-0.264287512974
-0.00397424118412
0.00247841103795
0.000514293400429
0.239366650281
0.00037267074225
-0.329348916184
0.00214930058124
0.240119149111
0.239818056767
-0.145824956468
0.00286201020701
-0.365612348766
0.00247841103795
-0.165204529318
0.240050912181
0.239209781088
-0.165904151535
-0.337027099135
0.000388946273736
-0.145490896174
0.238701909071
0.00275292993956
0.00286201020701
