0.044992746908521064
0.15396607268243978
0.2359798328532846
0.2006693209748821
0.1542848153254831
0.11950766625490983
0.08917460533076782
0.06221188450930826
0.05440108279235334
0.08412353747106971
0.0914323615522783
0.07784949103385008
0.07224858891185648
0.060471223736365376
0.06613278323931271
0.051918740889316695
0.03839429402853822
0.04302362399730553
0.030886626764911496
0.02247818311064642
0.01141552689727987
0.015265677321884774
0.019035153388744397
0.03209439939613146
0.03549185620576445
0.026532787425609494
0.03819036261509179
0.04130452566485465
0.044304042125422716
0.05483346487721319
0.047257732952722065
0.05716915254408195
0.0597569373456891
0.06910897801837923
0.07821524013524872
0.0806568985321291
0.07912756273649701
0.08137758051193755
0.08362901843376969
0.08582082544369662
0.08397572227503725
0.08608234906683165
0.08808460230564419
0.0953690512848735
0.10246946726569517
0.10941587471643299
0.1113006127498628
0.10636921030190505
0.1080362083888764
0.11444590812270172
0.11614232678371283
0.11281216524969773
0.1113629697656322
0.10994282399891309
0.10679009972405573
0.10833100516419325
0.10733214666938407
0.10303957460310054
0.10451180588727482
0.10161131704353021
0.10303605699595697
0.10180463540155504
0.10318093019805918
0.09944763039201099
0.10078254792295183
0.09717730014901182
0.093597299509394
0.09489961105744116
0.09133712431876018
0.09260959923953982
0.09383319844103633
0.09504325155131654
0.09626725775664569
0.09303072516134059
0.09226267831625079
0.09124828848288002
0.0923743347660575
0.08931561679200772
0.09041979025513847
0.09152922343300274
0.09259880744488691
0.09366420179013124
0.09471697564052084
0.09403319176968006
0.09508513857903622
0.0944192329158301
0.09542260335149311
0.09644026859240351
0.09741477846989799
0.09833503653148723
0.0993167702516653
0.09741777528934681
0.09658484411533819
0.09597501471850733
0.09344320525001182
0.09284408401048583
0.09205332550963186
0.09308490064610286
0.09230654327881038
