0.089985493817
0.326919977322
0.328055040683
-0.176552559392
-0.278307033896
-0.243440043494
-0.242664487393
-0.242664487393
-0.0781080171695
0.326947001466
0.0877058889745
-0.17657731674
-0.0784126297079
-0.176660477632
0.0905849520472
-0.24163871995
-0.243440043494
0.0879572694066
-0.242739944648
-0.17657731674
-0.243378436694
0.0885534597659
0.0904674256046
0.326481150185
0.0883338770505
-0.241894857064
0.326412105306
0.0903107284431
0.089985493817
0.326412105306
-0.242423421584
0.327076846515
0.0879846832546
0.327321423544
0.327825436207
0.0903413606846
-0.058114760234
0.0877506932422
0.0900575168733
0.089864087407
-0.0774943330837
0.0905849520472
0.0880991425078
0.327800204065
0.326619135118
0.326481150185
0.0904674256046
-0.24163871995
0.0833499043486
0.326894686425
0.0882137703726
-0.176498561303
-0.0782565561395
-0.0781080171695
-0.176552559392
0.0878316100878
-0.0579337926989
-0.253261751911
0.0883338770505
-0.176929819468
0.0883338770505
-0.0775795604473
0.0880828669763
-0.242664487393
0.0881045570421
-0.241551600854
-0.243440043494
0.0898594968153
-0.249374071708
0.0903457193754
0.0880991425078
0.0883338770505
0.0905764591944
-0.242739944648
-0.0583715602268
-0.0781080171695
0.0878316100878
-0.24163871995
0.0883338770505
0.089864087407
0.0877058889745
0.0884277306553
0.0884330034327
-0.0581216290215
0.0904674256046
-0.0579337926989
0.0882965983383
0.090572206441
0.0877058889745
0.0837434836046
0.0903195022564
-0.176606531496
-0.0782955303568
-0.0579337926989
-0.243053708976
-0.058114760234
-0.0774943330837
0.102125938511
-0.0778357367292
