0.00295356573543
0.2387934646
0.00295781848877
-0.145552433405
0.000300022160728
0.000371509196829
-0.165953252511
-0.336828319277
0.000809089949696
0.354077245511
0.0256351515165
0.000656539796325
0.00260543272095
0.0256422069598
0.00236685311145
0.000605848928857
0.000552041246341
0.0165082684993
0.00284878489904
-0.329149119132
-0.165112973789
0.0024388761677
0.240206795502
0.239688329452
0.239458205809
-0.145399340646
-0.145399340646
0.00236685311145
-0.165368902856
0.000338628700991
-0.165283510802
-0.16589079927
0.239000494412
0.0257707373272
-0.33025746535
0.00295781848877
0.000803811976117
0.239800767546
-0.149319272384
8.72482689149e-05
-0.329714894857
-0.165875196845
-0.145482916753
0.000426062770976
0.0256422069598
-0.165198201153
0.239413612517
0.239301336616
-0.145552433405
0.0256422069598
0.240206795502
0.000656539796325
0.00272707866977
0.00272707866977
0.000600491928416
-0.165376314389
0.238862509479
0.240253485131
0.00236685311145
0.00236685311145
0.00308819764465
0.0257707373272
0.239909612296
0.240210704639
0.240005890825
0.000589762136818
0.0256210617594
0.00308819764465
0.0156344246869
0.000366042549057
-0.145629091858
0.0165082684993
0.0143835702871
0.000464226270678
-0.165454377435
-0.16589079927
-0.166031270413
0.0257707373272
-0.330672349681
0.239347929195
0.00295356573543
0.0143835702871
0.00272271997899
-0.264195957445
-0.165726657875
-0.14573340094
0.239458205809
-0.365614764662
0.000934819060325
-0.330056323605
0.00284878489904
0.000677957632758
0.000715236344871
0.239869176401
0.239463783348
0.240138745855
-0.264171200098
0.00225003275364
0.000605848928857
