0.001476782867716686
0.0810746044010221
0.08181405902321393
0.05270357234231027
0.052753576035764915
0.052806648778168985
0.03206249221433133
0.005362876594178112
0.005281967599208515
0.026906872901803602
0.029043135528182495
0.029093638589438253
0.029279740926648867
0.030989221390634203
0.031137149710100065
0.031172787882385755
0.031203456840515842
0.03207231307731895
0.03221475232227111
0.016540984744550125
0.009035849572310073
0.009141887666557769
0.019150504145795777
0.028738037323890908
0.03794796831655578
0.03256280755190688
0.02736997395742402
0.027451589581956926
0.021939292820078893
0.021950216326562466
0.016785106613994127
0.011758112696721446
0.018787539002962927
0.01952384578373978
0.010350027301804343
0.010429968342041351
0.010451121288781229
0.01659985891817295
0.012866877108575259
0.012869005115134113
0.005018650475688391
0.00116108775835988
0.002145342167849229
0.0021358741062720288
0.0015784348245376778
0.00509329016821658
0.00010550657411911857
0.004778194173149619
0.0018671455050592867
0.0023699338768197187
0.00698929532877568
0.007001682872102566
0.007052184328950162
0.00710176757749148
0.007112490647641745
0.004211151798718671
0.008329470927668448
0.012401563895998224
0.01244101144785581
0.012479812318535344
0.012529621957965142
0.012938681280618924
0.016687268972741864
0.020382818274883863
0.02401927116617064
0.024028073586123133
0.0244048539061148
0.0244496103937184
0.024672959317817655
0.02467811484667759
0.02265548857087507
0.022881629235248502
0.02307600180669589
0.023082191490304882
0.020905160208267604
0.0187507342437222
0.016622128212779974
0.01694834007768109
0.012814935706666697
0.015769848412778287
0.01580586750711288
0.01597916353466844
0.016011576867751565
0.012903389133102627
0.010976334971763868
0.009301238409239687
0.01202235438434518
0.007914323320726724
0.007924710199174734
0.00429771763208997
0.004328682685340479
0.004335972552359402
0.004343581449645306
0.006868520148600066
0.009362934558475478
0.011838591732237336
0.009142967241445477
0.009165694845017613
0.009171753334306199
