0.08815009694057824
0.018575037854779874
0.03380986279918419
0.07563579590376424
0.07481906845439956
0.10470055949851731
0.10094106295396854
0.09936769131662315
0.06339120501503126
0.04553895628144067
0.0430395275822224
0.042662576451746426
0.05752845949292784
0.05567335172256882
0.05349798034784381
0.04196665069617156
0.04031463497600207
0.03884894140666206
0.04932017411430045
0.047975782406887046
0.04659827970350883
0.05569087385667837
0.05443020754221484
0.047380985545154575
0.046287867496318524
0.045248398262895284
0.03822888758902021
0.03766724856363168
0.03665197747559423
0.03552488591493619
0.034637013703781694
0.03372214703041165
0.03988106157227367
0.029562697618404687
0.035369133196604396
0.034610601593836
0.04010744207631267
0.03997813441212217
0.03928192996668567
0.034974984429403944
0.03458718605473088
0.03943686298782456
0.04417948302254815
0.04356353777170496
0.042914478221786734
0.04280459841944262
0.04715588668247639
0.05141684798422963
0.05080606699449397
0.050707322866909044
0.050128110159658346
0.049600782196556614
0.049338507501665574
0.04882192730608481
0.048198827458808546
0.04758665918780025
0.044548322370077886
0.04809447324095917
0.04784386195201873
0.041944545078281714
0.03613986417884418
0.035690518456022446
0.0352465823504452
0.03477606152345347
0.03794987009445505
0.03753038369778661
0.03708930804498334
0.04011256809855035
0.04309165535745074
0.043020627203881334
0.03751705628347546
0.03209094984804972
0.03168563708601435
0.031316126638886166
0.03407322667330537
0.03370412187759453
0.03331629479172071
0.035961772568927075
0.03375775945775328
0.033406995127420624
0.03334723458234512
0.032985871396916
0.035470942548906814
0.035061460878370365
0.0347391639447896
0.03248001108423215
0.032158371892051174
0.030178332168142252
0.02987035954272066
0.029559323840391838
0.02764301738516184
0.02734497936056024
0.027042627559818344
0.029246151652466246
0.028935034047807284
0.031087727261931986
0.033217082641234685
0.03291390524500182
0.03263420284027596
