-0.176300193881
0.208725177257
0.209539602616
0.209129665523
-0.00490036469619
0.209170437309
-0.0300759723564
-0.0141603447361
-0.359764863016
-0.196374736069
-0.0299931443906
-0.00490036469619
0.208122362577
-0.0278266165554
-0.0348059419956
-0.196032604078
-0.0297362829631
-0.0278481778175
0.209424654153
-0.0282322258557
-0.0303050594743
0.209129665523
-0.0302559915471
-0.176230549927
-0.0284210692697
-0.0280656693024
-0.196546298869
-0.0162875317363
-0.0304581326411
-0.0349398383804
-0.0284119107569
-0.0301906002212
0.209403094423
-0.361142738385
0.209031680815
-0.0280656693024
0.208879938334
-0.00504299890343
-0.0278481778175
-0.176584767029
-0.0162875317363
0.208536108123
0.208675281528
-0.0277175362879
-0.0298567392962
-0.00516435071017
0.208861836626
0.208787103786
-0.0305390494868
-0.00503595050683
-0.030119060777
-0.0279483820444
-0.0141628335241
-0.0284119107569
-0.0348935914475
-0.0348935914475
-0.176223535428
0.209222901382
-0.0150366773364
-0.359858329298
-0.359890215765
-0.0283087805378
-0.0284119107569
-0.0305838537545
0.209471365686
-0.0281055885768
-0.0299931443906
0.208604943696
0.208536108123
-0.00504299890343
-0.396257106269
-0.396105769786
-0.0299931443906
-0.0277132835346
0.209539602616
-0.0284210692697
-0.0302505126982
0.208992744399
-0.176321048894
-0.0284119107569
-0.00490036469619
-0.0299931443906
0.208745976767
-0.0348059419956
-0.0277175362879
-0.196546298869
-0.0283042489119
-0.176223535428
-0.0277175362879
-0.0283042489119
-0.176300193881
-0.0277175362879
-0.0284210692697
0.209334788802
-0.0298672900473
0.20881124177
0.208676827172
-0.0300145622271
-0.0279702404726
