0.09574248809632668
0.3292497769336732
0.254410396739828
0.19456908097231063
0.15005199926176715
0.12389601792293792
0.10133944149216323
0.08127688887620843
0.06356497058197474
0.05072115249889542
0.04443451316977054
0.0773929235539349
0.09060612339375285
0.08075097738763726
0.07192321218306452
0.061527415556401954
0.05367841561674236
0.04619973838984015
0.037168834495794334
0.030460393019321574
0.03150802377723749
0.025347322693732632
0.02632843734998347
0.03372308891848852
0.035380299079245336
0.04239389803235305
0.03735672185005123
0.03475164147111465
0.03223698573946465
0.033624435037930445
0.03498176869521885
0.056209704044068554
0.0520551059215737
0.053177237248201226
0.058502048829378595
0.05967821673293672
0.05594739600340981
0.052325438665850155
0.048622428658049
0.045168258154858365
0.046200925710264795
0.042095817243925526
0.046442642708727444
0.05054866383675238
0.0489133585537882
0.05298521030076031
0.05002567790461965
0.053800877858853347
0.05229855640238257
0.04952462488910436
0.04680815688593465
0.04415698012018143
0.04153576188406172
0.03825279872872367
0.038674670421513624
0.04204465861150486
0.03900101791778132
0.037726034137843145
0.03471803045166588
0.04175798994613544
0.044850380395403566
0.04260183171733778
0.042966836814017584
0.04208885996888312
0.041221419198775866
0.04009384709446007
0.03898804079651441
0.039565528007302064
0.04227576180058379
0.042887715262278636
0.04092703918032625
0.039008486249091257
0.037094181293440665
0.037411456590697556
0.0355576140426036
0.033263930464977665
0.03569900672453119
0.038417637946202565
0.03664191850851817
0.03693376575703422
0.03924026797314939
0.044411143786939555
0.044689242908219406
0.046915291126655934
0.049148839288821966
0.04752057990125713
0.04591553168224394
0.044340835165982195
0.0427714546851693
0.0411038041543218
0.04136345801731711
0.04342636031929448
0.041890845539604094
0.04033401722561136
0.03886824883319606
0.03741590583313492
0.03561372587928602
0.03605330378263605
0.03789936475921585
