-0.00697496781798
-0.00736702465833
-0.0056717717543
-0.0055975055852
-0.00490063478943
-0.00701100657221
-0.00228682623605
-0.00288148514423
-0.00213780108937
-0.00534326025256
-0.0056131889637
-0.00490063478943
-0.00247402483234
-0.00232901107463
0.00683920711085
0.00329726310368
-0.0028542431202
-0.00462288742667
0.00425843612577
-0.00233368843392
-0.00228682623605
-0.00309927534815
-0.00459791863765
-0.00214251465025
-0.00286787267025
-0.0056131889637
-0.00284059646192
-0.00286787267025
-0.00561710576371
0.00437226533359
-0.00229621445082
0.00978111015478
-0.00228212916397
-0.00510393273969
0.00707338459368
-0.00286787267025
-0.00232901107463
-0.00233368843392
-0.00333019553507
0.00418515014542
-0.00247402483234
-0.00309927534815
0.00420343672025
-0.000944275554233
-0.00333019553507
0.00330315935854
-0.00559358069095
-0.00233836382875
-0.00463949867923
-0.00333019553507
-0.00333019553507
-0.00215193583925
0.00329726310368
-0.00309927534815
0.00424007966599
-0.00198958704879
-0.00560142885859
0.00330315935854
0.00519565446301
0.00522103769887
-0.00232901107463
-0.00460208443645
0.00420343672025
-0.00232901107463
0.00437226533359
-0.00490879946667
-0.00232901107463
-0.00228682623605
-0.00247868543774
0.00329726310368
0.00430135888041
0.00329726310368
0.0043136459882
0.00437839269906
0.00426456013994
-0.00213308554926
0.00427068675398
-0.00560142885859
0.00430135888041
0.00432594354865
-0.00462288742667
0.00329726310368
0.00424007966599
-0.00228682623605
-0.00284514725091
-0.00213308554926
0.00422785499524
0.00424007966599
0.0100182929298
0.00424007966599
-0.00198958704879
0.00424007966599
0.0041912430897
0.00426456013994
0.00424007966599
-0.00310824619868
0.00432594354865
-0.00213308554926
-0.00247402483234
