-0.189745722069
0.163916412966
0.0492973732643
0.0492354467358
-0.187438112566
0.0487016769341
0.181270876241
0.0492823141748
-0.189226013485
0.0492597514864
0.0493029508031
0.049095273739
-0.356192102958
0.0498848233898
0.0492615189252
0.170539378604
-0.164525681028
0.0491675282154
0.0491405040712
-0.187595319098
0.0493029508031
0.181470343909
-0.51936928687
0.163916412966
-0.521107473628
0.0492337603265
0.0493029508031
0.163916412966
0.0494588696901
0.162462145318
0.170382069059
0.0494480647002
-0.189226013485
0.164365086129
0.0500926525865
0.162409287498
0.04997791331
-0.519875727402
-0.356114085056
0.0502755674329
0.0498848233898
0.0499816351645
0.181380836232
0.049095273739
0.181654022429
0.181654022429
0.162974811615
-0.189794789996
0.0492354467358
0.0493783615882
0.0492527799717
0.0491855510063
-0.194391010969
-0.335894233485
0.181527181311
-0.356192102958
0.170318238116
0.0492337603265
0.0491855510063
0.0639748546923
0.0492371426339
0.0493029508031
0.162474168388
0.162462145318
0.181837219233
-0.187915385844
0.181600239161
0.181868110182
-0.187595319098
0.0496561269489
0.0485635521987
-0.164532729425
-0.1894455962
0.0487477943186
0.0485635521987
0.162462145318
0.0500498720943
0.170421427201
0.181929224761
0.0490463776015
0.04984505828
0.162433176196
0.164324403357
-0.335713265949
0.0490259775743
-0.35603602939
0.170382069059
0.049095273739
-0.18720726681
-0.175777262258
0.0493029508031
-0.335720280448
0.181654022429
0.0489584710905
0.0492597514864
0.181597685496
-0.189745722069
0.0490463776015
0.0496807067873
