0.149916899007
0.150601160907
-0.0871744536911
-0.0891261963263
-0.09355763823
-0.0869358740816
-0.0888633491698
0.149991631846
0.149971265176
0.149875771988
0.150259460744
-0.0872912740489
-0.0866925219035
0.150780233334
0.150601160907
-0.420351128334
0.150665488699
-0.0869358740816
-0.0939363383295
-0.0893283374203
-0.0872912740489
0.149665903344
-0.419434469643
-0.0740325335831
0.149805076749
-0.086574995461
0.264535938709
-0.0894540585337
-0.0891752642535
0.150669397837
0.149183077941
-0.0868142281328
0.150665488699
-0.0637705694754
-0.0866925219035
-0.0871699265476
-0.063906155286
0.149875771988
-0.0865877410671
-0.0937714852263
0.149916899007
-0.430263933347
-0.235100754706
-0.0865877410671
0.149183077941
-0.0865877410671
0.150712178329
-0.0893283374203
-0.0869358740816
0.149805076749
-0.0894540585337
-0.0937637962267
0.150601160907
0.149252157797
0.149875771988
-0.0886064877423
0.149734738917
-0.0865877410671
0.149916899007
-0.0888633491698
-0.0869713402362
0.149714799481
0.149760029814
-0.0637776909147
-0.235531507735
-0.23517039866
0.149916899007
0.149875771988
0.149252157797
0.149390598037
-0.0864572940411
0.149787053958
0.149941036991
-0.0638990998428
-0.0888633491698
0.150352696603
-0.0869358740816
-0.463360643005
-0.0637705694754
-0.0868185868236
-0.0889892655562
-0.0865877410671
0.14945918761
-0.0892026781016
0.150504349132
-0.0889892655562
-0.420351128334
-0.0889892655562
-0.0868142281328
-0.0871024306349
-0.0872821155361
-0.0887269440754
0.149806622392
0.149321202677
-0.0888260704577
0.150368305493
0.150368305493
0.150669397837
-0.0871654038797
