0.0749584495033555
0.1251588364723245
0.1033652230495441
0.08553998378427918
0.06994704407928343
0.057527633496193775
0.04641971484996654
0.06308545172179131
0.07808257823942233
0.09170764842015211
0.1042292701487939
0.09751455676041432
0.09132223376730475
0.1013742493229346
0.1107868218796163
0.08606028491879936
0.09443058984652919
0.08985501752644354
0.08515820060997092
0.08090447025662217
0.07693668507257967
0.08344389826144183
0.06596746202633469
0.06300616068301212
0.06876789440411357
0.06556141309074298
0.07500912518747715
0.0719245024794199
0.06895199367096927
0.07381229682699048
0.07847426801264756
0.07584353382680498
0.08027487172972081
0.0784528554589955
0.07604472985056399
0.07368878588981825
0.07200704496123855
0.07585001347375209
0.0736853199470735
0.07139821055131002
0.0749676605276603
0.06496152254285431
0.05961832357227009
0.05769415154855584
0.06093726193857818
0.059094969575447465
0.0622348066239658
0.06041177932967351
0.05867306184804094
0.06161041629409264
0.05989014593767611
0.058121017706984246
0.06090992809414919
0.06362360369046449
0.06629995676167927
0.06474545697672751
0.06732709040632973
0.06585950157468323
0.0683581165581284
0.06690134034222978
0.06549857679003296
0.06787500217862591
0.07021500264446329
0.06923380739962226
0.06566514819151636
0.062155142241361816
0.06435980252087226
0.06653191515837992
0.06866408884119907
0.07076818177130195
0.06956738602073054
0.0716192634722061
0.07364549370181273
0.0727935057039088
0.0716242511095691
0.07357688353298203
0.07246232104475603
0.06659699644975858
0.06579986433131624
0.06472802992608673
0.06364279498027897
0.06259956918428933
0.06437884522726117
0.06332940195547782
0.06507945252678221
0.06405658740544617
0.0592798700380156
0.05827999064974332
0.05731538811493436
0.0563582185475181
0.05540949990038613
0.054455446738284674
0.05604913421054497
0.057620936343981966
0.05669566477671423
0.05824585349313993
0.059780223957357215
0.06130213706681842
0.060430483028021065
