0.04712560198377724
0.05621866509850293
0.0326903603398947
0.09075350885915018
0.05611670392605289
0.042612106343359546
0.01663450264353661
0.006651386612326449
0.040812858716138545
0.08396217265110673
0.12351571042482756
0.15997236563399952
0.15320502575128922
0.13806604156399407
0.12389151791824177
0.11055078978106309
0.09795732209545022
0.08602280924350786
0.09321955562938361
0.09937984639463926
0.0899334450492491
0.08517751475391738
0.08123590480598458
0.07215251429360747
0.06850856204907119
0.06497309889880981
0.06158241893424826
0.05830478179281301
0.06304846226871164
0.06764144411816969
0.07213564634893
0.07608612271734044
0.07330794860846546
0.07061899949319594
0.06484619867101304
0.07590684553683774
0.07965682600239071
0.07720909743329896
0.0719987366035244
0.06645263097484916
0.06419113017046113
0.06765559016740874
0.07087516045831793
0.06877289921146923
0.07907798867522492
0.07705721048187042
0.07507502896185547
0.0731374975535346
0.07570231799244254
0.07852971503554673
0.08130537234263141
0.07952091806437278
0.08489829551441785
0.08726858133546411
0.08979824370689277
0.0952344237811723
0.091650187393441
0.09405741740133367
0.09027014134864025
0.0924052559820766
0.08874409225572377
0.09099481804475901
0.09321581582169192
0.09176579729911416
0.09033594861440541
0.08890778280047801
0.08751664907832274
0.08924294094684604
0.0862525415887535
0.08825150449352448
0.08509312602994268
0.08198183045598945
0.08071003019876738
0.0826100203013142
0.08450735252760783
0.0832770531334674
0.08061253062723217
0.08453483776943388
0.08335029675025601
0.08076600100869458
0.0781324531952331
0.07699109110669317
0.07585708395930901
0.07752526895588807
0.07485124260595061
0.07621881218201343
0.07514405001933572
0.07406891395716564
0.0730232115234497
0.07198368302777325
0.07095423829554898
0.07606292513208796
0.0750553241437541
0.07266682262960361
0.07168138767014326
0.07314185445038268
0.07217659367429952
0.07122246161715423
0.07027531668812037
