0.14306404274
0.142715909725
-0.20070831071
-0.190561872677
-0.190210388722
-0.196717842272
0.140590978806
0.379568682814
0.379386522724
-0.190398807112
-0.196717842272
-0.225410316233
0.379813259843
0.142680443571
-0.190361159358
-0.124114695197
-0.0252510250507
-0.00580318800087
0.380321181644
-0.225504287658
-0.225590488194
0.380252944714
0.140590978806
-0.124114695197
0.142355923706
0.13588798758
0.142549353172
0.143194489766
0.140788434637
0.140525587481
-0.190549218899
0.379531061036
0.651631214331
-0.20061214954
-0.190586777101
-0.124085480441
-0.190549218899
0.140481986201
0.378972986483
0.140662518251
0.135880298581
-0.196825066602
-0.20061214954
-0.1899458466
0.140590978806
-0.196961167973
-0.190511642811
-0.124006725004
0.13588798758
0.140525587481
-0.191086770938
-0.00562979272275
-0.190549218899
-0.124114695197
-0.0250877241486
-0.0250877241486
-0.0250877241486
-0.190586777101
-0.189782685836
0.140476519553
0.140662518251
-0.0257803222657
-0.025002496785
-0.12433032413
-0.124139498578
-0.190586777101
-0.124060723093
-0.124085480441
-0.12433032413
0.14293340121
-0.00544195640022
-0.190948207195
-0.12443798317
-0.00528886364122
0.140242529541
-0.189174347884
-0.124114695197
-0.190134895454
-0.229370873351
0.3800200893
0.380321181644
0.165738580124
0.140716325933
-0.00544195640022
0.142959261903
-0.225475527242
-0.190146988345
0.140716325933
-0.189403020765
-0.00544195640022
-0.190172651094
0.140825713349
0.140924839731
-0.0257647198408
0.135715445477
-0.190886600395
-0.124085480441
-0.190549218899
-0.025530325993
