0.0218147138057
0.0355800759604
0.0220105770855
-0.0670236283962
-0.0658059188841
-0.0667092435026
0.017089816062
0.0325765858342
0.0203484121711
0.0326406493041
0.0356143286708
0.024342733731
-0.0669944480469
0.0216528506167
-0.0666684769641
0.00928755542953
-0.0671453105449
-0.0549937533177
0.0212940771723
0.0153654913864
0.0218427959598
0.0204057827602
0.0213357767926
0.0211508435145
0.0258682822262
0.0171579420061
0.0243293854922
0.0217850547488
0.017184400299
0.0170960990871
0.0218682216961
0.0324975989957
-0.0669718166827
0.0217788322423
-0.00685731316871
-0.0070353250443
0.00923700539112
-0.0718007183811
0.0154562871321
0.0204329920792
0.020503591468
0.0154562871321
0.0326311097578
0.0356216952061
0.0215972811936
0.0324973076624
0.0216528506167
-0.00685731316871
0.0170452879962
0.0173406840804
-0.0671453105449
0.0212383620529
0.0263718198062
0.0173259953586
0.022015280625
0.00928755542953
0.017149066319
-0.00707820627304
0.024342733731
0.0153957913627
-0.0663148837439
0.02054538699
-0.00707820627304
0.0327329298432
0.0213635353546
0.0325978258248
-0.0672240118191
0.017202527274
0.0171255667832
0.0209109941871
-0.0718373525263
-0.0548812038809
0.0204337690329
0.0216667222624
-0.00690015396993
0.0217711645406
-0.0551437974816
0.0219598627744
0.0209109941871
-0.0070353250443
0.021168531663
0.0211230083523
-0.0664264038384
0.017184400299
-0.0666101900762
0.016941086705
0.0203907395499
-0.00707820627304
0.0216528506167
-0.0669191428668
0.0212523032433
-0.0540627364181
0.0203216267401
-0.0670979764735
0.0153654913864
-0.0548553576958
-0.00721283048496
0.0218128102352
0.0202371736988
