0.0140035492323
-0.00539941168012
0.0137145780033
0.0140306993388
0.0142536572398
0.0140226077419
0.0188116425037
0.0139247525355
-0.118775829431
0.0188116425037
0.0137696771519
0.0136949197268
0.0133275185943
0.0137473426202
0.0140483496312
0.0141525810252
-0.00553407014811
-0.118828144472
-0.00402694468022
-0.00555119479965
0.018251711971
-0.355150624456
0.013857260672
-0.119103695779
0.0140483496312
-0.119241680712
-0.622300147637
0.0187905083547
0.0184959122152
0.0181911715098
0.0135451644992
0.0135076755196
0.0186255147528
0.0136739676769
0.0184807372478
0.0165488165435
0.0191087699709
0.0182437489196
-0.118802853575
0.0140679085881
0.0180285449344
0.0186280068903
0.0139002037928
0.0182437489196
0.0196499617039
0.0182437489196
0.0168574073509
0.0196137302344
0.0185663806542
0.0136949197268
0.0182740032762
0.018017328822
0.0184807372478
0.0135507753238
0.00247806955502
0.0140483496312
0.0181683597404
0.0169427920887
0.0138816634149
0.0783808837977
-0.118495292946
0.102549495113
0.0182145685703
0.0137106647829
0.0317834311733
0.0183480539852
0.018251711971
0.0184959122152
0.0169060463281
0.0183190540996
0.0191087699709
0.0140722848408
0.0135637605954
0.0189604455345
0.0138938615864
-0.118495292946
-0.118591618212
0.0184540367221
0.0325997575726
0.0143278181191
0.0165374974598
0.0188117931281
0.0137298630627
0.0170162242948
0.0188849567219
0.0182293224662
0.0137517426666
0.0186628116627
0.0303482695298
0.0165488165435
0.0298525235998
0.0181774047499
0.0187905083547
0.0167220203092
0.0139247525355
0.0138443546225
0.0134374785853
0.0137106647829
0.0135826333935
