0.22526667509121434
0.46590512230945225
0.396415647417642
0.5407987157485848
0.6611179393577037
0.7642487024512342
0.8544881201580735
0.9347009358974862
1.0068924700629576
1.0725211374861132
1.1326807492906728
1.1882126986487278
1.2397780801954927
1.2879057696391407
1.3330254784925604
1.3754910868251904
1.4155974946948966
1.453593038992513
1.4896888060752485
1.524065727106425
1.5568800608180031
1.588267684368208
1.6183474902704877
1.6472241039366762
1.6749900786157035
1.7017276838621744
1.727510374635557
1.752404007106409
1.776467851828233
1.7997554434945142
1.8223152979212238
1.8441915203956092
1.8654243245619244
1.8860504771806306
1.906103681115484
1.9256149065656114
1.9446126787144196
1.963123328500438
1.9811712120418057
1.9987789033016767
2.015967363817265
2.032756092692956
2.049163259548745
2.0652058226966274
2.08089963447173
2.0962595353580005
2.1112994383091404
2.126032404465359
2.140470711298453
2.1546259140759965
2.1685089014155103
2.1821299455976746
2.19549874822091
2.208624481705541
2.2215158270922326
2.2341810085247715
2.2466278247601976
2.2588636780085825
2.2708956003694944
2.282730278101539
2.2943740739346796
2.3058330476117384
2.3171129748250934
2.328219364696704
2.339157475933897
2.3499323317794896
2.360548733862647
2.371011275046049
2.381324351355402
2.3914921730688485
2.401518775036275
2.411408026291819
2.421163639016883
2.4307891769056122
2.4402880629800165
2.44966358689761
2.458918911790619
2.4680570806723243
2.4770810224430084
2.4859935575251653
2.494797403155101
2.5034951783557604
2.5120894086135546
2.5205825302800804
2.528976894717926
2.5372747722082103
2.5454783556361047
2.553589763969304
2.5616110455432453
2.5695441811658246
2.577391087053376
2.5851536176088032
2.5928335680519385
2.6004326769114616
2.6079526283870313
2.615395054589657
2.6227615376677664
2.630053611825895
2.637272765242442
