0.002703331196036718
0.0047201761890292016
0.005258476577628346
0.006336814360523579
0.007123132330493442
0.00775357792347775
0.008371448331596532
0.008861794903917586
0.009301513549798024
0.008427881028779005
0.00877436927427322
0.008940000163072948
0.009372952701450887
0.009683048154213503
0.009803727888870184
0.010079874881360418
0.010146605572436296
0.01036544025380104
0.010572523986240867
0.010321475541364422
0.010533617139998008
0.01069438120011379
0.010846541401942855
0.010993281307272507
0.01099301996941393
0.011049610748620875
0.011092004025603286
0.010880220292611487
0.011003610964465449
0.010540084318164111
0.010375525966452748
0.01021762796846215
0.010347074206854323
0.010386720339430333
0.010424484810938273
0.010500308663211833
0.010615814195121809
0.010710091467760585
0.010825886245049876
0.010915767286857503
0.01101457133816941
0.011123745730549306
0.010915571869140828
0.011007609083558578
0.011108556483147458
0.010904089297377073
0.010928818708950128
0.011024065957316198
0.011062047426459332
0.01115934498542559
0.011179594500567935
0.011081280652762482
0.011106977220172842
0.011012905787645577
0.011034691127213558
0.010944776503119424
0.011024838233827827
0.010861836589944551
0.010887380117344247
0.010955541739408714
0.010959317922068612
0.010980599706867045
0.011004473941845005
0.011047635211600682
0.011083758268287225
0.011101474861653027
0.011121191809333908
0.011059694173139123
0.011078780678427935
0.011112359857883058
0.011177886355380529
0.011119758452675876
0.01113787672892319
0.01115631589266819
0.01108694724342596
0.01114720246734957
0.01116493243248895
0.011192188148367421
0.011241722219278882
0.0112605858123479
0.011263380712772553
0.011313182790105625
0.011368323160243388
0.011393654943236298
0.011436215114241532
0.01145211094505616
0.01149365652054124
0.011517799366832171
0.011517779386392979
0.011359784424853525
0.01138569879160689
0.011430406952315786
0.0113756897990408
0.011321676915470591
0.011359760359665239
0.01130660972870079
0.011343915959748596
0.011388492920868742
0.011429950153287849
