-0.176776129885
-0.175937563825
0.192852290757
0.192848938867
0.19869634384
0.0597718880137
0.19323519463
0.19252009219
0.0607791909601
-0.324574009991
-0.510005583092
-0.510080260786
0.175545003787
0.0605176175469
0.0751141106511
0.192410132199
-0.176068010851
-0.176298856607
0.173764918395
0.192595830988
-0.178934328317
0.0604366292231
0.174223921908
0.192797191608
-0.425091200705
0.0611171692687
0.0603747026946
0.0602345296977
0.0603067841741
-0.175937563825
0.173601401277
0.0751802085068
0.193336270845
-0.345052847
0.0603067841741
0.0606132177695
-0.508914739426
0.181433118099
0.0603730162852
0.0604909953927
0.193161412397
0.174142147049
0.060324806965
-0.344134550375
0.174223921908
0.0649946724106
-0.178595513815
-0.324671523457
0.0749818130155
0.0612573306756
-0.328752051674
-0.443325544292
0.192797191608
0.0603955022044
0.060587320659
0.193150522193
-0.153393473466
0.19326203084
0.175422955453
0.192410132199
0.0750479788294
0.060324806965
0.0604607672073
0.192725536103
0.0607353454495
0.0751141106511
0.0599099428215
0.1958414788
0.192410132199
0.0751802085068
0.175382230484
-0.508914739426
0.0598409328929
0.0602544691333
0.0603730162852
0.0603747026946
0.0613467630508
-0.516014288999
-0.175937563825
0.175259928774
-0.324574009991
-0.178306340241
0.175055668925
0.0603067841741
0.0605176175469
0.0751141106511
-0.344383078641
0.0610741795899
0.0614148233916
0.197894256109
0.0612105397915
0.175326711233
0.0602544691333
0.175055668925
0.0601856335602
-0.176194331559
-0.153250839259
0.0603067841741
-0.176654723475
