-0.135476334764
0.0360583920002
-0.254003470894
0.00616859388377
0.25057979795
0.249901113589
0.0258205146151
0.249850942757
0.249161714984
0.0110431791696
0.0128132331636
0.250758870378
0.0112411422169
-0.330250579049
0.0126965215072
0.0248209005279
-0.135191761617
-0.254111129933
0.24996411748
0.036208067568
0.0128762064085
0.249788376794
0.249644540387
-0.330119885003
-0.138799581776
0.036208067568
0.0126873629944
0.0130427629617
0.0128762064085
0.0362009461287
0.250194252277
-0.135302939486
0.25064803488
-0.135302939486
-0.135115103164
-0.253679871768
-0.330416168445
-0.154924171814
0.0128132331636
0.0133951487296
0.0107373524015
-0.135115103164
0.249833609522
0.0111152878735
0.0126965215072
-0.320222365662
0.249644540387
0.249783713792
0.0360795372006
0.0109893714871
-0.135122117662
-0.135552870692
0.0131381917916
-0.25378784196
0.0131644089106
0.250576076096
0.0113721493011
0.249437824653
0.02694559874
-0.319808042217
-0.15551592227
-0.135191761617
0.0248209005279
0.250101176663
0.0131644089106
0.010650299623
0.250101176663
0.0130028436874
-0.35514473617
-0.253758627204
0.250805669878
0.249738666857
0.24962414036
0.0106890817767
0.0126965215072
0.0109124121924
-0.25378784196
0.0107373524015
0.25057979795
0.249644540387
0.00604229871392
-0.154675643548
-0.319808042217
0.250576076096
0.0128177513624
-0.154760870912
0.0109731255783
0.036208067568
-0.253895708286
0.0102729507168
-0.318820030415
-0.154931572616
0.249345957104
0.010852440717
0.0128762064085
-0.135296070699
-0.135045586512
0.250346942537
0.250618893601
