0.06773816738219074
0.05571870338211621
0.1192195711055058
0.11798585232875192
0.07622255267037292
0.04052239358625448
0.03729482925936989
0.009533613397428864
0.015382558101010524
0.016386483480069436
0.017454252910371948
0.03674339678558847
0.03754633551536768
0.01552963024546361
0.016323162839665173
0.01778321581189457
0.010272562388728534
0.003101707607756743
0.009396498266230902
0.011120691959944251
0.011705974069420977
0.022566338277840048
0.03296819412730656
0.01976339872718469
0.014424953274247643
0.01576599281380242
0.016219112920746404
0.016668863367702902
0.01709807024798582
0.018265842703750312
0.026084413087391956
0.021984324012050638
0.029356325037933728
0.02549052676689756
0.021737329456794074
0.01488111670631842
0.00618595437881353
0.0022135397169094073
0.002533870546000183
0.002860581490623515
0.003116232738278768
2.597896320322146e-05
0.005652057616832296
0.005899064014022293
0.006175075351135817
0.0006381664714643076
0.004562761453268949
0.00966038826535065
0.010381979009362108
0.010597456881658807
0.007998954618921528
0.005441353285117301
0.005684653133109618
0.0010703287338293954
0.0013054074643751301
0.005701478974825869
0.005897550514500249
0.01012531025438157
0.010574403566715684
0.00533164877626946
0.0028233274493354443
0.0006774264712879896
0.0010652530420364181
0.004912963452243679
0.0051124241933128145
0.005271383889179138
0.008949342369524271
0.009137789379486394
0.004064293148481557
0.0004902279765891526
0.003973640058225203
0.007394717686402763
0.010768016880457365
0.010910537970813428
0.01107759746432957
0.011219317103192239
0.007965626821648475
0.008101542674832207
0.011233790149210665
0.014315821512015603
0.014389508081697477
0.012525946111233699
0.00871870751340964
0.011666661349829632
0.011815704970323249
0.010036844385126531
0.01016153899397143
0.010568371213836358
0.007747307788438573
0.007860197356755139
0.00439476224355162
0.002728831355212402
0.00538144792015216
0.00549568413822632
0.0056298112883147455
0.004235006435749589
0.0028569902468474906
0.005385747242167338
0.00789193617817252
