0.0803285719104
0.32428563772
0.324055514077
0.596118045595
-0.325148922731
-0.365370205058
-0.322954470886
-0.281551406587
-0.281490395203
-0.161472315851
-0.245243085486
-0.245295854573
0.0878074526897
-0.161472315851
0.324300091106
0.0806037528998
-0.244496452725
-0.284966794461
-0.25241692605
0.324079652061
-0.0613928926649
-0.28155637301
-0.256317821668
0.0875508740029
0.324109880246
0.0807221511665
-0.284884042088
-0.179598649178
0.0802022767406
-0.179598649178
0.323459817747
0.0805809768401
0.0851870704043
0.324736054122
0.0848490598034
-0.0812152877387
-0.0609691438842
-0.246461375932
-0.0608856084857
-0.246461375932
-0.245949605668
0.3244388476
0.0868473410211
0.0853125446123
-0.179598649178
-0.0806862025347
-0.0806008928854
0.0870361844352
-0.0609551251371
-0.0806862025347
-0.244687516621
-0.244551810865
0.0876855059121
-0.245648064191
-0.280984758144
0.0850124187437
-0.179843492867
0.324506920563
0.0848435357907
0.0872027409884
0.323459817747
0.324850793399
-0.246099945838
0.0806037528998
0.080485412473
-0.0610317835903
-0.245295854573
-0.179627863934
0.323459817747
0.323942154768
-0.0812778885777
0.324736054122
-0.0613928926649
0.0874460931665
0.324918848404
0.0869641613789
-0.281189736597
0.324739775977
-0.0810434947299
0.0878074526897
0.0851493495138
0.0849633508165
-0.0806008928854
-0.0646396037497
-0.0608020323781
-0.0613096227739
0.0852031571963
-0.28092348497
0.0850124187437
0.0851493495138
0.0846845565364
0.0854116709946
0.43916388864
-0.161472315851
0.0875508740029
-0.256055867449
-0.179627863934
0.0850124187437
0.0846845565364
