0.005868038275043508
0.014120606504076566
0.016456596371753424
0.019660929400962632
0.0214011068737011
0.023046921940944987
0.01340709317325893
0.004812313918765104
0.007051091443308094
0.008051854729822519
0.008911430939045617
0.009807329946450241
0.010657113459505332
0.012149631809200659
0.011089128294009792
0.012583223135972293
0.012962326105514066
0.013792605104534297
0.014143747872277013
0.014913414009491019
0.015418875741186458
0.015931688503623115
0.016224430039459836
0.013162082055107605
0.013585343012992357
0.014017510228332822
0.014428468283633047
0.012181692370212382
0.012933133918327885
0.013663266450646597
0.014366012603415329
0.014704252967849094
0.014910894051969131
0.015226111297799647
0.015525523771162758
0.015836894189289977
0.016103557680498135
0.01640505147341756
0.016661868645595157
0.01683172118074383
0.017078318027151082
0.017238397430073688
0.01579324036327305
0.014347536768700986
0.014460315703329146
0.012826188863789986
0.01246025266230319
0.012670489884483799
0.013172000862629596
0.013612481683316455
0.014046218215401599
0.014470077118326694
0.014676005971980391
0.014360642778689633
0.013002007413018143
0.013207174612705833
0.013384064822547392
0.013624922256191302
0.013742610068766592
0.013858030843836244
0.014218401928653618
0.014577673492175522
0.014760833431319828
0.01494138845516732
0.013993060929114495
0.012843035973741146
0.013012458113016254
0.01311307893688303
0.013276866594704936
0.013440707480812566
0.013535690212301763
0.013523428023878362
0.012479777731723082
0.012635149859760594
0.012788395742606123
0.012937835035442574
0.013025511402971063
0.013114780455540584
0.01215779859323568
0.011348936636289289
0.01143461708580247
0.01151969261296533
0.011821328429394276
0.01195112376591273
0.012076459219878682
0.01219615165486626
0.01245155537797904
0.0125680884827203
0.012692109949679342
0.011842076836597534
0.011655007799433723
0.011780755437951984
0.011856659803333697
0.011046288296004014
0.011036963923557061
0.011159470474886773
0.0112786609349802
0.011350731746554751
0.011469424681345944
