0.0117360765501
0.0247577046871
0.00934395947071
0.016021665146
0.0104410648364
0.0115207054707
-0.0771186301415
-0.0773530132904
0.0223877752454
0.0110083961517
0.0103149145107
0.0116466870963
0.0118969691828
0.0223877752454
-0.0169680562431
0.0253996123134
0.00682385345175
0.0157753009814
0.00702285535485
0.0161629888815
0.0111201580973
0.011794693536
0.00702579686008
-0.0765586996088
0.011004784905
0.0116685148142
0.0115068255484
-0.0651565014892
0.0225432464435
0.0226341085019
0.0224878768886
0.0111619320263
0.00702579686008
0.0110326036041
0.0107788490411
0.0115207054707
0.0101332126659
0.0117582579239
0.0102726868871
0.0069639539411
0.0103570675491
0.00688341432567
-0.0635869109392
-0.0650566617557
0.0051878309929
-0.0768039614583
-0.0175649376714
0.0103016238868
0.0250755489073
0.022464521855
0.0225542996684
0.022464521855
0.0111201580973
-0.017344975631
-0.0760835804776
0.0116945303822
0.0102596321708
0.014210588585
0.00706126875452
0.00704066727925
0.0223430072587
0.0226341085019
0.0117222361052
0.0117360765501
-0.0625896167195
-0.07705167201
0.0115207054707
0.00694283684681
0.0114651360475
0.0116327029136
0.00683875666722
-0.000895139754908
-0.0772301216195
0.0116529096028
0.0116466870963
0.0115068255484
0.00683875666722
0.00705225515299
-0.0765585489844
-0.0655178185127
0.00702579686008
0.00706126875452
0.02533740858
0.0110326036041
0.0107788490411
0.0104132418439
0.0224755276339
0.010371446322
0.0111619320263
-0.0773530132904
-0.0172103514191
0.0116945303822
0.00713501034588
-0.0769852931963
-0.000895139754908
0.011883135479
0.0116806650892
0.00713501034588
0.0118692934791
