0.009582855611695362
0.012117181766384877
0.016862042972447644
0.008447567751734386
0.0033181046552490656
0.005799348033822427
0.006022785271181719
0.008051671683718453
0.009950978993278459
0.010011471454797083
0.010640958261376343
0.010596375089334975
0.011793924405904432
0.011914278728101024
0.011833382416938765
0.01193748082277346
0.012405363330605379
0.012818632607386915
0.01372748513025912
0.014597007878489165
0.014683691057691961
0.015002110993099116
0.015075847363898665
0.014673496529607033
0.01533511343877203
0.015398674529574441
0.015670209474719754
0.015919537009883467
0.01616475803246309
0.016404723558349432
0.01609168180551812
0.01666764227018691
0.015645095161093248
0.015608113990276173
0.01581794292580263
0.016043376360670658
0.01624073354059652
0.016210888031875093
0.016394391739599
0.016585906770302694
0.016556420606762323
0.01672495501608051
0.01649114228213977
0.01652927893662115
0.016547104429471937
0.01632865681388207
0.016685264654338394
0.017032278346010732
0.017179081312189926
0.01647565489877112
0.016638235161929416
0.01667229770594736
0.016809446470314682
0.017125284410690722
0.017428921390904017
0.017555772242127676
0.017545779462187383
0.017683077431540628
0.017806236984137636
0.01783466319202398
0.01786406841310273
0.017848321483101337
0.01787811882595225
0.01798935726471762
0.018247419163603618
0.018097288255285893
0.017949365154443342
0.017975270921093744
0.01807856375709016
0.01834587988137537
0.018454937051637144
0.018317429534715268
0.018549316513064018
0.018571322676257718
0.018436230071879778
0.018035543084225947
0.018019665919242644
0.018005167374863795
0.01802751109859968
0.01764755086923042
0.017521584608236274
0.01761318675840573
0.017818309103137198
0.017318573497152268
0.01730503890598789
0.017389597879291174
0.01748164992692569
0.017501533892085086
0.01710322369642958
0.017122082481612733
0.017210132266306633
0.01729456362392867
0.01728079403905003
0.01729904665674553
0.01731748074944539
0.017325934075951954
0.017411046699320476
0.017430489568159735
0.017502794553357237
