-0.0328137057673
-0.603342578071
0.206093071853
0.217915363481
0.203234139989
0.103514194445
0.0994248572556
0.0992231811027
0.0990039414169
-0.0325404144586
-0.0332605306979
0.0804527619915
0.0991730506899
-0.0325441363131
-0.0324721775288
0.0992656626458
0.104962516406
0.0994892166114
0.0877325235597
0.081883698205
-0.0324721775288
-0.438636134679
-0.269960162189
-0.269598869407
0.0993336357499
0.0816394115794
0.0993460605588
0.10365063049
-0.0337513627604
-0.0334756720216
0.0801036128129
0.0799689605576
0.0995738890485
-0.272004924535
0.0814352577566
-0.270077449447
0.0995738890485
0.0803170379882
0.0814352577566
-0.0330190357454
0.0992101955847
-0.0333380356672
-0.0338203726889
-0.0332849069892
0.103673019994
-0.438636134679
0.0995738890485
-0.0334938571521
-0.0333545214077
0.0799930898162
0.0991319728062
0.104232950527
0.0798872378752
0.0799689605576
-0.0332605306979
-0.0325441363131
0.0993402602901
-0.269729316433
0.0877961884925
0.079911126573
-0.0324293970366
0.0878600194356
0.0880173289805
0.0993883138748
-0.0333545214077
-0.0328137057673
-0.0332658033774
0.0989345254062
0.0878993775783
-0.0185471949308
0.0799400956948
0.0989115006089
-0.0334027770101
-0.0331560949291
-0.0337513627604
-0.0332866028873
0.098928983543
-0.271748063108
-0.0333091961556
0.0997491261424
0.0993460605588
0.0994892166114
0.102278715374
-0.0322464821902
-0.0184810970751
-0.0332640556689
-0.270423690902
-0.0325441363131
0.102278715374
-0.0332866028873
-0.0334960720488
0.0991909851752
0.0989664725225
-0.0333364986168
0.0995738890485
0.102216998247
-0.4186730831
0.0799400956948
0.0805217394567
