0.190832217136
0.428888195992
0.699972533341
-0.299901854298
0.699972533341
0.699972533341
0.699972533341
0.699972533341
0.699972533341
0.699972533341
0.699972533341
0.699972533341
0.699972533341
0.699972533341
0.699972533341
0.699972533341
0.699972533341
0.699972533341
0.699972533341
0.699972533341
0.699972533341
0.699972533341
0.699972533341
0.699972533341
0.699972533341
0.699972533341
0.699972533341
0.699972533341
0.699972533341
0.699972533341
0.699972533341
0.699972533341
0.699972533341
0.699972533341
0.699972533341
0.699972533341
0.699972533341
0.699972533341
0.699972533341
0.699972533341
0.699972533341
0.699972533341
0.699972533341
0.699972533341
0.699972533341
0.699972533341
0.699972533341
0.699972533341
0.699972533341
0.699972533341
0.699972533341
0.699972533341
0.699972533341
0.699972533341
0.699972533341
0.699972533341
0.699972533341
0.699972533341
0.699972533341
0.699972533341
0.699972533341
0.699972533341
0.699972533341
0.699972533341
0.699972533341
0.699972533341
0.699972533341
0.699972533341
0.699972533341
0.699972533341
0.699972533341
0.699972533341
0.699972533341
0.699972533341
0.699972533341
0.699972533341
0.699972533341
0.699972533341
0.699972533341
0.699972533341
0.699972533341
0.699972533341
0.699972533341
0.699972533341
0.699972533341
0.699972533341
0.699972533341
0.699972533341
0.699972533341
0.699972533341
0.699972533341
0.699972533341
0.699972533341
0.699972533341
0.699972533341
0.699972533341
0.699972533341
0.699972533341
0.699972533341
