0.09541610856796912
0.2383788405653271
0.413371973900695
0.35339160304104056
0.47005369193128577
0.5700497681229245
0.6575463347906084
0.7353210607174386
0.8053183140515857
0.8689521807189923
0.9272832251641149
0.9811272661903819
1.0311253042862014
1.0777901398422993
1.1215384231761414
1.1627132780785812
1.201600641041996
1.2384413006915471
1.2734399273586208
1.3067719527558337
1.338588886089537
1.3690224744956878
1.3981879967182493
1.4261868980519083
1.4531089185650417
1.4790338272073185
1.5040328462552282
1.528169830163555
1.5515022479416039
1.5740820070816515
1.5959561487485723
1.6171674376377076
1.6377548650889273
1.6577540803272552
1.6771977618089626
1.6961159383857591
1.7145362682105345
1.7324842818859567
1.7499835952194935
1.7670560960327002
1.7837221087313067
1.8000005397392478
1.8159090064060992
1.831463951591465
1.8466807457945404
1.861573778418827
1.8761565395301076
1.8904416932717703
1.9044411439385995
1.918166095572746
1.9316271058293126
1.944834134760284
1.9577965890814224
1.970523362414904
1.983022871938859
1.9953030918220427
2.007371583776206
2.019235525019282
2.0309017339083066
2.0423766934712817
2.0536665730413053
2.0647772481737094
2.07571431900717
2.0864831272124236
2.0970887716569915
2.107536122900894
2.117829836626504
2.127974366095221
2.137973973714385
2.1478327417896166
2.1575545825304703
2.1671432473707646
2.176602335659163
2.1859353027703827
2.1951454676827704
2.2042360200638287
2.21321002690154
2.222070438715989
2.2308200953827573
2.2394617315968497
2.247997982003453
2.2564313860196155
2.2647643923689187
2.2729993633494066
2.281138578853377
2.289184240156153
2.2971384734895786
2.3050033334147635
2.3127808060074466
2.320472811868342
2.3280812089698797
2.3356077953498957
2.343054311662039
2.350422443591949
2.3577138241475892
2.364930035831522
2.3720726127023535
2.3791430423320654
2.38614276766548
