-0.249437439661
0.136551393721
0.135116066011
0.256594064404
0.135511273024
0.135723890989
0.13591576129
-0.101518153145
-0.269083207409
0.135443354504
0.135466040297
-0.101383295368
0.135710327845
-0.103070643529
0.135023620607
-0.249444454159
0.136296557103
0.135461377295
0.136257461453
0.136253739599
-0.107901337684
-0.269611664131
0.135046898584
-0.433927068546
0.134839378487
0.135578777092
-0.0882505815693
-0.10162581499
0.135532072534
-0.108153742613
-0.477651625251
0.136120884569
-0.434943690456
0.135578777092
0.136296557103
0.135231567578
-0.100931440521
-0.100931440521
-0.103513497059
0.136008997149
-0.100931440521
-0.444572915546
-0.10131949281
-0.268997980046
-0.100927187768
0.248737971607
0.135301803863
-0.101634973503
-0.444738504942
0.13552860626
0.136325698383
-0.249521059956
-0.087374248969
-0.103169769911
-0.269525809254
-0.0893777084513
-0.101162286277
-0.101639559555
-0.268997980046
-0.249625275983
-0.101509103333
0.136114209549
-0.103070643529
0.13532220389
0.135046513151
-0.440713325533
-0.103404504454
0.134977503223
-0.249444454159
-0.10162581499
0.136257461453
0.135647932393
0.135778840166
-0.100931440521
-0.444800136192
-0.0782427992965
0.135723890989
0.135803323196
-0.444538181973
-0.102950187196
0.135301803863
0.135597337537
-0.249437439661
0.248685113787
-0.101184144706
-0.101279573535
0.256775908247
0.135023620607
0.150250680981
0.135509586615
0.135443354504
0.135371100028
-0.103797757987
0.135984170144
-0.087374248969
0.136008997149
0.135461377295
0.248685113787
-0.103797757987
