-0.265142851677
0.0863688803877
0.110081998625
0.108536045561
-0.0278828851121
-0.0281691709903
0.0849266358096
0.103871464334
-0.0278668257912
-0.0284749431299
-0.0283604359284
0.0850781298575
0.0929525493794
0.109609709884
-0.0280994678783
0.104548406093
-0.0287997382599
0.103865991507
0.0867768707785
-0.0281691709903
-0.02822602133
-0.265142851677
-0.264624352362
0.0863688803877
0.10416550222
0.0928100290639
0.103979648733
-0.266904553147
0.0848446302683
-0.0274976604842
-0.598066950477
-0.0272719651457
-0.0284268915999
0.104548406093
0.104073218624
-0.0282501593142
-0.0284268915999
-0.0274976604842
0.104106489851
-0.266993128779
0.104090744795
0.104038747566
0.103979648733
0.103833303653
0.0849676068608
0.0848446302683
0.104106489851
-0.0282877810921
0.104308152794
-0.0282501593142
0.104468109909
0.104296028861
-0.266773546063
-0.271938543547
-0.0277024742985
0.103723343662
-0.0283800043632
0.108839694608
-0.0287078707112
-0.0278143617181
-0.0283120858427
-0.0283573185706
0.0854553585122
0.103940989567
0.104110403071
0.104491856007
0.10412813351
-0.267576312587
-0.027565897414
-0.266773546063
-0.0282895386243
-0.264754799388
0.0927707055371
0.109186333423
0.109207467572
0.104106489851
0.0867768707785
-0.0280994678783
-0.264742053782
-0.0283829979311
0.104106489851
0.110081998625
0.106896358161
0.0868582152496
0.086613928624
0.109390603496
-0.0281957931446
-0.413337456981
-0.0277024742985
0.104320577603
-0.0283573185706
-0.0289149005235
0.109186333423
-0.0282860136533
0.108410010215
-0.0282912863328
0.103723343662
0.104033076355
0.104198593498
