0.0206402783288
0.0200316459761
-0.112680201175
0.00102740938923
0.0203633526167
-0.112241374038
0.0204862320729
0.0253732726654
0.0251894864276
0.0255562579657
0.0230620126305
0.02466449532
0.036552333978
0.0204862320729
0.0248801496398
0.0205969105663
0.0206208085488
0.0230620126305
0.0202721443202
-0.348458697893
0.0205177007314
0.0258482411722
0.0248801496398
0.0201987308245
0.0253146850273
-0.112749246054
0.0249780266732
0.101053541547
0.0245756646847
0.107255963636
0.0233571697613
0.0250053490775
0.0253892700961
0.0206015530028
0.0207140605625
0.0367672492384
0.0206098291685
0.0248131915083
0.00294252524794
0.00253453485712
-0.112078927306
0.0205840872792
0.0393764375699
0.0199623239775
0.0206293881254
0.0200355731027
0.0246871375404
-0.112214349894
-0.11281832591
0.0202354472143
-0.112749246054
0.0207074135654
0.0204553411237
0.00277958309341
0.0199256706522
0.0200516721229
0.000957408116476
0.0232466350874
0.0206337643781
0.0251278601915
-0.351242688493
0.0204553411237
0.00108026720885
0.0201441129309
0.0251869942901
0.0203633526167
0.0202563992642
0.0204924790731
0.0202183610514
0.0206293881254
0.0261752097718
0.0247526510471
-0.112003516521
0.0200884658002
-0.351078484383
0.0199623239775
0.0367405760246
0.0250790643575
0.0234307603117
0.0202721443202
0.0232834998465
0.0208151367771
0.00896081227568
-0.355811447011
0.0202563992642
0.107150004853
0.020293787979
-0.112241374038
0.0206208085488
0.0203264955222
0.00149819213336
0.025373122041
-0.112335500508
0.0249465284535
0.0231842986386
0.0198889981317
0.0207140605625
-0.11230928866
-0.112191664101
