0.01032013916440322
0.016997354489778682
0.011172695803952304
0.010967213926106972
0.0075733218233239585
0.02360780382873018
0.02104702481962273
0.018227772301240702
0.015708823658479587
0.013385527479780113
0.011463693093904354
0.009566424223131892
0.006955543224705957
0.005589794419848637
0.004034785067360103
0.002823202092870264
0.0016776016179349262
0.0004638114794870696
0.0005497957365247497
0.016043475591693307
0.015110852831174248
0.013987016258468737
0.012950343356809724
0.012142394123829031
0.011168752392010095
0.015344650394013615
0.014452578012828704
0.01096797313188666
0.010148784309062908
0.006688914514355548
0.005959002959315118
0.005201265108480291
0.004454521870361133
0.0038659060702823933
0.0032905154991016428
0.002296806060225115
0.0017544421347374384
0.0011182064550363524
0.0010446433238379127
0.0009828254004934922
0.00365137128873097
0.0031726715845626363
0.002277752548883405
0.0018341453493823379
0.0013856803901346748
0.0009593916007158976
0.0004450762352918025
0.0027351650086330226
0.004991531526841203
0.004594758052051284
0.006763012783860822
0.006372306867533373
0.005993504254130755
0.005942966379705095
0.005587150832343762
0.005235367110888678
0.005218860074397702
0.004824849310204188
0.004480953237235935
0.004069021102949211
0.009734225756066694
0.009409537801721601
0.009392658626583394
0.009082749196877571
0.008701128071269743
0.008397197435199621
0.008099309210726324
0.0078023167603919474
0.0075134830310856215
0.007222928268756146
0.0068593836885926796
0.006520306276988103
0.008033867311053988
0.007766021100384879
0.012385474842270844
0.012126223881523457
0.011655190855567571
0.011337734344713107
0.011044849840816301
0.01079457645414672
0.010510631334066961
0.01025984655361939
0.010153170217004126
0.014339187240663354
0.014103647714335643
0.012872038463152796
0.012641427236118274
0.013902566270251354
0.013673446175264281
0.01345007809260304
0.01343379339550127
0.01316096412624293
0.014356022642281308
0.014093427605928549
0.01385192449511008
0.01364688327725777
0.013435515312334223
0.014569952571531153
0.015691869212542786
