0.01991020308787586
0.03562925889717067
0.01712857368508683
0.0023228110775430633
0.012021108955561716
0.020410744313283463
0.01113350904177271
0.0029003720926257526
0.0045093010631941655
0.01128771768495812
0.007862648821970797
0.004704176238627872
0.0017829475651327809
0.0067165814509436705
0.0030511999681752944
0.007388656607358407
0.011503881372116415
0.015403709348863731
0.01247380684188154
0.009548189552929298
0.006899874937578848
0.02685541953423143
0.025196235943575118
0.023628799960661
0.021194007167367274
0.019449810801852818
0.01735922656810643
0.015345124466879162
0.013773218885949678
0.01188673595200715
0.010066019653953706
0.008300476577053406
0.01750520793140084
0.015691790610614154
0.013979051278803362
0.01239299624611867
0.020566056967683127
0.01956413321250372
0.01856862305810994
0.026158482477837308
0.024757728218360447
0.02340703188549839
0.022336729570296338
0.02096925167643518
0.019699823939996475
0.018458632889210014
0.0172417795363852
0.01599321563911929
0.014765193275478095
0.013621015519599544
0.025985219175143043
0.024876579615438765
0.026250984840847758
0.025185460287968114
0.024459528980956657
0.025754549947155092
0.02474275621940797
0.023676132323749294
0.024664289075102735
0.02361985557177601
0.022676614104804732
0.021750911133674222
0.020832345242401157
0.020219723608928042
0.021342424101993523
0.020466018559631205
0.019604282528165845
0.01868443316254942
0.01973994599376877
0.018918830781209345
0.018104888414426284
0.01730719194907754
0.02150581375514135
0.0209572605810808
0.0201860750888625
0.01967769810542422
0.018929581880426705
0.01818884402655166
0.019114204189523143
0.020025515239810943
0.020928326208677406
0.02181506852563095
0.022696363918937118
0.02195229946567817
0.02126821017616623
0.0205624501970621
0.021404765602770326
0.020686866920875097
0.021509963684955974
0.02083373835282684
0.02014970781104572
0.025295278414355082
0.024674501121272036
0.02400578443801707
0.02339794000520659
0.022994136743118676
0.022512941157119853
0.022117536836667867
0.022864543912416768
