0.0398204061758
0.0471571674279
-0.0740027408483
-0.0740288130377
0.0581897872681
0.0587274475041
-0.0742178821721
-0.0740982325423
-0.0740967315582
-0.0745625828394
0.0411008263558
0.0410601435835
0.0408972014289
-0.0740045082872
0.0586461037243
-0.0737367628661
-0.0740740457656
-0.0740967315582
0.0585980501396
0.061437963068
0.0582629215377
-0.458977525723
0.0398204061758
0.0391858995729
0.0633046126256
0.0470933018689
0.0585363585449
0.0584089609356
0.0471571674279
0.0584809709522
0.0582629215377
0.0582629215377
-0.312960866048
0.0634696062275
0.0616586159452
0.0586840362093
-0.310576307419
0.039075026452
0.0398204061758
-0.311184236209
0.058831678898
0.0580799423131
0.0470933018689
0.0615365052238
0.0583936758762
0.058335979387
0.0584089609356
0.061179630966
0.0614011181821
0.0583530655498
-0.642938590088
0.0587578966643
-0.0742178821721
0.0586038504084
0.0406521531926
-0.0738161950733
0.0586840362093
0.0629308098439
-0.0592894050812
0.0637104437029
0.0584809709522
0.0583192871812
0.0587882170415
0.0398204061758
-0.0740982325423
0.0587191713383
0.0585980501396
0.0634696062275
-0.0738858981854
0.0582991800917
0.0586038504084
0.0582318419705
-0.310698013649
0.0411414880545
0.0586100974086
0.0391450277247
0.0583530655498
0.0585182904561
-0.0740288130377
-0.0738161950733
-0.0740304994471
-0.0735996123071
-0.0740288130377
0.063245478527
0.058831678898
0.0614011181821
-0.0741237557023
0.0638929826887
-0.0740787087673
0.0615365052238
0.0629308098439
-0.478538066108
0.0583530655498
0.0635280849092
0.0583530655498
0.0391689164225
0.0471571674279
0.0391450277247
-0.0747007075749
