0.011562317923394905
0.02321431063616175
0.02192114185433036
0.021608649174470473
0.021433761569980003
0.024719422666292012
0.02363525882010631
0.018782137302754243
0.018253833580282097
0.017783590386888815
0.01706555157617362
0.018841178049842866
0.021335484318524944
0.022872976589283223
0.02074492230388214
0.02058308868805847
0.02010624998926358
0.020228655437898202
0.020180147494842204
0.019767132696295264
0.019352314339302956
0.01912861361871787
0.018765051068166838
0.018726244713722084
0.01861939661813672
0.01851351654375999
0.019658472018901363
0.020863235363417054
0.0196065366793724
0.019311223406964673
0.019023223887641882
0.01876211886556367
0.018682782082557692
0.01933753574017183
0.019092782872011105
0.01895074429092225
0.018723995192801657
0.01865167419026048
0.01842290485001241
0.01820111786865053
0.018961318976526864
0.018839099732334108
0.018643916482312006
0.018444396197897173
0.01842330578787288
0.01847495173959568
0.01838566529401231
0.018297643442205858
0.018115203178331374
0.017935699032358032
0.017881974539371792
0.017715727308168283
0.018346473705860622
0.018762758182146455
0.018599722831666332
0.018582702500769543
0.01842430072640222
0.019120169447906177
0.018976561685763116
0.01953433399692739
0.019468287973613885
0.01932978795435636
0.019192560517684587
0.019713351704890414
0.020062781766426396
0.02040823501198752
0.02039396796991222
0.020267511430590135
0.02013924839060921
0.020066393811351113
0.02002967465441896
0.019911318234241526
0.019872686315212218
0.019757486066239505
0.020057378763124967
0.020357159856082108
0.02023900620712915
0.020130296548888982
0.019705553419341548
0.019652305632446354
0.019680356304106805
0.01957040445044622
0.01946351858379547
0.01935509523534451
0.01925264054634701
0.0191497700521992
0.019100757884716102
0.01900175672456117
0.018956560802415923
0.01933977430043643
0.019246170485162084
0.019229369803449137
0.019132327109898872
0.019103484796351378
0.019013729945011937
0.018924900401418365
0.018871273590190918
0.019102123632089296
0.019010078747739745
