-0.0231246358468
-0.0349559781383
0.00517267512733
0.0015624633993
0.00104932562694
-0.0229996276742
0.00867331076949
0.0436780936562
0.00528303722472
0.00517267512733
0.00861646572858
-0.0230831441577
-0.0349202877615
-0.0230623840614
0.0340488685664
0.002751171469
0.00858309657831
-0.00232570352406
0.000970158861119
0.00867331076949
0.00912600385383
0.00514511657346
0.00872550121323
0.000970158861119
0.00277805048522
0.00285876200817
-0.032058753304
-0.034938136991
0.0377009605213
0.00915471144464
0.00921598461833
0.00861646572858
0.0026974506222
-0.0229163780165
0.00881110325379
0.00525542750029
0.00861646572858
0.00282051909911
0.00915077360992
0.00909326623584
-0.0319284465308
0.00525542750029
0.00858806300097
0.00897841279867
0.000970158861119
-0.00242735973097
0.004285749388
0.00431307073851
0.00912201319372
0.00915471144464
0.00279367363528
0.00881110325379
-0.0340603054754
-0.0228956461957
0.00912997962688
0.000970158861119
0.00918730291331
-0.0410562545687
0.00861646572858
-0.034024110981
0.00409485344544
0.00872550121323
0.00878255594699
-0.0338514271684
-0.0230623840614
-0.0231453674526
0.000970158861119
0.00872550121323
0.00897841279867
0.00517267512733
0.00264377929911
0.00864001867295
0.00285876200817
0.00864001867295
-0.0227918449633
-0.0230831441577
0.00921598461833
0.00858806300097
0.0339794503638
0.00431307073851
-0.00230015507616
0.00912600385383
0.00897841279867
0.00921598461833
0.00881110325379
0.00894973299086
0.00431307073851
0.00881110325379
0.00406763299308
-0.0348724283199
0.00861155100524
0.0015624633993
0.00912201319372
0.00274001978701
0.00861646572858
0.00861646572858
0.00525542750029
-0.0228541541479
0.00920448843495
