-0.266852877338
-0.0671173001808
-0.242095602022
0.33805923328
0.337689416072
0.0994731330092
0.101606681563
-0.16568290447
-0.232151361262
0.0994358542971
0.338180248134
0.337965106811
0.101484975334
-0.0472323042681
0.101606681563
0.0993476588011
0.33875711247
0.0988451449332
0.1017114624
-0.230526928224
0.0993099379107
0.124393048181
-0.231499568685
0.114141081039
-0.266856867998
0.101606681563
-0.232239180735
-0.0505613757196
-0.0472323042681
0.337965106811
-0.0664403044886
0.338216102474
0.338033942384
-0.232051924867
0.0988451449332
-0.0472323042681
0.337666523528
0.338968601304
0.101327863231
-0.0666964807705
-0.165736746927
0.338033942384
-0.232439351278
0.338033942384
-0.0505613757196
-0.231600688689
0.0991294058612
0.0996927157247
-0.0467179530392
0.0989708660466
0.0994358542971
-0.0472323042681
-0.232439351278
-0.231562969062
0.0996927157247
-0.0664403044886
-0.230956998192
-0.165467275537
-0.266676771098
-0.0664403044886
0.0993637455932
0.0991730071406
-0.232188744419
0.338216102474
0.101715715153
0.337965106811
-0.242122495952
-0.066355077125
0.0991239392134
0.338353230766
-0.0665256141379
0.101007929418
0.0943628651375
-0.231135266176
-0.0666964807705
-0.0468711951935
0.101484975334
-0.231411910421
0.0994731330092
-0.231939357441
-0.0467945367402
0.101484975334
0.101484975334
0.0944891603073
0.124400103624
-0.0664475852263
0.0988451449332
0.0988899492009
0.0988899492009
-0.0509686360886
0.101363329385
0.0989708660466
0.0991730071406
0.338421743087
0.0988899492009
0.339194296642
-0.0467945367402
0.338033942384
0.101007929418
