0.13342643866880644
0.15579887206240567
0.21632277256781773
0.1487109259117187
0.09242935656638507
0.07821890899364259
0.0655180737982215
0.0839272854060018
0.10714242153224174
0.0981027984143249
0.06992111106978471
0.043923795161266876
0.03667486835168854
0.03982368863622754
0.03347327103851694
0.02762929110903778
0.008809451527371448
0.003607075478253452
0.0014784976417345774
0.009498975130826426
0.004984887043977926
0.00042350635519050606
0.009222309006698959
0.004656665765154444
0.014920391457374449
0.01115718102910157
0.01945143748393463
0.02119493319840282
0.022769343340672377
0.011867243120971316
0.013943502636239447
0.003694529834008753
0.006247644941986263
0.0003824100542133557
0.0023632884161545187
0.0010867396521522243
0.00997270079762258
0.018664203395149737
0.021197399975917297
0.01957065654249035
0.015624543520430079
0.0234857979944727
0.01820308546542393
0.025714950851731255
0.02461579051000129
0.01968811628257272
0.021753312238013467
0.023787857456883943
0.022853498396099958
0.024794103612699514
0.02670633157995117
0.025815156027723107
0.02151072359664641
0.017300487795520625
0.019080714862032222
0.017915095485039556
0.013933078274825927
0.011128548180980524
0.006683935329340973
0.005594750009856098
0.007197391067810699
0.008771565784327806
0.005143616652782179
0.01034694130622238
0.011888088505511707
0.016932343831045027
0.013371718890574646
0.012410051106155007
0.013826107380631947
0.018591645842120808
0.017667678979094936
0.01905134924509455
0.020326523098303406
0.017244719549294518
0.01636713427599845
0.015758417455304263
0.017059506882664444
0.014130242193789888
0.015373656356404863
0.012510207499106918
0.011939542416909421
0.01316225296310336
0.014370407431366417
0.015482044611452306
0.01692855744429078
0.016164792096862612
0.01728803238019494
0.018399155404924428
0.019497932618268043
0.01893783771619595
0.02003961303560109
0.021103815896317046
0.02215884788717426
0.025721182024932232
0.02675128566244178
0.030248134081432676
0.029770638808573557
0.03318512307507693
0.03419520236925666
