0.002412880294368702
0.003963349527197901
0.00513342831227126
0.006117838353717264
0.006527697358941653
0.006654656612797183
0.007085601150375487
0.007408021094206685
0.007863173582266403
0.008150084930186097
0.008416350329191524
0.008640483520424569
0.008230573244584427
0.008532805715244618
0.008816148656488498
0.009004330533430305
0.009028018972995211
0.009050460652583081
0.0092234150717313
0.009373701968260595
0.009472478816847651
0.009587533933563819
0.009787543601351256
0.009914568601576468
0.010026175505210344
0.010124185419450038
0.010237460712507751
0.010356607124075712
0.010453333107225071
0.010546938897369573
0.010543424219761732
0.010369522890617433
0.010484119418563087
0.010574291556480708
0.010655228542203798
0.010778145306286402
0.010854507924562218
0.01084732506220698
0.01083567254040707
0.010913317754044582
0.01075437854469008
0.010769676093296376
0.010872709890112353
0.010974014993981984
0.010964396903179296
0.010961006443730104
0.011028304172817971
0.011128540103889861
0.01122043341120571
0.011272162145604225
0.011313551959924784
0.01135423946708658
0.011399930554282678
0.01139466610121298
0.011451303747741837
0.011445893305481958
0.011438183616637287
0.011322592541092469
0.011329320315973002
0.011376955810087908
0.011371981693816702
0.0114225748003981
0.011456334232872623
0.01145474781857525
0.011487547329819714
0.011534300331516034
0.011573275570892272
0.011568806075112348
0.0116137238647952
0.011658395811353195
0.011698698304332122
0.011697221697151816
0.011695701836564654
0.011607184244935675
0.01160570438067976
0.011519644239075921
0.01155336291204967
0.011590144749277664
0.011629840061848085
0.01166035115455788
0.011686699979903792
0.011694625215928789
0.011752385663773901
0.011748923845833259
0.011785439142518839
0.011810321530359436
0.011807138216361146
0.011801954360545985
0.011809263189324626
0.01181384898542126
0.011845476693441381
0.011842312666291321
0.011870335132410426
0.011903721534574752
0.011929422771122522
0.011969744992027187
0.011911186381192929
0.011908261685043109
0.011905272023964741
