0.00200961426041
-0.000978118228706
-0.000978118228706
-0.00359135864682
-0.0105019277525
-0.00203198239732
-0.000927459667409
-0.0182255049883
-0.000978118228706
-0.00649348893395
-0.0105019277525
0.00616473891415
0.00616473891415
0.00616473891415
-6.57906808641e-05
0.00616473891415
0.00616473891415
-0.00284427009486
-6.57906808641e-05
-6.57906808641e-05
-0.00812097537156
-0.0771685944192
0.00616473891415
0.00616473891415
0.00057814673538
-0.000978118228706
0.00616473891415
0.00616473891415
0.00616473891415
0.00616473891415
0.00616473891415
0.00616473891415
-0.000231849571989
-6.57906808641e-05
0.00616473891415
0.00616473891415
0.00616473891415
0.00101009973889
-0.0176447848954
0.00616473891415
-0.0188352610858
-0.0176447848954
-0.00812097537156
0.00616473891415
-0.00174039942577
0.00616473891415
-6.57906808641e-05
0.00616473891415
-0.00284427009486
0.00616473891415
0.00616473891415
0.00616473891415
0.00616473891415
0.00616473891415
-0.00812097537156
0.00616473891415
0.00616473891415
-0.0188352610858
0.00616473891415
0.00616473891415
0.00057814673538
0.00616473891415
0.00616473891415
-0.00174039942577
-0.0176447848954
-0.00812097537156
-0.00812097537156
0.00616473891415
-0.00174039942577
0.00616473891415
0.00616473891415
-0.00174039942577
0.00200961426041
-0.00812097537156
0.000629683563598
-0.00174039942577
0.00616473891415
0.00616473891415
0.00616473891415
-0.00174039942577
-0.000978118228706
-0.00532951395941
0.00236727055972
0.00101009973889
0.00616473891415
0.00616473891415
0.00616473891415
0.00616473891415
-6.57906808641e-05
-0.00331393407163
0.00616473891415
-0.00532951395941
0.00616473891415
-0.00284427009486
0.00616473891415
-0.00812097537156
0.00616473891415
0.00616473891415
0.00616473891415
