0.0010048071302059102
0.00067876772063734
0.0004342381634609123
0.00028403356590392306
0.002034354857989795
0.002324638057607506
0.002440570516033612
0.0044656266258433445
0.004563438448713915
0.005153755624527537
0.006028916270570473
0.005554705584866516
0.0051143670909985575
0.004703384496721795
0.004707496414275804
0.004344864713443366
0.004002379218212731
0.004152077644257866
0.004155367178301074
0.004158500067866033
0.004527635312027981
0.007882791591122847
0.00762592746969987
0.007379337913133813
0.007357101500234563
0.007393328101297738
0.007173158854363758
0.006960581650427502
0.006755090353289121
0.006556227807671333
0.0063635797166041
0.006176769446478299
0.006183588551536808
0.006185468285275783
0.006014225537660466
0.0058476109724131305
0.005685381000988092
0.005659481007683126
0.006100600630067435
0.005950241144356425
0.0063986997416385335
0.006809043576414635
0.006993611198495609
0.006856617000403355
0.006894451770528779
0.006763287112780876
0.006764657751965546
0.0066388467537175574
0.006695732155614709
0.006574854922003897
0.006456302250577907
0.0063399864220090125
0.006225824590265467
0.006113738428189987
0.006258755845539324
0.006150602531255965
0.006044313929287837
0.006363555642607304
0.006260809994038114
0.0061597487003635
0.006150423753018653
0.006052570754381329
0.005956246708847713
0.0059830220846287824
0.006250367310316243
0.006371575897951509
0.006491002006356845
0.006401657964122766
0.006426520813062331
0.006339693504412311
0.0062540721306046515
0.0062779132186288914
0.006250756269163867
0.006359035940784705
0.006350750630737364
0.006373353220682423
0.00629431810639843
0.006216283436599045
0.006139224200172152
0.006160710612835973
0.00617263888391775
0.006236849895476928
0.006208668103099296
0.006196784576759371
0.006125101566129703
0.006054242498150951
0.005984188646853775
0.005914921917481287
0.005915652925046444
0.00595206978297645
0.005885061751300892
0.0059423683530149965
0.005876786024141045
0.005906725709350072
0.005842509678994329
0.005926231074577451
0.0058633255754534565
0.005801055485411523
0.005739408096270008
