-0.12758477279
-0.318468483906
0.0860407691639
0.222874338077
0.221286177534
0.207266087257
-0.150988657005
-0.150916633949
-0.152677552484
0.0861836840163
0.218661007801
0.224362410309
0.085995536436
-0.1277203586
0.0855069993622
0.0863083363058
0.0859908734343
0.0864452574294
-0.298907943521
-0.150401944381
0.0859924190782
0.085437954483
0.0861026956924
0.0861026956924
0.0860390827546
-0.318468483906
-0.417526710214
-0.318468483906
0.218784111103
0.085576394723
0.0862533871283
0.218605940747
-0.150750077396
0.218349195673
0.199214609926
0.0860615686737
0.201048296954
0.218275666337
-0.29891495802
0.0861774285321
-0.139095728965
-0.157577999541
-0.318996313114
0.218551448505
0.0867402460593
0.0861082732312
-0.150750077396
0.08594724911
0.0861026956924
0.20716288407
0.0861026956924
-0.417551467562
-0.299095779844
0.200721735394
0.086157061862
-0.150628431447
-0.150267312472
-0.298754850762
0.0855069993622
-0.483070404974
0.199214609926
0.199214609926
0.0861082732312
-0.490183829393
-0.150988657005
-0.150401944381
0.201211070256
0.221249213168
0.218149524515
0.199808213519
-0.150401944381
0.0859893363839
0.200721735394
0.086783235738
0.0859501183755
0.0855069993622
-0.417551467562
-0.152640273772
0.0859458264993
0.2189012611
0.0859728506434
-0.136847241618
0.0860615686737
-0.152420691057
0.0868260532428
0.199430984864
-0.157750541644
0.218405561589
0.0868260532428
0.218459344857
0.0861712771221
-0.152803468871
0.085437954483
0.200992777702
-0.150750077396
0.199214609926
0.207059895611
-0.150750077396
-0.150988657005
