0.04058684141328686
0.06931688639653966
0.05762633376018925
0.047352213787763026
0.03858675476360382
0.031271743122565865
0.02485046613944311
0.019648108037843753
0.014942598538365853
0.010423386161858034
0.006132101553298491
0.0025095304677670016
0.0008511912094011087
0.003998132995245984
0.006941069044714282
0.009710891208919742
0.004955954482208175
0.0004268939550167439
0.003886065036429742
0.007964939567290413
0.005833542369755279
0.003780022239449371
0.0018131836232963272
0.0052589443259083435
0.003466471638981311
0.006604660686826608
0.009665598575313489
0.007889544006880078
0.006322436985067986
0.0048157135245322225
0.0033503779512268073
0.0018409715585709918
0.00036623263848703513
0.0027950037383182857
0.0018105226608558789
0.0008513265209979248
0.00037884362345863565
0.001573825414743324
0.002745183269560969
0.003889300499671816
0.005072903741138141
0.005712169984784687
0.006773725150162141
0.007388486871984318
0.005532208654458942
0.006524450557168632
0.007135933112203341
0.005409070980549158
0.006348710761955978
0.007268238220484863
0.00816864635345399
0.00914719707545758
0.010018260276888263
0.010872148885780253
0.009340423908827722
0.007851148627753074
0.00835157278434423
0.008952687187031266
0.009784700962646442
0.008393849490685584
0.003200807044436982
0.001945999819892047
0.0011717485877721368
0.0004455312525771804
0.0002678360974422145
0.0010124116444882592
0.000585579275631104
0.00018482370921973912
0.0014071179324518512
0.002616208556148192
0.0019637599686756213
0.0013214210872266874
0.0009419210908666875
0.00208210042814283
0.0014694394392249788
0.0007906676135324975
0.00043652238846347835
0.00015702516200150063
0.0007440735806147625
0.001321190438507952
0.0026068471065336662
0.002042121970242755
0.0014328695444627282
0.0024310100125758127
0.003425662017807918
0.0028855606898327835
0.003857304443193127
0.003300124182268216
0.006877553423017269
0.012048196215680707
0.011748518678354497
0.012671587864187206
0.013582107662919202
0.013083377516797556
0.013976338805011673
0.013492175160794567
0.01436600746322561
0.015221877203547063
0.016078215382843902
