0.140648088188
0.140052413584
-0.0991929501464
-0.2452399041
-0.103808291921
-0.0971034853822
-0.0987386328883
0.139672931603
0.140469015761
0.139672931603
-0.363844652046
-0.0992528626234
-0.0831651834493
0.260663314522
0.139533758198
0.139050932795
0.254811783953
0.139808891845
-0.245663652881
-0.104068483475
-0.0995862036797
0.140236160347
-0.0991929501464
-0.363844652046
0.140533343553
0.139677594604
0.139533758198
-0.0739027146214
-0.430657458454
-0.0988590892215
0.139790331399
-0.440526950635
-0.0991929501464
-0.0971717410608
-0.429930917298
0.139533758198
-0.436501771225
-0.0991214107023
0.139790331399
0.139745374551
0.139812741309
0.140465293906
0.140014877504
0.140465293906
0.154528333144
0.260844942239
-0.0973065988372
0.139582654335
-0.0739027146214
-0.0995862036797
0.139935445297
-0.0842902675743
-0.245225885353
0.139602593771
0.139327620319
0.139790331399
-0.0739098360607
0.140537252691
-0.0989582156037
-0.46523068231
-0.264871653102
0.139533758198
0.139533758198
-0.0968246670496
-0.245225885353
-0.0967156334598
-0.096707140607
-0.440396078493
0.139582654335
-0.436501771225
-0.0995862036797
0.140220551457
-0.0991929501464
-0.264871653102
0.254648841799
0.140422304228
-0.0740383004321
-0.0991214107023
0.140014877504
-0.0852898816615
-0.245225885353
0.139784753861
0.140014877504
0.139722827332
0.154462235289
0.154329937653
0.139865742185
-0.097423419195
0.140469015761
0.13918905753
-0.0994604825664
0.139582654335
0.154462235289
-0.265548648794
0.140648088188
0.254403793563
0.139327042464
0.139808891845
0.139740160568
