0.140783382783
0.0268448831272
-0.477489820173
-0.212818780776
0.02714253725
0.158952594984
-0.210593001177
0.026887700632
0.163435842216
0.0259133474187
-0.379169059573
0.139492632253
0.139788001506
0.158321016859
-0.187523125401
0.139341138205
0.158363071561
-0.210927009616
0.0261699206203
0.1588152658
0.0254305220159
0.164242605546
-0.212359043667
0.14102843102
0.02714253725
0.158796194578
0.14722453146
0.158321016859
-0.210927009616
0.139410915783
0.0260074738884
0.139276257315
0.158747597235
0.0260571838251
0.0266001406776
0.0258444770274
0.1588152658
-0.211043829974
-0.210340296992
-0.210470938522
0.158484295141
0.0260571838251
0.0260074738884
0.139300146013
-0.363020395481
0.158580004615
-0.212479500001
0.0261249637714
-0.21079215184
-0.212878752251
0.0261249637714
0.139910758897
0.0262187092511
0.147121543
-0.212741821481
0.158464655313
-0.379020520603
-0.187665759608
-0.358846296132
0.0256380421121
0.0261284887424
0.161421693812
0.161347824923
0.139951635766
0.147185207933
-0.212359043667
-0.217562599085
0.0255686467513
0.141109944343
0.0261249637714
0.0261232160629
0.147249038876
0.158580004615
0.139382109256
0.0261643430815
-0.187658711211
0.0261284887424
0.147406348421
0.0259133474187
-0.210445077829
0.147239348612
0.0265476766045
0.0261643430815
-0.542606059819
0.0259133474187
0.0307223862691
0.0262453314054
0.158137846058
0.0267120280972
0.139206256043
0.147367051775
0.141191373174
0.0254996018722
0.158211171904
-0.212479500001
0.158878236052
-0.210931541242
0.161359144007
0.147121543
