0.015089249306124097
0.08484472152609657
0.07660971271550265
0.07054886877038546
0.06501965825292455
0.06031455313702094
0.09788560883197861
0.06796355766645212
0.02746812709347002
0.0028952220950548835
0.0008943141314133873
0.0216095803229317
0.02379327690475297
0.04180885810827406
0.03458730789852049
0.03650829400381017
0.019833064997438976
0.021545176919072095
0.0350195534002774
0.029521401825935212
0.030921696675399013
0.042627331027505266
0.0378089080859938
0.03958790091121145
0.040582853254259144
0.041793841515899155
0.04297416540275989
0.04403951237929271
0.04490447062388203
0.0352334411885058
0.025885695457305236
0.026672948625453108
0.028315948262821355
0.025016456953418142
0.016674650379808864
0.01756775351707285
0.014008010050975073
0.01104746689556002
0.011810262887273715
0.006094420185053795
0.006715432527021004
0.007467555389741309
0.0006287865930068026
0.006633980327513833
3.577116533026725e-05
0.0011498969593480846
0.006779688546811324
0.0074012659527784574
0.008062162274353746
0.0021601084282232286
0.0027525408645348026
0.003327206768164781
0.008307831950061462
0.009136923287567766
0.00959803960875194
0.010167480020239483
0.006131191966759819
0.01071251477769275
0.011474609361530774
0.009257064251502634
0.009790045155998905
0.010303326061471108
0.006644983532441917
0.007151421922756862
0.0075407585714910574
0.008032400888541402
0.0063355685450091626
0.006980131162841685
0.002697246698603606
0.00315541749453363
0.001104819573983784
0.004311733369899207
0.008377346758276505
0.007971615037685509
0.00975046057003881
0.00934752460375754
0.01082779618146501
0.007417193220774498
0.010116922892965285
0.01382267863378428
0.015480483756591168
0.014919013785138158
0.014533998510174229
0.018053599807964615
0.019396171704024856
0.016297277194574078
0.015664022627984497
0.015296644166588047
0.01863182433332522
0.01814309004068304
0.01780823692450695
0.019267606232709178
0.018941613768989285
0.01859785836067429
0.02103644905965163
0.020724868617590486
0.020156303786332486
0.019822517765334835
0.019517890169933216
