0.0383984183606
0.0359733445763
-0.053043506095
-0.0527841151819
-0.051482990541
0.0399373150946
0.0366685316249
0.0313067173359
0.00661474158203
0.0311651319556
-0.0407517745022
-0.052813256433
-0.0570165830729
-0.0528501099984
-0.0525411572078
-0.19041084481
0.0069908265954
0.0312240333693
0.0295253200006
0.0401841346497
0.0312476728089
0.0352794876751
0.0351815504492
0.0384117665995
-0.038388438705
0.0359258571523
0.0312387375047
0.0358338809281
0.0359176598128
0.0359315935641
0.0294345242548
-0.0529027838142
-0.0412820287269
0.0498252597066
0.0314243971874
0.00705513011842
0.0311651319556
0.0294345242548
0.0295102090625
0.0366685316249
0.0358818431036
-0.0570165830729
-0.053117800927
-0.0409633943969
-0.0396001658429
-0.052715127376
0.0345028019013
0.0384117665995
-0.0528501099984
-0.0407517745022
-0.0522458508755
0.00685620238347
-0.0527901273817
-0.0527252945578
-0.0383542060655
-0.0383542060655
0.0312534331675
0.0335451374852
0.0312919690251
-0.0410747646132
0.046654687278
0.0294193612175
-0.0519552792822
-0.0520282353367
-0.0384912533258
-0.0530762776765
0.0312269748745
0.0294950894598
0.036093536884
0.0465441852731
0.0352794876751
0.0345586761917
0.0495864800599
-0.0522842073761
0.0312180991874
0.0312567070471
0.0235417702085
0.0346977914392
0.0312093207541
-0.0533032038823
-0.0398209978607
0.0465669283488
0.0294799611852
0.00687764469879
-0.0525063524353
-0.0407172435764
0.0312387375047
-0.053043506095
0.0313950282271
-0.052940377741
0.0311143208647
0.0311440148613
0.0311651319556
-0.0384226907839
-0.038603680792
0.0311440148613
0.0403385424138
0.00685620238347
-0.0524159586081
