0.21109833469799988
0.1500491311438099
0.09161052132946934
0.05367931190539865
0.02728495880270565
0.03250592842743072
0.055392287061961754
0.04629129813473687
0.03044774119034177
0.03375441319897443
0.04901198562199516
0.06325154732409288
0.05737957686046946
0.04681774354778101
0.04912322582619422
0.04430968789041423
0.03615375989639136
0.03184122752265073
0.03269567032001186
0.03349722649455
0.026738274248836458
0.020303662466289008
0.02790783023638832
0.0350304129434299
0.035687676633707754
0.028897761538822064
0.025963699251885686
0.020831070492965065
0.02692570710451414
0.032836090206464386
0.02822339940209362
0.023750487106946272
0.01939211712865485
0.02032241782429034
0.016019089462351532
0.012004960693941191
0.008111320816102219
0.008545309407001711
0.012996731373911774
0.010998953316716076
0.01140194272255135
0.007984918149490428
0.012144061182331356
0.008070751245759955
0.008425833954225803
0.012213457799823857
0.01607535508860647
0.01682120789213859
0.013145013850484943
0.01386830240841852
0.01457286222052634
0.018056812759879803
0.021436442879923967
0.022028452413510147
0.020563345602323424
0.027964791061999117
0.031120003017947373
0.028496295827588725
0.02877838841167346
0.03177270152067657
0.03472435141495078
0.04141665963495755
0.040136376586503264
0.04063724707899852
0.04333687073514514
0.04113645524624088
0.043850235979384644
0.049963659910301605
0.047345514577990966
0.04758740307532694
0.04543811473873949
0.047944484803573606
0.05044467582749124
0.049352887254191624
0.0482705003716406
0.04633920140671177
0.04552147618852631
0.047863372100920176
0.05017757012590984
0.050579551907974585
0.04869490236923735
0.050838179785782645
0.05103967448870028
0.04921910083888503
0.04746267686940109
0.045755518657548455
0.04783242273598365
0.048198271324154884
0.048381320891865864
0.046766262611037446
0.048772100544230645
0.049166272213503226
0.04829490093323696
0.05021859865292966
0.04866850553422275
0.049047212995002254
0.04752976380827245
0.046699928009947045
0.04522401457904057
