0.422196669396
-0.183147610663
-0.233754439257
-0.18965604712
-0.158366118616
0.0365467873731
0.183090869076
-0.081908900345
-0.158435569444
0.036373392095
0.183090869076
0.185114302127
-0.0822075864907
-0.15842749969
0.0368877164546
-0.0818301449083
-0.146806703892
-0.0819381151011
0.0170888559472
0.0168326796653
-0.148696949406
-0.147996070999
0.182500026482
0.178064567676
0.0170888559472
-0.183327707562
-0.0821537440342
-0.148846234009
0.182839098346
0.18322187616
-0.14760610574
-0.14760610574
-0.148184579262
0.0325605243472
-0.15491982103
-0.148522764431
-0.147958315358
0.0169255550451
0.178056878676
-0.081908900345
0.0169255550451
-0.146932056642
0.183002293445
-0.183298947146
0.0163338045894
0.178018320743
0.185371069862
0.0365467873731
-0.183809702083
0.0368877164546
0.0366371102296
0.184649378586
0.182500026482
0.0325605243472
-0.0820459814265
0.421882391202
0.183002293445
-0.154798724231
0.0169255550451
0.182653099649
0.183002293445
0.42161541786
-0.0819381151011
0.0325565820122
0.178175161306
-0.147427837757
0.184537089854
0.421826251233
-0.183270173262
0.0171740833109
-0.154748760234
0.182965014733
0.18501413577
-0.0818841429975
-0.0822614030739
-0.1487100203
-0.0637825670185
0.185009777079
0.185135841999
0.0325605243472
-0.154541262176
0.177892025573
0.0169255550451
-0.154748760234
-0.151052461376
-0.148522764431
0.182767558902
0.0325605243472
0.016474461094
-0.146970303555
0.184537089854
0.0366579652424
-0.081908900345
0.182751283371
-0.148808939396
0.0367346236956
-0.1487100203
-0.0821537440342
-0.147591343091
