-0.0169089031499
-0.0150606793943
-0.0236557144484
-0.0167000248429
-0.0235409588682
-0.0235358401015
-0.00597323352128
0.0550598609047
0.0258769035387
-0.0154731547478
0.0224068298258
0.0214918070662
0.0149526646454
-0.017768885436
-0.00601468724908
-0.0177031982239
0.0182271411624
0.0607921836853
0.0214918070662
0.0199025737945
-0.0176675184933
-0.00576497569098
-0.00593174183219
-0.0177031982239
0.0261011353164
0.0257678680541
-0.0150606793943
-0.00578569805165
0.0259625055793
-0.0177210259944
0.0197951816246
-0.0238720219676
0.0214918070662
0.0148256988015
-0.0236065776633
0.014749597031
0.022296518899
-0.0336042140295
-0.00564044263778
-0.00601468724908
0.0264535124186
-0.0234752219741
0.0199450759608
-0.00564044263778
-0.0332830129418
-0.00574424387021
0.0199294528107
0.0181215611866
-0.0147956849067
-0.0148515560799
0.0197951816246
0.0258769035387
-0.0331273953407
-0.0331415740018
-0.0179241135502
0.014749597031
0.0261011353164
-0.00576497569098
-0.0151904458385
-0.0179597659268
-0.0178580508173
0.0180688439791
-0.0237448939485
0.0200101643337
0.0262734155192
-0.0235737830083
0.0198488529477
-0.0233928842933
0.0257678680541
0.0197951816246
-0.0236557144484
-0.0179241135502
-0.0178580508173
0.0257678680541
0.0200101643337
-0.0178580508173
-0.0151904458385
0.0180951965248
-0.0179775799995
-0.0179597659268
0.021464473064
-0.0244099571833
0.0263847447791
-0.0328041532167
-0.0154731547478
0.021464473064
0.0199987792596
0.0197951816246
-0.00593174183219
0.0199294528107
-0.00591098173586
-0.0235409588682
0.0148768074167
0.0263558907605
0.0199450759608
0.0180688439791
-0.0177867346654
0.0214918070662
-0.0233928842933
