0.00845445157493685
0.01347467803969915
0.01938860665180986
0.022728611620383865
0.02665210476509139
0.03001436763672738
0.030761021826887336
0.024643259504143367
0.022055569150269738
0.023462219581891208
0.021594983763074782
0.019941767834902757
0.01887372036022872
0.020058312722631255
0.020434230675698717
0.02147559527710463
0.020462976323637805
0.01726338770862268
0.01618879735531087
0.015241055746048393
0.016044124768472945
0.016294775885472235
0.016541931795146847
0.017250059724102873
0.016246169904242547
0.015291804420757615
0.015829685827696394
0.016029192657063596
0.015163775804420299
0.01573542180423826
0.015116822378468786
0.015840216983547317
0.015208105011010997
0.014784513616683759
0.015440251885109446
0.015041614127515812
0.014454863630174564
0.015316510143750905
0.015457521209695457
0.015604220898697396
0.014974375364921744
0.015520310759668199
0.015067013578741073
0.015192356748469638
0.015915900508074454
0.01603811846275982
0.015622921529202971
0.015253093749884039
0.015549007448017238
0.01584021442997552
0.01545953786027121
0.01497129439727618
0.01558476468136305
0.01618733875412315
0.016507412210377548
0.016248647350185164
0.015798627775765017
0.015896339228154588
0.016149513325462994
0.016443935717706193
0.01673196879540495
0.016445161748118275
0.016816175716062864
0.016508327034006176
0.016110244980684474
0.016462092488270574
0.016170197591980684
0.01650922490057971
0.016141112499806987
0.01586230712481229
0.01619085871437398
0.016436394516432196
0.016677719527477097
0.016334147953422584
0.016070856317453086
0.01630277905534039
0.0164975283609623
0.01626847524039532
0.016493194990388593
0.016714920495658148
0.016453158629023745
0.01674725449870207
0.016433150394189466
0.016819081608503428
0.016999002012548003
0.016752283931352308
0.016525025076129296
0.016302607305066052
0.016368515547645957
0.016149510571703884
0.016213760373180675
0.01646688896316184
0.01630862505447328
0.0160311946254158
0.015823433417490818
0.015637156675438635
0.01581865396794313
0.015601565007678064
0.015835493850611337
