-0.0702539749761
-0.0630101585502
0.17435176119
-0.396142071548
0.288218302062
0.188276743788
-0.0654929009001
-0.0400953275613
0.17341710227
-0.0402237919327
-0.0654874342524
0.174035059956
0.174010232952
0.174279802406
0.173692096908
-0.0503501702297
0.173488985746
-0.0503501702297
-0.0504757590749
0.174146947376
0.174146947376
0.173141550963
0.17428352426
-0.0631318647794
-0.0652691813124
-0.0631580818984
-0.0629011249604
-0.0702539749761
-0.0630101585502
-0.0632535107283
-0.0701276798062
0.174140272356
0.172934521151
-0.0402308403293
0.173829386003
-0.396028750535
0.174140272356
0.174347852053
0.173982595883
0.17359926236
-0.0630144579812
-0.0494741502477
0.17359926236
-0.0634966219636
0.172865441294
0.17359926236
-0.0627749306878
-0.0699708392437
0.17359926236
-0.0515991622973
-0.0630101585502
-0.0630101585502
0.17435176119
-0.0651437071043
-0.0634920903377
-0.0634920903377
-0.0514753731621
-0.211341860202
0.173257630385
0.173804902973
0.172865441294
-0.0633572325614
-0.0627707458046
-0.0632934300026
0.174236812727
-0.065378441647
-0.0627707458046
-0.396481063265
0.174322619911
-0.330299744584
-0.0657716951803
0.173141550963
0.173514742563
-0.0635997521828
0.173442393167
-0.0627707458046
-0.0657268909126
-0.231499746447
0.17435176119
-0.0629053777138
-0.230971917238
0.173829386003
-0.211592344389
-0.040088206122
-0.0631318647794
-0.0654874342524
-0.43176965679
-0.0632889768828
-0.0627707458046
0.173966536562
-0.0504757590749
-0.0633750964414
0.17428352426
-0.0653069022029
-0.0634785223275
0.174050668847
0.174010232952
-0.0649241243889
-0.0402167364894
