-0.0360542046179
-0.0473830045498
0.0362664860697
0.0539440298661
0.0515187023177
0.0416430486695
0.0363548480593
0.0451358982526
0.01196534364
0.0344998370452
-0.0479282667697
-0.0479508981339
-0.0477139098056
-0.0478755929538
0.0385196545298
-0.046653438671
-0.0479508981339
0.0344998370452
-0.0474787651061
0.0449248948339
0.0409061106087
-0.0470858770825
0.0516649460232
-0.0526438717297
0.0363107054049
-0.0348464808162
-0.18504012653
0.0363107054049
0.0406964005298
0.0416291949152
0.0409895374285
0.0394906095697
-0.0479282667697
0.01196534364
-0.0493372397025
0.036029346272
0.040212081576
0.0344998370452
0.054523487384
0.0546372749638
-0.0363075116823
0.0121862367443
-0.0361002475686
0.0408019971698
0.0343635260519
0.0362517292165
0.036133365975
-0.0483286868377
0.036246077187
-0.0479658606965
-0.0478387393884
-0.0527566060971
0.0363013016934
-0.0480034755436
-0.035850709954
-0.0359888773523
0.0363842339934
0.0394624661201
-0.0481773182314
0.0410541269985
0.0409003741968
-0.0363075116823
-0.0527044544678
0.0363695452717
0.0394773189459
0.0396028524634
0.0416430486695
0.039308907725
-0.0473084866579
0.0363842339934
0.0285330938986
-0.0481432838825
0.0344090412994
-0.0472342015189
-0.0496828618224
-0.0479429350824
0.0362426374096
-0.0476034274285
0.0454153697193
0.036192616232
-0.0524800690501
0.0362014919191
-0.0483286868377
-0.0357427265319
-0.048078768069
0.0121862367443
-0.0495463761518
0.0406408311066
0.0394060795393
-0.0475161093437
0.0362866482838
-0.0476282663993
-0.0362037926128
-0.0474200683998
0.034484726107
-0.0482529602528
-0.0481773182314
-0.0334481737393
0.0344998370452
