0.018027102308926665
0.033821437158844204
0.024754815641428923
0.013966009668210155
0.005379559281921714
0.0005694476708576618
0.005113803678267484
0.010128903484109025
0.011325437848107286
0.014461786670393717
0.010467764439588897
0.006779233813906091
0.003371097399219758
0.0001793912022989841
0.0025868696104090344
0.00015745031141375931
0.002821389096629115
0.0010056081995159227
0.0033795464548194293
0.0012402657484448382
0.0006191029155876993
0.0014281091314783945
0.0007245969528234114
0.0013811579163638121
1.5407676133644133e-05
0.0012752027244648384
0.007883778671953334
0.006631685382128022
0.005275138697802675
0.003932261442472787
0.002651338397830841
0.0014546532593541633
0.0028643081643441037
0.0025224412032017474
0.003892920083828036
0.0029191539683673523
0.0018609412953146387
0.0009763300890287263
0.0003867570955709554
0.0017193735581018527
0.0008549089942374299
0.0011383098487563054
0.0003178496767425182
0.001224560724959814
0.0019715939000021776
0.0027429072875869986
0.0034956857453994628
0.002509386014018497
0.0032343075577579566
0.0022938004852783578
0.0013738247278094612
0.0003784170656005309
0.001050663393256962
0.00017787292882708028
0.00046231832035230347
0.0010937021335513525
0.00046638775435421664
0.00020246760361418426
0.0006004877002423331
7.253077514313144e-05
0.0007322142299309026
0.00015590452068794947
0.0006676025803720037
0.00010807111465428731
0.0004900700814957637
0.001081157431695054
0.001693555206245867
0.0022632495211004078
0.0015874139974156737
0.0020998679973232015
0.002496160968137137
0.0018366639286514636
0.00230165097323784
0.0016718616196521735
0.0010181397535684589
0.0003955042330173464
0.0008601534305761743
0.00025757839983545083
0.0008252705213262351
0.0012720929439436202
0.000632092101869014
0.0010682546551115946
0.0004929131451393703
7.241048005864059e-05
0.0004866449626046987
0.00034657327588846765
0.0009096002776129153
0.0004529617258535179
1.5116397639000634e-05
0.0005372714453721478
0.00014285135533041726
0.0006549832520969384
0.0010401299820204934
0.0015392885967548953
0.001180072699806467
0.0016775258982889008
0.0021691311863643176
0.002506991527165256
0.002161993156713754
