0.118497508106
0.119098781975
0.118936335243
-0.366434625492
-0.117276803729
-0.117407182885
-0.117926125206
0.11911734242
0.232880497121
-0.285726503428
0.118912389946
0.119777466336
0.119093204436
0.119640889452
-0.265994093231
0.11835938337
-0.119708461577
0.119323328079
0.118940627119
0.118842208773
0.118842208773
-0.384536201471
-0.117398690032
0.118982927822
0.232421493608
0.119845703266
0.119408430865
0.119098781975
0.119323328079
-0.492308105594
-0.119949890897
0.119504175027
-0.117799487927
0.119055582658
0.11911734242
-0.265994093231
-0.0945942640461
-0.366434625492
0.119298845049
0.119773744482
-0.117411435638
0.119408430865
0.11911734242
-0.120277753104
-0.461183789087
0.119052077417
-0.366434625492
-0.117276803729
0.118981382178
-0.117276803729
0.118428463227
-0.4511620033
0.23220511867
0.118936335243
0.119057350097
-0.117537756346
0.119098781975
-0.119884499571
-0.286255800643
-0.2661052711
-0.124595179797
0.118842208773
0.232880497121
-0.11811496862
-0.451311642457
0.119476537959
-0.117411435638
0.119956538764
-0.117926125206
0.118842208773
-0.0947368982534
0.119093204436
0.119031277907
-0.449611650137
-0.117276803729
0.119048611143
-0.119812960127
0.119098781975
0.118963359387
-0.285927597379
0.119048611143
-0.119812960127
-0.119430182313
-0.119430182313
-0.119812960127
-0.450622466723
0.11911734242
0.118566518034
0.233753138551
-0.117637922704
-0.117926125206
0.118497508106
0.118911044346
0.119709195073
-0.117799487927
-0.119769871706
0.118981382178
0.118963359387
0.119147570606
