0.059248754052877384
0.0989483480444458
0.1286824318551546
0.055395506756769186
0.03584937280198858
0.019076918104193485
0.004336152453488951
0.017571412722392876
0.04085946243448385
0.014884325759176253
0.02479369158803052
0.03400734284465745
0.042514000304368416
0.05049005960114117
0.033865428774196626
0.04082774544303602
0.034177275355424475
0.04045745051747951
0.046404481873430936
0.05206363467214864
0.05746555325274283
0.04074658797139791
0.035854975886741136
0.0406142929996095
0.049553581215285414
0.05399231096587431
0.0582568977824765
0.062363752333328415
0.06634119660262994
0.05046028997057128
0.046711855880037456
0.050333194517230506
0.04686850369585577
0.050270091771798475
0.05357890683902444
0.04638987729223765
0.04390055455418124
0.03450479492618308
0.03748726605241676
0.04040857689343069
0.03761306652109975
0.040390006773770915
0.04309721910150127
0.040424380143625316
0.030398645598249396
0.03293166852202112
0.025297613824272647
0.022904209666544384
0.025283837310101975
0.022984292138951312
0.025261762585616354
0.016749271957305467
0.021049366747488918
0.02321184557008593
0.025337869678957792
0.023275803778147364
0.02532923105357332
0.023297290382875535
0.018526360372153328
0.014163978878704353
0.012154379204558252
0.014040763470797468
0.01767952123831168
0.015862367874931782
0.00902431268619569
0.010807544596029561
0.009080905836648667
0.010819406398441256
0.009134747466932158
0.010808581393313477
0.009492791139794232
0.01112420489919086
0.012732735681723839
0.00673791367989357
0.005194797841358234
0.006740883700362743
0.005204820108991037
0.006712399627658183
0.008199441619995196
0.004669471281976978
0.006121283612993411
0.004677753972909149
0.0032559660882304775
0.00185090511984215
0.0004577311648771287
0.004721837418145969
0.003368231254280818
0.002036023186479219
0.0005612339085347418
0.0007314905167791208
0.002013296225536032
0.0007391294717107311
0.0005258816383549303
0.0017859784286007319
0.0005589004293638511
0.0006758405160623981
0.0005382552204465929
0.0017399053152643562
0.002931381021319901
