0.2690061564558446
0.2338264465510632
0.1991497901589614
0.1742656079024228
0.1511478369743549
0.13133260475029673
0.11543105816344124
0.10078814590305304
0.08931322425127
0.07925000415248687
0.07051549390242075
0.062385307020568256
0.05502081342070193
0.04814435027726287
0.04716479292081045
0.04722552986266791
0.0471260514445713
0.04169668621698165
0.03714579028086673
0.03772825942431464
0.03381987021835292
0.03315548183256192
0.03299635550354246
0.029487123396623238
0.02611355894669813
0.025975264577335955
0.02267211678542705
0.02727429144770066
0.027164149328369247
0.024162264777903078
0.023674647315736902
0.023553254576950927
0.023576180408115474
0.023476467557849726
0.023363560416565288
0.023273251184036836
0.023216738400261547
0.023116274674034848
0.023062587529448328
0.023009920231717246
0.02291926158284266
0.023205208503107783
0.02362362451875026
0.023550126579758787
0.023472808931809294
0.023384743709066055
0.02340744869549463
0.0234274498894681
0.023390671989947404
0.023406067461161334
0.02342912961831861
0.025943750705594945
0.025860343978772987
0.025882520869351708
0.025816331127058723
0.02584058381079725
0.025780158862471952
0.025746483945346135
0.02571294896631665
0.025633747543119603
0.025558166784866276
0.02550571815661322
0.025452500071973222
0.025220069751051885
0.025150723689423754
0.025115753701292848
0.02488577799596435
0.02361338044682028
0.02358499730238567
0.023532406485867657
0.02348651393614623
0.023434354165560847
0.02338729782102436
0.023171604737029255
0.02314755768581371
0.0230962214508105
0.023050813881533933
0.02285373603130876
0.02281144897063224
0.022027585386005924
0.020918473293248085
0.020859391261115565
0.020815639745059122
0.020757521625806075
0.020705574007973224
0.020717240695796058
0.02066151559730743
0.020621720199514484
0.020577799198456176
0.01957683680340827
0.019536651367393437
0.01954509404515592
0.019507653610062264
0.01948504849655215
0.019497122936590422
0.019460691726774643
0.019424551008370844
0.018616120539584488
0.018569624161783732
