-0.538012312912
0.105539129714
0.138706625568
0.124420911283
0.138706625568
0.138706625568
0.127212372695
0.131786210343
0.114749216518
0.110695421087
0.104814123001
0.105692429464
0.103102910398
0.103146947152
0.0156729177032
-0.00103252801158
0.00179061152574
0.103157939324
0.0910179187223
-0.0122318520124
0.0859845625312
0.0152809328732
0.00381903189647
0.087730802673
0.0877126756981
0.00373394797278
0.0924881381734
-0.133463065206
0.00330426357994
0.0930584210645
0.0156037587893
0.00400596037994
-0.000779478259595
0.0034899497593
0.00406465708624
0.00334144160355
0.00214748578346
0.00391808532284
0.00214748578346
0.00215935920697
0.00380766325273
-0.0122957175714
-0.0184103046883
0.00330740725462
0.00355661180568
0.00413906546893
-0.00108983934857
-0.0009800585047
0.00183889497604
-0.00078516903191
-0.00119923217218
-0.133274917626
0.00450396324839
-0.00121972898183
0.00370662556841
-0.0013824029731
0.00350464700287
0.00198682011042
0.00201209874177
0.00483128681502
0.00468600701171
0.00330426357994
0.00340595741696
0.0151079708599
0.00457684006746
0.00234298920477
0.0156383479623
0.0877954308909
0.00198682011042
0.00373394797278
0.00330426357994
0.00380766325273
0.0034821694957
0.0161769812996
0.00182757589238
0.00395289009525
0.00354179040357
0.0155691501678
0.00338296485412
0.0634929503547
0.0909471916061
0.004903808667
0.00367512734874
0.00494004013651
0.00446749513362
-0.00101500184059
0.004903808667
0.00354179040357
0.00395289009525
0.0910875779494
0.00369706011336
-0.00078516903191
0.0035194008988
0.00214748578346
-0.00115914624367
0.00353382735213
0.00354179040357
0.0800346164098
0.00464963778008
