-0.0563058662233
-0.00644722399661
-0.0131342901
0.0182013809647
0.0281488869254
-0.0129575503
-0.0131342901
-0.012930692465
-0.00656208478076
-0.0131342901
-0.00716160367051
-0.00682833640823
0.3546899721
-0.00647595930602
0.0282614543512
-0.00705256818586
-0.0129843957638
-0.0129462236529
-0.0389441589737
-0.00682833640823
-0.0129843957638
-0.00716651839385
-0.0114376646584
-0.00682833640823
-0.0115469247921
-0.0130380496121
-0.0130000189139
-0.00657358096414
-0.0106053942718
-0.00705256818586
0.0182707991673
-0.00719000639812
-0.00716160367051
-0.0129843957638
-0.0115469247921
-0.012930692465
0.0281617065295
-0.00716160367051
0.0221303891801
-0.00647595930602
0.0181746480416
-0.0148606277455
-0.00677096338143
-0.0131342901
-0.00665206554526
-0.0130268979301
-0.00716160367051
-0.0070810756314
-0.0116832159537
-0.0129843957638
-0.00659076648578
-0.0115196287187
-0.00716160367051
-0.00715768501782
-0.00665206554526
-0.00656208478076
0.0219587357247
-0.00705256818586
0.0278627119607
-0.0106053942718
-0.0388819641498
-0.0508714155035
-0.0477065159299
0.0221303891801
-0.00662335795445
-0.0115742082402
-0.0180526643079
0.0278627119607
-0.00707631629792
0.0219659960434
-0.0116287372952
-0.0069669661453
-0.00656208478076
-0.014807910538
-0.0385699143624
-0.00682833640823
-0.0148606277455
-0.00677096338143
0.0183055327404
-0.0477251566313
-0.0129843957638
-0.00725184198926
-0.014807910538
-0.00674642113272
-0.00707631629792
-0.0180526643079
0.0217518303268
-0.00653338968871
-0.0106604986091
-0.00682833640823
-0.0509070517241
-0.00665605620537
0.0220588894425
-0.00705256818586
-0.00716160367051
-0.00728025674925
-0.0507697056078
0.0294452106869
-0.0115742082402
