0.24556384831010458
0.17330211048527822
0.1042134967931424
0.06077600563582042
0.0881535821679506
0.13461695259792744
0.10814904658259206
0.08466304731492874
0.06522758564678954
0.05800862429110054
0.05141271976585465
0.04526540924937811
0.03015425179478287
0.016795066796994607
0.025896524385464526
0.014098313095585735
0.009667013974207106
0.03549808319123615
0.024910920785101986
0.014816772204003514
0.0051920791075179
0.0017448417349071876
0.0015578941009350977
0.004814967069899367
0.011136240479309
0.016966972244855882
0.02258868293205485
0.03948605472724631
0.03683723089788549
0.03427586575503255
0.027646923505158738
0.03171843507768507
0.046141614035633105
0.05065261896475143
0.04804504200972054
0.04590456250864661
0.040214423483862505
0.03818023978828605
0.03619502541547159
0.040042922149839955
0.03815510769082553
0.045736638297004195
0.041320413005665135
0.04811507325185038
0.04351195916222683
0.039412897975836414
0.042212062181948284
0.052945075734712965
0.05609375858262261
0.054543237191919725
0.0571270810744845
0.053484947028916985
0.061349374425112735
0.05749746107264542
0.05608163143746603
0.052704572513916914
0.04936066516407939
0.05202852178358425
0.05465460687981699
0.05335783962124391
0.052071333424714594
0.05723393013915645
0.059796638027847904
0.067349567885569
0.07198660249504973
0.07079282626459255
0.06767551567337093
0.06962306965712295
0.06849072717639604
0.07038311987911955
0.07256928016454717
0.07148887091534645
0.07562075890289155
0.07774336957169464
0.07670129402511916
0.07387925842327181
0.07286365188513738
0.07017851072063153
0.0676736635335462
0.06669591363799393
0.06573408589175428
0.06765210758043178
0.0734857240335336
0.0712209666016217
0.07305459152084098
0.0708426432355228
0.07642363978802519
0.08194262072533032
0.0808981199695889
0.08002706876013599
0.07916481238417156
0.07831073783337478
0.07746894962598588
0.07543659170594219
0.08053438316298467
0.07853493340741174
0.07637264754742573
0.07434828105870822
0.07222806185268837
