0.00688358085976816
0.013127043100546673
0.010574730593096382
0.0010362951801767967
0.002034264187833257
0.004003131846730276
0.0068900799167090215
0.00943766415089868
0.0023981848379069637
0.004034058172223062
0.006718409621528587
0.00898775320645108
0.008247373695369112
0.00948811567959186
0.010932390724532004
0.011995824739698305
0.01299552511066926
0.013727159690002683
0.010818775774843178
0.011488478607319025
0.012132422202542126
0.009670305212163846
0.009243133076391213
0.009967939163864875
0.01050259520260853
0.011595242113867504
0.0091251782270729
0.007165070513389146
0.007741310312105412
0.0083025775700718
0.008879610248475972
0.009304890682353559
0.010174528414041123
0.008543143905445028
0.009016339222746084
0.009812440275169601
0.010412062039192566
0.010891257826633333
0.011325892265753992
0.011798672442038624
0.012497638252884857
0.012818498179111584
0.011488384847729044
0.00993517291146681
0.00872186064235006
0.008851937885839906
0.0076326673320725735
0.007988321934214379
0.008577942031730276
0.008373017410519892
0.0070380684966043355
0.005707008841204467
0.006056351388616155
0.004781924991352757
0.005091383321397386
0.005415574999138348
0.005738032948842689
0.0055616226100339144
0.005847417639277777
0.006076663819943498
0.006367062542193491
0.006730592651891576
0.006948028449961452
0.007401897166945948
0.007610716464101691
0.007820098587809854
0.006766915768280299
0.0069720182374560374
0.0070588745239991285
0.007320429936514314
0.007490388316115412
0.007726621072575823
0.007890551639676946
0.008129919754695597
0.008313803193294056
0.008183527373109456
0.008592256531304632
0.008838149870177156
0.009014683213307464
0.008327875848382044
0.00764777192550363
0.007813641343811295
0.0079816545382769
0.00820937478157005
0.007393463467239791
0.007555454622485858
0.007693822842526815
0.007902709618641077
0.008096343790918281
0.008251432893501914
0.007645626250243634
0.006873698262601383
0.007080205922353519
0.006478078752026689
0.006672461666831372
0.006566769592001032
0.006757327775254535
0.007053301751053481
0.006469089075940085
