0.0137671617195
0.0187303867223
-0.0102092500298
-0.0580551288664
0.0184233562081
0.0137820736123
0.0230955845598
0.0229282581077
-0.0703947931299
0.0179946066775
0.0322122173917
0.029501466604
-0.0103653131551
0.0186111297633
0.023108400719
0.0180783782578
0.0179946066775
0.0139010570073
-0.0581676783032
0.014063759482
0.0141667590949
-0.0566286907787
-0.0102521312585
0.0181201521868
0.0139010570073
0.029501466604
-0.0691617888302
-0.0568431236968
0.0172871939615
0.017399284997
0.0184650457089
0.014034254318
0.0295676828774
-0.0570984578009
0.0170350314228
0.0294557389397
0.0227856270329
0.0186886357102
0.0173853775648
0.0193839872277
0.0293565640555
0.0137969768277
-0.0585249865808
-0.0698945371318
-0.0558123643794
0.00611363044402
-0.0585249865808
0.0174270755049
0.0294810048758
-0.0104511556817
-0.0694173435236
-0.0705461617362
0.0188644975602
-0.0700934518495
0.0173296664825
0.0184789256312
0.0187025610829
-0.0104082099897
0.0171477017546
0.0139840170206
0.0180047207795
0.022902396911
0.0139158910765
0.029501466604
0.0137820736123
0.0140286022884
-0.071616431728
0.0141520703731
0.00607994005802
0.0185704342886
0.0122370033313
0.0172449912216
0.0121308619655
0.0179526086264
0.0139751413335
-0.0100312381542
0.0318808743392
0.0194255737709
0.0141226674504
-0.055631396559
-0.055768521676
0.0137671617195
0.0141131083351
0.0193562206799
-0.0701683730324
0.0140932305064
0.0121764033636
0.0185909230742
0.0174270755049
0.0141131083351
-0.0557342111798
-0.0717893028507
0.0194117200167
-0.057202081181
0.0186607598212
-0.0102521312585
0.0186747019588
0.0293014236041
-0.0584212675113
