0.0011463515121921414
0.002575519438903334
0.0024514138434158835
0.0026615441902288466
0.002463397199135556
0.0017500310414071286
0.0013761691881626504
0.0014890804032028655
0.0016233686978559692
0.0014463107467716594
0.0013116728339407201
0.001418198330866675
0.0014787102166745388
0.0015993289932371684
0.0016522768933190466
0.0015851810526328457
0.0014948566766157124
0.0015969862361485381
0.0016294960726783384
0.0016709213554742305
0.001579497821701548
0.0016088090260970769
0.0016869417718094974
0.0019321608745538014
0.001989843267775229
0.001880432946080415
0.001842432927001347
0.0022212014497945496
0.0022645406354110265
0.0022205108335827967
0.0022397477294186594
0.002266092053164222
0.00230083901444743
0.0023016639161052687
0.002324244111597701
0.0023452832363236396
0.002319902031400584
0.0025445614863832313
0.002472182985066613
0.0024822543187554783
0.002527347172241885
0.0023924928902764164
0.0023487085011262027
0.0023269611857535174
0.0022023147812006445
0.002167288341629941
0.0022049817093057634
0.002182682652334433
0.0022126774968095776
0.0020911634144893925
0.0020401467489439985
0.001983962604496214
0.0019830788782182873
0.001928937793568607
0.002071592833872196
0.0020530933366436615
0.0020178634767579074
0.0019861020433862963
0.0019996501606817565
0.0019533402093969993
0.001978007178968939
0.0019967595072805117
0.0020083821167968478
0.0020313028010641564
0.002002432502801828
0.001988850043889252
0.0020146189429572792
0.0021821421223604687
0.0021890717616946612
0.0022077980206794325
0.0022203528263127405
0.0021857413277690165
0.002178665366518678
0.0021969953136042
0.0022174571593022527
0.002200115249341104
0.0023086415102645443
0.002274459227354546
0.002281711886147309
0.002297119880759783
0.002404808089281148
0.0024213773741434286
0.0023902181080831964
0.002372400737030914
0.0023878917846463874
0.0024046741694432657
0.0024205196165674545
0.0023970791756449308
0.0023656079931763854
0.0023335485607361654
0.002345992355977976
0.0022759108603361885
0.0022924544802622755
0.0023055747885006497
0.0022865992541846094
0.0022944403967827386
0.002280310675256062
0.0022922439750907003
0.002263761389291302
