0.02211677304748899
0.008917306194453606
0.03207095252160391
0.023480805931030052
0.015917458058219175
0.011844953829932309
0.0068807778523277685
0.0171637868791428
0.013139196216428228
0.009515286875167617
0.0061732311854302
0.003077903521584574
0.00024000517235917007
0.0024075553490299217
0.005091976158584255
0.0063924041194794445
0.008629778721507692
0.009804064466668178
0.006678136107227783
0.010383330368960692
0.025432241529371957
0.028815244985736788
0.027142675184354703
0.025373915840154915
0.02382883413271475
0.022366087094115278
0.020935746137113215
0.020226806293876493
0.018794719414663735
0.016990014601702103
0.015750103687113742
0.025030107543543567
0.023859401943988445
0.022728444281486182
0.02162379724596053
0.020111747267533203
0.018939318224992535
0.01792383066096101
0.016920611745186886
0.01595363443544115
0.015000823051215001
0.013954816485543559
0.013056389117649947
0.015114453326772664
0.014247866310384244
0.016221371806244694
0.0150440652396239
0.014167277354391605
0.01326771170791416
0.012483043509139702
0.011711923048784878
0.01096159676050329
0.010231581127238237
0.016251145591402755
0.015546547078601453
0.014745941219225511
0.014254432088225383
0.0137708382405268
0.013104077351717924
0.012764832861195674
0.012118109073546462
0.011484851951620495
0.010818568480597951
0.010202809632325505
0.011607089993372205
0.01651644599080415
0.01618534225426055
0.015565364266549614
0.015271660617208693
0.014710462472581343
0.01416193233310653
0.013621920768773471
0.013235820834219397
0.017624705889171144
0.01724941185298312
0.01845459366692251
0.01794053116904748
0.017372113851254284
0.016874760784644005
0.016384864010487415
0.015860929786385175
0.015347169037644881
0.01487349945039701
0.014400018195960013
0.013900453005536967
0.01344040329131041
0.013116623082897683
0.012603060657769505
0.01628168338587005
0.01581227520231826
0.015332845737651396
0.014908965692529752
0.01443085598361124
0.01398249957629391
0.013568038687452016
0.013110955444961936
0.012706807047157237
0.012272961259754522
0.011847022672803048
