[(35068.63636363636, 1509.6017144159837)]
[(40993.272727272728, 1676.3035239739852)]
[(52736.318181818184, 2637.1974274353547)]
[(35894.63636363636, 1928.4239807454023)]
[(27222.18181818182, 1195.4516302889044)]
[(22621.545454545456, 1541.3499369621277)]
[(64684.272727272728, 2622.672732895071)]
[(48293.181818181816, 2047.3925958546724)]
[(64478.545454545456, 3013.2333256764846)]
[(26973.909090909092, 1410.7073821154509)]
[(57674.045454545456, 2253.976006128571)]
[(27982.772727272728, 1607.5100765336645)]
[(35347.772727272728, 1789.3509657057848)]
[(27690.363636363636, 1663.618150884455)]
[(24156.31818181818, 1380.0415809371254)]
[(29155.5, 1784.4819372242148)]
[(58627.545454545456, 2688.888881596652)]
[(54738.818181818184, 2475.9557851011105)]
[(34260.409090909088, 1599.3811320391569)]
[(60991.0, 2735.0313966057515)]
[(31218.727272727272, 1482.1311121203682)]
[(54049.409090909088, 2436.7167392318897)]
[(30328.727272727272, 1530.6854340163145)]
[(39563.090909090912, 2273.0756724314256)]
[(65341.454545454544, 2487.7062244848771)]
[(38339.409090909088, 2044.429333025759)]
[(48440.909090909088, 2290.8443854938855)]
[(30271.18181818182, 1272.8831989006562)]
[(63909.36363636364, 2732.8687707077374)]
[(59867.63636363636, 2668.4061968326569)]
[(30240.363636363636, 1690.7134936506097)]
[(52956.090909090912, 2620.9389994686298)]
[(54695.36363636364, 2568.9276457916608)]
[(61963.818181818184, 2561.4851031303406)]
[(25158.045454545456, 1281.7330350984228)]
[(40824.954545454544, 1874.9284542582252)]
[(52698.090909090912, 2344.3947330171413)]
[(42118.0, 1857.9216139316559)]
[(37510.045454545456, 1812.8595729416068)]
[(41856.045454545456, 1787.6887592727487)]
[(38029.63636363636, 1911.8618202426217)]
[(31970.727272727272, 1831.6399396332827)]
[(34005.227272727272, 1612.2408643310721)]
[(28144.5, 1227.0423097285357)]
[(54405.045454545456, 2297.993900179863)]
[(48293.681818181816, 1989.8366265622053)]
[(22583.31818181818, 1301.4201657230203)]
[(30417.772727272728, 1564.8530325672843)]
[(50396.36363636364, 2359.3519944494419)]
[(33377.681818181816, 1841.2778709910133)]
[(49386.5, 2632.5294094194064)]
[(58787.090909090912, 3251.9979050159454)]
[(71124.272727272721, 3296.1671814268284)]
[(43328.272727272728, 1817.9982237165625)]
[(27344.136363636364, 1476.6447224725378)]
[(32054.0, 1338.0340118191459)]
[(47011.227272727272, 1905.1726625941017)]
[(43835.818181818184, 2249.6825985258274)]
[(39834.63636363636, 2287.1821790608492)]
[(74012.863636363632, 3430.207513343204)]
[(32153.272727272728, 1490.1084047664297)]
[(62485.954545454544, 3112.5783391974187)]
[(41163.818181818184, 2241.27041201158)]
[(44207.545454545456, 2133.4429832155056)]
[(25489.636363636364, 1509.8339199586349)]
[(34850.86363636364, 1689.4454695419831)]
[(41803.272727272728, 1641.733145236969)]
[(41885.590909090912, 2078.8112430680881)]
[(44644.818181818184, 1904.3921365521171)]
[(58258.090909090912, 2308.7602065909991)]
[(61862.090909090912, 3285.7572117502041)]
[(43268.36363636364, 2631.7289318388157)]
[(19937.18181818182, 1332.0901310877366)]
[(27074.272727272728, 1613.3960007862611)]
[(35332.954545454544, 1508.2489724267614)]
[(67711.0, 3234.5723378008061)]
[(35540.954545454544, 1956.2216720472682)]
[(47409.36363636364, 2429.3145284869456)]
[(42905.681818181816, 1989.6775157343257)]
[(41957.045454545456, 1943.2221313498237)]
[(29970.18181818182, 1899.7146020694213)]
[(60275.590909090912, 2731.9924425970426)]
[(38940.090909090912, 2188.3194214647465)]
[(24697.31818181818, 1200.570329525254)]
[(34972.0, 2036.9776535250924)]
[(49696.36363636364, 2180.0774299664931)]
[(44473.5, 2238.0014692978425)]
[(23540.136363636364, 1431.3127404884858)]
[(35367.63636363636, 1902.0703998262231)]
[(44603.36363636364, 2217.9762756174259)]
[(64172.090909090912, 2746.0804060589185)]
[(59519.5, 1898.4623653130097)]
[(39847.86363636364, 2232.9114788120442)]
[(50204.590909090912, 2489.7657486850567)]
[(37179.5, 2097.7181171395564)]
[(60994.727272727272, 2664.2760642441835)]
[(60930.545454545456, 2576.1754488728261)]
[(23515.090909090908, 1234.3506657535379)]
[(33152.954545454544, 1782.5773596655238)]
[(50108.86363636364, 2227.2550042867661)]
[(49383.86363636364, 2298.258219404654)]
[(40957.36363636364, 1989.4102204171095)]
[(40550.409090909088, 2236.0370980501175)]
[(44214.5, 2252.3972193436189)]
[(48416.045454545456, 2156.280008153482)]
[(25483.772727272728, 1459.3105236508629)]
[(44345.63636363636, 1947.2727881995115)]
[(27595.0, 1423.7371992848136)]
[(26035.31818181818, 1273.6385312622244)]
[(59777.727272727272, 2350.0137415799227)]
[(52807.318181818184, 2667.7727788253264)]
[(60086.318181818184, 2815.877068617127)]
[(26463.454545454544, 1441.8024553927507)]
[(46869.954545454544, 2065.5590063116765)]
[(35288.272727272728, 1610.8360571211035)]
[(34894.954545454544, 2010.3529927297072)]
[(40826.818181818184, 2109.7802378047595)]
[(30699.227272727272, 1640.6397498195822)]
[(58708.090909090912, 2934.2563329826703)]
[(27797.772727272728, 1595.2743559208784)]
[(43308.045454545456, 1829.8580356836319)]
[(50324.045454545456, 2022.3758102221923)]
[(60549.36363636364, 2369.7449886798859)]
[(45708.454545454544, 1877.3909179947593)]
[(38518.727272727272, 1996.9763552925804)]
[(42698.909090909088, 2046.665702754801)]
[(31162.81818181818, 2084.1706355701795)]
[(34833.681818181816, 1639.2381881908937)]
[(61911.772727272728, 2916.4808592687955)]
[(23279.545454545456, 1259.1157840707085)]
[(42462.545454545456, 1800.3958109725606)]
[(56376.727272727272, 3312.1101435531268)]
[(25385.727272727272, 1263.2468352642927)]
[(55195.818181818184, 2815.1722337549381)]
[(30542.0, 1565.4007039503617)]
[(50611.818181818184, 2366.1647443121128)]
[(53283.13636363636, 2548.0998678315768)]
[(25671.81818181818, 1061.5477018464696)]
[(41179.772727272728, 2466.2176179994235)]
[(44488.545454545456, 2464.5974213426762)]
[(43502.227272727272, 1919.7613150098107)]
[(63904.409090909088, 2758.4420950737867)]
[(46752.954545454544, 2100.9650016156111)]
[(31829.227272727272, 1743.433846376159)]
[(49516.818181818184, 2384.6188304641032)]
[(35889.727272727272, 1903.5913894826715)]
[(36793.772727272728, 1748.6939217394049)]
[(61855.5, 2903.2343544201417)]
[(55302.181818181816, 2583.3032849485226)]
[(23476.545454545456, 1344.9043385332282)]
[(34383.318181818184, 1873.0238766995344)]
[(43928.272727272728, 2058.213833440434)]
[(24314.81818181818, 1284.9765146428888)]
[(31482.136363636364, 1635.8639269416983)]
[(27633.81818181818, 1548.6645638725975)]
[(26653.409090909092, 1501.9931409250605)]
[(46892.454545454544, 2091.2165095806122)]
[(42612.545454545456, 2095.759747288444)]
[(36434.090909090912, 1776.7475546815178)]
[(32862.409090909088, 1633.7756939909675)]
[(24911.727272727272, 1333.8339199586349)]
[(50532.909090909088, 2664.5385462587528)]
[(45977.409090909088, 2062.1280868161807)]
[(62386.090909090912, 3134.7336654663086)]
[(38522.909090909088, 1866.8600627075541)]
[(44653.5, 1992.4895063421943)]
[(32568.136363636364, 1792.4144642786546)]
[(50647.590909090912, 2223.8495479605413)]
[(64709.909090909088, 3259.6093444607473)]
[(60741.86363636364, 2671.6439444693651)]
[(49505.454545454544, 2268.7637216611342)]
[(33501.909090909088, 1751.1529805443504)]
[(48957.0, 2282.0868362946944)]
[(28046.363636363636, 1460.2057745565069)]
[(19827.31818181818, 1139.3914569724691)]
[(31169.363636363636, 1723.4127067435873)]
[(47182.090909090912, 1676.8534121946855)]
[(59610.5, 3248.2276242321186)]
[(31116.727272727272, 1418.9910037625921)]
[(36621.0, 1822.2909822030501)]
[(58580.454545454544, 2633.0011201338334)]
[(36038.545454545456, 1604.0894819714806)]
[(54927.409090909088, 1996.8272999091582)]
[(26493.5, 1359.6013347885826)]
[(59424.590909090912, 2616.3975989710202)]
[(40106.818181818184, 2258.2642208012667)]
[(48070.954545454544, 2124.4287940480494)]
[(62952.36363636364, 3117.803165435791)]
[(42812.818181818184, 2266.71998481317)]
[(26862.136363636364, 1479.7548238472505)]
[(23897.909090909092, 1430.8504361022603)]
[(44420.818181818184, 2233.9690861268477)]
[(62443.409090909088, 3199.6402700489216)]
[(42174.545454545456, 1879.0623714056883)]
[(53107.954545454544, 2717.1555277976122)]
[(52754.318181818184, 2713.8948033181105)]
[(46533.318181818184, 2113.5554912415419)]
[(53102.227272727272, 2545.997794877399)]
[(39875.86363636364, 1714.1673899888992)]
[(26184.81818181818, 1456.2060440453615)]
[(47936.86363636364, 2021.9863310618834)]
[(57028.318181818184, 2854.4550164721227)]
[(56334.772727272728, 2146.175718361681)]
[(31649.727272727272, 1524.3904586922038)]
[(57394.409090909088, 2333.4988329952412)]
[(38828.36363636364, 2201.970813198523)]
[(25334.590909090908, 1492.2240482351997)]
[(61529.318181818184, 2457.2149418592453)]
[(32797.454545454544, 1769.3140387209978)]
[(56662.772727272728, 2203.4462287967854)]
[(52669.954545454544, 2312.0985695990648)]
[(41705.227272727272, 1995.5719277100129)]
[(48111.5, 2333.5375971902499)]
[(32275.409090909092, 1595.6549677306955)]
[(53728.318181818184, 2227.7581795670771)]
[(38398.0, 1823.5258638858795)]
[(55380.954545454544, 2854.1746404062619)]
[(32546.227272727272, 1853.1798520846801)]
[(47252.045454545456, 2382.0049843679776)]
[(44945.454545454544, 2097.4887775507841)]
[(38180.454545454544, 2225.711576765234)]
[(54784.090909090912, 2502.9414857951078)]
[(25810.909090909092, 1119.4400071230802)]
[(65867.681818181823, 2705.5200827663593)]
[(48073.772727272728, 2698.5681736144152)]
[(31894.272727272728, 1661.4737986651335)]
[(35798.045454545456, 1949.3664835691452)]
[(42844.227272727272, 2193.3910281333056)]
[(47729.772727272728, 2366.6619181958113)]
[(28590.81818181818, 1430.6487765203822)]
[(43035.181818181816, 1560.3463422168386)]
[(44568.772727272728, 2133.2747355482793)]
[(38018.318181818184, 1543.6848645752127)]
[(56908.409090909088, 2494.4256586053157)]
[(45688.772727272728, 2055.504185275598)]
[(55788.727272727272, 2862.6699770797381)]
[(57750.954545454544, 2516.3053119724445)]
[(57597.86363636364, 2719.6511339599438)]
[(29297.81818181818, 1527.1571447307413)]
[(32231.227272727272, 1616.6491561477835)]
[(44983.954545454544, 2487.1141671375794)]
[(64879.545454545456, 2659.1687186848035)]
[(31953.5, 1573.581873015924)]
[(38592.954545454544, 1902.2749253619802)]
[(39143.454545454544, 1659.0317153063688)]
[(59893.045454545456, 3157.3626497983932)]
[(60601.5, 2733.1202786727386)]
[(63489.181818181816, 3219.8053822734141)]
[(24879.0, 1518.7619336626747)]
[(47417.590909090912, 2133.0781587579036)]
[(56979.227272727272, 2332.676676804369)]
[(29261.272727272728, 1651.8570069399748)]
[(50395.545454545456, 2171.0079299970107)]
[(37221.727272727272, 1874.3039036013863)]
[(34997.454545454544, 1774.3233653740449)]
[(31997.0, 1451.3263110030782)]
[(26385.0, 1067.5010990446265)]
[(63107.909090909088, 2832.0826228965411)]
[(33939.181818181816, 1865.2141826044428)]
[(32178.18181818182, 1754.1604699871757)]
[(62494.090909090912, 3005.5403037938204)]
[(31530.636363636364, 1468.49972113696)]
[(33938.772727272728, 1679.0270121422682)]
[(47805.818181818184, 1924.5650873834436)]
[(44395.727272727272, 1823.9808686429803)]
[(60856.318181818184, 2767.2472758184781)]
[(49499.227272727272, 2232.0402334928513)]
[(39040.454545454544, 1960.0703998262231)]
[(59347.909090909088, 2954.4191182309933)]
[(40460.727272727272, 1757.2428913549943)]
[(62641.727272727272, 2899.250141772357)]
[(52750.590909090912, 2530.9367826310072)]
[(23974.136363636364, 1251.0449061935599)]
[(41198.681818181816, 1541.89787783406)]
[(36612.954545454544, 1743.1473587751389)]
[(46679.772727272728, 2105.3384239348497)]
[(48994.681818181816, 2292.8806633624163)]
[(40617.227272727272, 2220.9351047710938)]
[(58015.090909090912, 2613.9120482531462)]
[(64257.909090909088, 2730.4418255849318)]
[(70516.772727272721, 3145.8911288976669)]
[(30797.227272727272, 1433.8245136304336)]
[(64292.181818181816, 2910.6998739242554)]
[(43283.681818181816, 1987.8255423740907)]
[(35418.681818181816, 1800.6958690881729)]
[(38163.318181818184, 1933.2743559208784)]
[(32418.5, 1312.1024033698168)]
[(31232.045454545456, 1603.9288034222343)]
[(26942.863636363636, 1475.9502125436609)]
[(49503.772727272728, 2365.119139790535)]
[(63262.590909090912, 2956.5997483188457)]
[(36388.409090909088, 1944.0492601936514)]
[(46957.181818181816, 2327.6754090352492)]
[(61583.681818181816, 2883.7135241140018)]
[(38004.13636363636, 1965.9279949556696)]
[(23485.954545454544, 1193.5266723524439)]
[(34312.409090909088, 1875.6963283907282)]
[(51562.590909090912, 2394.4697750806808)]
[(59525.909090909088, 2230.9272661642594)]
[(33572.36363636364, 1529.8661437793212)]
[(58155.045454545456, 2415.6457816795869)]
[(54391.181818181816, 2353.9807092926717)]
[(69049.863636363632, 3149.7249879295177)]
[(28590.454545454544, 1812.3596432425759)]
[(37688.681818181816, 1494.1865822727029)]
[(37947.13636363636, 1530.7458768216047)]
[(31536.772727272728, 1511.6331789818678)]
[(21994.727272727272, 1188.906555370851)]
[(39501.954545454544, 1753.2498113567178)]
[(43232.818181818184, 1722.5864965048704)]
[(50511.545454545456, 2984.8464429811997)]
[(61989.13636363636, 2658.8539019606328)]
[(27166.18181818182, 1446.7263049103997)]
[(29866.590909090908, 1644.2288615378466)]
[(54931.36363636364, 2823.4592603336682)]
[(34467.63636363636, 1470.0377963781357)]
[(53007.545454545456, 2528.2404354919086)]
[(53173.590909090912, 2482.7990809245543)]
[(59972.63636363636, 2556.1455520283093)]
[(47022.909090909088, 2369.1585531017995)]
[(35950.590909090912, 1707.8607914989645)]
[(68075.272727272721, 3229.2791200117631)]
[(22973.272727272728, 1294.9500227299604)]
[(60257.954545454544, 3256.9401383508334)]
[(26432.045454545456, 1459.6527508930726)]
[(24849.18181818182, 1230.4246790734205)]
[(64895.227272727272, 2477.1346576538954)]
[(61680.818181818184, 3024.6854949430985)]
[(38863.545454545456, 2297.3826505487614)]
[(37068.727272727272, 1854.5496796586297)]
[(55933.318181818184, 2515.6908167600632)]
[(31080.227272727272, 1303.9549157077615)]
[(47126.590909090912, 3042.0240173014727)]
[(46300.409090909088, 1979.3188520236449)]
[(42193.272727272728, 1740.4506320086393)]
[(60207.409090909088, 2685.8966405283322)]
[(48891.818181818184, 1732.859683080153)]
[(58247.181818181816, 3042.0527260520244)]
[(22076.0, 1240.7833427841013)]
[(31824.18181818182, 1934.178204688159)]
[(37187.954545454544, 1910.0136314413764)]
[(37314.36363636364, 1878.5023176019843)]
[(31799.590909090908, 2217.489047039639)]
[(36552.772727272728, 1992.3268804441798)]
[(43032.272727272728, 2038.3958109725606)]
[(42404.818181818184, 1993.5980399955404)]
[(54200.681818181816, 2575.8512258204546)]
[(56134.272727272728, 2246.4227926514363)]
[(42465.318181818184, 2038.7492325414312)]
[(45327.63636363636, 2241.4825066653166)]
[(41126.090909090912, 1814.9728402224455)]
[(43013.227272727272, 1996.5875252485275)]
[(57960.0, 2523.1214667667041)]
[(38152.954545454544, 1737.2261853976684)]
[(64941.409090909088, 3180.6158051599155)]
[(45864.727272727272, 2115.4745579199357)]
[(58841.045454545456, 2451.2095895788884)]
[(50394.909090909088, 2528.7845918048511)]
[(37499.227272727272, 2103.9966559951954)]
[(63511.318181818184, 3440.4779441031542)]
[(39623.090909090912, 1959.9607577540658)]
[(29404.590909090908, 1410.4461983333933)]
[(42259.772727272728, 2184.3883519931273)]
[(30008.454545454544, 1788.6693771752443)]
[(60380.318181818184, 2752.7335553277621)]
[(27773.0, 1368.4856116446581)]
[(70031.818181818177, 3565.4292041388426)]
[(45494.5, 1884.0060623233969)]
[(52101.818181818184, 2490.2810368971391)]
[(41848.5, 2112.9542970548978)]
[(29601.863636363636, 1647.9671879898417)]
[(39388.36363636364, 1623.8869037844918)]
[(61366.5, 2806.525355371562)]
[(45280.63636363636, 2154.0316356312146)]
[(31909.31818181818, 1745.6811901547692)]
[(34020.181818181816, 1474.0220090259206)]
[(61596.727272727272, 3043.9146447181702)]
[(32303.0, 1584.0589360107076)]
[(50693.954545454544, 2008.9048282991755)]
[(44077.818181818184, 2621.6652434522457)]
[(43252.772727272728, 2040.4765849438581)]
[(41939.909090909088, 1857.4536877762187)]
[(47219.409090909088, 2634.5936367836866)]
[(46806.13636363636, 2070.1062980673528)]
[(44562.454545454544, 2417.4708834994922)]
[(25203.909090909092, 1097.9186378392305)]
[(67878.409090909088, 3334.9659811475062)]
[(51449.181818181816, 2435.1906667839398)]
[(34032.181818181816, 1466.1298138878562)]
[(38375.454545454544, 2024.8077279979532)]
[(28140.18181818182, 1474.2797878763893)]
[(25906.272727272728, 1363.1630359888077)]
[(60040.045454545456, 2579.6845458745956)]
[(19789.045454545456, 1177.4781222018328)]
[(59046.545454545456, 2677.1098436008801)]
[(34639.772727272728, 2064.3076881603761)]
[(42107.5, 1909.3223670937798)]
[(50033.090909090912, 2702.2662782885814)]
[(20693.136363636364, 1294.9812178069894)]
[(38386.5, 1627.4573621966622)]
[(40874.954545454544, 1616.9762451540339)]
[(44982.772727272728, 2342.2873077826066)]
[(25710.863636363636, 1450.3838081793351)]
[(31388.0, 1633.5843593424017)]
[(45859.5, 1871.968216733499)]
[(65946.363636363632, 3223.907455227592)]
[(55691.954545454544, 2315.336586724628)]
[(59890.86363636364, 2825.9152938344264)]
[(34964.545454545456, 1967.2825741551139)]
[(57475.681818181816, 2055.7506104490972)]
[(52421.909090909088, 2443.4263873967257)]
[(34756.818181818184, 1795.3632379878652)]
[(55571.045454545456, 2204.0153093012896)]
[(49351.272727272728, 2440.2655190337787)]
[(27129.045454545456, 1451.9161515127528)]
[(46176.818181818184, 2068.8333013057709)]
[(46633.818181818184, 2753.7296910936184)]
[(30266.31818181818, 1410.01352130283)]
[(25156.18181818182, 1232.4770137830214)]
[(34995.818181818184, 2061.9179395112124)]
[(66241.818181818177, 2486.4093322753906)]
[(33920.818181818184, 1866.7324164455588)]
[(44622.045454545456, 2170.2434607960963)]
[(56891.454545454544, 2972.7002535516567)]
[(46607.954545454544, 2551.6302638162265)]
[(63679.409090909088, 3532.4258788824081)]
[(35714.727272727272, 1507.528889190067)]
[(38218.727272727272, 1836.6983554146507)]
[(62622.818181818184, 2826.5795272913847)]
[(61454.318181818184, 2757.6804918267512)]
[(35151.318181818184, 1936.4690158258784)]
[(32919.909090909088, 1461.3410696116362)]
[(36340.63636363636, 1593.5459747747941)]
[(34257.727272727272, 1472.0709388039329)]
[(37218.045454545456, 2020.456633405252)]
[(51671.727272727272, 2312.7498816576872)]
[(36579.090909090912, 1965.0561005202208)]
[(53114.545454545456, 2481.4227129762821)]
[(41215.545454545456, 2099.4540674036198)]
[(68534.090909090912, 3908.2129757621074)]
[(21723.136363636364, 1237.4245993982661)]
[(34949.5, 1909.8126209757545)]
[(64100.545454545456, 2471.2899839227848)]
[(30160.772727272728, 1309.6331789818678)]
[(42247.181818181816, 1641.212614883076)]
[(46630.681818181816, 2086.6628368009219)]
[(34939.954545454544, 2046.8134599057112)]
[(34941.227272727272, 1882.2203738147562)]
[(43473.0, 2089.3422084938397)]
[(65886.454545454544, 2879.9511920755558)]
[(33716.318181818184, 2027.3163656971672)]
[(42691.545454545456, 2036.4246298616583)]
[(31575.545454545456, 1443.1948801820929)]
[(48795.36363636364, 2242.9878191080961)]
[(29771.045454545456, 1948.1686882214112)]
[(30470.454545454544, 1598.1390608657491)]
[(57419.63636363636, 2676.2404354919086)]
[(31996.31818181818, 1413.1384914246473)]
[(48366.227272727272, 1516.31985030391)]
[(53835.36363636364, 2314.6799223856492)]
[(23477.409090909092, 1594.4298720034685)]
[(44557.318181818184, 2329.8833395025945)]
[(30475.454545454544, 1656.7179273258555)]
[(53515.13636363636, 2710.7883763638411)]
[(33667.090909090912, 1856.3716460358012)]
[(47987.13636363636, 1958.3986769264395)]
[(34182.181818181816, 1182.297032811425)]
[(33886.954545454544, 2178.7239287224684)]
[(36777.318181818184, 1888.8045925552194)]
[(52016.909090909088, 2358.7400957020845)]
[(28769.045454545456, 1438.4486846598711)]
[(39746.36363636364, 1887.1969376694071)]
[(38704.36363636364, 1989.0882142023606)]
[(38021.090909090912, 2053.4348751198163)]
[(36585.545454545456, 1631.5941452980042)]
[(28235.045454545456, 1858.7689638029444)]
[(42392.0, 2052.1804215257816)]
[(49935.818181818184, 2273.1554176590657)]
[(50825.63636363636, 2155.1282766298814)]
[(48909.590909090912, 2737.4626652652569)]
[(66355.454545454544, 2929.2412744218655)]
[(46866.727272727272, 2155.0961629477415)]
[(60223.909090909088, 3250.7964352477679)]
[(50555.0, 2036.8890409469604)]
[(48666.681818181816, 2461.0634001493454)]
[(31755.136363636364, 2107.8081873005085)]
[(41903.272727272728, 1551.6360449357467)]
[(22300.0, 1342.5788172483444)]
[(24967.68181818182, 1147.9605374769731)]
[(64939.318181818184, 2957.9527597969227)]
[(52099.727272727272, 1830.758528731086)]
[(24241.136363636364, 1297.0886430415239)]
[(53326.454545454544, 2847.4249298139052)]
[(32130.68181818182, 1759.9732995250008)]
[(55542.5, 2220.0861871784382)]
[(47233.13636363636, 2596.8258423263378)]
[(34407.545454545456, 1615.5491102175279)]
[(32515.545454545456, 1748.2077219052749)]
[(29885.590909090908, 1472.2517282420938)]
[(48390.818181818184, 2184.3007681586528)]
[(52336.409090909088, 2481.3864351077514)]
[(49873.954545454544, 2815.0833516879516)]
[(60368.5, 2536.2665477774358)]
[(27390.68181818182, 1339.3791846903887)]
[(58911.954545454544, 2560.4385800036516)]
[(40744.909090909088, 1904.9527293335307)]
[(48638.818181818184, 3045.8027858083897)]
[(59305.545454545456, 2358.4334972121501)]
[(42360.454545454544, 2075.8284083279696)]
[(64655.13636363636, 2671.8453345623884)]
[(47050.13636363636, 2642.3311547691173)]
[(26282.909090909092, 1381.6155544194307)]
[(61344.545454545456, 2304.8657946153121)]
[(68281.318181818177, 2610.8230865110049)]
[(66138.045454545456, 3559.1784554286437)]
[(28057.863636363636, 1610.8338402834806)]
[(42276.227272727272, 2001.9302117932928)]
[(37248.045454545456, 1649.4247095368125)]
[(41445.181818181816, 1961.553923520175)]
[(49203.590909090912, 2521.5018090876665)]
[(20408.772727272728, 1317.8257017243993)]
[(60027.227272727272, 3176.3234263008289)]
[(34132.86363636364, 2001.2141826044428)]
[(48005.545454545456, 1816.6769462932241)]
[(26764.090909090908, 1706.1226243972778)]
[(51184.454545454544, 2323.7988911108537)]
[(60320.86363636364, 2856.9157531369815)]
[(35563.13636363636, 1801.5227284431458)]
[(68315.454545454544, 3058.8401720957322)]
[(29577.363636363636, 1401.6814596436241)]
[(29907.409090909092, 1480.8643862442536)]
[(62537.0, 2761.1401200727983)]
[(53702.409090909088, 2797.6363753513856)]
[(45881.181818181816, 2113.9878987832503)]
[(30827.227272727272, 1425.5856575749137)]
[(30190.090909090908, 1768.4345751675692)]
[(39221.318181818184, 1950.9173700701106)]
[(43314.318181818184, 1871.7413634712045)]
[(24734.909090909092, 1433.2808962952006)]
[(61676.0, 3226.9987439459019)]
[(31806.636363636364, 1508.8445448441939)]
[(57436.954545454544, 2823.8128412528472)]
[(48156.909090909088, 2452.7641012885356)]
[(43869.090909090912, 2257.6229641871018)]
[(56671.772727272728, 2802.993281526999)]
[(58109.772727272728, 2186.1137078350239)]
[(22925.863636363636, 1285.2610548951409)]
[(65997.136363636368, 3273.4111999490046)]
[(59716.454545454544, 2616.5346515612168)]
[(32952.318181818184, 1538.254324707118)]
[(30490.68181818182, 1337.4551453590393)]
[(40923.409090909088, 1700.6870017376814)]
[(52184.590909090912, 2677.710388671268)]
[(51222.5, 2281.187800830061)]
[(71810.772727272721, 2862.2222719517622)]
[(34952.727272727272, 1992.5307568636808)]
[(42877.227272727272, 2508.6778156865726)]
[(69237.681818181823, 3177.1313628608532)]
[(49645.818181818184, 2921.3411305384202)]
[(41552.13636363636, 2031.9698945934122)]
[(27804.363636363636, 1367.8160259073431)]
[(52113.318181818184, 2703.02631381425)]
[(29115.68181818182, 1706.50675127723)]
[(28600.18181818182, 1392.119758443399)]
[(29038.909090909092, 1472.3599127314308)]
[(40962.818181818184, 1993.011604417454)]
[(20877.81818181818, 1132.2312377257781)]
[(29027.227272727272, 1609.362588871609)]
[(43202.454545454544, 2092.884986899116)]
[(32574.545454545456, 1646.5981196706946)]
[(43456.5, 2084.2702221978793)]
[(19143.727272727272, 1091.8678708509965)]
[(24847.636363636364, 1034.5135611404073)]
[(29842.81818181818, 1520.9399672855031)]
[(67098.5, 3433.6028040864253)]
[(35640.090909090912, 2068.5374073765493)]
[(38630.272727272728, 1774.8515749844637)]
[(46221.5, 2409.2345137704501)]
[(39420.545454545456, 1903.0289594910362)]
[(36001.772727272728, 2203.7314181652937)]
[(43824.090909090912, 2528.4575027986007)]
[(45914.227272727272, 2267.1730422215028)]
[(44062.272727272728, 2034.5471933321519)]
[(28844.090909090908, 1868.3694291981783)]
[(46131.590909090912, 2303.6057192520661)]
[(31207.18181818182, 1780.3413695638831)]
[(41547.227272727272, 2268.6257504658265)]
[(57506.318181818184, 2786.1234937906265)]
[(51958.5, 2421.101245739243)]
[(64025.36363636364, 2945.1650442643599)]
[(43582.454545454544, 2260.4731800122695)]
[(58230.772727272728, 2154.5452459833837)]
[(36307.545454545456, 1974.6527813564646)]
[(45991.409090909088, 2602.117222905159)]
[(54314.772727272728, 2632.6235336282039)]
[(71810.909090909088, 3641.1925649209456)]
[(41590.5, 2100.3335309570484)]
[(32494.227272727272, 1460.4490642872724)]
[(43657.36363636364, 2157.3948126922955)]
[(48391.090909090912, 1848.9656507318671)]
[(34637.454545454544, 1841.8224069313569)]
[(24458.272727272728, 1300.3321225859902)]
[(67432.863636363632, 2959.7637521245265)]
[(32282.5, 1617.8425178202715)]
[(62465.272727272728, 2493.6977367617869)]
[(58584.454545454544, 2647.9186987660146)]
[(50924.5, 2372.3446151451631)]
[(30064.227272727272, 1365.2405643788252)]
[(54291.0, 2743.8850173625078)]
[(70290.045454545456, 3249.1269291856074)]
[(33772.818181818184, 1864.844924471595)]
[(64754.545454545456, 3591.2745269862089)]
[(37414.63636363636, 1572.6402887972918)]
[(35989.86363636364, 2132.226375211369)]
[(29083.090909090908, 1505.7721789208326)]
[(26461.68181818182, 1580.6126087903976)]
[(34937.409090909088, 1481.4308702837336)]
[(39207.681818181816, 2077.0639391270552)]
[(61506.909090909088, 3069.0245867425747)]
[(29486.090909090908, 1210.6017940911379)]
[(31278.909090909092, 1553.731847004457)]
[(50447.909090909088, 2310.1590124043551)]
[(35519.045454545456, 2090.3447744954715)]
[(32005.5, 1561.7142224420202)]
[(28146.409090909092, 1401.6754582470114)]
[(41963.181818181816, 1648.7153308608315)]
[(25080.363636363636, 1456.2378882386467)]
[(49950.090909090912, 2045.822137442502)]
[(49968.13636363636, 2000.5594656142321)]
[(38538.090909090912, 1579.8222967928107)]
[(26119.81818181818, 1186.7060838829386)]
[(63896.63636363636, 2669.9325387694621)]
[(29349.68181818182, 1477.3635074767199)]
[(21978.590909090908, 1083.4648211760955)]
[(65693.454545454544, 2454.2057253447447)]
[(47046.181818181816, 2287.1799622232265)]
[(45217.454545454544, 2208.5185947201467)]
[(54531.090909090912, 2309.2726288492031)]
[(45399.409090909088, 2274.5803357579493)]
[(31886.636363636364, 1845.1064878810537)]
[(43625.5, 1724.1352763067591)]
[(33990.181818181816, 1309.3139285824516)]
[(35697.681818181816, 1998.1356559341605)]
[(65734.318181818177, 3011.7035788080907)]
[(51642.36363636364, 2290.0333134911275)]
[(33922.727272727272, 1833.6399396332827)]
[(64924.227272727272, 2821.8525240529666)]
[(36783.590909090912, 1530.3318530971353)]
[(51572.727272727272, 2643.2178078131242)]
[(38134.772727272728, 1564.9708928736773)]
[(38600.409090909088, 2383.4658007079906)]
[(47885.272727272728, 2450.6112613461232)]
[(42365.409090909088, 1917.7871578064833)]
[(43760.272727272728, 2047.6809206659143)]
[(63642.409090909088, 3279.3238856033845)]
[(46650.545454545456, 2247.641617493196)]
[(44222.090909090912, 2295.452230193398)]
[(43660.86363636364, 1915.992601947351)]
[(32739.31818181818, 1905.2009917172518)]
[(35818.86363636364, 2025.6651333136992)]
[(43201.090909090912, 1768.6658621051095)]
[(49864.13636363636, 2639.6158848350697)]
[(52079.272727272728, 2510.0951646674762)]
[(63026.63636363636, 3143.2630631706929)]
[(38162.181818181816, 1705.7193052335219)]
[(22929.636363636364, 1302.4565232667055)]
[(45279.818181818184, 2128.4375512599945)]
[(27273.18181818182, 1374.5839000398462)]
[(45956.681818181816, 1837.6660519188101)]
[(42731.454545454544, 1323.023766560988)]
[(56344.13636363636, 2728.2130249738693)]
[(29246.81818181818, 1475.731847004457)]
[(43835.181818181816, 2401.3728645931592)]
[(39276.954545454544, 1779.8919865759935)]
[(41818.86363636364, 2112.8018367398868)]
[(49326.590909090912, 1917.0764808979902)]
[(67111.045454545456, 3520.5185455083847)]
[(48367.36363636364, 2408.663865544579)]
[(36570.86363636364, 1516.7298199805346)]
[(41571.181818181816, 2222.7690739414907)]
[(25104.090909090908, 1311.3577755689621)]
[(47934.63636363636, 2209.8911781094289)]
[(60446.954545454544, 2654.0900818759746)]
[(27238.18181818182, 1286.0721268978987)]
[(41415.545454545456, 1741.920695326545)]
[(33112.318181818184, 1747.8308946544473)]
[(63142.909090909088, 2625.9570833336224)]
[(33578.681818181816, 1813.6223150708458)]
[(48490.0, 2640.1593920317564)]
[(58382.409090909088, 2716.1929140849547)]
[(31176.636363636364, 1387.9158820238981)]
[(31981.090909090908, 1532.6847849000585)]
[(28136.31818181818, 1225.0432283336465)]
[(26295.81818181818, 1487.2380780523474)]
[(26122.5, 1203.831703121012)]
[(25905.045454545456, 1610.4078137657859)]
[(46589.045454545456, 2051.2180773019791)]
[(57811.227272727272, 2790.1698271036148)]
[(34864.86363636364, 1767.4753663865004)]
[(62592.86363636364, 2616.6368346539412)]
[(34476.545454545456, 1405.0785875970666)]
[(37297.090909090912, 2136.3350986784153)]
[(70026.181818181823, 2901.5581978451123)]
[(45530.681818181816, 2097.047882285985)]
[(38769.0, 1559.3140387209978)]
[(45276.36363636364, 1973.1144366264343)]
[(60062.727272727272, 2322.5916894349184)]
[(27569.590909090908, 1417.1551973819733)]
[(45765.36363636364, 2535.6517830761995)]
[(36072.409090909088, 1857.5287298397584)]
[(55348.545454545456, 2559.2449488423085)]
[(47534.181818181816, 2061.9661100344224)]
[(56609.045454545456, 2795.2566821466794)]
[(32050.045454545456, 1539.0348507491026)]
[(56201.409090909088, 2392.148956959898)]
[(49777.818181818184, 2355.6742701530457)]
[(38343.818181818184, 2220.7180374644017)]
[(32405.090909090908, 1748.6038515784523)]
[(49191.454545454544, 2102.7611251961102)]
[(45608.63636363636, 2028.8497377742422)]
[(48379.909090909088, 2368.1278173273258)]
[(38100.681818181816, 2041.4282246069474)]
[(42865.227272727272, 2132.6174220930448)]
[(28630.0, 1745.1145959767427)]
[(39586.090909090912, 2082.6710550351577)]
[(65784.818181818177, 3216.9088331352582)]
[(56183.590909090912, 3060.5102171356029)]
[(30228.5, 2015.790293249217)]
[(34321.727272727272, 2052.6025533459401)]
[(28079.090909090908, 1243.7639606865969)]
[(54371.227272727272, 2096.8732535947452)]
[(52830.681818181816, 2481.1431453769856)]
[(38109.0, 1810.7063041600313)]
[(53879.318181818184, 2054.4649617780337)]
[(32283.590909090908, 1664.0933766690168)]
[(49922.909090909088, 2598.9891173406081)]
[(64473.5, 2710.3699189641261)]
[(51884.590909090912, 1980.036338795315)]
[(39656.227272727272, 1844.9347251436927)]
[(57781.318181818184, 2668.9109398343348)]
[(52094.954545454544, 2735.936702955853)]
[(59819.5, 2729.4741290807724)]
[(44567.681818181816, 2132.2920109467073)]
[(34776.227272727272, 1865.3383137963035)]
[(53227.545454545456, 2735.4445017251101)]
[(48378.409090909088, 2128.2235092574902)]
[(39882.0, 1688.0624510808425)]
[(59708.86363636364, 2773.1145467649808)]
[(36061.909090909088, 2143.31858253479)]
[(41018.36363636364, 2269.4107101830568)]
[(37512.590909090912, 1472.084129691124)]
[(50629.818181818184, 2646.0252053954387)]
[(37887.909090909088, 1750.134896679358)]
[(53092.590909090912, 2806.8431973999195)]
[(40956.318181818184, 2070.2011815309525)]
[(48101.772727272728, 2151.2965242971072)]
[(23075.0, 1446.4849625284021)]
[(47114.86363636364, 2552.3115828579121)]
[(47263.181818181816, 2153.3132302544332)]
[(49514.454545454544, 2118.2311885140157)]
[(36897.86363636364, 2129.3188520236449)]
[(58313.090909090912, 2722.7039279720998)]
[(45729.13636363636, 1949.1553075205195)]
[(51396.090909090912, 3050.2814165245404)]
[(52552.590909090912, 2368.2879568988628)]
[(42988.727272727272, 1868.5887133424933)]
[(42874.727272727272, 2153.0195531628347)]
[(55853.181818181816, 2344.1010559255428)]
[(27070.954545454544, 1774.0403928431597)]
[(25820.5, 1319.1255700263109)]
[(25745.636363636364, 1252.2898433208466)]
[(55056.818181818184, 1928.9602984515104)]
[(66146.545454545456, 3275.5130034143276)]
[(48959.227272727272, 2747.1132485324688)]
[(56715.045454545456, 2447.6190202778034)]
[(45983.0, 2394.8933152718978)]
[(31270.909090909092, 1913.6078259511428)]
[(24769.545454545456, 1358.3248229568655)]
[(49728.681818181816, 2663.8021366921339)]
[(24654.772727272728, 1158.0525549866936)]
[(54066.63636363636, 2688.4253891164608)]
[(39070.0, 1704.9768942702901)]
[(41572.227272727272, 1963.639670144428)]
[(54686.545454545456, 2331.4049782752991)]
[(58463.954545454544, 2300.4889673644848)]
[(25193.590909090908, 1472.9276950034227)]
[(43284.954545454544, 1771.2163994420659)]
[(28511.68181818182, 1427.2708408507433)]
[(43388.454545454544, 1599.0080893473191)]
[(43900.409090909088, 2831.0325846997175)]
[(36680.454545454544, 1835.4830456430261)]
[(59370.272727272728, 2874.1103029034352)]
[(54111.545454545456, 2650.3415898409758)]
[(39213.86363636364, 1653.5466238910501)]
[(44751.590909090912, 1688.3643464066765)]
[(32131.909090909092, 1686.4128965572877)]
[(71255.227272727279, 2998.407225576314)]
[(32823.13636363636, 1413.8029943704605)]
[(33399.318181818184, 2042.9186683026228)]
[(41284.090909090912, 2030.6688381975348)]
[(48297.727272727272, 2545.1366050026631)]
[(63942.318181818184, 3132.2231905568729)]
[(53280.272727272728, 2448.3831098513169)]
[(68525.318181818177, 3384.4031715284696)]
[(46237.772727272728, 1839.1272478862243)]
[(41501.272727272728, 1856.6920845291831)]
[(44231.86363636364, 1655.662536848675)]
[(32135.863636363636, 1902.5853084109046)]
[(63237.818181818184, 3191.1836975704541)]
[(63632.590909090912, 2884.8386043743653)]
[(40598.272727272728, 1956.7936185056512)]
[(31088.409090909092, 1475.4283839572561)]
[(60721.681818181816, 2590.3957617607985)]
[(58092.318181818184, 2380.5611434741454)]
[(40953.272727272728, 2033.1866127360952)]
[(48909.181818181816, 2217.8675521503797)]
[(51381.86363636364, 2142.7595574747434)]
[(47683.0, 2558.7151715105229)]
[(27466.18181818182, 1540.3450439843264)]
[(25045.090909090908, 1369.7665571516211)]
[(39330.045454545456, 1723.5198624892669)]
[(33063.63636363636, 1758.0863465287468)]
[(36030.681818181816, 1860.3669428717005)]
[(60085.272727272728, 2608.9935510158539)]
[(52982.545454545456, 2230.2424320524387)]
[(60644.772727272728, 3136.6202388351612)]
[(48385.409090909088, 2410.6600809855895)]
[(41975.909090909088, 2064.8729841058903)]
[(31651.454545454544, 2185.378376223824)]
[(32905.63636363636, 1608.1560363119299)]
[(43451.86363636364, 2193.6788139668379)]
[(44835.181818181816, 2096.6647841496901)]
[(57220.63636363636, 2622.0903513648295)]
[(34524.63636363636, 1622.272328896956)]
[(34737.13636363636, 1718.1210566759109)]
[(37354.0, 1841.3191215124998)]
[(25840.545454545456, 1459.7069228128953)]
[(60841.86363636364, 2830.0744046623058)]
[(59467.86363636364, 2429.71168690378)]
[(29758.636363636364, 1792.3445050066168)]
[(61379.772727272728, 2473.7892152937975)]
[(32733.272727272728, 1494.0888328552246)]
[(47925.272727272728, 2194.4892368533397)]
[(49885.545454545456, 2222.1675001274457)]
[(45254.772727272728, 2651.8004588322206)]
[(41281.318181818184, 1894.258219404654)]
[(33021.63636363636, 1561.397568507628)]
[(42751.954545454544, 1776.8536816835403)]
[(37275.818181818184, 1894.4091119982979)]
[(60554.86363636364, 3098.3848978497767)]
[(29520.5, 1485.8459227518601)]
[(60941.909090909088, 2775.4864013628526)]
[(30543.454545454544, 1569.3669124083085)]
[(55790.045454545456, 2481.8975591334429)]
[(44324.272727272728, 2008.7615048235114)]
[(44865.63636363636, 1920.0833212245595)]
[(37748.0, 1978.7762634320693)]
[(53365.772727272728, 2204.8049721826205)]
[(57073.590909090912, 2368.4105203693562)]
[(33193.909090909088, 1811.5463544021952)]
[(59728.36363636364, 3048.8027061332355)]
[(51242.36363636364, 1914.6524017290635)]
[(35430.13636363636, 1416.7672859430313)]
[(34863.0, 1574.6507238691504)]
[(47740.454545454544, 2513.1768267804928)]
[(57656.454545454544, 2312.7419329123063)]
[(40996.045454545456, 1643.4227621880445)]
[(49043.909090909088, 2601.976006128571)]
[(31984.68181818182, 1703.6471291238611)]
[(36824.090909090912, 1726.7415532849052)]
[(45154.909090909088, 2112.0410419594159)]
[(41544.409090909088, 1676.8993658802726)]
[(32021.590909090908, 1403.6162035356867)]
[(42400.409090909088, 1986.3429372852499)]
[(31677.727272727272, 1533.366373430599)]
[(28394.772727272728, 1517.4958569028161)]
[(56792.772727272728, 2936.0614832639694)]
[(49877.909090909088, 2310.0493703321977)]
[(45879.545454545456, 2032.9826261780479)]
[(59355.13636363636, 2498.2063744610005)]
[(39995.909090909088, 1901.184016271071)]
[(29009.545454545456, 1450.0718574090438)]
[(49601.318181818184, 2542.1150060675359)]
[(35887.454545454544, 1913.2870078303597)]
[(55723.318181818184, 2269.4635838703675)]
[(38500.318181818184, 2113.6566455906086)]
[(39087.5, 1767.1156247204001)]
[(32884.13636363636, 1395.8682504783976)]
[(34509.045454545456, 1868.2959548560057)]
[(43038.36363636364, 2011.2196450233459)]
[(55535.5, 2946.8546612154355)]
[(50056.681818181816, 1884.9249391880903)]
[(40637.63636363636, 1812.040123354305)]
[(50699.13636363636, 2367.8512258204546)]
[(37238.045454545456, 2052.0669948946347)]
[(23684.954545454544, 1373.8042926029725)]
[(43363.818181818184, 1856.3747814785349)]
[(27329.272727272728, 1583.3597229177301)]
[(31023.954545454544, 1737.0225784670222)]
[(40971.272727272728, 2001.7780209671366)]
[(37320.045454545456, 1622.4610670804977)]
[(59194.13636363636, 2250.8727146170354)]
[(25965.0, 1633.0386353080924)]
[(30474.5, 1378.7931287397039)]
[(28985.045454545456, 1799.5138610926542)]
[(19512.772727272728, 1019.426436608488)]
[(56417.13636363636, 2732.1840467344632)]
[(38284.090909090912, 2294.8443854938855)]
[(47767.818181818184, 2332.1139773238788)]
[(46135.409090909088, 2212.4243603728032)]
[(30872.772727272728, 1749.116543325511)]
[(44629.36363636364, 1613.4429832155054)]
[(36559.63636363636, 1695.2201840010557)]
[(27145.227272727272, 1258.0144399079409)]
[(39502.727272727272, 1787.9109093709426)]
[(27758.636363636364, 1454.1115402091634)]
[(45687.272727272728, 2434.431280374527)]
[(28410.227272727272, 1342.5016684857283)]
[(26804.409090909092, 1499.0571784756401)]
[(31544.68181818182, 1499.4308702837336)]
[(33563.0, 1682.0293086550453)]
[(38116.318181818184, 1813.3745916648345)]
[(61681.090909090912, 3015.6575149839573)]
[(34450.909090909088, 1921.9897359934721)]
[(51275.272727272728, 1907.0062521370974)]
[(63054.909090909088, 3019.6093444607473)]
[(55686.545454545456, 2782.555901332335)]
[(53416.318181818184, 1836.5840101783926)]
[(52889.909090909088, 1984.866713220423)]
[(38874.409090909088, 1875.4512014497411)]
[(24396.727272727272, 1208.083480574868)]
[(54718.0, 2225.7367704456501)]
[(37923.545454545456, 1754.5058326721191)]
[(40000.772727272728, 1746.524755467068)]
[(45660.409090909088, 2200.6966283429751)]
[(37706.409090909088, 1359.0493398688056)]
[(34847.318181818184, 1326.118460210887)]
[(46585.818181818184, 1931.4153032086112)]
[(35889.409090909088, 1928.7535560781305)]
[(44185.272727272728, 2166.8746619658036)]
[(39657.045454545456, 1709.4659600582991)]
[(41594.545454545456, 2000.7397160746834)]
[(50919.86363636364, 2481.3659445914354)]
[(51714.181818181816, 2041.5124035098336)]
[(36964.818181818184, 1945.2045067873869)]
[(24027.31818181818, 1044.9638627334075)]
[(58402.909090909088, 2853.4989431337876)]
[(55475.954545454544, 2232.901692856442)]
[(31495.31818181818, 1706.9463483095169)]
[(31601.18181818182, 1755.3052815090525)]
[(46491.954545454544, 2048.9159124872899)]
[(29102.409090909092, 1150.3034138354387)]
[(43872.5, 2256.3748916170812)]
[(36574.409090909088, 2134.8544409383426)]
[(62071.318181818184, 2954.7446395158768)]
[(62822.0, 2609.2724694988942)]
[(23312.045454545456, 1389.2677054080095)]
[(45964.590909090912, 1451.1630359888077)]
[(31348.045454545456, 1408.7351722608912)]
[(50145.63636363636, 2229.5306771885266)]
[(62948.318181818184, 3014.7522086338563)]
[(38901.090909090912, 2017.4877488071268)]
[(23173.863636363636, 1095.7238982590761)]
[(65713.272727272721, 2732.2502214475112)]
[(38051.272727272728, 1809.7476343566721)]
[(53910.045454545456, 3068.4607483798809)]
[(44967.681818181816, 2329.8663640564137)]
[(38154.090909090912, 1604.3135794184425)]
[(37655.227272727272, 1975.1067573699083)]
[(27591.636363636364, 1489.1551973819733)]
[(41922.63636363636, 1974.7014908573844)]
[(56269.227272727272, 2458.1480383547869)]
[(32776.13636363636, 1480.8448143330488)]
[(43423.954545454544, 2542.990685061975)]
[(33855.36363636364, 1641.433846376159)]
[(56136.681818181816, 2271.0139313936234)]
[(38420.681818181816, 1857.0024675781076)]
[(65727.136363636368, 2877.3270210461183)]
[(60787.090909090912, 3099.7540763074703)]
[(47517.954545454544, 2083.3566976135426)]
[(49467.86363636364, 2098.4791814088821)]
[(53738.090909090912, 1886.7838325500488)]
[(31751.454545454544, 1819.2592176849191)]
[(58632.681818181816, 3244.5855286879973)]
[(57429.818181818184, 2900.8981285745449)]
[(58664.545454545456, 3064.808977018703)]
[(45841.63636363636, 2273.8505767041988)]
[(29196.227272727272, 1702.1673899888992)]
[(39304.5, 2112.3615905913439)]
[(28717.454545454544, 1531.2242380489004)]
[(39203.0, 2234.9558647762647)]
[(72097.272727272721, 3447.8605829368939)]
[(63001.045454545456, 2947.7299605824733)]
[(42003.681818181816, 1585.8144581859763)]
[(67668.272727272721, 3173.1716947772288)]
[(24609.636363636364, 1256.2425914027474)]
[(51158.5, 2399.4720715934582)]
[(39250.545454545456, 2303.707792206244)]
[(38334.954545454544, 1958.8228662339125)]
[(42925.318181818184, 1829.8630083365874)]
