[(4.836373855047424, 6.0817989769546035, 12.913718915212272)]
[(3.0149107825801846, 5.5236654159223528, 10.750182509452342)]
[(6.8025733228762899, 7.0847476197004804, 12.99740366116737)]
[(5.0925005684449083, 3.9457570566476199, 14.446252378411156)]
[(3.7635173071367851, 3.522170150670763, 14.723465690302632)]
[(6.9252743943980715, 7.6490363184688128, 11.982836646417807)]
[(6.8430388855058206, 7.4364838479037099, 11.550700050413617)]
[(5.9409316366703182, 6.4146032132788156, 11.859432577161204)]
[(3.1090932038655605, 3.7920018973005352, 10.310202858158414)]
[(6.4968351007660816, 7.0238815330269375, 12.750155775802394)]
[(6.5173752225387229, 6.8940470548265544, 11.484739667901087)]
[(7.6927860553652705, 7.6355956657409063, 11.973871906550814)]
[(4.4037806109356588, 3.8632350654826908, 14.087770361348783)]
[(5.6263467210605462, 5.9873809349270841, 13.158572865830244)]
[(3.8687252692402154, 4.4984188451600495, 11.266323512271484)]
[(2.5019501210456765, 4.2537621146961317, 16.746940226344751)]
[(7.1575883608542314, 6.2582408845779387, 13.778080258774926)]
[(6.0448028616783676, 6.7675991411164906, 12.526077825325308)]
[(7.655956347019627, 7.4975864765723212, 13.387887094119774)]
[(6.85136155292391, 7.4431707061798393, 11.985808310517369)]
[(5.8305524123898538, 5.0149856828360564, 15.484866174998157)]
[(5.0477275266140209, 4.5394316302690054, 14.844223322138927)]
[(5.001790359493226, 5.874730916545075, 12.308160734832107)]
[(6.0132390102918771, 6.5434224489036401, 12.876054360484382)]
[(5.1732652682434939, 5.790541467617949, 13.193187596343154)]
[(5.9807442347901372, 6.541253201751017, 13.384799862109432)]
[(4.6173387925307834, 4.7006443459906055, 12.377842628799788)]
[(5.5599154351337718, 5.4631592510383715, 15.012603423572509)]
[(5.9574061499555802, 4.950400607492754, 13.623920573282961)]
[(4.7891293118998242, 5.3496705782616898, 13.238166477256373)]
[(5.3670925055666885, 6.5410982182105855, 12.503110005606871)]
[(5.393038674258662, 6.4019395605088159, 11.982151737199766)]
[(6.5305752115384541, 7.3925099910736671, 13.414487362521571)]
[(5.3603569078369517, 2.5398119259975305, 15.328572420452049)]
[(4.247503893638414, 3.1554594154986626, 13.239409452575089)]
[(5.9154885589114921, 6.7720447413917455, 11.108715506836777)]
[(6.2714311752349774, 5.1441375783575838, 13.35829934197616)]
[(6.4318934729044344, 6.0463149415967488, 11.688116089232718)]
[(6.3865576938433648, 3.425592072432782, 15.608415221149693)]
[(5.7419039031637897, 5.8275355072663428, 12.690626925849466)]
[(6.4159649754346857, 6.7806134986801343, 13.580455112687869)]
[(7.2004569456032534, 7.4677841758299683, 12.054583079478002)]
[(7.4891950542475394, 7.5035839936203148, 12.053573912496262)]
[(5.5541508467046414, 5.8125598869271684, 13.557103868939235)]
[(6.0996036250579939, 6.2151869814837832, 12.67899432858829)]
[(6.7873641211308016, 5.6779538763235644, 14.273075661381984)]
[(7.2072119584188234, 7.0707650768896499, 13.091746700080968)]
[(6.1429494708550259, 5.5633199614990172, 12.962138290436778)]
[(6.8806989951704489, 7.6383708112300468, 12.115774827738761)]
[(7.4765176662947548, 6.9472267356149757, 12.876139953789462)]
[(5.3142739634525915, 5.2472632135595365, 14.681652390076316)]
[(5.0598044696639493, 5.2964021286554628, 13.611068846143178)]
[(3.8216542618481357, 3.9479158324376451, 11.608044226198059)]
[(6.7698613017879259, 7.0904753349080112, 12.198826072988906)]
[(5.4879052315978925, 5.599906355042334, 13.255599205686506)]
[(6.6739663806768545, 7.5528683204654099, 10.401003127260875)]
[(6.6202740556693032, 6.3464315573749905, 11.760079277666669)]
[(5.0694486767547948, 5.2472123396264196, 13.428279668445516)]
[(7.5467438434105043, 7.576685012746692, 12.666992800127391)]
[(4.8250999232786249, 4.3327850801306393, 14.557797851873827)]
[(7.8317588985339901, 7.7113401478492785, 11.922409341567178)]
[(6.9339208008558604, 7.6579960359032304, 11.27921257065319)]
[(5.4583143318594995, 5.830112466831963, 12.647913960708449)]
[(5.5732785273254395, 4.7650237341648936, 14.369016372449419)]
[(5.7977905922953532, 6.0120029264286652, 13.110553098327399)]
[(5.7564366767539461, 5.4720092643929359, 14.296053885973834)]
[(6.2090668897370787, 6.061681345429963, 12.207958174527777)]
[(5.9460221574713836, 6.4400957166923032, 13.540756231601247)]
[(5.8834151677681721, 4.9378704042277413, 17.247817567873973)]
[(6.1352903379323731, 6.0126005146281898, 14.893278449525619)]
[(6.7881331828948825, 7.0831705761074932, 12.570813930998433)]
[(7.4714005477462102, 8.1216658824235086, 12.163937341149612)]
[(5.9066160112241688, 6.9015299023998997, 14.584396563644994)]
[(5.1656692914867488, 4.9110628918251304, 14.094775683440416)]
[(7.0928645882465524, 7.235231495185757, 11.117127965269248)]
[(6.2739544568313157, 6.7342993840388878, 12.356035464025192)]
[(6.835584546428775, 7.0038126425609901, 11.238157214491583)]
[(6.2310192336190511, 5.7367183002026385, 12.931700236233306)]
[(5.9414140785172167, 5.3466623466151555, 13.262479388940832)]
[(4.5696984006298944, 4.3899078681468069, 14.232179300872913)]
[(7.0335313584253862, 6.8112328742078319, 12.644157483038308)]
[(7.9281406352211068, 8.2366141043838716, 12.087736951264999)]
[(5.5117862530458952, 6.5753695045007294, 11.442721498194942)]
[(5.527108805429803, 6.0995314089657038, 12.480741770332791)]
[(8.0412253531189108, 8.5399855398114681, 12.675579154103206)]
[(7.0940518955287413, 7.1576967363209016, 11.87770390278377)]
[(6.3154799353710178, 7.3357198145577733, 11.647034595645581)]
[(6.097512881606229, 7.212444621459059, 12.216421889532363)]
[(3.1517213584115349, 3.4230734016255644, 9.8611878416131749)]
[(6.6406636777000081, 7.0985513937267113, 12.750103858286119)]
[(5.958546273183452, 5.4048032202054861, 14.04483297737926)]
[(6.7866277373833972, 6.4333802535999158, 13.915990801477811)]
[(6.5681579337435645, 6.4431529009636863, 13.835263314716361)]
[(5.8988277954103268, 5.6203092824032046, 14.059195307436031)]
[(7.6646633800125894, 8.5089223245351029, 11.724109626932014)]
[(7.3163689492867201, 7.5695749058907742, 11.293496010575868)]
[(7.0312669323080135, 6.9179071626459665, 13.51120226506141)]
[(7.1574665943050952, 7.1510908561330906, 13.616581796449031)]
[(6.5531989147963738, 6.9724331886982771, 11.994585666797601)]
[(7.0752684250192965, 7.1025971127323402, 11.999018935397823)]
[(3.1627218472768535, 4.5040100378556343, 12.311454163198514)]
[(6.4780219324987369, 7.2537276747305022, 11.754063094440625)]
[(3.9611469146588387, 5.0446946555165173, 14.208179268987495)]
[(6.6816603984942819, 6.2885993849202437, 13.130549864646058)]
[(6.6863094694350673, 7.9069209851024729, 11.44443789701689)]
[(5.3668880178847571, 3.016424911391193, 13.963326697159488)]
[(6.6418581537846144, 7.1616582622777845, 11.89618680711677)]
[(5.2196562051200681, 5.0178401389118825, 14.033483638433477)]
[(6.8857910947910277, 7.0165402564003889, 11.769149114395921)]
[(7.2572368533439713, 6.3024384653406473, 14.02786445001931)]
[(4.4705348986755729, 4.198981325814195, 15.761754705396175)]
[(5.1904097587599916, 4.1360568995470626, 14.603617271207007)]
[(4.2409269235001066, 4.4699281827171085, 14.635380387059319)]
[(5.1678494263885604, 5.283477514760067, 13.210120360790309)]
[(7.4020983568800567, 7.6266752537970559, 11.601464479567374)]
[(6.4573352407915241, 6.68410729570558, 13.053887157147303)]
[(6.2962217486602068, 7.4152314488792372, 11.990891395876517)]
[(5.0788576447771829, 5.3934720668556118, 14.298406193268125)]
[(6.0924798671563343, 5.8300593072138849, 15.302972690121535)]
[(5.7331643583936884, 6.5342055175909106, 10.829975105186458)]
[(7.1546198585890304, 7.6115445021625368, 13.356019527911267)]
[(5.569491190589698, 6.2372622625494349, 13.143060269460266)]
[(5.679102536979773, 6.5136135513742559, 13.645247973905466)]
[(6.4630321072386892, 6.7683717180363354, 12.41888696953972)]
[(6.1456406213737278, 6.231250865553303, 14.365774261869396)]
[(8.1547193370657602, 8.3370978625798493, 12.379288539954437)]
[(5.9279897820016068, 3.6669829670118474, 17.367094765090865)]
[(7.2171964605057957, 7.5774163031153821, 12.616521683038171)]
[(5.3823038088303887, 4.622318827861184, 13.513244963339206)]
[(7.5146865322803107, 8.1557209917273461, 11.859707676539575)]
[(7.1954111664063198, 7.3345613846816233, 13.288981360265078)]
[(7.0081818354771919, 6.8210586778173647, 13.0733597371546)]
[(5.2169733464657124, 5.1419271413477983, 13.798794955010264)]
[(3.2852851925918207, 4.9861683004420101, 11.9629507549368)]
[(7.3226243062991232, 7.7328692917219399, 13.64543698969513)]
[(5.6293477502292042, 6.3934359911606604, 12.501739481397241)]
[(4.9998497697489315, 5.0588435155152904, 13.249241229109776)]
[(4.9923733732698681, 5.7141692200814518, 13.106015988899687)]
[(6.2089353862214649, 6.7661396196222601, 13.378225665272048)]
[(6.3324928822458215, 6.5241174176384265, 11.257794562226517)]
[(4.909838230038245, 5.879055138291589, 11.940188993821026)]
[(8.283528504677971, 8.3771988071857457, 10.714677974700635)]
[(7.0824357094525556, 7.529337170792016, 11.640842659395037)]
[(3.6986313248833116, 4.1503337912299685, 12.280922520791425)]
[(6.1988137122716367, 6.5395289380503474, 11.904424211950101)]
[(7.2169950047502507, 8.2309233621237468, 11.737648072986593)]
[(6.8556162310861222, 7.1517378673733365, 12.129137117282829)]
[(5.6202411950714684, 4.7409112671928391, 12.630273997999016)]
[(6.6619200528749083, 5.3269043611874762, 15.121049430813859)]
[(7.3558042752023027, 7.3738607206162259, 11.603389313593757)]
[(4.5426255192499347, 4.2600394618572661, 16.366128322706309)]
[(6.8086840843766243, 6.9678111389156561, 13.25144913506009)]
[(4.800575323574658, 4.74297892761986, 10.664312810815517)]
[(5.885894868827374, 5.7961205481225422, 12.755635040099781)]
[(4.4167620532479228, 4.9785758076378439, 13.170429101377184)]
[(7.5064309634189978, 7.9843936378397293, 12.055752131078103)]
[(4.7602947133722857, 3.9805486947835194, 13.749627228336484)]
[(6.540946838507689, 6.696905389056206, 12.783374040792257)]
[(6.4606290307907424, 7.3228864141149659, 11.592531611605351)]
[(5.0346908368524677, 5.5168562531853631, 11.994217910213946)]
[(5.7426970161306068, 4.5196497599283276, 14.314935508846723)]
[(7.7561725012010454, 8.5536836546967532, 11.728817186842612)]
[(6.8890527819786875, 7.7164699367175302, 12.502166844451626)]
[(4.9685546910502971, 5.2097622326686599, 13.26892124467318)]
[(6.1238196012288553, 5.4951437801455008, 10.620996443793148)]
[(4.0572729213016503, 3.2321991425188363, 16.910935954715271)]
[(5.019418501732714, 4.7948839452898362, 16.414884675527819)]
[(6.0810864574312147, 6.5042633159667886, 10.046341314128732)]
[(6.8331684362397054, 6.8737394957656077, 12.642732210130132)]
[(6.5816358296532202, 6.7061506947667571, 13.609964529702092)]
[(4.6654752810783524, 4.197509451263632, 15.889706044661814)]
[(6.0992973611168422, 5.9546792406449685, 13.215022630505789)]
[(5.7582797788390163, 6.5907781179688838, 14.817958114924416)]
[(6.0192188193869178, 6.2004306075620574, 13.733102125712474)]
[(6.6626507980812093, 6.4113135322976298, 13.496869996652824)]
[(5.4381759953572661, 5.6307974612160052, 14.573010875541254)]
[(4.8053940497364191, 4.8332472988297166, 13.808735405862031)]
[(5.8153300622932029, 5.7634396099083975, 11.900752525443625)]
[(5.8255779393871974, 5.9654932035626063, 13.525971057530306)]
[(3.6120908891027002, 4.7508864991583089, 12.896769921926229)]
[(7.0471793504137983, 6.9240953099866287, 12.953434129271058)]
[(6.0645797572092413, 6.8122253383733931, 11.995559247251075)]
[(7.0374127376198059, 7.2052787514243128, 12.766621267005627)]
[(8.7267421739143884, 9.0374220895334876, 11.692777090430566)]
[(3.4164437559685434, 4.3255379675563237, 11.2131418614811)]
[(5.7920126965354379, 6.4018452655202509, 11.352791163528284)]
[(4.8800202770981063, 4.1330074007382693, 11.611747170375429)]
[(5.177892880388173, 5.6948969758042276, 13.700352172180862)]
[(4.8021276712486411, 5.7398140492847594, 13.459058391724996)]
[(5.5561738841618098, 5.7539953443954062, 13.267972472600512)]
[(6.8531464288014723, 7.7917279188177488, 11.565008304698756)]
[(5.2035905218251637, 5.8183397872824481, 12.014671192347969)]
[(6.2057871325265834, 7.3374074951025445, 12.481554673591814)]
[(6.4444052312627536, 6.7995025831066354, 12.126244824219709)]
[(7.8216993645918764, 7.1246214727999444, 12.494005082090238)]
[(6.2437559755927685, 6.1328690801348085, 13.881519111257512)]
[(7.6737398903014178, 8.3782559562168082, 11.852810682629034)]
[(6.0577737768379984, 6.1650520182434629, 12.691741288656672)]
[(6.3903999419238158, 6.4552670405345225, 13.629236743509971)]
[(6.0964274584526814, 6.0275128222288465, 12.09248336513734)]
[(5.6126442145845692, 6.0036632519977768, 12.549922504869345)]
[(5.9034787683528664, 7.1456554882136949, 11.320528839290313)]
[(5.5247784169178082, 5.7791059975587107, 12.785543149405735)]
[(5.0869127777195384, 4.5496216976658124, 13.690531742071485)]
[(4.1003664969435478, 4.5745835431106645, 12.901051712509512)]
[(3.2862124427256507, 3.4631825186309162, 12.575433646056933)]
[(6.7643113311930003, 7.5763572108349733, 12.086991656594272)]
[(7.0619136127381132, 7.3858541672629094, 11.237793440277969)]
[(6.4880854359109286, 6.8463857398596462, 13.010655591995093)]
[(5.6172033458513289, 5.5386045952826404, 14.301290711028447)]
[(7.2759397967375721, 8.3840204276028487, 11.371210865799611)]
[(4.6465258011873889, 5.0868395253903955, 15.924258218243333)]
[(7.6346043433142903, 7.252063552550462, 14.499477555365903)]
[(5.7763784899465662, 5.834051937111612, 10.941550772861952)]
[(6.8800126018276719, 6.1972910780353523, 14.202210554226639)]
[(5.7722583025032606, 6.7771605252197649, 12.490916866991334)]
[(5.829166134493871, 6.2902271149229518, 13.177891988409671)]
[(5.6361964652218086, 5.5120525681408834, 14.52304511300245)]
[(6.920712536012295, 7.3439519355019245, 12.834133974118819)]
[(6.4055492558013656, 5.3155394218670464, 13.906882983664094)]
[(5.6715740668188177, 5.9575967283355435, 12.625762057108666)]
[(4.6389593753943572, 4.1984178871507005, 10.666164444760341)]
[(6.3833487584555515, 6.658570303765794, 13.066582781937456)]
[(6.7677523605707632, 7.0752071177033704, 12.767966585883975)]
[(7.146237551340441, 7.3964441180782021, 12.183655257398078)]
[(7.0996921760748783, 8.1818598397248596, 11.823530632049318)]
[(7.6181175575250659, 7.9921661503915544, 12.600589280032438)]
[(5.4028370399230585, 4.343740514730051, 17.30365892456145)]
[(6.99277426034676, 7.1416917552941523, 13.307808551883699)]
[(7.1629891124183116, 7.2867786749889261, 13.107296002075744)]
[(8.1106094006365268, 8.1084749480750808, 12.2214967504918)]
[(3.9460161628372719, 3.806426479267742, 14.598328708352989)]
[(7.1326271253882423, 8.0396202758477671, 12.314608571579232)]
[(7.5626818304498844, 8.1516896821611375, 11.833671180396786)]
[(4.707439831347072, 4.1316827298090892, 10.322675302816819)]
[(6.1528451323949414, 6.3108863838977323, 13.466738511807863)]
[(4.5695381784025386, 4.1019254954710593, 13.086037458430976)]
[(6.8870502997758933, 6.7480495087276946, 11.990465610471858)]
[(5.6269774985512671, 6.659798564072652, 12.568254126547732)]
[(4.8127390798188401, 3.517946990975175, 16.750866880260663)]
[(4.1879688300688533, 4.0950404580632309, 14.90297751990254)]
[(6.1467356904619068, 6.6785263277434348, 12.835983567195884)]
[(5.80100248339025, 6.5723750902993636, 12.734794228812873)]
[(7.3292944287685611, 7.2833172951334832, 11.421559986821595)]
[(8.1248576320031844, 8.4414351570177732, 12.858289439465585)]
[(6.9162234817346198, 7.0290692790531564, 12.403638300657002)]
[(6.7704730063450764, 7.0617848600975615, 12.506892073304034)]
[(5.1459525760164704, 5.2001206813112137, 14.698616588654033)]
[(4.4695366429013674, 4.3859080500164271, 11.72437552024814)]
[(5.2171187274987352, 5.743151694087028, 14.424133836916067)]
[(5.7160444816479279, 5.7260967973074672, 11.308022865908908)]
[(5.120774232361665, 5.9719754274249457, 12.239291557705609)]
[(7.9106682044435814, 7.9238509369096359, 11.596494020363409)]
[(5.0882788351101365, 4.6240397087780307, 14.966469931153865)]
[(4.7192045689746376, 5.4409247849138955, 14.394216268287405)]
[(7.2141718894491609, 8.0752750476043609, 11.931137555260836)]
[(5.2311847338436692, 5.5638541965774433, 13.050610512258247)]
[(5.4069422928916362, 5.7834082814592431, 13.605689624427745)]
[(7.6122192553624588, 7.6390016312229836, 13.406952028378626)]
[(6.14128191048645, 6.142135295736761, 12.366190184095682)]
[(2.8160837552310625, 2.7959093260037289, 8.5589570743713885)]
[(5.7984927757073139, 6.6329877822827052, 12.161701590320739)]
[(6.9093404667224343, 7.41175203909751, 12.879867546825814)]
[(6.0126807893983409, 5.7580308119299746, 12.822359607015906)]
[(4.766460434203931, 5.4238385500354989, 12.795735908128266)]
[(5.6398603039427568, 6.1537465332754246, 12.188368269659891)]
[(5.9063762661139458, 5.5835607237075049, 14.227680252496738)]
[(6.1576674438329126, 6.3256078055995539, 13.125035929449201)]
[(3.7482145149027843, 4.6631944339376918, 9.3187278362333679)]
[(7.5367551512585802, 8.7419006704001916, 11.050425396710668)]
[(3.2091232378356516, 3.6805007444632949, 11.194211036134961)]
[(4.3061322217544671, 5.4042763495481392, 12.622179364123397)]
[(4.6907550642457876, 5.3731660754236641, 10.355190162784256)]
[(4.0454127394034938, 5.5198445308818123, 12.316238793105684)]
[(4.6419629677944165, 4.8001515757140449, 10.619248076911848)]
[(6.3227943349088012, 6.7992756470636113, 11.553107941150053)]
[(6.6950993492963953, 6.5749038920632108, 14.67032306525685)]
[(6.087082526682174, 5.5185220591246562, 14.545030445664976)]
[(6.7597275796911207, 7.8019770558683978, 12.625835566212718)]
[(6.5110103431542585, 6.6190668572761382, 12.992609556610894)]
[(5.1386189109457572, 4.4562870998189048, 12.006842511174609)]
[(5.972354740777444, 6.3120922874248659, 12.857605913374963)]
[(3.8638558689886207, 4.9601300952943852, 13.406085797583494)]
[(3.242166004854397, 4.0925048696292325, 13.861002329111569)]
[(6.1639377831877997, 6.1662544186323318, 11.682957346112499)]
[(5.7716423240276855, 6.123572873679203, 12.254446252528918)]
[(5.0890681879997697, 5.6485482908362989, 12.192271944994777)]
[(7.5953725502584959, 7.9961058906533591, 11.668919102436115)]
[(7.63206962662455, 7.9341731440513055, 11.509446481504938)]
[(6.3584178342548068, 6.9237982215585694, 11.863086320422221)]
[(5.3662391671929983, 5.9209927156884019, 14.632817389688935)]
[(2.4661798532476027, 4.6123421569565721, 10.281878532158055)]
[(5.6062871391557545, 6.5245565130453693, 11.791281575137981)]
[(5.0007447145495085, 6.2191250148428399, 13.058949656439765)]
[(6.2935749923167226, 6.4602586687740944, 12.902233123434316)]
[(4.8096944780487476, 5.7817067517476541, 13.051982738996937)]
[(4.9828821843828113, 4.170009233620509, 14.779150836775488)]
[(5.1887426497993481, 5.9276225312987263, 13.07615363277511)]
[(3.947451260899093, 4.2526504248123196, 14.545229121800098)]
[(6.3617411700945397, 6.1681933758635275, 11.241687775074437)]
[(6.2280322329145843, 6.0694685891130602, 12.720416149570283)]
[(6.8881620016961858, 6.7463917883614668, 13.35543620329145)]
[(4.4215694635430136, 5.2744127304286064, 10.359593622496719)]
[(3.5303129365195391, 3.5690910695556983, 12.536266127599252)]
[(4.5953744860509751, 5.0525391778565334, 12.035286539922755)]
[(6.7202279708076063, 6.5702737109256066, 12.480582427986231)]
[(6.1080004847501446, 7.2713246978448716, 11.628603702006945)]
[(4.4337838427818541, 3.831533593343583, 13.362176694737165)]
[(3.7123995047910956, 3.9609445796667728, 12.414776564131447)]
[(4.8453784509937972, 4.348054707495157, 14.423343149790693)]
[(5.7184991007490247, 5.1523861063178966, 14.985880059758156)]
[(6.2182457023800959, 7.0531685084436573, 11.134561268673906)]
[(6.6278057386367673, 6.9182550579721989, 12.976996636198566)]
[(5.7881067391772874, 6.2771677943450017, 12.170043467847627)]
[(3.0398777011437375, 4.3113030394353959, 11.503968380776113)]
[(3.6165076461068182, 3.4822424656639881, 14.513798043986096)]
[(6.5233922810034786, 6.2006402580436584, 12.116198113918809)]
[(4.2892119961120052, 4.8584890253806616, 13.105239818309313)]
[(6.9263901223478967, 5.7499358062805195, 14.645781247966962)]
[(6.2589755316509699, 6.7279222725802699, 13.007981132637422)]
[(7.8504669370075657, 8.8063021727296729, 11.32161365643859)]
[(4.5859211089669456, 5.5286327097981047, 11.331291833576673)]
[(6.2884752748197688, 5.92401147648566, 13.416127931089106)]
[(7.1742575408154865, 7.1173955018026955, 11.929556519545498)]
[(7.0925576612036068, 7.1457390159270631, 12.36076807809753)]
[(6.0705179374037348, 6.6636773481084397, 12.046358271487033)]
[(7.1102262922303394, 7.0468146190347207, 12.38308569807576)]
[(6.033616827983181, 6.3948345791567052, 12.57871258872915)]
[(5.5578970259076481, 5.625999798210283, 13.732461444799851)]
[(3.2194813639098654, 4.3315468572135645, 10.992872443685824)]
[(5.6765038244854251, 6.6188900831792807, 13.470486485308992)]
[(6.3525903665903583, 4.6092242331031148, 14.958586159286805)]
[(6.4335695181152444, 6.231913870417034, 13.017516056086029)]
[(5.734302050888008, 6.1688895801927703, 11.620888763328047)]
[(3.210653782677269, 2.5920033512262854, 12.091093021844031)]
[(6.6246254849706592, 6.4165531413800618, 12.96596829558008)]
[(6.1066747554172318, 5.6381133869297928, 14.363268616497548)]
[(3.2966041827631734, 2.8047726800868378, 14.367855298772518)]
[(6.7511679397960966, 6.3928172384761135, 14.082193807374551)]
[(6.8443855365564339, 7.7215096980001166, 11.68414936475852)]
[(5.6675932170099319, 4.9583295632755462, 12.083518120824472)]
[(5.7453139420499975, 6.8197009497542345, 11.654805638123747)]
[(5.6036768865082776, 5.729254617120854, 12.884212317426829)]
[(4.5659634850679778, 4.7007281112721522, 12.248262452408394)]
[(7.2454127378965074, 6.6476435568842476, 13.343447294539946)]
[(5.3546838654797515, 5.5388166376935057, 12.140304825514576)]
[(4.5772156124215719, 5.3373915738724893, 15.489499547855409)]
[(3.6535519003719443, 3.9637586684970492, 10.548080661950062)]
[(6.1635380844436742, 7.2325129694587504, 10.68446377975782)]
[(6.2417627712076689, 6.3807926800421564, 13.728467427098758)]
[(6.6935060812820613, 6.8977725652503858, 12.42109962694275)]
[(6.1227895367595657, 5.6401095753030948, 12.678626810816088)]
[(7.0390022435136599, 7.5313669680323283, 12.819512049390516)]
[(6.6426784365081364, 7.0861656368086035, 12.528561006902885)]
[(6.3386783240244231, 6.6714334845102936, 14.194736518650153)]
[(5.6004510824482958, 5.5137547630025319, 14.097623088098398)]
[(6.3057811294757142, 6.620177463423869, 13.0899569819895)]
[(6.6450509329772984, 6.2591176321146218, 12.674227251894447)]
[(5.2029379896649033, 5.3906567103726806, 14.803747210520129)]
[(5.1714077108354877, 5.1948617520097535, 12.24713576568454)]
[(7.3100549132704931, 6.9348261300804346, 12.938752971618086)]
[(6.9108764641708529, 6.6234225588373468, 12.860500797403345)]
[(3.2366729571144699, 4.0269526750402935, 10.379379252063373)]
[(4.7880590906391314, 5.5812881049364993, 9.9374834100534919)]
[(7.1625907614783548, 7.4574655800927578, 12.038591715262848)]
[(4.2362721882856755, 4.0910109187199071, 12.571481579008642)]
[(6.3774439918078363, 7.0797918890038662, 12.513113342111369)]
[(5.3800382772698425, 6.876450841019345, 11.633487528120492)]
[(5.0427827654221087, 5.0943986469878304, 14.181294967685222)]
[(6.2108084997365349, 6.1525780885292223, 12.248728943663675)]
[(8.1022326113960226, 9.0530528446311891, 11.19205140263908)]
[(6.5438442166729898, 6.1913138949402597, 13.652786828832646)]
[(7.3286872462039971, 7.8521883663242438, 12.369630148842182)]
[(7.1207911955779757, 7.3582678261475705, 12.798935709117091)]
[(6.3069102313875991, 7.2163321057285392, 13.362470840740709)]
[(5.9783121398803996, 5.6369592953470384, 12.97093680634991)]
[(6.1597334188226958, 6.8775138694559175, 11.948268316135799)]
[(5.9582509747573722, 6.4831848655674493, 12.569073525198466)]
[(5.4137422048308146, 5.1814534520266644, 13.704586639387358)]
[(6.5335885848607864, 6.5660417261142605, 12.29761562361756)]
[(5.8616111513893303, 6.2877348474513459, 12.200858157828591)]
[(6.36339858691474, 5.9089676233250525, 13.446357406542107)]
[(6.3830655358086288, 6.4053529124836279, 12.502559783592577)]
[(3.0365577525322167, 3.9397655134525804, 12.52662943096008)]
[(6.6788479858001963, 6.9441835780909882, 12.665011293287133)]
[(7.1453129568566505, 7.140145365570489, 11.56187928460314)]
[(7.8138646606269715, 9.1045286059085537, 12.311956451194497)]
[(7.2518272048525629, 8.0068516018415821, 11.469260734623187)]
[(7.4428614016417018, 7.8659070984759083, 11.78404820500473)]
[(5.6541706894117887, 6.2408646627695088, 12.60312498942158)]
[(1.8593426624307525, 2.3802394925804569, 10.801172642551903)]
[(3.0271694092178216, 2.8127589095187826, 11.305308598175985)]
[(4.9839862711337997, 6.6077994643034632, 12.254990137671205)]
[(4.3451442220815668, 5.1575356462320512, 11.049697586515475)]
[(6.6438949986927334, 5.903580126162562, 14.17058993717035)]
[(6.1178407515763586, 5.8514970319287531, 14.572153012927224)]
[(5.5131687734031214, 5.6618168525320316, 11.708725631515636)]
[(6.9325703000651728, 7.2760841381029291, 11.809755230793687)]
[(6.3633544426049697, 6.5343599640151675, 11.549372087937329)]
[(5.560682435959488, 4.4817220321823328, 11.386043013195378)]
[(6.9595178382304352, 7.6558150343779152, 10.508957654901092)]
[(5.3961535515451953, 6.12507030911984, 10.247498086376195)]
[(6.1443960779132878, 6.98135811415289, 11.832930723658867)]
[(5.5505229911870702, 6.3312115824884341, 12.717601584910524)]
[(6.1081663864333962, 6.4773688086246519, 14.503927636201709)]
[(6.7056302546427089, 6.742343739194121, 13.099585723967087)]
[(6.8373294405126357, 7.4533537265129635, 11.575109067861556)]
[(7.273117186205968, 7.8834223809252437, 12.676330737376647)]
[(3.7628504307342445, 4.7937351370060934, 11.582614049194714)]
[(7.164157320058016, 7.5561072894488186, 11.495892388359769)]
[(6.0103423053000551, 6.7811233324930829, 12.15371110505497)]
[(5.1951322055668925, 5.5856174959677709, 10.620774492304239)]
[(7.2322608801920776, 7.7006302171450285, 13.052686194214042)]
[(6.1702247765919473, 7.1712474971153073, 12.089905689279224)]
[(6.9748797822565756, 7.187371219149318, 12.286546162131325)]
[(5.5104190191936198, 6.2105993129533239, 12.71144838119743)]
[(5.8456199141005509, 6.5708399343600679, 13.187064149733422)]
[(5.2728457984039521, 5.0612887196945913, 13.37539050592113)]
[(5.8880259577081464, 5.7577123526921561, 13.667273764271584)]
[(5.4317826348573162, 4.9955663485217858, 12.375889439354438)]
[(2.358505199381165, 2.3941848594937323, 10.553705995507821)]
[(6.1973203550273128, 6.3594670029217237, 12.598051548677457)]
[(5.3829902434301342, 5.6559613470222461, 10.516461295702189)]
[(5.7064110756254722, 6.013944351042773, 11.47220836548798)]
[(7.0942188078071879, 7.9375623841464602, 11.739080210718047)]
[(6.8343207436177593, 7.6127552723271004, 11.771029793910154)]
[(7.029333015981142, 8.222176896058734, 11.410490983395034)]
[(6.6477430766544447, 7.4455588104239228, 11.691958778909296)]
[(3.7116268677956223, 3.8535231260289553, 11.531686352784686)]
[(5.271954452589199, 5.7471404584560393, 11.848861631703526)]
[(5.2937382559224435, 5.8670476267590033, 11.592128887631324)]
[(6.2370587249811056, 7.0904226258447407, 11.933742637108493)]
[(7.7028806154168148, 9.1071737371148078, 11.819722120043094)]
[(5.998809893585034, 6.5576719215443608, 11.50300755425932)]
[(5.0913858372235756, 5.6123565156907427, 12.525574263395876)]
[(5.1865422707528328, 4.9292496114408682, 12.361693925030332)]
[(6.818684278569485, 7.0844725865509943, 14.154580194115402)]
[(6.8740392169108597, 7.2823488823618456, 13.546619456391538)]
[(5.8501128360405206, 5.8053527178591819, 13.022774314871723)]
[(5.937311472260741, 4.7428428223479191, 16.066711966615784)]
[(7.2923693375317784, 8.4467047078937156, 11.489553187035286)]
[(3.8489770608432705, 3.2069617206009995, 16.277976759046158)]
[(4.1760453157025843, 5.8755185153460854, 13.559513811953256)]
[(7.269872208449808, 7.1268136096801245, 12.613190346677872)]
[(6.7502596900139462, 6.9290886722685068, 12.216624398523512)]
[(5.5645178952311278, 5.4821262282224641, 14.212701298552277)]
[(4.1647211633568144, 4.5395905372427041, 9.2456865330259976)]
[(5.9918815423297449, 5.1260833328068109, 13.226707768733354)]
[(6.0074946693476559, 5.7427561585137239, 12.59639872111345)]
[(6.9963960533286969, 6.8826445000460295, 12.159422953917627)]
[(6.4726329635285786, 7.3719578682635811, 11.615933547453054)]
[(6.4715176893078574, 6.3823546598530427, 13.889691597682249)]
[(5.2371966284696807, 5.5718633989875643, 13.370286655471345)]
[(4.9818822125188031, 5.0850642218691604, 15.094278454322751)]
[(6.9415695440049747, 7.1438664766497846, 12.222338822736782)]
[(5.5711061601539127, 6.1812778877773855, 11.585562139223601)]
[(5.7355278192898709, 5.3723072750022292, 11.058170181224195)]
[(4.2731583177182326, 4.2714099510534798, 12.715051291181968)]
[(3.7410606128307635, 3.3339654479298395, 17.745528924702146)]
[(4.7391836544658599, 4.4329019788974913, 11.482010718646807)]
[(5.5784226802071819, 5.1917777263675422, 12.485106935257829)]
[(5.0551354666815413, 6.0883272613211705, 13.253072454592546)]
[(6.8904531214925955, 4.7196896851729733, 14.683332582703319)]
[(4.9634849482176318, 4.9529827183419552, 11.41913048913151)]
[(7.0447034611475345, 6.5590333022480616, 13.706271641000358)]
[(5.5453572745491595, 5.8328812819591009, 13.509872891347108)]
[(4.7104850562252718, 4.8552835836908015, 14.322897825325882)]
[(5.5898698027822427, 6.1307076514276329, 12.53057934999144)]
[(5.4501264954192505, 5.752971796596535, 13.397760935362122)]
[(3.7026142203363732, 3.9773395208280569, 15.484075311167178)]
[(6.9086514430869634, 6.9115860845923915, 11.639486453611299)]
[(7.4400191370475826, 7.4091789240267509, 12.77029465975966)]
[(5.3683437503800171, 4.7793800229259435, 13.645300558254455)]
[(7.3989437944871375, 7.5316971712671137, 12.489879457744353)]
[(5.8299559864692982, 4.9106553602550171, 12.644015997020306)]
[(4.9955312940853958, 5.6651879303810668, 11.779870676117032)]
[(5.7502380897314262, 6.3473728708683312, 12.808603995883502)]
[(5.3289398840777062, 5.5399017414228107, 12.942873562700708)]
[(3.6897530562726168, 3.9387230690110653, 14.112771690307266)]
[(5.6335267707795245, 6.4715002421102819, 14.213806956981649)]
[(4.5568077318102951, 5.5028336928862611, 11.699799941689074)]
[(4.9290844091607831, 5.0196045399551066, 14.841166013628399)]
[(8.8352436634371436, 9.3261164736769704, 12.910150279396092)]
[(7.7298703740536023, 7.9779560513773742, 11.97739618509106)]
[(7.068411816781043, 6.6164095149159321, 13.951759103892675)]
[(4.1774779979158723, 5.0108066403356446, 10.91920441398908)]
[(5.8140364833554861, 5.5861077537272648, 13.580530769066902)]
[(5.1411363435002668, 5.2829780836234761, 13.576818583818657)]
[(8.0758069308454239, 7.5767924262859587, 11.332127385735422)]
[(6.4307274374729442, 7.1086984749200735, 12.095404940909154)]
[(6.8455172563912763, 6.3627380004139429, 14.769922616108719)]
[(7.4623169446643196, 7.7720913750838383, 13.470006280288276)]
[(6.7076039066777673, 7.4508175413618192, 11.185562049795802)]
[(3.955339174058814, 2.7088212863091421, 15.263240740148333)]
[(5.4807664931522009, 6.0520935702283358, 12.980114647414277)]
[(4.0810372193821234, 3.23131831958217, 17.3588220396129)]
[(2.6847936314971435, 3.7666171798967234, 10.710034244923484)]
[(7.2002331145083369, 7.7805381111130387, 11.597998286355127)]
[(4.4196086453272834, 5.2385439399073572, 8.9520350036116358)]
[(2.3277092883095727, 4.7869700225104106, 9.3400210859434889)]
[(6.3618100119811869, 7.6189498653959919, 12.472839181083842)]
[(5.200704587416781, 5.1446200513386122, 10.646186475421459)]
[(3.8122179409037544, 4.3765111299769899, 14.043529704860115)]
[(7.5456772206029088, 8.364814992592617, 11.766706903966741)]
[(7.2870109969471661, 7.98992824771421, 12.080026582916849)]
[(6.1325264499761829, 6.9839002148753906, 13.117732835643986)]
[(4.1234819710515094, 3.2007261861193186, 16.342241437112552)]
[(7.1869175326441823, 6.9260457051795354, 12.617268523058561)]
[(7.0609266420473968, 7.8517775559721823, 11.535651054797299)]
[(7.9093313062880339, 8.4530358469510265, 12.188301261339742)]
[(5.7840253860443527, 6.0215605715101317, 13.079331997326817)]
[(7.0301427810521764, 7.5396198686294795, 11.28411139170737)]
[(6.355064411346544, 6.3719857065974166, 14.272305562019426)]
[(5.7005863688657241, 4.0265569031248116, 15.82041372508974)]
[(7.1118409913822251, 7.4335174200945255, 12.021660466314898)]
[(6.7829825925904634, 7.2579108831956693, 14.06943245503747)]
[(4.2370892445566399, 4.4833108440241656, 11.243310115081979)]
[(4.7270461002792103, 4.9572207400950958, 13.593163532620281)]
[(5.7446723810443157, 6.6233671402278462, 10.903174780571717)]
[(7.4401597349727426, 8.0688141640611075, 11.366600817682398)]
[(5.8754258790650979, 5.4620704615286479, 12.705077656196327)]
[(5.4987960119683628, 5.131818825974241, 14.281963915287704)]
[(7.0747385794690443, 7.8413555600411096, 11.624630991844732)]
[(5.4102292373701752, 5.9767832415228854, 13.744197369616344)]
[(4.5697075746169862, 4.4529213908806895, 10.452066635164536)]
[(4.9617369343850282, 5.8492400441998198, 10.214631804266215)]
[(2.8699046037239504, 3.0356622272932081, 16.847564322073517)]
[(5.0677760811720924, 5.4360224969271611, 12.633606248825435)]
[(6.0546345170077478, 6.3792556469422381, 12.230898217288651)]
[(3.9504977181980787, 3.7810333390936104, 13.979183666574398)]
[(4.461105199907994, 4.229338971250419, 14.536959502341618)]
[(3.9752093843064924, 4.7282535424935705, 9.7392259750839436)]
[(5.6283901058332662, 4.5984208508318538, 14.372677348697939)]
[(7.4729921214068513, 7.6567087802288203, 11.937371240790178)]
[(7.104095580850057, 7.813495058852129, 11.820694375341317)]
[(7.4709538660206771, 7.0399916051149933, 12.934923042572297)]
[(6.5876777909010356, 6.5117830786485582, 14.316752995625601)]
[(6.2086030687399294, 7.1393178459994875, 12.458736712727161)]
[(5.2435123570169555, 4.7344079866817452, 12.930637503510026)]
[(5.7451414954753526, 6.8221282400068448, 11.49396493483991)]
[(6.8149223609780885, 7.4949476574872609, 11.585972589031609)]
[(5.766580189028093, 5.0396564850644774, 12.429278956371039)]
[(6.1881767334641404, 6.2737048095527284, 12.46823820174515)]
[(4.7627875502061165, 4.6838622156301408, 14.947914775681872)]
[(5.9046362161902861, 6.248947498614732, 13.470685002776875)]
[(6.8005495140013004, 7.3043940204971483, 12.040463718565752)]
[(6.3132391127291214, 6.9073282486410337, 12.97967346583286)]
[(6.360681723692176, 5.525981137651975, 14.286067300091215)]
[(7.2199051723653103, 7.7279864779127392, 11.835717567625217)]
[(4.8073855476178196, 5.0083209871270205, 15.140743644579391)]
[(5.9887064243982957, 4.3538685840156024, 13.415890319446214)]
[(6.5666567007735912, 8.0984631221527472, 12.159744034139889)]
[(7.7595824804948199, 7.6506178790818389, 13.301960556067078)]
[(6.9358514760440748, 7.2457094857502078, 12.200371042888339)]
[(5.4680058101056384, 5.4877268835753235, 14.606012132789298)]
[(7.303495267724335, 7.5710832486095043, 12.195844138004681)]
[(3.6817668467845688, 5.0891171777388893, 10.349211247619856)]
[(5.8628331578138857, 6.2121980233546461, 11.882931389339552)]
[(3.692929783458061, 4.4712853945220097, 12.264375300420181)]
[(5.4339906705666516, 5.3376125328571984, 12.562782730955178)]
[(3.9876051605965714, 4.1936666705764267, 14.122635957821588)]
[(6.0050912551524283, 6.0308300891964279, 13.771699495369951)]
[(7.6117921303571414, 8.1922893714305864, 12.185904203541963)]
[(6.2173055257851857, 6.26414909707501, 14.49682854566333)]
[(5.2771659693675153, 6.2543872296697574, 11.783946701225759)]
[(5.9355631903775237, 5.8064923837761464, 13.026796872434069)]
[(5.1612480593809895, 5.3868048222293563, 13.523226744617144)]
[(6.9052080863166223, 6.880643664271533, 13.468715833297113)]
[(2.7518222787624009, 3.0036154173019836, 10.391410018057083)]
[(6.2897154769391737, 6.9039931401400345, 12.750831686762314)]
[(4.5928980679636116, 4.4780766737255995, 8.9985914086743239)]
[(3.9772680767603079, 5.302862958562895, 10.47458717508473)]
[(5.8603704351953896, 5.2638110533362967, 13.236643276283038)]
[(6.6894831844488287, 5.5473699921277886, 13.492853643946026)]
[(7.6544440203900068, 7.7626029640846035, 12.554216034199186)]
[(6.7763154338670866, 6.91410969639682, 12.670416393983011)]
[(7.2302925494932673, 7.725389898141799, 12.377264622631468)]
[(5.3301183959029972, 4.770757861541485, 12.986866915292762)]
[(6.0066782437195085, 6.6203768896999309, 10.426310758634685)]
[(7.1926018366930977, 7.5196990588976362, 12.294033930283026)]
[(8.0916553460718852, 7.4751678524282994, 12.358104462300153)]
[(6.6475041135235005, 6.7982350770177975, 11.405080956498823)]
[(6.1996734262329918, 6.9450882349826362, 11.591967785511091)]
[(4.1636627364779732, 3.1507797703577087, 15.803476051777169)]
[(4.7757786720659148, 3.1537502179402317, 14.457823833661262)]
[(6.8036172208753083, 6.8744375477773714, 13.178554283398121)]
[(7.1992890322633754, 7.1698125239597896, 12.45424708692088)]
[(6.4399583751312584, 6.8460615245097891, 12.630075891004623)]
[(5.4850020377961917, 5.391440550910465, 13.225089940894849)]
[(5.693451997125015, 5.7002706448515692, 11.358752106881523)]
[(4.8252327533738306, 5.7375739576429199, 13.666215164857668)]
[(6.0073949285241879, 6.7022226028788268, 12.10790908128744)]
[(6.7659390595451692, 5.3886361191886385, 14.264824535765852)]
[(4.9661372854316035, 4.9245419786280822, 15.37605108203409)]
[(4.9829370925560692, 6.0171176980752819, 12.364818372646299)]
[(6.3207696087492025, 6.7976856157217789, 12.851939792539454)]
[(7.5848444093400902, 8.3737873980625768, 11.468796761686857)]
[(4.1556869830067082, 4.5933968567460592, 15.238025039468109)]
[(6.6589940097374525, 6.8416815123424461, 12.657945913068408)]
[(5.1108129901430468, 5.4520279393702848, 10.741611555720503)]
[(5.1384009336361922, 5.4351661103921787, 11.490566551218469)]
[(7.2911102802559684, 7.8970196685705911, 11.894825709620388)]
[(7.290180634307367, 7.9648957086689407, 12.178189761507744)]
[(7.1989520147071797, 7.0585230118492408, 12.829126328415864)]
[(5.6633493259378307, 6.1121850084919052, 11.828584148883484)]
[(5.2006705290581179, 4.6405609225353519, 14.288097349291439)]
[(4.469811128647053, 2.9493403235140918, 14.494635947934668)]
[(6.2072024960519379, 7.3549341039452401, 12.157173167508835)]
[(3.3993638659158316, 3.0958740102684974, 14.099162963983924)]
[(4.5444606808479335, 5.4613899988865864, 14.2441555166182)]
[(6.8385795477269395, 7.6513743491476065, 12.006913313716655)]
[(5.0566528519591669, 6.281260995324538, 12.329739529364749)]
[(6.1745906622672013, 4.6725874183525269, 15.89003388357842)]
[(5.8711348955519105, 6.552700981109508, 11.252413020541251)]
[(6.0882596734923196, 5.4008072810172054, 13.675289828022937)]
[(6.6519911696598371, 6.8448965377765942, 12.820205238840717)]
[(3.8912193370656838, 3.0663636713639773, 15.03719239652329)]
[(5.6555979726771213, 6.0312919845043824, 11.285058338053005)]
[(5.4098924262636059, 5.7897341433233098, 13.41023555435793)]
[(6.9506019282323486, 6.3605056751085529, 13.401769538751839)]
[(6.4037959386977654, 7.2288030362230362, 12.226091808211322)]
[(6.6558741724123314, 7.1128751268920825, 12.092151332625841)]
[(3.9017039965971634, 3.4572464562077823, 10.082143075787348)]
[(6.4560189578619989, 7.5165527134474113, 12.043080420954542)]
[(7.7334151522145449, 7.9245936492074698, 12.358331088999645)]
[(5.3776977521006417, 6.3991781472515745, 12.387952175481187)]
[(4.5757508242897851, 3.6905197603593072, 13.833031110016419)]
[(6.9919727681685568, 6.9677197681719001, 12.554995103851951)]
[(6.1607455554651036, 5.5701341970999234, 13.883882256052516)]
[(5.2656765518305981, 3.221161865502022, 17.358542216045947)]
[(4.4089237271320076, 4.3893403433795033, 14.501153262912391)]
[(6.1719256763696189, 6.2921951482786564, 11.909473752450536)]
[(4.7480141614101097, 5.6073114761849752, 10.845493784501668)]
[(4.7102263853907456, 4.3800492224992311, 15.589313452113748)]
[(5.4002701545431453, 5.6175043234115325, 12.507393695492762)]
[(5.6042801040439709, 5.7961609415223938, 12.702017146273098)]
[(6.3588576971260933, 6.6648851551552308, 14.033161318516248)]
[(4.1258791895990168, 2.0310972229872313, 14.593010591886546)]
[(5.5491027646639832, 5.4391399759678736, 13.244241072256733)]
[(3.3183974373330662, 4.476086490667333, 14.567344852788063)]
[(7.03107612989555, 7.3327515559979402, 11.941856892844328)]
[(7.1519283612596984, 7.4346563371337995, 12.243293291778299)]
[(6.289498926094268, 6.7370685440474345, 12.429215814654102)]
[(4.5207901667997623, 4.5731313968395106, 14.153505975209756)]
[(4.4468883083036221, 5.6446124853513657, 10.324255911329718)]
[(6.5471637136450989, 6.78561557427886, 12.664409307087851)]
[(6.2390361021547331, 6.6578203329759162, 12.725288486713248)]
[(5.771400249146577, 5.5180112694022823, 12.424347313140068)]
[(5.6147024006291346, 6.0026634148121074, 12.90262892953483)]
[(8.8155879584413128, 9.1460447146412953, 11.125483276972368)]
[(3.2717735009580871, 3.1154612328987028, 15.760821695975464)]
[(5.5117062375604604, 5.3116774769778603, 13.419875655572412)]
[(6.2522180564080179, 5.487154773911759, 12.306274037577545)]
[(6.8175399742353067, 7.6842526800745334, 12.070781974886172)]
[(2.685601276602041, 3.8157430168421658, 9.9055219393465492)]
[(3.2549166486193468, 2.6896066907975209, 12.029305534168955)]
[(6.4220061233702577, 6.9089604192502936, 12.672780675117643)]
[(2.3763447869285659, 4.7365695369853889, 12.65751852232415)]
[(5.7239194177833959, 6.544001630056524, 11.335914116057255)]
[(4.8067960937860503, 4.1198951593179896, 12.57296050474878)]
[(6.2565582724980402, 6.8813124476437917, 11.868772757798526)]
[(7.3935702807046422, 8.5195319533661547, 11.83059202027759)]
[(6.0976993353581896, 5.6892585570820877, 14.068118607638874)]
[(6.0415837895634681, 6.1873415844829323, 14.248116086343767)]
[(5.7835873470987789, 6.1507729930274184, 13.694107628483136)]
[(6.1264548283790603, 6.4728269846380559, 12.024387108655809)]
[(6.2198066136989762, 6.6498786081618686, 12.361923052882696)]
[(5.3299207956425922, 5.0158096419367411, 11.84226729587602)]
[(6.3045496982693807, 5.7674806562857421, 12.717321009948092)]
[(5.5007265632607236, 5.3093837797541514, 14.496954674358646)]
[(5.3739974074361632, 4.223119287248517, 13.083832772167625)]
[(6.529898651439936, 6.7225858291754133, 11.124012941260583)]
[(4.1784402374636347, 4.5050449838331428, 11.710128662966605)]
[(6.3600640947771065, 6.7673511882732287, 12.757483690417912)]
[(6.8522663459876441, 7.8933428174675608, 11.811284044769632)]
[(7.8908592297841871, 8.1215151324666852, 12.731535410923545)]
[(5.772187287671251, 5.2987359772208604, 13.481574948276174)]
[(4.0964697858895729, 4.5171386264491726, 12.327922774392622)]
[(5.2428069448438634, 5.2215906440040527, 13.633902157059225)]
[(5.2854514979529972, 5.3395405716374453, 13.228291296275247)]
[(6.8408824522203524, 7.8169428498401334, 12.185315659643967)]
[(3.9303754303515839, 3.9400397261856259, 15.5865919917476)]
[(6.4510187267656711, 7.3973617020385101, 11.910668438897572)]
[(5.4793382934739139, 4.7326716915735947, 14.474689623680586)]
[(4.466793364211636, 4.5165350454644626, 12.832151602993108)]
[(5.8577820017553952, 7.0301233796047526, 11.34225298343048)]
[(6.0842886881319496, 6.2722963474040023, 13.427281290760744)]
[(7.5640096097169467, 8.5812678401800575, 11.268662862955523)]
[(8.011455278660069, 7.1726770649272478, 13.017360335520021)]
[(5.9411789434617415, 6.1938689646392859, 11.212051408468016)]
[(5.7334300287138866, 5.4804541916586782, 12.693871295999839)]
[(2.9665008833524387, 4.1646149766200535, 10.155725518135217)]
[(6.848872517911766, 6.7110986713866199, 13.628306662012781)]
[(4.0065265375436372, 4.4803924558351449, 13.572963114836014)]
[(6.921642751986691, 7.8242494650392631, 12.189747249836675)]
[(7.5548136241381316, 7.9987889212977876, 12.170697093962788)]
[(3.6345493915191387, 4.0193144041393261, 11.689623128679315)]
[(5.9784022587814079, 6.252057744804473, 13.547919095811446)]
[(3.8773002895964361, 4.52223649807123, 12.13690008189365)]
[(5.2905132439705653, 5.0735547062765427, 14.95802688056102)]
[(6.5826192085423205, 6.2052954460002754, 14.548278647085541)]
[(7.4770558531285252, 8.7314559354256787, 11.180632933805336)]
[(7.2035486341537291, 8.0093868823349474, 11.252105570039832)]
[(6.8035580612688005, 7.2093612455717961, 13.720558516514069)]
[(6.8441084420146066, 6.5715549334279801, 13.78106780832197)]
[(6.2029690978223453, 6.629114671177601, 12.670105575279814)]
[(6.3329083066417526, 7.1758298764547668, 12.021489304083209)]
[(6.5175117171772907, 6.3881379573287376, 14.441609608603084)]
[(5.5280658004551828, 5.5014384472532081, 11.612298803651244)]
[(5.7087012524929159, 6.3133338392616327, 11.229822762569212)]
[(2.0576244824299117, 2.1102187338518466, 13.325974892864989)]
[(5.6837551361261704, 6.2674210337675422, 11.860008267686506)]
[(6.1516357302709208, 6.7111214633443046, 11.895431827956401)]
[(4.957729733452835, 4.9387594869800493, 11.877427628734464)]
[(7.0185602746756066, 6.8519677516587292, 12.845332004161097)]
[(5.3315969631749605, 3.8392941940719383, 16.906355080146049)]
[(4.8329375349745503, 5.4927380010730067, 12.4039616151596)]
[(5.6939145755506981, 5.6718581197902642, 15.323358307440012)]
[(6.3490824293090418, 7.0171279099006059, 11.855231926875273)]
[(5.4056303286421059, 5.6592136338787711, 14.654479748324643)]
[(5.8355242450851712, 6.3615304616194512, 11.364139677048133)]
[(5.5310076964696702, 5.0306879722332427, 12.245877176656407)]
[(5.6952140260535939, 6.2350220222169819, 11.586127324968686)]
[(6.436846945885784, 7.1780190370026133, 12.983871684935353)]
[(5.9067487481873018, 5.0839212200919652, 12.534143445942989)]
[(7.1051316322209228, 7.9464224840693554, 11.831859000356653)]
[(6.5085164666278166, 6.9147347626991094, 12.877151493553008)]
[(4.697587647887735, 4.4629258627721127, 11.419621283318872)]
[(6.1276206355684861, 6.6244181485004017, 12.21817605844179)]
[(5.6445006210556343, 4.0448576219570391, 17.762449689542244)]
[(6.8403136116463896, 7.5234030678228203, 10.796040722538148)]
[(5.7789948772513284, 6.5152891126301888, 13.572652817064592)]
[(5.230412787958385, 5.6998331583693238, 13.72677037781437)]
[(6.1154739933272273, 4.7063914644530733, 15.682366193913937)]
[(5.3031591573054522, 5.8795277517975268, 10.663421979078153)]
[(4.1345630085524139, 4.1188388386696815, 13.641981360079876)]
[(5.8119925916132296, 5.7509763006472019, 14.580333252186543)]
[(6.2061055755909456, 6.7407427573691017, 12.023558970170114)]
[(7.1984542542902386, 5.7954048611995805, 13.834576945870003)]
[(6.1854754958558571, 6.214163433931633, 10.925065476628337)]
[(6.1581556077786495, 6.6574544213939966, 12.304723607454672)]
[(6.6821299348685184, 7.3758332317526296, 12.268732791717705)]
[(4.9399925279776298, 5.7566261327508084, 13.099252046985793)]
[(7.3898966916519679, 8.0335720144007183, 11.553622335055138)]
[(6.7114289543033676, 6.8160278915791563, 12.715495075746388)]
[(6.6076720111431895, 6.8126947064019685, 12.225246318749795)]
[(5.8346967507383498, 6.4000399444401346, 12.074863912148363)]
[(3.7176033449568835, 4.0845015816808843, 10.524351009068592)]
[(5.1297529272113529, 5.0683665110679987, 12.545320861964715)]
[(6.3822386147745149, 6.694928838727261, 12.663973192223747)]
[(3.0351754248973668, 3.9413410386712324, 12.559888626384176)]
[(5.0860147215024663, 4.2875461305248255, 15.614826904762312)]
[(5.1298327849565384, 5.9323074405937231, 11.951937319708374)]
[(7.1568444151132411, 7.1032766008336008, 13.279928876893008)]
[(7.0193597559395124, 7.8886383132627387, 11.862612648721759)]
[(5.2922120413634035, 5.7902149625152415, 13.560051521030962)]
[(5.671765881650483, 5.8817818093519341, 14.373661389303333)]
[(7.0718704901210376, 6.5822575779733992, 13.299461837319663)]
[(6.9301713817600863, 7.5239330105022848, 11.155617595234574)]
[(6.0586481517696829, 4.6763370449258073, 15.284601602603809)]
[(4.5472526948625998, 4.1821715044575365, 14.978697264960847)]
[(6.3788804910438959, 6.8917605828291819, 11.28795905442623)]
[(7.3305584756371145, 7.7849412183601281, 11.90937239602853)]
[(6.8732014354527999, 6.7379625288044087, 11.62608059532533)]
[(5.1931746297134334, 5.175722471761607, 13.214959350716242)]
[(7.0906202965541576, 7.7013989722889518, 13.426141557890908)]
[(4.7690273103455434, 4.0289445544839726, 13.597325928582388)]
[(3.9523685102256119, 4.0349987724466576, 11.581892601800476)]
[(5.7978600120860397, 5.0822063266390893, 13.277133336338522)]
[(5.0519342494207375, 4.5432846882933529, 12.378437614844865)]
[(6.1042524672974734, 5.3752822590324341, 13.579537694924129)]
[(5.6008242255295704, 5.9219370347170104, 13.618208571773769)]
[(7.0642620812492112, 6.9812707167263994, 11.786089288347672)]
[(5.421010196562821, 6.0462979952604901, 11.262760721465611)]
[(6.5037971874154445, 7.0527919498795262, 11.242074470520697)]
[(5.2680259467242472, 5.7766339494850882, 11.71384422965467)]
[(4.6683685231484926, 5.698736964288357, 10.901132664865198)]
[(6.8587648560581593, 7.5475183811615469, 12.786047605945321)]
[(5.7045577893179162, 4.3103239536865283, 14.96619941804139)]
[(3.4097891709761461, 3.3950119260090057, 13.024778137658394)]
[(5.1372285006960476, 5.3645924946813075, 10.889069789616928)]
[(6.6190058743132631, 7.7086376854954706, 12.465973466173349)]
[(4.6199316188063282, 6.2211097972322538, 11.929673783561499)]
[(5.1021229366467713, 6.2390820754655651, 10.837551591415489)]
[(6.4349939040186896, 6.7831941395017177, 12.327212183175069)]
[(7.4865378660223589, 8.5081439159170742, 11.843328512919962)]
[(6.0399517332864772, 5.892983225810041, 13.381833789030063)]
[(6.383378459386468, 7.0179212008885132, 13.277736964451334)]
[(7.1649982393197647, 8.1352876630368325, 11.576631891152728)]
[(6.3072761138057736, 6.5728610730170463, 12.305134028765339)]
[(5.4525972745487854, 4.2837182447950415, 15.772659662575593)]
[(7.1978897181040189, 8.2186622264620155, 11.545123022109738)]
[(6.677443878706776, 6.2505440298109267, 12.270802969220661)]
[(4.1130573635406602, 4.6296914271135829, 11.329758417397491)]
[(6.831058398464104, 7.5603981302986876, 12.08632506023163)]
[(7.161233446456043, 7.6861853901705279, 12.469403161366175)]
[(4.8069810997721225, 5.480859733113534, 12.88432386627481)]
[(5.378971184633067, 4.9528479210308216, 14.883358106102365)]
[(7.2801317949293303, 7.205784511986395, 12.870606957350176)]
[(3.9742410784332711, 3.9320489961573459, 14.202172329453646)]
[(2.8043082460201774, 4.9149680082328757, 13.315231516185893)]
[(3.0988647248715577, 2.7784905887923745, 14.184323433561309)]
[(7.6343343840774862, 6.918575028926222, 13.377631997396639)]
[(4.6188903656843596, 4.3730157660703011, 15.540704932732321)]
[(7.1442973201116198, 6.8483834286171295, 13.564715774508045)]
[(3.5283207899394085, 4.1814967944284707, 11.449986947917704)]
[(7.567647310834916, 7.5140305746600307, 12.383517642082506)]
[(4.6552196691386456, 4.0622891521954436, 14.059122460199006)]
[(6.890566843097206, 6.2609871886386106, 14.378532614433521)]
[(4.4037714146161671, 4.0971671353365711, 13.514783243258787)]
[(5.9305897265373932, 6.2115929828951995, 12.464835034961164)]
[(6.3311889661586598, 6.5601303779002844, 12.577305239696249)]
[(5.5429297109812605, 5.2070311321382157, 13.069617170642212)]
[(2.9769820309134585, 4.8896053529438692, 11.654566599135201)]
[(7.2601673704842389, 7.7128626598566132, 11.988170603959523)]
[(7.1505832790044845, 7.1857731060008083, 12.559320733282796)]
[(4.8054730677970037, 4.7611293784210247, 14.438944582118662)]
[(7.3085470418480725, 6.270349621997088, 13.691663755345088)]
[(5.1576237295811103, 3.3056368209541498, 16.226312450687754)]
[(4.4447216752990624, 5.0377631944228973, 11.632494840112459)]
[(5.0713498565712314, 5.2192693585248646, 15.159527861204667)]
[(5.8060924282673829, 6.358612808322385, 12.210349097898325)]
[(6.6143124846449801, 7.1158224580765657, 11.96818187864422)]
[(4.3424560182352767, 4.5901264419689927, 15.35333493665355)]
[(5.555040809800448, 5.5528854884503049, 12.282909766402062)]
[(5.8862707399897714, 6.7616392749062202, 13.182959749022865)]
[(5.8445584269882893, 5.8500570345372376, 13.026128645954776)]
[(5.9696137835585601, 6.429603955737667, 12.31153621769154)]
[(7.1102699861041874, 6.4156410214643325, 13.451484827360566)]
[(6.9402633173569619, 6.4753351790971427, 13.702990865030834)]
[(6.2151013647580333, 6.6455072644549071, 12.072210742776059)]
[(4.2492165857195996, 4.0595362346148693, 15.624475972127813)]
[(5.8302295087782969, 6.8148641243363199, 11.874929928190978)]
[(7.6952606338214968, 8.1251913075439841, 11.629123866069643)]
[(6.0611975482028244, 5.9215618140498458, 13.011164586356536)]
[(5.4180115007542238, 5.7491670924246137, 14.845487212948759)]
[(6.1642391705708697, 5.2562675092053617, 13.260474466441561)]
[(7.8583489818119814, 7.3363845149512352, 12.788140257168131)]
[(7.2813269666047971, 7.5120182376645834, 12.287880871940262)]
[(4.6079930662549655, 5.1076117567442845, 13.101691982498204)]
[(5.1380616994420629, 5.4206733244156959, 13.42758836085156)]
[(6.2681718362170642, 6.1937776958641599, 12.28745689143048)]
[(8.1884565538641745, 9.0305795509753501, 12.584929413145215)]
[(6.7110163208104323, 7.2143239134124535, 12.780871522281332)]
[(4.6678965853465897, 3.0991255187689717, 18.01098242871749)]
[(8.3305903005704103, 8.2705471311406988, 12.005390681088878)]
[(8.1325349616194735, 8.7391422693933141, 11.855757508949887)]
[(4.9632548733737512, 4.7378483805971054, 11.660643946853776)]
[(6.2777177107640609, 6.8135896175678576, 13.308835697796761)]
[(6.5727247029060409, 5.6719521573800655, 13.972396621878092)]
[(5.1992576576989276, 4.9476332475129521, 14.959860588362762)]
[(6.8291628979130694, 6.6908425033046726, 13.189996337439728)]
[(7.1253006030941703, 8.0123876018384657, 12.330630668392725)]
[(5.7000281652106599, 5.6356854538170662, 11.619431307321451)]
[(6.3675853928426971, 6.567595006452807, 14.271634750100098)]
[(7.9002776199193834, 8.3123531864162761, 11.448878776543316)]
[(6.2614201752875056, 7.5453281569446622, 11.814188226344431)]
[(5.3486966848164794, 5.3566873894221292, 12.759503526629308)]
[(7.0985727153096576, 6.893381084399067, 13.313737100217926)]
[(5.5602480386892017, 5.0328656158036651, 13.081665370954411)]
[(7.3793543870717215, 7.9471034228547577, 11.304470153201141)]
[(7.4595091581376831, 7.3516860678585649, 13.676735460574079)]
[(3.6477548838127789, 4.1590945543307054, 14.282882783517017)]
[(7.1186647328591395, 8.1793082765567782, 12.256837209940592)]
[(2.6838152546339344, 2.3052369523726912, 14.878058572435)]
[(3.0222094350160527, 3.5094486164184326, 11.774546869285597)]
[(3.0430907542392052, 3.6217759279866875, 17.748792746862009)]
[(5.9384194556225296, 5.8750391636197952, 13.056511131570264)]
[(6.9014708839366055, 7.5274395155847253, 13.868700932943598)]
[(6.0469868019194992, 6.646890296441728, 11.886335890381082)]
[(7.0985730924915877, 5.9974311994793963, 13.478041399772277)]
[(6.5050885839065051, 6.9574591626682096, 13.173394076536091)]
[(2.1462090434034859, 4.8956269347003838, 14.627835572167687)]
[(7.4950211480797897, 7.0487739886719893, 12.971371011172318)]
[(4.9461195062248802, 5.1209169460179691, 12.64396885927011)]
[(6.657948703675336, 6.9951366761140168, 13.049609215762908)]
[(6.6771449119060939, 6.9017528597309488, 12.480081094429794)]
[(5.7243506245327422, 5.6594776045247954, 13.279900927623435)]
[(3.4036956844539912, 3.3267729291937767, 11.537353769305037)]
[(5.1257528733654434, 4.6411141747261455, 15.002001850724008)]
[(7.1601856627009388, 7.7695861511574433, 11.924054380198648)]
[(6.5966935409141367, 6.8255687565780647, 12.526654085187353)]
[(3.9762467926795644, 4.2939458199510465, 9.7691680067369475)]
[(5.8462108978509102, 6.548769655990399, 12.380020729867798)]
[(6.8537093186205418, 6.9513811419002698, 11.412817878157071)]
[(1.902728358486474, 2.5670483973329157, 14.755210117336885)]
[(4.1151123311000077, 5.4529134182749468, 12.09258981045441)]
[(5.102774717842121, 4.9823772383922948, 12.112144206068995)]
[(5.0616677266275518, 5.0965897611470927, 12.736270271776943)]
[(4.4114030594550817, 4.9837698093702034, 12.643694635614226)]
[(6.7297680060170011, 4.9093564608777953, 14.697946312274977)]
[(6.7520831810328454, 7.5210021357580006, 12.481253106626783)]
[(4.3714009315977194, 3.7588947587803969, 12.216274971350281)]
[(6.3613293323885118, 6.7441851898276752, 12.825497378754889)]
[(6.3929308530378846, 6.0580567597979416, 12.832028969376919)]
[(7.4692672402413995, 7.3692268750272731, 12.005489395966213)]
[(5.3805287739180621, 6.0743969740886961, 10.690329531628862)]
[(6.6533720888677212, 6.8125952653073725, 12.69660417851518)]
[(6.3191717951327551, 5.9152622844370688, 12.048454864766653)]
[(7.510434479622889, 7.9769907899383261, 12.217521513832926)]
[(7.4091155199917278, 8.3691997409299468, 10.727944374853724)]
[(2.6782986008207201, 2.6373374257886377, 15.27752181132432)]
[(6.8418772688363427, 6.989519884760937, 12.511355046594767)]
[(7.77682899498941, 8.2070887428733954, 11.242583245717634)]
[(5.5461942762897607, 5.5055664310278143, 12.549432464838253)]
[(5.3077314608990518, 3.5800174794591464, 15.2162961831978)]
[(6.7427083786265944, 7.9310730770000735, 11.354256971993133)]
[(5.3166838822700502, 5.651676372272842, 13.184384399822457)]
[(5.6623582872602665, 6.7556373495700788, 12.962253928858839)]
[(6.0008439764232726, 5.1663878522007396, 15.234030765366809)]
[(6.2067536233969252, 6.3112501707789486, 12.969192106672113)]
[(5.4425566480331273, 4.5002910278038204, 13.837184939530433)]
[(5.2102562765167137, 5.5306956597088774, 15.9451177813231)]
[(6.1584146757449503, 6.511977065462208, 13.799398585994126)]
[(4.6172982992640073, 6.1288527556764967, 11.246966261994805)]
[(6.3752732496589157, 4.740261233115115, 16.007900330822309)]
[(5.3638583991096045, 5.3794954791313661, 13.576831238488936)]
[(8.0676570239178069, 8.599702855795929, 11.7554811090956)]
[(3.0025339410986249, 3.0130690320379552, 14.737847445388217)]
[(7.123044384583606, 7.6596755110410228, 12.135796347971159)]
[(5.776687573770972, 6.1633550695051724, 12.821540447777847)]
[(6.3811439637092047, 6.8706124005117726, 12.693513688171297)]
[(6.5941624392301126, 7.0105266038005754, 12.525600794845381)]
[(6.2692256241823996, 6.4216027814695869, 12.082657176949592)]
[(6.3177363839435472, 7.1485788468522262, 12.764558228916179)]
[(5.8930724076559544, 6.0848570342373085, 12.828644480169807)]
[(5.3312653198333004, 5.626368802160334, 10.58604961933669)]
[(5.5024148089998652, 2.5949646637576045, 18.85952068239726)]
[(6.3831483747863507, 7.5277147094879489, 11.14691408497454)]
[(7.3808615433215339, 7.6580927344533611, 12.608394347066303)]
[(6.4216649785075903, 7.2432958114658286, 11.822838555555432)]
[(7.6614875494121009, 7.9263584697256633, 11.2905195758761)]
[(3.4504129815121534, 4.9496111465208248, 15.38649263680143)]
[(4.3437068759646813, 4.2611810149522293, 14.449131872949632)]
[(5.040480934968433, 4.5730853400899587, 12.75481072258218)]
[(5.5759227841780534, 6.1640081131099249, 13.117540556738447)]
[(5.8202480101151988, 6.347609960702699, 13.027522496840014)]
[(6.6665665128288385, 7.195227274791371, 13.374717655577786)]
[(5.2051318898590164, 6.6919978423295872, 11.085695563645576)]
[(6.479000005828909, 5.3209341854135657, 15.869764354315668)]
[(6.8118267442881439, 7.5084863784582856, 12.776783656749629)]
[(6.3955937967734604, 6.9052643434949097, 11.938599936674171)]
[(3.9332963131771908, 5.615372440614296, 14.603803904383573)]
[(4.1843917429333555, 4.8856160205485235, 11.741713316708221)]
[(4.5818870782805554, 5.1630951098804845, 13.878215705982937)]
[(6.0685228890183378, 6.2560838019330127, 13.334284944358082)]
[(7.1138973250929887, 7.2453960587963655, 11.777497730123939)]
[(6.6856608758002354, 7.1282651237115413, 12.570692493054567)]
[(6.2129589787506578, 6.0523296480378521, 13.159574762681007)]
[(3.0561814784692363, 3.8436032152456217, 11.407587571195096)]
[(4.0345767529250729, 4.5674454094097863, 9.5149241798610475)]
[(6.2531755347917732, 5.744099700746415, 13.951900734407275)]
[(6.6444549048879198, 6.8336890802341115, 12.207087894256723)]
[(5.9814083770428006, 6.4013092885642155, 12.089354379373118)]
[(6.0591276470348614, 5.2695075446521535, 14.134729537734943)]
[(7.7859662162993679, 8.2363682168579224, 11.407257296030521)]
[(5.2219330656847918, 4.7737405068033398, 13.041624525844327)]
[(5.9487900054848692, 7.4533210931930318, 11.283932932554032)]
[(5.0055598973251074, 6.1126768444080213, 11.78849661396438)]
[(4.7607803532573572, 5.4407236675222395, 12.742814973467919)]
[(5.5945296846022803, 5.9992247632686428, 11.974388203114641)]
[(7.6609591349997928, 8.0154566348384364, 13.170879208906365)]
[(5.7818019368760112, 6.4639101902376606, 11.854569124817267)]
[(7.5387158159130667, 7.8740810281290239, 11.249845672953175)]
[(6.5007552162405791, 5.6488864627493323, 14.160495306063488)]
[(5.6112197765949521, 6.0369426879970725, 13.840061965872424)]
[(6.7555388455460159, 7.2475796368552405, 11.965845646812967)]
[(5.893240947792572, 6.3168144680536393, 13.587749398739723)]
[(6.1994753247499483, 6.5767991853119412, 11.310734626518794)]
[(7.9880952901201612, 8.3133253173739803, 11.696094925504077)]
[(7.2994388755015445, 7.9594947807836594, 12.16102605498449)]
[(6.6542786746525806, 6.9424069705486131, 12.248269436776802)]
[(5.8617864376906397, 5.6734766973834478, 13.702785933745783)]
[(6.0046038757708455, 5.4109383147554917, 12.491034865471756)]
[(6.1111456491552003, 4.49531372764101, 14.904350642776325)]
[(6.6370341251615201, 6.9938874925164667, 13.533151225830464)]
[(6.4302385828791104, 5.9452801012765759, 14.398521882008783)]
[(6.5165387712325717, 6.9949278230814658, 12.211175047998307)]
[(4.4294830055782173, 5.49522480126062, 10.795806163336781)]
[(7.4966545840213348, 7.0732796075207069, 13.332979399219793)]
[(5.3778132891545631, 5.2413271411869138, 13.463080493649379)]
[(5.2133307485009759, 5.1353604680560698, 14.956560214599243)]
[(6.8862733364862327, 6.8088473128779254, 12.429369135942698)]
[(5.9307884140537661, 5.7081703982066667, 11.166157637612397)]
[(6.6767893701690895, 7.4829558150269895, 12.722780057340444)]
[(7.0450839070573821, 7.6053626853366216, 12.501093769943834)]
[(8.8158828940233516, 9.3587108861873283, 11.170026093487426)]
[(4.9812765359156801, 6.2599850483896065, 11.21574508529528)]
[(6.8445593631748665, 7.4287017168435092, 11.99023617929636)]
[(6.3523346402023337, 5.9682189802373529, 14.267764711850898)]
[(4.9171616792041917, 5.0390820186542857, 12.273929909388771)]
[(4.9905134176954071, 6.2291535302821428, 11.593232716584607)]
[(7.3106334186714363, 7.5688320018261352, 11.973597227474153)]
[(6.4231991452738724, 6.965991700139389, 13.188362562723142)]
[(6.8680661622933155, 6.5727535980915706, 13.464213979768067)]
[(7.0618809554483786, 7.1748155135359228, 12.69891930036526)]
[(5.589349958080672, 5.1056838358976808, 12.401586290504222)]
[(5.2224918235365445, 5.3268665380563025, 13.54623060619582)]
[(7.2902523944676023, 7.5151872885153983, 11.659286379055271)]
[(7.4298323458836091, 8.5591238078363219, 11.747338882456521)]
