[(14.79127777064382, 6.8401198053498948, 14.604576569817315)]
[(15.220376789363108, 6.8524353636332895, 14.734888418667767)]
[(9.2934699708499711, 4.8782184123745465, 6.0503226259908338)]
[(14.402881690306492, 6.5659204102299995, 13.573536033586853)]
[(10.018082475695296, 6.6994253750117032, 8.7120449699751408)]
[(15.162486811656688, 7.0133028233504158, 14.257097498766445)]
[(15.425811120571959, 6.9837517110506946, 14.738014318947931)]
[(13.224718939859654, 5.4818203896059474, 13.217156891056007)]
[(12.976917447076699, 5.1927208697404694, 11.850220810200359)]
[(8.2647765833775324, 5.1181638848505395, 4.4802094403456092)]
[(12.341666558974779, 5.7386040676814201, 11.316105380625251)]
[(12.505034015442655, 4.7885062790639878, 11.394133507130181)]
[(14.740698184671553, 6.1594550101543106, 13.916223458703669)]
[(13.193472496038316, 7.0112176049299118, 12.767896326532021)]
[(13.6030094192063, 6.072620304762343, 13.140500972775779)]
[(6.3072487712700953, 14.029991526656497, 13.357842626955339)]
[(12.623019423679837, 5.3811147189995872, 11.675536678702729)]
[(14.537021677293886, 5.6373082418105058, 13.640264935617246)]
[(12.560355654706164, 6.0479664900974965, 11.94174274735146)]
[(10.925762577867625, 6.2381444328361182, 8.4383285066347824)]
[(9.3236639400023957, 5.6540613464970715, 5.8452339747593989)]
[(12.156618851135097, 5.7006789235972049, 9.9824869931045548)]
[(10.169962239408459, 4.9229228783059114, 7.6576319341795749)]
[(9.5168556718978685, 6.1138025095552511, 9.0923971196768889)]
[(11.111287751949687, 6.2681485037663078, 8.7775428676091583)]
[(12.262557512293371, 5.1365993150349594, 11.710678022456062)]
[(9.874633099761212, 6.2888742697526219, 9.0831045059482385)]
[(12.744244189887167, 5.6435651963807922, 11.503474120380604)]
[(11.996752257660177, 4.8030269152192027, 11.56736264546651)]
[(11.995547053472036, 5.824416998121225, 12.804749965335477)]
[(13.280105204916012, 5.613450434960173, 11.70020563662951)]
[(13.958210234400822, 4.7963078596528295, 12.326299467609717)]
[(14.539135796805487, 6.01783747697033, 13.745283635144306)]
[(12.644693901967322, 4.7205912642302721, 12.139475832681581)]
[(11.530497946130694, 4.3821478584985876, 10.803639996176232)]
[(10.329472457230125, 7.0620276709412737, 9.0925714473001946)]
[(13.425780144733881, 5.4427347702457203, 10.903537564986749)]
[(10.570665159720084, 4.6964158046412283, 6.1442360835109984)]
[(12.18008664316813, 5.4267905425637224, 11.974515452901803)]
[(11.903251988232329, 4.758901611013453, 11.667110274874386)]
[(13.258219612923211, 6.3581933585813024, 11.839210061306559)]
[(11.918203027448561, 6.376437964455592, 12.906669578196931)]
[(13.250985944960432, 4.9165046490706654, 13.466558056876147)]
[(12.453275720117682, 5.9633583775818009, 11.336103335314691)]
[(13.677147812003385, 5.9815503241403674, 13.845817866175388)]
[(10.2797343917718, 6.9018805223242774, 8.7071511666305845)]
[(10.34828209420156, 6.9590272286298909, 8.658593657051302)]
[(10.922317783644267, 6.2830149968304969, 8.5848255750635012)]
[(12.525605671337438, 4.9037323585219861, 11.912312879289018)]
[(15.363935468390373, 5.4632652982292855, 12.400279751421957)]
[(9.9102881143881874, 6.1613624857031217, 9.3122375479835782)]
[(14.008925882047398, 6.6403493418652877, 13.434833071953003)]
[(11.407091017358406, 7.3803496853637771, 11.92837587411822)]
[(11.68023418368662, 5.4621098739330129, 11.262103897841136)]
[(10.354055039304351, 6.8640304117043751, 8.8964840805749485)]
[(10.440785492202547, 7.3508008699270757, 12.210560549940158)]
[(10.072382995025343, 6.9274012334636987, 7.9391684662952162)]
[(15.349056561493525, 5.9960177759928479, 14.66970226199661)]
[(12.594889979802923, 5.2106284325802417, 12.539949362263986)]
[(13.321089618966996, 5.3824829402981509, 13.007322713150069)]
[(14.606222662238775, 5.8017023352233963, 12.796704681944897)]
[(12.842646741206437, 5.2295275290547822, 12.148677224462988)]
[(10.153249993750171, 6.0808049941221887, 8.7696356293573441)]
[(9.5883529965791094, 5.0767342721641633, 11.420946198263824)]
[(13.248838126839505, 4.5408225860083089, 13.028135548111308)]
[(10.558016870193317, 6.6695885717324712, 8.5515859563664129)]
[(13.903876373451157, 4.7890337404861238, 13.414546333335174)]
[(14.343837209680109, 5.7280948981328512, 13.00780169733382)]
[(10.82591056518822, 6.0875015183048617, 8.4284821232919107)]
[(13.8561838035906, 6.1330236052426841, 12.489951172304439)]
[(9.7856694514940745, 4.7772054394071901, 10.276907381077157)]
[(10.850664409175822, 6.0717010769805739, 8.3609464461427461)]
[(14.771762571858897, 5.7681833249592467, 13.776181031451411)]
[(9.8196898748128074, 5.9879996732972156, 9.4621677661941046)]
[(11.90523204349369, 6.5651650521926994, 12.751374311357134)]
[(10.123041523874919, 6.863181542915755, 8.7526415552282497)]
[(16.370942601565282, 6.9954439834978324, 14.980954592123021)]
[(9.7449716979947212, 6.1371155810290166, 8.9832615411685612)]
[(12.527692411140704, 6.3436668445422981, 10.967625745077726)]
[(14.326161662609355, 5.4850359542792537, 13.20337573918442)]
[(13.947775233342213, 5.5415962823349023, 13.134376590292883)]
[(12.267296527395565, 4.4601364265347261, 11.558435104712714)]
[(8.1077504014786577, 11.982625596130546, 13.742980441577542)]
[(14.227144517184867, 7.7676097900975982, 15.505924508451244)]
[(12.611193365288157, 4.4565400734283331, 11.679351302857231)]
[(12.321894314104894, 4.8635722916560251, 11.680603375690326)]
[(16.640445024701972, 8.0135046460555905, 11.060719468206692)]
[(14.574071633919548, 5.4362790741973068, 14.171109019007332)]
[(12.399935598564433, 4.6489374702569446, 12.392739350218271)]
[(13.957945054776021, 6.1777861457574081, 12.80131155052768)]
[(16.111243001665041, 7.9488287220034382, 10.974947851772958)]
[(12.718081085295339, 5.7905171166387683, 12.534668892712125)]
[(12.65583193956815, 5.6545499160039832, 11.613231890260991)]
[(13.882314076461389, 7.0542429408459801, 14.021889692601016)]
[(13.78390620971636, 6.4048562050125968, 12.844969384172362)]
[(14.063474035027756, 6.3093718110148966, 14.164375406530748)]
[(11.80761647068308, 5.1081798788333579, 12.735288413222451)]
[(12.256049357251806, 5.1811721162058264, 11.799776368485261)]
[(8.9200638551653029, 5.4810623303617589, 7.2958644277794189)]
[(13.239909636626274, 5.4079220271525141, 12.295620115124796)]
[(14.191966035500698, 6.0782291305972072, 13.076333351197309)]
[(10.658081084451938, 6.9148454748482617, 8.1910598577336255)]
[(13.51995942120675, 5.626960398995692, 12.349355857844895)]
[(12.789381009096966, 4.29844536108412, 11.402588075035146)]
[(9.6717092037412939, 5.4801331707018459, 6.1177091260257885)]
[(12.765568642089637, 5.9075195494573149, 11.652952455768382)]
[(9.8874700759144982, 5.7250604473932443, 6.4019717292661777)]
[(13.100881391402625, 5.7994789400789646, 13.190405535316089)]
[(14.582773046111029, 5.9244638919150061, 13.557241861425492)]
[(16.295915908675934, 6.5214690511328683, 15.096729884778362)]
[(14.979487159503195, 7.0483733190876281, 15.0303166239375)]
[(10.240970549013642, 6.7473014675048866, 8.7897746929019913)]
[(9.7962426575317227, 6.2093171400306808, 9.0499114629632373)]
[(8.9287999237985662, 4.7493503221852542, 4.4899216042550965)]
[(12.197281474927035, 5.6119309016876917, 10.893159033996115)]
[(15.314030813640892, 3.1175389173801675, 11.435759386249304)]
[(13.694127136717663, 5.0763459638860207, 12.595229201516975)]
[(12.382802921084609, 6.4685984505774519, 12.39920603324985)]
[(16.357040788319551, 2.5199127988972143, 10.702777905953686)]
[(8.5742780812359385, 5.3111119231285473, 6.9102775964856722)]
[(14.574784040137933, 7.110223230954519, 14.135543990238299)]
[(10.531051311258592, 6.643809425242476, 8.3104485028643609)]
[(14.937568978677268, 6.7749818860733377, 14.633567719146544)]
[(13.532147979119456, 5.2812198275416629, 11.983147165400876)]
[(12.765059804987382, 6.0184787482914723, 11.172154000501134)]
[(15.139166688091859, 7.0651071555370821, 14.38361200646616)]
[(16.112416596398809, 7.5326753480838118, 15.323164870674006)]
[(12.715622033966055, 4.7359544643080795, 11.850283912851674)]
[(10.351246599915203, 6.415256605875884, 9.5234182644956427)]
[(12.767919491193155, 5.9118883309641266, 12.600136019474235)]
[(11.106654680698654, 6.0792251720139943, 8.6478588650484287)]
[(15.094666823692823, 6.2180418819944503, 14.539529714167989)]
[(11.681903429938103, 6.2280097811075041, 10.178878689410425)]
[(14.861610023344873, 6.1666229980851703, 14.063328300627827)]
[(10.919054432981554, 6.2790423379761267, 8.6118044285474991)]
[(10.074886846796639, 5.4099381839598459, 11.340754321628273)]
[(12.178607490954478, 4.6072626671588681, 11.714395307436984)]
[(10.384888001885878, 6.4658877752302537, 8.5327661467325999)]
[(11.831076314436958, 5.0921477692076431, 11.6104837192093)]
[(12.797098909678603, 5.6417564084575238, 12.170062448047528)]
[(10.961927822439046, 9.3331461153878141, 13.965297972880657)]
[(13.830629367080226, 6.36434409424061, 12.998011107805159)]
[(12.614682275006345, 4.0899502054295738, 10.766712096407014)]
[(13.145023434387372, 6.0071094620776027, 13.008083409957193)]
[(11.997447471574739, 5.8058869374992472, 10.588592053751505)]
[(14.158041319762676, 6.0439173922343867, 13.500847501111098)]
[(9.7922994051401364, 6.0803845716036902, 8.9727910458551055)]
[(8.8509981021030253, 5.6488455810584428, 4.3558604058124448)]
[(9.7114842200755493, 5.2673260144894964, 6.2431505035193577)]
[(14.727428914950098, 6.8653029856144823, 14.659311340103553)]
[(9.8070111668513409, 5.6868633506985269, 6.5888183882758451)]
[(13.37220855807626, 6.4894589999896137, 12.901923071328211)]
[(11.904330105833438, 5.2412581500574502, 12.134418738215306)]
[(15.318984553247098, 6.9280797282547342, 14.156984806120674)]
[(9.6928738751337704, 6.203142381469382, 8.9836858192974915)]
[(10.7125625942362, 7.0360189014035219, 7.5692813906289498)]
[(10.527118949650522, 4.6720874079613068, 9.070152085720169)]
[(13.885310640301899, 5.3043665951108796, 13.436544140938699)]
[(13.846149510475547, 6.056939748634611, 13.980226417872448)]
[(14.419134451426414, 5.9562522919982399, 12.522088035703)]
[(10.945424450695924, 6.2121218246693122, 8.5019191898625692)]
[(10.199222786861647, 6.126158427610001, 8.6551272076901196)]
[(12.345340912520316, 6.1443621072463444, 11.826255947332823)]
[(13.997039032060519, 6.0850091960351111, 13.034180734025085)]
[(14.428464626871554, 5.9489847796322159, 13.19379367275752)]
[(10.626276204451562, 5.978276197307177, 7.7762323492726466)]
[(14.157181788360591, 4.7789216942046071, 13.079935352040382)]
[(13.253917026886494, 4.9206879391621143, 12.949304503221063)]
[(11.460592933799649, 4.9482843959223448, 10.385540349133981)]
[(11.487394233916552, 4.2724308830056845, 9.6374322197653708)]
[(14.856435250800923, 6.653624307425078, 13.508936332311462)]
[(11.572022521078884, 5.4432716617143946, 11.950936096242003)]
[(13.917171219770273, 5.1863255592237509, 12.389299022664755)]
[(17.959576619048544, 7.619529722268231, 10.154680296983612)]
[(12.194863153382013, 6.8518931515979604, 12.487377217681475)]
[(15.128034057059461, 7.1110432035472435, 14.686771703985968)]
[(13.306692047118089, 6.0871150526416242, 12.556182783759738)]
[(11.770033927996739, 6.5297907028084792, 11.067068230322826)]
[(7.8525322890744391, 5.4235596605996488, 3.911809895235995)]
[(17.687847137586761, 7.6324341508672555, 9.9528847740065096)]
[(13.878959348539512, 5.1007155041791465, 13.066830065043668)]
[(16.405467318411368, 4.5785733796521875, 10.516007733897181)]
[(11.651669397246321, 4.8093667132194344, 11.237399096035395)]
[(8.866944993549513, 4.6480842701766711, 4.9367000723703844)]
[(9.9292167766045569, 4.6423588691161948, 7.1653175085388519)]
[(11.304800056101676, 5.2304849604790125, 11.204163528937922)]
[(14.005194043115155, 5.919226072562731, 13.7209896320652)]
[(13.721538317755542, 5.1673911323033765, 12.927305606231664)]
[(12.212137894184487, 5.4578637438681001, 12.395713804209274)]
[(9.7792039206561796, 6.0929801347341748, 9.0083670646219325)]
[(11.420432092070575, 5.6804195267295023, 11.157609609794934)]
[(13.551106379360151, 6.1227404077949537, 14.059638785498613)]
[(11.567524177131224, 4.1588479553778566, 9.7333506906856329)]
[(11.636391220677263, 5.4602678253209955, 11.1817170656296)]
[(13.125984351548293, 5.7282470025183576, 12.270670964795555)]
[(11.023768527031526, 5.192349152252258, 11.747660227100468)]
[(13.354707212569727, 5.6576754230548998, 13.554663142829295)]
[(10.35019331765044, 5.3140960702619466, 11.525349648550547)]
[(10.962819866275833, 6.2907960438943027, 8.6438836296279664)]
[(13.787950874222675, 6.7957112294568285, 13.045107041105616)]
[(14.025944791427733, 6.6760251978157354, 13.871111177492214)]
[(16.313044935042825, 7.3383171785143047, 15.894373033645522)]
[(12.354731829538087, 4.6512343532683502, 11.74052546494846)]
[(15.475165309056335, 6.3548054309915791, 14.167136458933804)]
[(13.983501704409196, 6.4892230123722836, 13.004154111655792)]
[(13.786872085806676, 7.0327386479926606, 14.244132277120981)]
[(12.326596962029511, 6.2235673209545475, 11.424721474832861)]
[(10.297393232323827, 5.2245544178785721, 7.5067153354405605)]
[(14.332175144820916, 6.4070632269121468, 14.088080981068297)]
[(10.374094344256939, 6.659985422231478, 8.7968397485525482)]
[(12.852137571709481, 4.8155503327437437, 11.8123566584065)]
[(10.520852264637977, 6.6857153756489831, 8.5008783331827704)]
[(14.608575010456322, 5.6311662759000392, 13.738213745313614)]
[(13.17317565931833, 5.0574124887061398, 11.70105469069593)]
[(10.7936096908777, 6.8378419980851248, 11.480312237261263)]
[(15.607425509430819, 7.5459469074389451, 16.042053946023142)]
[(14.585215769728558, 5.8604016220839545, 14.182422949446819)]
[(15.277706525718392, 6.5678150341125328, 14.398086882608686)]
[(14.824311356231947, 7.0367063494657627, 13.476467390713704)]
[(9.0851831621244941, 5.6782674423721682, 4.9613184883344985)]
[(14.659888846556941, 7.6799753525401293, 15.856061321044452)]
[(14.280774911423489, 6.7956991554627049, 12.166570001158654)]
[(14.991227196556601, 7.497383064112487, 14.096297983730519)]
[(11.865165778955539, 6.2237517758658143, 12.329496976145336)]
[(14.365202056242044, 5.8163073069602813, 13.383800714047796)]
[(13.920852735623884, 6.0074075526917285, 13.627787192753622)]
[(9.8061406674693803, 4.9728981216769501, 8.2049685101161689)]
[(12.848453877917615, 6.1269203909663235, 12.561873782401387)]
[(13.436681265717462, 5.8008857888724767, 12.914446131913669)]
[(9.700267540310108, 6.1514287327830859, 8.9090577446085195)]
[(14.988503658376874, 6.8316884195031493, 13.758573161072484)]
[(9.4898873593248982, 4.3373076782114026, 10.978387459017798)]
[(12.812044077919293, 5.102601895777001, 12.283742249306103)]
[(11.048682860459495, 4.6681822134998843, 11.109159371253254)]
[(10.734558183453624, 6.2732005808770079, 8.5104380729685545)]
[(11.318772558438965, 5.7400451114857258, 9.7678240593186363)]
[(12.064056314687576, 5.9666897772476046, 12.602996971241417)]
[(10.873627566723375, 6.2298170546609022, 8.492565912448736)]
[(14.480128778295954, 5.0708878480245883, 13.156635478815662)]
[(16.320253915788829, 7.2866577585134884, 16.143261443572282)]
[(14.601258688050152, 6.5609905989065211, 13.755784648680587)]
[(14.783561072379136, 7.0573214871597152, 14.473635973008644)]
[(13.756628081753925, 7.171466671782901, 13.296225791147428)]
[(11.586808694907928, 4.8557798737824172, 10.991940636606119)]
[(15.347465068677183, 6.7724317991694631, 14.200523837350815)]
[(14.281340155808374, 5.804921322693569, 13.10102865297578)]
[(10.588053073840031, 6.5994772672596227, 8.4735727106764305)]
[(15.204750233767095, 5.5343295237882462, 14.89024186334354)]
[(15.680629904290708, 6.8718044647688128, 15.320200135125475)]
[(13.524283529445785, 5.3757750872392238, 12.470822098770656)]
[(11.020429807835859, 6.1196953693988219, 8.4991862729895864)]
[(10.084828352387222, 5.4554907612726229, 11.475295536759763)]
[(9.7380547041039218, 4.9158602683157477, 6.2895370143149183)]
[(14.155120993393458, 5.1441605951703142, 12.32111631004174)]
[(11.426870785989745, 5.4541485432941297, 10.006602019136633)]
[(12.916900765403737, 5.0049158066089205, 11.560051683045504)]
[(15.870775401603524, 7.4051247019515909, 14.075008611255885)]
[(8.9721936698237954, 4.8610322404017747, 5.6791062138209227)]
[(14.568333432372688, 7.6360678563525166, 15.439115244287249)]
[(11.285274581282183, 4.8960570122994005, 10.772079842513705)]
[(9.4365583758855358, 2.789705812850154, 7.3438514866140352)]
[(15.185598570566009, 8.9116944969644809, 14.983192902576569)]
[(10.225542998048098, 4.8697479207500161, 7.7317588788717746)]
[(12.782436579936904, 5.7602975208610543, 11.605907843015363)]
[(10.934305590498205, 6.2660348095574099, 8.5441951440349264)]
[(13.246644318638676, 7.0999362613708268, 13.135628920979228)]
[(13.883496280955406, 5.9531361101446283, 12.961053384143394)]
[(14.638986499542101, 5.9161927958686835, 14.61826388125467)]
[(9.8286340624235198, 6.2340448642344404, 8.9541537698080287)]
[(10.394693119488204, 7.130418587399098, 8.0431900709128676)]
[(14.643326368732767, 6.4443694853739624, 14.813619946464256)]
[(14.101723727389672, 6.7238410669634376, 12.495638930315266)]
[(14.905791702661853, 7.0688007513086433, 14.21587935592013)]
[(16.23145163556735, 8.0372206785079356, 15.538173199728101)]
[(9.5008442895744469, 5.5754287627998025, 5.9908574002263251)]
[(14.685500976372539, 4.833168143854282, 13.642029680741475)]
[(11.440927658170541, 4.9596500392080429, 10.82971131324485)]
[(9.5141684007452128, 4.7502002491029049, 10.805760731243657)]
[(13.836774582741052, 6.9949103651344666, 13.608783062338054)]
[(12.168563967518192, 5.2494092978238056, 11.660335690543361)]
[(15.130494872507578, 6.9884859417595306, 13.264548865260924)]
[(16.536063074309148, 8.068370045876712, 16.832566007985239)]
[(9.514531159114151, 5.1125489800222139, 10.976711691479593)]
[(14.667144709310737, 4.3207953655633462, 11.335884579590482)]
[(13.28921317487575, 5.3946996165019092, 13.007003020722079)]
[(13.691944866410228, 5.2372632714298346, 11.867803107960388)]
[(14.121107442162822, 5.0162551287715473, 12.879860437668819)]
[(11.766001493304973, 4.7601200634469301, 12.358857802648474)]
[(9.9116975645896783, 7.3687681902413447, 8.1879261931583276)]
[(9.0073745794437485, 5.554536010853127, 4.4309433544816184)]
[(13.148006858159832, 5.3804394288724495, 13.25941825046498)]
[(9.8550494038957606, 6.1938337586245673, 9.1115168809907683)]
[(12.713902375463869, 4.9476452543136773, 11.823650587343257)]
[(12.366857820876875, 5.1846423191470477, 10.678285152810032)]
[(14.813376272851611, 2.8459134115693496, 11.796033905557239)]
[(10.197861690269708, 7.1303518188463668, 8.7447160573554559)]
[(9.9725174723431049, 4.4658385141305619, 10.226812499068348)]
[(15.977020239643849, 7.5191383873663522, 15.29523872455057)]
[(10.45361932929128, 6.1957759365284595, 8.7889592725946422)]
[(12.424636112893419, 4.5069714972907953, 11.0313373340936)]
[(15.551195547713904, 7.5608716959239803, 13.825381041088125)]
[(9.7155322687971619, 6.1921891725864899, 8.904098374902615)]
[(9.7488297709237184, 6.1958504737150308, 8.9032735693932299)]
[(16.022526431290132, 5.5218800523154616, 13.178459090204708)]
[(14.419048206890455, 6.9136447112951762, 15.015605037027282)]
[(10.213794883786671, 4.4686852741889025, 6.1342768633527704)]
[(15.406927796160764, 5.7581903467461855, 13.791350211322715)]
[(12.206231143364194, 4.7181462747427432, 12.728609711472636)]
[(14.564833499756814, 6.7218011777599989, 13.701631037855909)]
[(14.684204981382429, 5.4317183455372602, 13.454166925950474)]
[(14.17167389444973, 5.7449701138683729, 13.69717801447767)]
[(12.318496382447996, 4.9262997469490521, 12.127095888047833)]
[(14.261993261951625, 4.3868772467303296, 13.474465011008542)]
[(9.9878420973152782, 6.831463934626524, 8.1609630131316049)]
[(6.3097547681822457, 9.5479597120020827, 9.1842430073745405)]
[(14.474282065763621, 6.0686955577199821, 13.055819252218338)]
[(11.550132310521853, 4.1891841412011139, 11.941614746929449)]
[(15.279611512567511, 6.6883823434387297, 14.865114578627583)]
[(9.2718559037336856, 4.5642605989493106, 6.6004318308474907)]
[(12.98391697169183, 6.1466393544800306, 11.327595111539445)]
[(12.377960580417245, 5.5317190925215236, 10.469193650906711)]
[(10.8370041216566, 6.1926405767245134, 8.4484702571313157)]
[(12.236200128195055, 5.479466787162397, 10.433826080492491)]
[(13.742066327136895, 5.5995940391856491, 12.279466314268747)]
[(9.5175084527771912, 6.011704973300577, 5.3450362511914609)]
[(13.687245720348839, 4.8723171385655588, 12.723006527640656)]
[(8.3166617785128238, 9.5936957514904364, 12.278827683202248)]
[(10.860433625345234, 6.2204091656371245, 8.5337064507496727)]
[(15.53375534720416, 7.0604481313807579, 14.269916495512719)]
[(13.276331959872968, 5.2800537914857921, 12.322140241612155)]
[(12.638505730452055, 5.9332414915745497, 12.162910886649295)]
[(14.843539083294838, 5.6396920833438315, 13.908080002405079)]
[(11.610248340947628, 4.5715443331710093, 11.735541688548274)]
[(10.034898712174781, 6.0246194493227501, 7.2792353809266892)]
[(10.383803740160818, 6.8459391066287889, 8.6748077256423262)]
[(12.357619779971978, 6.0150556825601642, 11.591053432380104)]
[(10.299594360979468, 6.8758951070883105, 8.7158937569142676)]
[(9.7422549450475522, 7.1654571549402384, 8.3319292726773)]
[(9.8877157761008547, 6.2678877317367805, 8.9923261393937786)]
[(15.629042985217016, 6.6995662689098952, 14.363997973901297)]
[(8.6639419955588721, 2.8120336742223584, 9.7075712911334211)]
[(12.916435130477804, 4.3397991588191509, 11.669460889393271)]
[(13.811929920947895, 5.8847720946074382, 13.327970996696118)]
[(6.7802689785060632, 13.296329614743264, 13.455807101669125)]
[(10.189586226190229, 5.632738642434453, 11.497819552155837)]
[(17.407142889480308, 10.12440492035301, 14.639155219288844)]
[(13.447615895077167, 5.3853531466725757, 13.204363736444083)]
[(14.574939044079551, 5.9797268443849596, 13.57930250390201)]
[(14.500779279335132, 5.7985738275407739, 14.346245419218402)]
[(12.811286022051631, 4.5117956974991422, 12.350274382516847)]
[(14.867926398158282, 6.9113756700523412, 14.364276343721631)]
[(9.5505932927574868, 9.2451245828956665, 12.017642959379815)]
[(13.077571732429215, 5.3863880087267644, 12.828012954125414)]
[(11.793793485974907, 6.2693402654241313, 10.599067096055721)]
[(13.9727317293419, 6.0201528972428937, 13.268362465900706)]
[(15.056810976157715, 6.1190286979848247, 13.415147053447082)]
[(11.680286218966833, 5.4600805841534603, 12.677673859063853)]
[(14.324037636235207, 5.8953073669998997, 13.286023636929176)]
[(10.292640433662251, 6.8929581094806762, 8.740348033982329)]
[(11.959793254664982, 6.9039006891091699, 13.241646488037283)]
[(13.780972956702556, 5.4422053520548772, 12.929828579766658)]
[(14.517346865836345, 4.9827917628442968, 12.707979934378047)]
[(14.318754241374025, 7.2674293447670015, 13.381760549781204)]
[(12.710955410209881, 5.634607089830741, 12.87740880825141)]
[(15.580477927944953, 6.5912383150858869, 14.578775670230034)]
[(12.205449804853126, 5.350287048832512, 12.708068664306953)]
[(12.512551528892168, 5.0218507007201412, 10.849673813628932)]
[(13.309182893877542, 6.2129382224566836, 11.831706475159082)]
[(13.921276814619613, 6.7160648493033426, 14.013022044519159)]
[(9.6357629569423224, 6.1294288315119925, 8.7500156971604799)]
[(10.217626830029015, 6.6468040578488852, 8.9894217960325022)]
[(10.911798899926167, 6.3170169782377723, 9.9973446424621351)]
[(12.554833458281452, 4.9596678726516803, 12.180514902078098)]
[(14.509087701630023, 5.6178640931409722, 13.529318325522604)]
[(11.843318344511198, 5.0694332139691411, 11.784153561334557)]
[(14.083392576604179, 5.3255849596177924, 13.367418277746557)]
[(10.631492962281802, 3.6582665698056838, 10.986891224314249)]
[(11.996905725341533, 6.3788331363395931, 10.526977998988347)]
[(13.657272807231932, 6.5675399034500987, 12.199629093985914)]
[(13.46799190538955, 6.8551580175124585, 11.990460323980287)]
[(10.978940320784297, 4.9467097113924012, 11.716788550840301)]
[(9.3367361344411268, 3.6195657383706843, 6.9520477988932736)]
[(14.514382063687773, 7.0875599020698319, 14.142572945621882)]
[(11.120641912574163, 5.6691984857632214, 10.309603880093885)]
[(9.3691126039296169, 5.5037911526407104, 5.4116940240118403)]
[(14.355753146062531, 6.8014306782882121, 13.637260089529006)]
[(10.108067059668507, 7.1803389388833923, 8.8566130191015962)]
[(12.881061084720448, 3.9501412940935974, 12.465835613430896)]
[(13.068353656818935, 5.0711801390090097, 12.494670349562128)]
[(13.917555890712118, 6.0573966687055902, 13.591262423076593)]
[(11.705389950276768, 5.1289212548635703, 11.822936434925756)]
[(14.316012758558383, 7.3289120904893732, 13.745027439169588)]
[(9.7152758996937632, 6.1898397220464787, 8.8411394752100581)]
[(15.512762963567072, 6.6445795320676018, 14.349591230328965)]
[(15.047315980612424, 6.8980055662930226, 14.405790484262578)]
[(13.480128996629508, 7.3169398842967013, 12.183780092320003)]
[(10.006398107081031, 5.1680382970725987, 7.2609637878366566)]
[(16.419097386523553, 7.9324078494600982, 11.044149707452004)]
[(10.599552693923066, 5.1360563941905522, 9.2936893348279312)]
[(10.225247979378347, 5.1825128388249322, 10.7983021592807)]
[(9.0979590110247699, 4.6262241164963873, 6.1491496320608796)]
[(7.1550851704678768, 13.895521368484921, 13.933825761749361)]
[(13.753309930454346, 4.6873354717007665, 12.281244026517744)]
[(15.488660491100909, 4.9880205933016608, 13.622758126290767)]
[(14.601085396245399, 4.1634901529840818, 12.360547521294418)]
[(14.843967698358496, 6.4537192809278805, 14.064331479484682)]
[(13.292990177804489, 6.0971708138003402, 12.028323099854097)]
[(15.168927232726702, 6.5111440937541056, 14.294924821345914)]
[(13.885299562424381, 6.3966859668816971, 13.3679302585412)]
[(14.735390006946366, 5.5573941217182972, 13.318123612799903)]
[(8.7290653140970598, 5.6142253990100688, 4.2975383555542699)]
[(12.608905754855712, 5.1666202288002205, 10.704980519746211)]
[(12.176153553330263, 4.7493172812222149, 12.017981873107827)]
[(12.361776789896766, 5.1987519826442767, 10.303049493058387)]
[(12.029321987571977, 4.6246646723870519, 11.734140529584412)]
[(10.188675307140516, 6.1556232970520304, 8.6906736575217316)]
[(18.01608451043165, 7.6038746223883589, 10.159477119724043)]
[(7.097437516448295, 3.2299696345455509, 9.0868779353732627)]
[(13.548904310081047, 6.5253853009030305, 13.884284518259298)]
[(9.2207255954694602, 4.7845075192530722, 6.7031707606046442)]
[(10.217748869997296, 6.1255796950597219, 8.6910525499415261)]
[(9.3659984522602837, 5.6934946817687404, 5.6599458590824483)]
[(15.322235119243967, 6.7048288812587247, 13.632373240979105)]
[(13.897542556458871, 5.5858011215620227, 13.029569722634314)]
[(10.974544028480885, 6.3056813294166192, 9.0362122574859249)]
[(13.878137913899986, 5.8395561635023219, 13.64694220243339)]
[(9.5688638381541153, 5.8534048606319731, 5.7294618876140024)]
[(13.621648117120722, 6.189242814370786, 12.394833554477348)]
[(11.581994261465368, 5.0176318110923619, 11.885568058723988)]
[(11.650622486716408, 4.9075897715054104, 11.565847714076014)]
[(11.898086264184146, 6.5603649653408658, 12.231931804474824)]
[(11.717749671732593, 6.8267556826652038, 9.9707740245647223)]
[(15.348847531513341, 7.1936467352634974, 13.950848238576331)]
[(11.319689228578635, 5.8069869892103823, 8.4996592354071883)]
[(13.049018263219157, 5.9179079068551133, 11.946576227202446)]
[(13.60651323292808, 5.9196696408797802, 12.600541907590165)]
[(12.901444987885757, 5.9683778702731223, 12.609616236583644)]
[(10.869796004904876, 6.1673763341685905, 8.6093391879651477)]
[(12.137075412542169, 6.7700971816993407, 11.523009833413697)]
[(13.310630537451775, 6.2535454668554236, 12.118923508176293)]
[(15.95040617780468, 5.6275408902877899, 15.240287750285267)]
[(13.147009517644369, 4.3644460155308673, 12.334929904974745)]
[(14.419546471156522, 5.9216179442792898, 12.938460623150812)]
[(12.343515281991687, 4.5481127154530956, 12.223905910289266)]
[(12.634142387283863, 6.3634463023102921, 12.4130042945957)]
[(10.78242927496259, 6.1608160620916097, 8.4175591975978978)]
[(11.481272363385786, 5.9246141527140139, 10.864102827238311)]
[(15.116341578357213, 5.0179611594206976, 13.107252775620307)]
[(9.4179112855015781, 5.2130543951811834, 6.416491995990615)]
[(14.707888041665973, 6.3965599255009264, 14.322981801107302)]
[(16.513174036623056, 6.2851553129676416, 14.85342095378615)]
[(13.372850689025423, 6.9634918588032368, 13.347423878329998)]
[(14.545657581305294, 7.8817458689127005, 14.416031692129538)]
[(10.628497432122687, 6.2240562921946889, 11.441368386436963)]
[(13.038051244606532, 5.1311248643812624, 12.243919534742815)]
[(17.051551544343834, 8.1161410524770847, 11.601289018753414)]
[(12.868550282880106, 4.9737475127871225, 12.576609361760411)]
[(13.406022647920532, 5.6495517568046854, 12.239381616671116)]
[(10.597443817003724, 5.7093822164689652, 11.678778292874252)]
[(14.744630892651038, 7.0240819323417458, 14.087162643860966)]
[(16.890460706035604, 8.1024521202795086, 11.07139838765174)]
[(14.610430324023184, 6.5643039748290954, 13.657192272217628)]
[(12.187177816593469, 4.734163483757408, 12.451511443034979)]
[(12.868999340602231, 5.0659995719107922, 11.568026065337362)]
[(9.7004724551177297, 6.9607276165183016, 8.2574847954033501)]
[(14.42261984703784, 6.268720258988929, 13.314863511154359)]
[(12.21067447983128, 4.9377827901380407, 11.158029132133116)]
[(11.369509708154514, 5.5322711021067246, 9.4191488649953854)]
[(12.849622058035882, 6.3654326126167371, 12.987589422879376)]
[(15.252074114634196, 6.2867727783946039, 14.980876460176288)]
[(14.701544898389994, 5.2061606454300371, 12.112141889447784)]
[(10.288870021452762, 6.1671292878106367, 8.6846825087010426)]
[(10.711096485476176, 6.6840607341494414, 8.6611072088016545)]
[(12.779314608033072, 3.7641559736592027, 12.480539107336744)]
[(10.693823374761584, 6.6456125936210597, 8.5670774947550985)]
[(11.137556658169395, 6.2205924272810638, 8.7686409641769583)]
[(13.263328344653253, 4.2021514767702977, 12.020381881155624)]
[(10.874024312174454, 6.2840155123621955, 8.4334782950979168)]
[(15.885478434642451, 7.7702393834522363, 15.289247661157278)]
[(15.885447959919759, 7.762393381081325, 14.990239952595006)]
[(11.745301733603831, 5.3202147123534855, 10.512365074378495)]
[(11.340023435883102, 5.1635394640925982, 10.685953563620458)]
[(12.34253676897888, 3.8185083298350908, 12.696901008692187)]
[(7.1272404284762292, 10.681346421599512, 9.3678814149819054)]
[(15.644999890554704, 6.3242806384996326, 13.747745433720576)]
[(12.005900413859312, 7.3609362655040353, 12.419680506977107)]
[(9.0791906130465314, 5.5495693029229631, 4.9513228767642685)]
[(15.394186720090421, 5.5575252101067152, 13.511001289640417)]
[(12.744722024729857, 4.3916865476006555, 12.245287519010954)]
[(14.275801159547738, 5.5698682015735184, 12.291785452852798)]
[(14.089211213061585, 7.2969805447658036, 13.747451020098516)]
[(14.354456105287881, 7.5890603006815285, 13.591267312461392)]
[(15.575843165141407, 5.5480531250989156, 13.963534298117318)]
[(14.325925266748653, 6.2612855347563574, 13.806829795477563)]
[(14.349266243163541, 7.2921144164739449, 14.912008400604055)]
[(10.339187233525852, 7.11146191359129, 8.0333004321945172)]
[(15.990251568715403, 7.1068303456377624, 15.959224665369934)]
[(10.346162495577811, 7.1248818773951541, 9.0094073835341746)]
[(10.840505094868973, 6.119050100463717, 8.3940719792904819)]
[(12.768885358753449, 4.9435807785423407, 11.593469328974367)]
[(10.386582981984434, 5.7728272693370934, 11.436271630129848)]
[(10.041698389921253, 6.1886509622610255, 9.1605302504574286)]
[(10.724731067055806, 3.8708537647664749, 10.911360199147669)]
[(13.275285295119172, 5.8746284899065744, 13.050675453380748)]
[(10.419504031813471, 7.2291080922608071, 8.0924891228286953)]
[(15.09495632479536, 5.2349134221448015, 13.12094896995562)]
[(13.291830162912259, 5.5926320869730679, 12.549869664816732)]
[(10.857957305856987, 6.2022935915327215, 8.4378371242975589)]
[(9.9100471513929076, 6.2735750733485842, 9.1759203418661919)]
[(10.27293150465178, 6.9199758677382333, 8.7732292221404169)]
[(10.797211481371571, 6.2120304179465977, 8.3950450374517835)]
[(12.894268788987629, 4.7310734028772057, 11.677705584255206)]
[(11.805725519223961, 7.689234330960792, 12.709346627282221)]
[(15.463212772465356, 5.7678508872943217, 13.968530932568747)]
[(14.101095954010843, 5.2869818588394821, 12.78781948057442)]
[(15.050802854145092, 6.0632439809562619, 14.137901922222797)]
[(15.409526434633438, 6.9450420267245452, 14.988066553973701)]
[(13.087748333463772, 6.9650768345840595, 9.9113278475981499)]
[(12.310580940230233, 5.8854175736058085, 12.198266048931556)]
[(16.154399441650966, 7.1313582799069133, 14.793451910862249)]
[(8.6354542660738183, 5.6411682360286521, 4.2507886761932063)]
[(9.12327355354536, 5.4838592672136164, 11.477820753226567)]
[(15.70665022397084, 6.3528087881039692, 15.111827792170725)]
[(13.166981097703006, 6.4071944310705851, 12.023007881165087)]
[(12.538384027574498, 5.7880937947500266, 10.499177501245232)]
[(13.272372344274718, 7.443148121366943, 15.165237839443371)]
[(12.837490514554124, 5.1974947255156394, 12.653985231164617)]
[(13.342856248182489, 4.386251438266652, 12.524061021983233)]
[(14.173566405376944, 6.8637675330056158, 13.648163320028186)]
[(12.569079538604726, 5.5818975517522995, 13.171518810786189)]
[(12.309773068375833, 5.1893457036021493, 11.497667587358515)]
[(14.730773041312807, 7.1709630628913708, 13.744670786425077)]
[(13.856819071894009, 5.3515681711735885, 13.057188542415616)]
[(9.6264707084311176, 5.5854447578016835, 5.9324510315181449)]
[(12.778539887666225, 5.6325420163238968, 12.451824449378631)]
[(11.870387680063587, 5.516944179705388, 9.3525549129093424)]
[(13.858267820287374, 5.4529693861463961, 13.225018959153575)]
[(12.777540527468251, 5.9602332569829066, 12.970261823393329)]
[(9.1173761731547973, 5.6116271940259299, 5.1821171300149818)]
[(8.6627403240117324, 4.6925241604007084, 5.6263958552193465)]
[(14.278455548610541, 5.8673122420752595, 13.622315442892216)]
[(12.600627839833892, 4.9052410546453533, 11.321916339748407)]
[(14.053403297954583, 6.6448857120925968, 14.005062323750369)]
[(12.863202011812652, 4.5751379064238256, 12.049665212889595)]
[(13.828510467521832, 7.5427216362920131, 12.439339630780315)]
[(13.974070579530849, 5.8463475976151624, 14.135272817922854)]
[(13.392910809362323, 6.1825309661803614, 13.443612545491382)]
[(10.347894114536945, 6.7519582078058829, 8.5677216014834023)]
[(12.662034689191785, 6.9811541008822298, 8.8785333908531197)]
[(8.3328920701116154, 6.2096045630199193, 6.5239788225674644)]
[(12.977160418827378, 5.1925110933108831, 12.691610380966024)]
[(11.990680564395596, 4.5448013560765608, 11.42479609846951)]
[(13.572035724091759, 6.2345715094685987, 13.037227941403719)]
[(11.413909253290518, 4.6271992505405812, 10.283118358902589)]
[(13.972424344568598, 5.8877493031162462, 12.184922696656454)]
[(11.964011105802438, 5.2765801017686726, 10.882449660647081)]
[(10.916653490348102, 6.1118218697557678, 8.489101587410758)]
[(11.966649475721487, 4.855598647404106, 11.280392696237532)]
[(11.37300242157095, 6.3083877994550024, 11.901965545140124)]
[(14.600491822331882, 4.9302278994792088, 13.569709810710796)]
[(14.906308689954622, 6.0334095899769604, 13.415137583444292)]
[(14.01989585786607, 5.7624815822823017, 14.151245080033156)]
[(15.779205312713225, 7.3984564531511294, 10.768946902305293)]
[(14.880218772126272, 5.3924210756485325, 12.544631763951621)]
[(10.409347043108607, 7.3607232000083025, 7.7425118917751874)]
[(13.095326188655855, 5.4559979536713064, 13.102352314170266)]
[(12.873968667762055, 5.0191996785633481, 11.411276803142842)]
[(15.25112195473065, 8.3951905763569492, 14.653646876320627)]
[(10.275417218287405, 6.8689277545894738, 8.6232371904538798)]
[(10.323800901269204, 7.1697991393637519, 8.0732314781403485)]
[(10.858004188260596, 6.0607591947288508, 8.4397465850521218)]
[(14.728224041236187, 6.8481494414556954, 11.027978543485636)]
[(14.526594202900434, 7.3606026949014858, 14.84376727586706)]
[(10.370682520142832, 6.8585207077444617, 8.7132362543784634)]
[(10.546116393197645, 6.0053388929779015, 8.0533816898920101)]
[(10.493522833139323, 6.8329909633286157, 8.5705225741515161)]
[(14.999158846309639, 6.5792357899971421, 14.021545073220988)]
[(13.296670995414818, 5.1091820611006957, 12.335115341660762)]
[(16.334623446890355, 7.837156002453419, 15.27272388287029)]
[(14.362413407423519, 7.2346488834327758, 14.596280303226758)]
[(14.060905822817373, 7.2394183279978392, 13.243507652983158)]
[(11.992739466718561, 5.4221561942332412, 11.515973668119667)]
[(11.107304235913594, 6.2274269225519836, 8.6948660454663056)]
[(11.762125038472464, 4.7078248517438492, 11.663320519670027)]
[(10.778413723325068, 6.2315669610975348, 8.4717315891846461)]
[(13.697832972209882, 6.048922318412485, 12.029051514193842)]
[(13.802597374105513, 6.6209049136283609, 13.944968769325845)]
[(10.866127746987761, 6.200250369185019, 8.3575120408796888)]
[(14.963048436996655, 6.7072341939005415, 12.776235828913773)]
[(11.50151576434593, 4.8987832111148251, 11.499945920438932)]
[(11.80714188792121, 6.0190899216247891, 11.003111414795306)]
[(10.841646264147951, 6.2049296565008794, 8.4630619687999218)]
[(12.319255206200355, 6.350931349259513, 11.584225963631727)]
[(13.6639341817373, 5.0669379728439603, 12.623509962544899)]
[(15.386353631180295, 7.3341140161041993, 15.00667616179806)]
[(10.21032240628384, 6.8695703972926623, 8.6030338248068166)]
[(11.633856988140797, 5.7239324571473, 11.449857301329338)]
[(10.090199462146781, 6.1220396202412442, 8.4786400417956855)]
[(9.8854889660489, 6.7951961238604541, 8.7668377446767618)]
[(16.477916035693923, 7.8396517119773934, 11.037439844002517)]
[(12.676652852068283, 4.5684797201820029, 11.692206859417441)]
[(10.0613112393255, 6.678746068207543, 8.6048508485890629)]
[(16.057403722636764, 7.9334845447605638, 15.45404684553427)]
[(13.699478400851586, 6.034265098756233, 12.216408704460584)]
[(13.894171841572511, 6.6990055677698672, 14.078852698395643)]
[(10.447422121486953, 6.9251851896602137, 8.8425482324454183)]
[(13.203518443571031, 6.062616094175743, 12.129565185029939)]
[(8.8290111919895153, 4.7857770620858524, 4.7050225587112671)]
[(10.489574224800197, 7.2026858036659984, 8.9666572568583902)]
[(12.726023328282077, 4.3238311026741201, 12.854329272522111)]
[(11.225780725229944, 4.9549239517812804, 11.463781359469628)]
[(14.84516079732156, 6.9083469769970316, 14.007476056175236)]
[(10.266862568312128, 6.173591928614643, 8.6105850825017143)]
[(16.899203849029924, 7.4563123394269599, 10.007814973112707)]
[(11.979121807622011, 6.5190540324930479, 10.482263865426946)]
[(12.859239171790316, 7.3324455553985555, 13.304365186431735)]
[(10.049056806522779, 6.0346350138671445, 6.4552318086982279)]
[(15.261110125249445, 6.2619777234511123, 14.818558210116382)]
[(15.387210780793856, 6.8263221405576857, 15.401641567764951)]
[(9.9898826303272745, 6.1766005978234775, 9.0934295821898754)]
[(12.305214280011507, 5.3676776135595441, 12.16612511118872)]
[(13.158972505273587, 8.1347634562074163, 13.858865664457836)]
[(14.379756744760748, 5.6292794067716159, 13.607172464904464)]
[(12.353031013967286, 4.9410589035177193, 11.731675044614109)]
[(14.332746680636303, 7.7842175541690874, 15.697171844423435)]
[(15.603705591334048, 6.9482204328634039, 15.10980334342411)]
[(13.103455399777966, 5.1371208297245703, 12.602729624593145)]
[(11.348490775553781, 4.8849053939605351, 11.834884960945494)]
[(10.062615621145213, 7.1591863142074592, 8.4775482698284765)]
[(11.565107999368122, 5.3605406402029727, 12.213404074748574)]
[(13.880375126682708, 6.0440895526978862, 12.755921629053852)]
[(13.274517423392806, 6.013945112641764, 11.55020169786666)]
[(14.40259772195588, 6.7455478353170903, 14.938881817138942)]
[(13.763214786195716, 5.5505706368018419, 11.051836642235431)]
[(15.53031128855401, 7.3991647517259374, 15.830385265530449)]
[(15.208443047578207, 4.8662895918987363, 10.928909591497066)]
[(8.0795338708603133, 5.7597259141499988, 3.8162593291556095)]
[(11.758951609077634, 4.8258855024223699, 12.132525253847332)]
[(13.26313225221354, 6.1410307495431704, 12.118606442443927)]
[(7.4256404206158333, 1.6893597550222994, 9.9851181953587123)]
[(9.9137528222117908, 5.1007474625358773, 7.2183654020702797)]
[(14.050827647293993, 6.482569424785174, 12.116531765118657)]
[(12.721761859407986, 6.9808792332564593, 12.256858083326737)]
[(13.638916065959471, 4.7988082917665427, 13.473720794451683)]
[(12.001435437822863, 4.6188441289609106, 10.47332027595791)]
[(11.246002288197429, 4.7781457507710021, 9.193670160464551)]
[(11.55156759961373, 6.019716672130258, 11.389405686686308)]
[(13.612481394320509, 5.7934373532727319, 13.795195798311614)]
[(17.096742251903354, 6.8710334532384865, 15.367953524649471)]
[(8.9742822803890547, 5.714688185915775, 4.7004923724398484)]
[(13.57546018100436, 6.8323381882684853, 11.906494953067448)]
[(11.068290765419578, 5.8767673272671388, 8.5989448690803982)]
[(15.893805186100224, 2.3248189155553103, 12.521416185934919)]
[(14.266399044652358, 6.6193902813914596, 13.453785473833287)]
[(15.074461702650899, 4.5114160179465586, 12.26198601928574)]
[(15.689397329914652, 7.1536784639747388, 13.554829722849918)]
[(12.019270341291294, 5.5190473396207738, 11.742290302870712)]
[(11.895421277481963, 5.7470542343856401, 10.948216707750902)]
[(13.52100960131092, 6.8987911615275719, 9.1329696417021715)]
[(9.7049802637899152, 5.2626063278477071, 11.016293897996388)]
[(13.620964999921513, 5.7432798081438134, 12.716634328056584)]
[(14.2279807526231, 6.8342576742773264, 14.00125548956812)]
[(12.08441620693478, 5.0499277439470935, 12.251093955638575)]
[(16.266410720930232, 2.9059069523381029, 11.103042102810226)]
[(10.49236784249717, 6.8663158349637117, 8.7343066513404235)]
[(9.993532396174567, 6.2586938259147527, 6.7575577731871324)]
[(13.080121865425671, 4.7542540368161958, 12.089951762973547)]
[(9.148769102059962, 5.739611566719879, 5.0712833620726556)]
[(11.94454044362336, 4.5484291875904983, 11.445395416265526)]
[(10.849688780732901, 6.2354567853469458, 8.3721957102650606)]
[(13.940942751378692, 5.5790452237337158, 13.852455199251052)]
[(10.314818562925884, 6.1627068827515332, 8.6115702280251316)]
[(14.891144148959201, 6.6803130132800197, 14.146097983038999)]
[(14.567932379394145, 7.1887512331426322, 14.770179478091462)]
[(13.87605335985636, 6.2743289455629796, 13.308096382414012)]
[(12.235714885381926, 5.5868691358079046, 11.267310892118562)]
[(14.374681877771298, 5.8129713393261833, 12.537491895584843)]
[(12.865796591677309, 5.7127106678483335, 12.638636602667034)]
[(11.526012404724481, 5.1664864790747833, 12.153290860365168)]
[(9.9001112124165704, 6.1558410366571357, 9.129035842103665)]
[(13.366273599830594, 7.2713340220342051, 13.756017896692354)]
[(13.110860689438931, 5.422922025022431, 12.8836149768133)]
[(13.623496222725635, 5.3783048110277605, 11.790480976984741)]
[(15.095513189933788, 6.3001075876346189, 13.971569271269365)]
[(12.884339412645678, 7.0477265765891408, 13.90571652831774)]
[(10.785677067754785, 6.2433545994039141, 8.9451118312961437)]
[(9.6042378975409388, 5.8198412668474226, 5.8210302922778201)]
[(12.613627740587777, 4.8420036513665625, 12.482856733228791)]
[(10.320934293214416, 7.2401498329885694, 8.0174155419335857)]
[(14.798447947008407, 7.309001381798848, 13.579108793637493)]
[(15.725849184518989, 7.1759865045363096, 15.126997312442322)]
[(13.282144738864844, 5.8134865876858388, 12.32472753276617)]
[(13.183422385047523, 8.2180191186587379, 14.223428454738345)]
[(12.00473691559505, 5.4757407377926706, 12.237853805244805)]
[(13.556422087748127, 5.148634989808194, 13.319149088715353)]
[(15.345668921561291, 10.513062256868599, 16.325542392561186)]
[(14.470166662263606, 7.8838532514010566, 13.953994176802807)]
[(10.498032799800097, 5.5574061574783524, 11.731138174168164)]
[(13.186867574619395, 5.7794181493118693, 12.314563434365869)]
[(13.403344771021981, 4.5282597795079713, 11.982578018891525)]
[(14.293203320325013, 7.4301226150180355, 15.323491476289007)]
[(14.455538091314597, 5.4387593733669659, 13.222646402045211)]
[(10.089834308788619, 6.9695861958217424, 8.2197406569381641)]
[(8.6690601292143246, 5.7991155561390073, 4.6145801861920157)]
[(10.141657983754607, 5.9202995107105334, 7.338742204949174)]
[(12.453543767084827, 5.9106072477959399, 12.818315260658153)]
[(14.506684407583018, 6.8936129917334759, 13.858572605060253)]
[(13.707275519373079, 5.6320539884219896, 13.206299936246452)]
[(12.413656654409635, 5.8055815475698846, 12.619276742957638)]
[(15.801602347687068, 7.3954900135924246, 15.043502127401343)]
[(13.188605700061155, 6.5534305302279234, 13.021830220684823)]
[(13.739857103499807, 5.5447485498290972, 12.604936803791412)]
[(13.764500776774833, 5.3631585937104154, 13.190336902316893)]
[(13.790967810615134, 6.1364288096298338, 12.998889918327908)]
[(14.861982938941996, 7.1149885124834986, 14.176698802574517)]
[(10.67565795032375, 5.9980910349198062, 6.6387329212313837)]
[(10.225417922540709, 7.1228329006308364, 7.9843429435598487)]
[(13.449243907633148, 6.1197217120888423, 13.627837254664872)]
[(11.73092633325242, 4.1386280574447873, 12.089680380477672)]
[(15.337901003813469, 7.1152517828357018, 13.788512054891067)]
[(13.207531666989548, 5.8597379903262832, 11.614823991602185)]
[(16.366327437592165, 7.8499736980763064, 11.119253229183595)]
[(16.852797345659237, 4.0400494101105799, 14.969843650948349)]
[(11.780040624637325, 4.9711379183688917, 11.200648932472873)]
[(13.640107603578192, 5.1561834991885185, 13.113325274026794)]
[(13.953253007413291, 6.3563037268296156, 14.399227119282594)]
[(12.586062524694055, 5.1187257207552355, 11.390956226278808)]
[(13.41619090254399, 5.1077111429291264, 12.376153500348495)]
[(14.667582637307648, 6.3491348106402059, 14.22165758588064)]
[(13.69795443175463, 7.2950088565796447, 14.126247195444774)]
[(14.711035871958471, 7.1185972214761764, 14.370416644314655)]
[(10.204856366840195, 7.2360432570196949, 8.0414583221302109)]
[(16.540875371369218, 8.01997432251137, 15.251083775495374)]
[(14.330154458099345, 5.4006910241895847, 13.542114211463382)]
[(12.817808259200051, 7.0290752917131822, 13.426482301135183)]
[(12.786240173437013, 5.6277315830254766, 11.770843443986212)]
[(10.336211788803102, 6.9019359835332992, 8.6970674181880323)]
[(10.129542201175829, 6.1062373723025569, 8.4723204491487341)]
[(13.581720470581265, 4.0327406710150564, 13.006283842718537)]
[(13.847214008205736, 5.2806826187390481, 13.792272233579572)]
[(9.6384191408025366, 6.2982212065743566, 9.0294979504850534)]
[(15.330652338553055, 7.2979987448158763, 11.842907743928922)]
[(11.461140421155017, 4.9391979688159031, 11.418859203917901)]
[(11.469392577086484, 6.1662898333389995, 10.313058715772218)]
[(12.708726110473577, 5.3269072812041616, 12.05840016282774)]
[(8.2799949103467139, 5.5231553194869045, 3.7628185070342051)]
[(14.129672970963357, 6.4420645861413819, 12.972367579500562)]
[(9.8455502181812751, 6.1900853060615146, 9.0422004754762568)]
[(14.653695341024219, 5.7140195465747272, 13.430464885930903)]
[(9.0695169663317081, 5.0305046754870668, 8.7519253598408771)]
[(10.974411249104199, 5.4183931029735311, 9.135903255975494)]
[(9.6838962376482502, 6.311479756002055, 9.2460932932705013)]
[(11.248227184804637, 6.1556225497413051, 9.5566149566254541)]
[(9.0627292124156451, 4.6429442677703658, 5.8195909524062497)]
[(8.9826543873523423, 3.6030661596804561, 9.9555825718216635)]
[(9.1336568864613685, 4.8106440734119165, 5.9915251278785409)]
[(13.109455567459905, 5.3590058270074241, 12.419070060460564)]
[(11.566772559055245, 6.256903027247132, 10.107759218124642)]
[(12.112298150490076, 5.3723191056338546, 11.86591353236386)]
[(14.374965365465997, 5.1096821208543464, 12.90690302211361)]
[(15.059107084465332, 6.0284480106659286, 13.978378029148871)]
[(13.698652179622142, 6.397609114370451, 14.014405953157855)]
[(14.322450556607924, 7.9352741501083495, 14.57615059242122)]
[(13.567787963675048, 4.9590077204102609, 12.631895096880907)]
[(16.541781763161524, 7.9789960860158651, 15.980321974505692)]
[(12.390954120814216, 4.7990757027761504, 11.791517384627399)]
[(10.384498657491154, 6.4860946991151414, 8.611061585116266)]
[(13.660012579223892, 5.1711586071355855, 13.181271568371857)]
[(14.924990540513306, 5.4741872048614022, 13.628355392603726)]
[(13.95451112661169, 6.5379153172815752, 13.471281187464633)]
[(13.239018705959372, 5.1035375838333081, 12.421535677140024)]
[(15.175662901006097, 3.3886048510937612, 13.739277719901411)]
[(13.221649791490695, 6.7584397509839649, 11.95022054062429)]
[(11.031706511393482, 5.8939000184964927, 10.27263742311442)]
[(12.780959715935744, 5.7997104555380128, 12.796125958074972)]
[(13.270095566207369, 6.9845210261102473, 13.593908664254776)]
[(14.154085123825386, 5.755515059357224, 13.429908855241674)]
[(9.9424975578456554, 6.8708472492654025, 8.9579913431946707)]
[(14.048074092762191, 6.7883657706977285, 12.344062851725768)]
[(10.169754473702287, 6.3677764305816895, 9.6809860432549577)]
[(13.216636325049143, 6.7519979465812936, 12.735002715583635)]
[(9.3421738894365092, 5.2972556264227721, 6.1822689115197385)]
[(13.305440238056837, 6.233123649973936, 12.842729798578159)]
[(14.537851246776109, 4.0261694196014144, 13.935446561619457)]
[(11.617875619722456, 4.8751143939752541, 11.654264706896587)]
[(10.307555367809289, 4.7565096249854832, 10.091477432171445)]
[(11.019256548927274, 3.6743699117289772, 10.89085863056639)]
[(13.79272937397964, 5.5273717813287533, 12.217561330815489)]
[(10.237568551141845, 4.9428135026842153, 10.420221754460371)]
[(15.389846752997103, 2.2073272977606315, 10.441475930283097)]
[(10.062069418568392, 6.2685943487369933, 9.1196885154439684)]
[(12.029672189282541, 5.5329335223783174, 11.670941628773235)]
[(11.335123086720735, 5.7841870467395529, 8.719189861646516)]
[(9.8302194863064738, 5.6455264801688783, 6.2181948305144328)]
[(16.299034727827049, 2.6162343354001951, 10.777463490195581)]
[(10.258468439026743, 6.8183743739742626, 8.7162524643764527)]
[(12.97705159235343, 3.8026676667706876, 12.293294594968193)]
[(14.254421422821544, 5.6071198954391548, 13.535691866055583)]
[(8.8138440131555917, 4.5428161696432952, 5.2135062629296343)]
[(10.660078683649521, 6.7783391725179927, 8.6164068272724847)]
[(12.207282153518005, 5.4611567945202779, 12.372908996120046)]
[(13.932244915117508, 6.7780205160993869, 13.69391785799858)]
[(13.370270211895463, 5.7746822074666877, 13.096689850165609)]
[(14.701423217338839, 6.3625766532933827, 14.068250594972401)]
[(13.446078972467499, 4.6048556159186234, 12.465642449307769)]
[(15.595316379022604, 6.2382595450924336, 13.852203940469659)]
[(12.18889154454828, 6.1901049347485317, 11.685012735316302)]
[(13.366684518014464, 5.6485894597228157, 12.357900480512615)]
[(14.799986385181759, 6.3643518698106591, 13.95082433055914)]
[(9.5064012850506181, 5.4522457780368461, 5.8222156255495712)]
[(13.497658633220212, 5.7408350799019443, 12.900739233832875)]
[(13.70024887670481, 7.2609232348260164, 12.769027261093118)]
[(12.145894728118522, 4.7245153021969752, 12.381669020945836)]
[(13.034000631973695, 6.6412531495869818, 13.797649176722704)]
[(15.45849998204281, 7.6891156643496297, 13.546991224194842)]
[(10.557589156895146, 6.4776315085841993, 8.6327923410284004)]
[(9.2627598193492684, 4.8996936699108904, 8.3558451899384565)]
[(11.601986162319344, 4.7733548908297951, 12.083014681678986)]
[(15.767192563981075, 7.9310564560937058, 15.716103597367933)]
[(9.7280146685118449, 7.3216210178029293, 8.2726536950121456)]
[(13.24275668931627, 4.6802836200164322, 12.962898131499278)]
[(17.454122501092289, 7.5932767884388745, 9.8359967815486726)]
[(11.843992066128544, 5.4639777548954633, 11.870391969187207)]
[(10.773260939928223, 6.2168535982008155, 8.5574754406433868)]
[(10.84989777583683, 4.5255299771788184, 9.5643716420295526)]
[(11.362537283800437, 4.4206143556901782, 11.555266869770911)]
[(12.300871950732901, 4.989751385492835, 11.846835764877078)]
[(13.397300672617087, 4.8392115997767764, 13.254162956086326)]
[(13.744098387539164, 6.3840871582696819, 14.084448619529216)]
[(13.314308114180248, 6.3497004048504362, 12.761003073645798)]
[(12.400653039993191, 7.1534201284621606, 11.822480299298329)]
[(13.908706716418317, 6.0325673365770447, 13.217792493509716)]
[(11.610294106904721, 9.8414497043580287, 13.39446249746185)]
[(13.603529032578477, 5.861894067649434, 11.760585468935561)]
[(15.227806365765701, 5.698543114582062, 12.275520947683392)]
[(10.125297374753085, 6.1967588585634843, 8.8075413992262774)]
[(9.6506555055434013, 5.5440862034213447, 6.0570274925976832)]
[(14.695187136976577, 5.1346014043360997, 13.205712553406235)]
[(14.644923777396398, 7.4868260951305983, 13.709158398266803)]
[(12.884023139643423, 5.3837889547495257, 12.131718486966106)]
[(12.455959157783944, 5.6269934531709236, 12.554241321504385)]
[(12.859202320215582, 5.959747031241216, 11.899781247219414)]
[(11.758289602470258, 5.1323120903583686, 11.428236169856298)]
[(7.9651284139545524, 4.4805086232869744, 5.3882158364694739)]
[(13.920889609314157, 6.1221102402306107, 12.592975350295943)]
[(9.7853606273179992, 6.1872568443518539, 8.8197278460672006)]
[(16.911890645299085, 6.9183225915344915, 15.276588417579903)]
[(8.6711312258646451, 4.7226363520798618, 4.7993852870496134)]
[(15.156008092252717, 7.0011354456989885, 13.594377368650605)]
[(10.320544823092657, 7.0949135107239636, 8.1627210437017599)]
[(14.649433379583707, 5.0038824373422885, 14.006339720659806)]
[(12.105895673007728, 5.8888923949684138, 11.932104460697321)]
[(12.446832870042671, 6.4006931702813654, 12.656413296775435)]
[(15.004333405558778, 6.3357194894053714, 13.753538127564651)]
[(10.051340084484915, 4.8966886533262706, 7.6386710615625208)]
[(11.135371721436682, 5.6816432354855628, 11.391814257665395)]
[(14.867084829440428, 6.7750458367500404, 13.763660423441669)]
[(10.398710288556195, 6.9208257031436586, 8.7570862585851739)]
[(11.33517674084411, 5.4494433621842875, 11.507512782396073)]
[(14.01848283191328, 4.9774039084334669, 13.026864201574337)]
[(14.668839560289463, 6.3907481929635956, 12.391315851356216)]
[(15.305616812725161, 7.3081715296342802, 14.23878017269168)]
[(14.558088228287676, 5.6409105037800007, 13.148776713364933)]
[(14.023616443102998, 5.6825313615270296, 13.241677368861843)]
[(12.084217250537487, 8.8629232887244314, 13.916144574222573)]
[(9.7199533491513037, 6.1491312247353891, 8.9028339527314593)]
[(12.087142349926211, 5.6917597946094221, 11.292822549850261)]
[(10.681311930028141, 3.8721568199648493, 9.0721116176032943)]
[(12.112724156691415, 5.1032950998195563, 11.434249193272631)]
[(14.205390672716467, 6.5025191576368417, 13.614336294390609)]
[(10.417792748013065, 5.9659885730230222, 7.3268186136582187)]
[(12.705263636713877, 8.4526819717878041, 12.883063977481999)]
[(16.488835323838742, 8.2308533769135899, 10.836631308784002)]
[(13.604078784549001, 5.3494525076359958, 13.014255050912478)]
[(9.6961724996602019, 5.132000262123527, 6.7174944699558079)]
[(12.615604365573283, 5.2052983224709468, 12.880319470028125)]
[(9.5802553625463354, 5.1338941750645111, 6.1495641592310601)]
[(11.592361942199528, 3.9904269742095657, 11.407229125135515)]
[(9.7496950628750891, 6.2282283307833044, 8.9053265742000161)]
[(12.121800469355916, 4.8255249741970498, 11.224782598847664)]
[(15.216985204011346, 6.1929989216952661, 14.07235383172676)]
[(14.161733185999035, 6.5616345506263078, 12.194005387342079)]
[(9.2641148230514005, 4.6737316742159738, 5.9969483469779803)]
[(15.415130293809002, 7.9416999692027002, 15.128940445488393)]
[(13.598978236903516, 6.2926118116338357, 13.089020893783783)]
[(14.096843740689071, 6.3611539344878238, 14.00044859461874)]
[(12.138498105103, 7.3119956044783221, 12.688430208399083)]
[(9.0809236829172324, 3.4305268696277187, 7.1835650776436513)]
[(12.308478635666688, 6.224936576365379, 10.855849736512191)]
[(11.704220879998147, 5.2859848249939683, 11.883270586976877)]
[(14.388735524724559, 6.7469627679237707, 14.006382308899518)]
[(13.511054780055231, 5.9594439379609359, 13.556876739887914)]
[(12.57873026558609, 6.0391025437204542, 11.661742930932894)]
[(14.132112237745826, 7.129294543950631, 14.611134766059022)]
[(9.7598032111682578, 6.2594226356609992, 9.0631480856310986)]
[(14.089714938083455, 5.4025777654386884, 13.218898814607934)]
[(13.616419680210885, 5.8163629008805824, 12.909938770861203)]
[(10.443566395593162, 6.5215800857366508, 8.3341486843008266)]
[(13.467907923432183, 4.0997632485841997, 11.48676484335992)]
[(10.30299299754572, 7.503182122603512, 7.7572829235521485)]
[(13.721155411618518, 6.4564021734682813, 13.286356214926936)]
[(9.6841108132566216, 5.7549230390057717, 6.3046091418865569)]
[(13.236547170865435, 6.9756368463297713, 13.036206777198171)]
[(10.627500017480205, 5.3999616625937019, 11.599154008543975)]
[(14.10814870545004, 6.1231085042958551, 13.43777806717415)]
[(11.96758976602349, 4.7845864700382439, 11.98466169574057)]
[(10.541781872460826, 6.7318746325918761, 8.5660002940330457)]
[(13.893040513614695, 6.2203716093648991, 13.237249805512839)]
[(11.892986231003386, 4.6937467977372638, 10.278537807929906)]
[(10.059433466770145, 6.2688096937328028, 9.2240311739229952)]
[(11.670294739767494, 5.5353937837580132, 11.319128223675888)]
[(10.774632830014168, 6.2835043375129818, 8.2669138735998917)]
[(13.538180688491083, 6.1063865481202386, 13.29608901892105)]
[(10.816481277392496, 5.5813185690943055, 10.896053363129953)]
[(11.04591047160087, 6.0714565981968409, 8.0876030689545928)]
[(9.052782269741245, 4.7198781919752451, 4.9977965717180552)]
[(14.343230951284761, 6.6541829799571879, 13.750427096727314)]
[(8.9468218004082978, 5.5838231836368255, 4.6508163786174705)]
[(15.077810698121713, 5.8895366348599074, 14.540315019042653)]
[(9.7061010412917099, 4.9347845752562858, 11.085701104504126)]
[(13.293147371374022, 3.25871038734403, 11.634090777297127)]
[(9.7501726583981725, 6.196892217003489, 7.6869991433949441)]
[(12.105305775102511, 5.8335079063183715, 10.871928193649858)]
[(14.47194696162202, 6.8232814225949436, 14.125881407799534)]
[(12.210700047743178, 5.2981739713340508, 11.528843757756549)]
[(9.7422382214137784, 4.9836328513851562, 10.064130838412318)]
[(13.523650478334885, 6.9428526146094116, 13.695946078885381)]
[(8.7374540512844376, 11.397086845916091, 13.391013429133817)]
[(10.047404984940714, 6.6771333226623124, 8.7052369801816987)]
[(6.0642644921722964, 15.312679132887826, 14.00324274851639)]
[(10.299220747181026, 6.1547361910887401, 8.6737986178145263)]
[(15.619082201268395, 2.2885250434166489, 10.402677044937068)]
[(12.567921021075795, 6.4577514293332481, 13.184989898964321)]
[(14.396742532678624, 7.1023380110063101, 14.078994901183195)]
[(13.559646871241531, 5.9761022937834225, 12.331812338348859)]
[(10.141426065638557, 5.0447975827456641, 7.4117522258039958)]
[(11.946669015334479, 4.4188524344823445, 12.270444447999811)]
[(10.408347891560519, 3.4319507462585697, 8.7063646113230231)]
[(15.746685414161405, 7.2797994268508068, 14.457445686536866)]
[(11.301186601376909, 4.645497634450912, 11.514030108632154)]
[(16.540527055079654, 9.2797778461134115, 14.52086241288514)]
[(12.030634509086989, 6.2938041676962451, 10.534889346682869)]
[(13.326219894079887, 5.7559465124991895, 12.281826807237929)]
[(11.290927428800996, 5.092160408338148, 10.33276406185009)]
[(9.0299727201152731, 5.7289234631465131, 5.0371475499613272)]
[(14.699752812973657, 6.3018576486734137, 14.4352629616833)]
[(9.8790587595150683, 5.467665727265393, 11.462037535952859)]
[(14.363070147133376, 3.1288651715759106, 11.737982477342801)]
[(10.761809229404532, 6.1961422694781145, 8.5193829302238431)]
[(12.0583191968511, 6.2028123751684507, 11.93975180445619)]
[(13.965057166146488, 5.7688129645916693, 13.133304916277682)]
[(10.963368214680061, 6.2656282940709556, 8.4919968174683778)]
[(16.976170213146936, 8.0322024828993026, 11.186032559841085)]
[(14.093394428750042, 6.3719571869419118, 13.556403352831472)]
[(9.841257143555513, 6.6313684761635416, 8.3283186153004873)]
[(10.814022867616153, 6.1162429070032669, 8.3817904779962245)]
[(9.8732882080104378, 6.5269171914187396, 8.8857689364015773)]
[(10.669646892660651, 6.7339135077020966, 8.162349519616928)]
[(8.8556569110735897, 3.7959834354482402, 9.1308185337728318)]
[(10.08947083608966, 6.1633093702674717, 9.0577253720048549)]
[(12.719276880515569, 3.6378791701973867, 10.116270451060496)]
[(11.83174798363066, 5.3507021634986689, 12.047376020832319)]
[(12.5403348148362, 5.347782134055195, 12.120189811755095)]
[(14.45791104534054, 7.0700723749710521, 13.476219287541674)]
[(13.362612095866117, 5.8467651713389062, 12.258598577638793)]
[(12.112444484345266, 6.5438212000318918, 12.662963681249174)]
[(11.531094470208219, 5.3402021431244862, 12.290582924125333)]
[(13.480370563633647, 5.708430701057071, 13.277162471039581)]
[(14.383506795587623, 5.7466877896273543, 12.70276812506634)]
[(13.579128142512618, 5.9727023012507807, 11.537268405296999)]
[(13.659053768812068, 5.5748829392623085, 13.923912247647412)]
[(13.026546461591405, 5.5561388708774819, 12.035752238059727)]
[(10.85845047180173, 6.2649160071290817, 8.5693254120407563)]
[(13.200606909293514, 3.5564204151812375, 11.928415707643158)]
[(16.301191667612283, 2.2685654713915611, 10.660192175465806)]
[(10.232046805711903, 7.2054313420817344, 8.8101745648369789)]
[(11.854211347386363, 5.4802779603968537, 12.434882540279338)]
[(10.627435154235465, 4.3007867677891518, 10.933382947267443)]
[(14.130326101140007, 4.8196741212631462, 12.893532697705879)]
[(13.396375976981245, 6.023843033145079, 12.851213037882903)]
[(14.302313960743232, 5.6501611793456181, 14.000576526122426)]
[(14.558453158577702, 6.0535657554497133, 13.650071750942345)]
[(12.611529266034136, 7.9603132227638111, 12.52898032739845)]
[(13.59446911070391, 5.9494503149951141, 13.305080595601966)]
[(14.325765375208661, 5.734077178830117, 12.768685296077729)]
[(15.375647231448909, 7.2984875215710439, 15.184727886081726)]
[(14.204138521449325, 7.6617645059729895, 15.189622055780276)]
[(13.853475708475823, 6.0671697147626418, 12.924455950849248)]
[(11.359639374392495, 4.8754363296730077, 12.140766536494818)]
[(10.293703537906126, 5.5313096879380756, 8.0936742420752825)]
[(15.025379923704079, 6.2086096524252916, 13.660240098447245)]
[(13.518956610290942, 6.8601944739701279, 13.291436991625455)]
[(10.2649566041389, 6.8226729687131131, 8.7843146396989802)]
[(15.301537087367713, 6.1287937894856901, 15.182156397011418)]
[(8.423401827710677, 5.6606810803647374, 3.9944857645062872)]
[(9.9680746870476256, 6.6098645552645445, 8.7059469476957645)]
[(14.734721929964355, 6.1101384150987146, 13.434848082944685)]
[(12.439492632550669, 5.3747985579710136, 11.931948539712135)]
[(13.469429469970526, 4.3335198641452042, 12.296200022139805)]
[(15.140106403437773, 5.6731143899981236, 13.32130724550079)]
