[(58854.909090909088, 3132.5647686828265)]
[(27643.090909090908, 2162.6764073155141)]
[(25414.18181818182, 2049.4997516003523)]
[(38873.318181818184, 2764.8177342306485)]
[(35579.63636363636, 2944.1405793753538)]
[(38434.909090909088, 2431.1674204522915)]
[(41353.590909090912, 2852.2045372507787)]
[(47670.86363636364, 2720.5067020654678)]
[(39789.909090909088, 3042.8782871744847)]
[(58175.454545454544, 3635.2370610237122)]
[(46701.909090909088, 3366.8339012102647)]
[(49887.909090909088, 2755.4258484190159)]
[(54064.272727272728, 3465.7389380715108)]
[(27570.090909090908, 1780.5370277491484)]
[(22998.18181818182, 1910.9901952960274)]
[(23295.5, 2041.1566057530317)]
[(31137.227272727272, 2159.9431331916289)]
[(49490.0, 3225.2242989756846)]
[(35629.545454545456, 2795.4552062858234)]
[(35776.909090909088, 2164.5667652433567)]
[(48479.0, 3336.9873902689328)]
[(34834.318181818184, 2630.1386320265856)]
[(31742.909090909092, 2369.4232519539919)]
[(35551.63636363636, 2301.7761837569151)]
[(57280.5, 4081.8254439505663)]
[(40996.090909090912, 3160.8080584135923)]
[(47384.818181818184, 3002.843307538466)]
[(44204.36363636364, 3035.3682715676046)]
[(59367.454545454544, 3576.8796955455432)]
[(33075.63636363636, 2560.5586571476674)]
[(42163.227272727272, 3162.1478790044785)]
[(33656.454545454544, 2522.9953882260756)]
[(41525.818181818184, 2498.8403314460406)]
[(38033.818181818184, 2548.0399640039964)]
[(44641.681818181816, 3138.1803723140197)]
[(34558.63636363636, 2512.9316998395052)]
[(65653.727272727279, 3547.5829626863651)]
[(34102.090909090912, 2332.1514432863755)]
[(37907.227272727272, 2275.7109276489778)]
[(31910.0, 2460.3938144120302)]
[(33992.545454545456, 2050.4050579504533)]
[(42725.181818181816, 2515.775265151804)]
[(39774.545454545456, 2439.592148737474)]
[(21734.409090909092, 1658.272328896956)]
[(23666.863636363636, 1727.9975746003065)]
[(49088.227272727272, 3121.8100854375148)]
[(26384.454545454544, 1785.332042910836)]
[(37514.954545454544, 1890.775234688412)]
[(52098.227272727272, 3584.7293419296093)]
[(26798.409090909092, 1937.7943472970617)]
[(35568.63636363636, 2648.9846836653624)]
[(23728.954545454544, 1962.3016867637634)]
[(49273.454545454544, 3118.5001616911454)]
[(28003.636363636364, 1770.2972530885177)]
[(32146.636363636364, 2653.5544132861223)]
[(41361.227272727272, 2864.4380410259419)]
[(53373.954545454544, 3078.9028317386455)]
[(38461.36363636364, 2393.6082055785441)]
[(47658.954545454544, 2910.8707180565052)]
[(48724.227272727272, 2648.8173546032472)]
[(46180.590909090912, 2868.2420032132754)]
[(39807.409090909088, 2232.6921946677294)]
[(34782.681818181816, 2723.9177801609039)]
[(40597.818181818184, 2890.6145069274035)]
[(52581.409090909088, 3007.0320457220078)]
[(53010.681818181816, 3246.0672151717272)]
[(35584.681818181816, 2460.6783546642823)]
[(31795.909090909092, 2078.8021062287416)]
[(34608.954545454544, 2699.9066959727893)]
[(24449.18181818182, 1798.5408123081381)]
[(27629.954545454544, 2088.1205176982012)]
[(19943.18181818182, 1325.7693129669535)]
[(40824.36363636364, 2305.3463726802306)]
[(35799.227272727272, 2482.0339626073837)]
[(26464.045454545456, 1615.8510055433619)]
[(25861.909090909092, 1872.1450622623618)]
[(42551.681818181816, 2857.6871423396196)]
[(48812.318181818184, 3061.7098496935582)]
[(25622.5, 1982.2856299226935)]
[(33255.5, 2555.0836211768064)]
[(53458.818181818184, 3032.7506409124894)]
[(42411.86363636364, 3072.9558155645022)]
[(22911.090909090908, 1606.1150552792983)]
[(34217.272727272728, 2160.0921885750508)]
[(61555.772727272728, 3644.7016619227147)]
[(33686.318181818184, 2183.5612231492996)]
[(18243.090909090908, 1388.2713001532989)]
[(29992.409090909092, 1969.0091180909765)]
[(44606.13636363636, 3374.9911748279224)]
[(20881.090909090908, 1658.3028748577292)]
[(31436.81818181818, 2462.8920170393858)]
[(48480.5, 3612.0657575889068)]
[(20744.409090909092, 1246.7492817531931)]
[(31373.363636363636, 2001.3667530580001)]
[(28202.409090909092, 1782.7856697602706)]
[(22252.68181818182, 1678.8224866065111)]
[(26325.545454545456, 1708.6163933493874)]
[(33203.86363636364, 2151.6771361069245)]
[(39308.318181818184, 2395.4346056309614)]
[(25203.045454545456, 1649.3518843108957)]
[(25797.727272727272, 2140.6694873137908)]
[(19395.0, 1611.0080893473191)]
[(29940.409090909092, 2310.904289321466)]
[(33394.545454545456, 2483.5225690928373)]
[(31538.272727272728, 1928.6838662949476)]
[(55073.727272727272, 3811.9611983082509)]
[(44232.545454545456, 3288.7050668543034)]
[(35359.545454545456, 3057.4709936380386)]
[(48196.954545454544, 3458.1375540711665)]
[(31507.772727272728, 1837.2558127533305)]
[(43754.181818181816, 2846.8968303420329)]
[(39107.63636363636, 3089.551387981935)]
[(39958.590909090912, 2319.4034105539322)]
[(44868.454545454544, 3049.0421011664653)]
[(42392.818181818184, 2141.8782567110929)]
[(38200.590909090912, 2825.2910126664424)]
[(50398.5, 3046.2134046012707)]
[(33777.36363636364, 2408.4143049283462)]
[(34470.318181818184, 2096.3448846340179)]
[(23883.545454545456, 1731.9937900413167)]
[(28064.636363636364, 1627.0437180995941)]
[(23797.909090909092, 1768.5269723046911)]
[(35907.5, 2314.5803357579493)]
[(43970.86363636364, 2449.6810308044605)]
[(34627.409090909088, 2112.6842459223485)]
[(23954.68181818182, 1814.7500410079956)]
[(73583.545454545456, 4490.2395778135824)]
[(36683.318181818184, 2672.3649463111706)]
[(52270.590909090912, 3799.8767499165101)]
[(38363.681818181816, 2546.3396424922075)]
[(69310.636363636368, 3511.8712874976072)]
[(25922.636363636364, 1753.4022716717286)]
[(29610.31818181818, 2194.630723118782)]
[(25880.18181818182, 2048.4589603814211)]
[(34005.63636363636, 2272.5141610449009)]
[(39868.13636363636, 2508.8926661556416)]
[(47678.454545454544, 3420.8641776821828)]
[(29306.136363636364, 2022.5077800208871)]
[(56413.909090909088, 3403.455965540626)]
[(38926.727272727272, 2384.4990228089418)]
[(33647.318181818184, 2680.4625855901027)]
[(55071.818181818184, 2621.5581978451123)]
[(19897.045454545456, 1428.2713001532989)]
[(26279.136363636364, 2081.2911720167508)]
[(54799.045454545456, 3167.1224955103612)]
[(32638.545454545456, 1897.4442814480174)]
[(29163.090909090908, 1934.4866403883154)]
[(29736.090909090908, 2218.1536601239986)]
[(49810.227272727272, 2538.5999076691542)]
[(29002.045454545456, 2062.4618263353)]
[(16754.31818181818, 1708.4998312755065)]
[(39457.0, 2632.6585132642226)]
[(63729.0, 4195.7712720307436)]
[(49219.772727272728, 3293.1763979413295)]
[(24121.272727272728, 1690.6702957803552)]
[(25207.954545454544, 1575.6701059666548)]
[(59242.409090909088, 3917.5692328214645)]
[(23783.81818181818, 1730.6709448966112)]
[(40544.5, 2571.6070174845781)]
[(49742.045454545456, 3427.7944082238459)]
[(35811.590909090912, 2714.419767347249)]
[(32518.227272727272, 2143.4698547558351)]
[(46176.5, 2765.2072133909573)]
[(60395.772727272728, 3505.2275445569644)]
[(52324.772727272728, 2634.3147183006458)]
[(30174.0, 2522.3572670546446)]
[(24518.045454545456, 2037.1147061152892)]
[(30648.272727272728, 2050.4765849438581)]
[(31044.727272727272, 2092.8235153501682)]
[(46229.090909090912, 2858.0844601067629)]
[(35535.5, 2516.9771145473828)]
[(30356.909090909092, 1674.4840439232912)]
[(25317.545454545456, 2033.8375451673162)]
[(26497.954545454544, 1918.6757581992583)]
[(34562.681818181816, 2258.8415195400066)]
[(46807.63636363636, 3449.0419418161564)]
[(27965.954545454544, 2205.8965303897858)]
[(53048.681818181816, 3403.0756232196636)]
[(27595.636363636364, 2234.8065399039874)]
[(52137.590909090912, 3911.7336959297008)]
[(27885.18181818182, 1909.8431669365275)]
[(27065.5, 1861.6437241922724)]
[(31642.227272727272, 2296.7545848217878)]
[(57524.681818181816, 3193.7637521245265)]
[(31960.0, 2420.8047026937656)]
[(48226.454545454544, 2847.981088920073)]
[(51963.954545454544, 3159.7637521245265)]
[(31986.136363636364, 2494.6257504658265)]
[(25966.136363636364, 2213.2492723790083)]
[(40607.318181818184, 2911.2125656713138)]
[(32152.454545454544, 1824.8275693980131)]
[(27128.772727272728, 2116.6013652519746)]
[(28494.545454545456, 1834.9750570600684)]
[(20584.18181818182, 1475.8354876800017)]
[(56912.954545454544, 3031.7240693244066)]
[(56966.86363636364, 3294.1674509156833)]
[(33123.727272727272, 2312.1064082058992)]
[(37462.227272727272, 2193.4682870344682)]
[(40558.590909090912, 2976.2338951175861)]
[(36832.272727272728, 1921.9077739282088)]
[(19592.409090909092, 1571.0424198670821)]
[(33970.272727272728, 2492.3100151365452)]
[(30448.363636363636, 1972.5641687783327)]
[(63062.409090909088, 3754.4993532245808)]
[(35059.818181818184, 2251.6006364605641)]
[(47312.681818181816, 2960.0142313458705)]
[(31022.863636363636, 2021.2426218661394)]
[(34559.318181818184, 2396.398248087276)]
[(49756.909090909088, 2930.2323273962193)]
[(22930.545454545456, 1767.9632440805435)]
[(46331.318181818184, 2861.6127493923359)]
[(22001.31818181818, 1809.2384576797485)]
[(21754.18181818182, 1731.5853880860589)]
[(37022.681818181816, 2355.4604484276338)]
[(26414.590909090908, 1948.1387913768942)]
[(42297.727272727272, 2798.1414979804645)]
[(33121.0, 2337.4909943884068)]
[(39299.5, 2535.5377073287964)]
[(50723.318181818184, 2620.1738811514592)]
[(52571.181818181816, 2967.8910187591205)]
[(58291.909090909088, 3779.8257134394212)]
[(41888.772727272728, 2078.0184447440233)]
[(38327.818181818184, 2603.360592311079)]
[(48274.272727272728, 3315.4376918619328)]
[(38886.545454545456, 2816.9850632927632)]
[(51415.590909090912, 3487.1232547651639)]
[(37996.36363636364, 2154.7882662252946)]
[(17775.863636363636, 1613.3710765946996)]
[(48572.045454545456, 2730.020502231338)]
[(42045.5, 3001.0159888809376)]
[(37332.772727272728, 2341.2322969328275)]
[(45915.545454545456, 3020.3451049111104)]
[(28932.363636363636, 1967.7767227346246)]
[(40772.86363636364, 2750.8574170307679)]
[(30722.090909090908, 1982.9794907353141)]
[(29721.81818181818, 2227.3961109248075)]
[(39952.227272727272, 2576.9260780702939)]
[(60216.818181818184, 3533.0268035801973)]
[(40981.772727272728, 2663.5276518843389)]
[(20290.727272727272, 1724.0486110773954)]
[(33416.227272727272, 2326.4703140583906)]
[(24068.227272727272, 1841.7070329514418)]
[(61432.772727272728, 3670.7640520767732)]
[(45187.818181818184, 2898.3072593212128)]
[(59034.409090909088, 3348.6964689926667)]
[(29063.772727272728, 2061.1398997957058)]
[(41163.454545454544, 2445.7569914731112)]
[(19570.136363636364, 1690.744039611383)]
[(37107.318181818184, 2699.3032849485226)]
[(50907.954545454544, 3345.0239376263185)]
[(58747.772727272728, 3574.912078716538)]
[(51722.0, 3156.1752895225177)]
[(50941.13636363636, 2780.299041086977)]
[(44344.0, 2608.7641012885356)]
[(37447.727272727272, 2747.8941542018542)]
[(54653.909090909088, 3162.5073511817241)]
[(47504.272727272728, 3068.2301105585966)]
[(53455.909090909088, 2938.0763520110736)]
[(31303.68181818182, 2288.9149938821793)]
[(35142.86363636364, 2648.0733759186483)]
[(58855.181818181816, 4317.8563695387411)]
[(37849.63636363636, 2602.8652556376023)]
[(57367.0, 3405.588314966722)]
[(27483.772727272728, 1968.6120698126879)]
[(46250.681818181816, 2910.7112276012249)]
[(33859.590909090912, 2053.6503747051411)]
[(33447.0, 2227.0239868380809)]
[(20918.5, 1711.9291830496354)]
[(33250.818181818184, 2027.2905229004946)]
[(20430.409090909092, 1358.6988943923604)]
[(25586.81818181818, 2077.3743221759796)]
[(21989.545454545456, 1431.193312460726)]
[(43598.954545454544, 3124.6857644319534)]
[(21150.5, 1642.5524354739623)]
[(51090.36363636364, 2645.187910968607)]
[(23505.727272727272, 1507.7476343566721)]
[(35054.545454545456, 2235.3350190032611)]
[(40089.272727272728, 2627.1041116931224)]
[(29454.772727272728, 2117.8145683245225)]
[(16401.909090909092, 1242.4647415009413)]
[(30779.409090909092, 2106.9819770617919)]
[(40404.545454545456, 2378.3329919793391)]
[(28855.18181818182, 2185.7171985344453)]
[(41838.5, 3295.3724357539959)]
[(47616.681818181816, 2807.2468961910768)]
[(32837.545454545456, 2555.0092282295227)]
[(45419.86363636364, 2969.7517493313007)]
[(37309.63636363636, 2433.3350190032611)]
[(42316.227272727272, 2612.738907608119)]
[(55821.681818181816, 3587.6393514438109)]
[(36233.545454545456, 2402.5337329561062)]
[(19913.863636363636, 1807.6818392710252)]
[(27362.954545454544, 1719.0582072192972)]
[(39320.227272727272, 2492.1533906351438)]
[(23526.227272727272, 1563.5793866894462)]
[(52155.772727272728, 3499.6727633584628)]
[(65662.409090909088, 4020.3566788651729)]
[(58003.045454545456, 3383.3639480309052)]
[(42695.909090909088, 3587.0539446093821)]
[(43305.818181818184, 2682.0875955494967)]
[(29443.136363636364, 1995.0768605253913)]
[(64039.727272727272, 3786.8315250223332)]
[(48020.045454545456, 3075.9852531064639)]
[(29167.81818181818, 2320.0796468041158)]
[(48265.63636363636, 3121.3680020787501)]
[(44484.409090909088, 2941.967248916626)]
[(37832.772727272728, 2378.0566699613223)]
[(41486.13636363636, 3075.9767653833737)]
[(34759.090909090912, 2511.6643248471346)]
[(41903.318181818184, 3270.5613637512379)]
[(30068.636363636364, 2357.8779872222381)]
[(30781.636363636364, 2091.4440119591627)]
[(30698.18181818182, 1986.6234234896574)]
[(57284.227272727272, 3290.0123941356487)]
[(28811.0, 2225.5511677048421)]
[(33417.318181818184, 2899.294527736577)]
[(25793.81818181818, 1540.2171282334762)]
[(25556.81818181818, 2019.1231938383796)]
[(30031.68181818182, 2233.4616365215993)]
[(20383.590909090908, 1532.5420004021037)]
[(37299.590909090912, 2095.7171985344453)]
[(39201.36363636364, 2662.5662262656474)]
[(38724.909090909088, 2688.1963190165434)]
[(28589.545454545456, 1929.8529528921301)]
[(60497.0, 3843.0605951222506)]
[(53011.272727272728, 3702.64619177038)]
[(37862.13636363636, 2195.0828619220042)]
[(31001.590909090908, 2277.1913159001956)]
[(57457.63636363636, 3234.9823074774308)]
[(24910.272727272728, 2375.6923844814301)]
[(23002.045454545456, 1716.0495296825063)]
[(45601.63636363636, 2425.200452739542)]
[(41199.727272727272, 2614.4445814002643)]
[(46193.409090909088, 2446.8557391708546)]
[(42842.090909090912, 3294.0729470794849)]
[(30703.636363636364, 2166.1287359324369)]
[(50393.272727272728, 3372.9911748279224)]
[(25869.772727272728, 2269.8407907485962)]
[(42268.954545454544, 3337.8555001453919)]
[(45623.909090909088, 2872.5924486897206)]
[(37734.318181818184, 2404.1663120334797)]
[(41439.86363636364, 3068.3773287317968)]
[(43614.954545454544, 3228.8742331266403)]
[(68896.681818181823, 3918.0220207409425)]
[(41118.954545454544, 2747.6281571171498)]
[(25589.363636363636, 2302.886285131628)]
[(31894.545454545456, 2435.9381605386734)]
[(27949.454545454544, 2381.5631704980678)]
[(43814.681818181816, 2581.8373858170075)]
[(24145.136363636364, 1749.7996995774183)]
[(31462.409090909092, 1975.14773840254)]
[(52209.36363636364, 3223.4640736363149)]
[(56601.0, 3386.4381511644883)]
[(28393.136363636364, 2190.7564220320096)]
[(48332.909090909088, 3109.299610528079)]
[(50667.818181818184, 3730.9433839321136)]
[(22643.454545454544, 1689.1647138487208)]
[(40125.409090909088, 2544.471991918304)]
[(48714.36363636364, 3357.3550806804137)]
[(30205.18181818182, 1578.0932665304704)]
[(59519.545454545456, 3622.9287846738644)]
[(57704.13636363636, 3161.1461214694109)]
[(39909.272727272728, 2963.1940225037661)]
[(50928.0, 3421.8243050683627)]
[(55489.0, 3017.060754472559)]
[(46969.909090909088, 3083.5750139409847)]
[(20695.045454545456, 1560.5883337150919)]
[(56181.954545454544, 2784.2174586491151)]
[(33750.045454545456, 2568.0156889286909)]
[(28502.81818181818, 2056.1759878505359)]
[(42170.818181818184, 2423.4900757832961)]
[(30342.727272727272, 2335.0195531628347)]
[(42211.5, 3032.4393392584539)]
[(22441.590909090908, 1742.1812299923463)]
[(19715.31818181818, 1565.8815515041351)]
[(40210.045454545456, 2853.0672948468814)]
[(40550.545454545456, 2381.5556013800883)]
[(46441.818181818184, 3084.4828066175633)]
[(52866.454545454544, 3761.8801548480988)]
[(31558.272727272728, 2009.2593278234656)]
[(23280.68181818182, 1655.3360969586806)]
[(45208.318181818184, 3332.0288306041198)]
[(63621.909090909088, 3567.8926966190338)]
[(24456.363636363636, 2051.0280408859253)]
[(31365.454545454544, 2077.5757122690029)]
[(39102.272727272728, 2578.7533967278218)]
[(32434.863636363636, 1999.4260077693245)]
[(43906.590909090912, 2771.9852531064639)]
[(32285.545454545456, 2068.4346853061156)]
[(53609.772727272728, 3349.6157254847612)]
[(16663.5, 1624.7364704934034)]
[(19074.227272727272, 1817.4004344615068)]
[(43591.318181818184, 2727.4492048892107)]
[(54885.0, 2851.2043474370785)]
[(29308.545454545456, 1958.1113808588548)]
[(33147.045454545456, 2337.8571170785212)]
[(22184.590909090908, 1501.1482773802497)]
[(45740.045454545456, 2955.9442720738325)]
[(34477.590909090912, 2330.4511217745867)]
[(56256.090909090912, 3587.7389380715108)]
[(58920.727272727272, 3307.5633907751603)]
[(32268.409090909092, 2214.7425820285625)]
[(38903.409090909088, 2575.1863432472401)]
[(24308.68181818182, 1837.3941635760393)]
[(25969.272727272728, 1902.7667469653215)]
[(34287.909090909088, 2234.5859575271606)]
[(36863.0, 2406.5003210414538)]
[(41291.5, 2948.1358762112532)]
[(47665.36363636364, 3481.9668200774627)]
[(63695.954545454544, 4016.5955349206924)]
[(48243.36363636364, 3513.693902991035)]
[(32254.363636363636, 2412.3399119810624)]
[(38742.772727272728, 2411.4100610668011)]
[(28444.363636363636, 2237.0977306691084)]
[(31626.409090909092, 2406.2296207926488)]
[(47955.227272727272, 3092.1327407685194)]
[(34921.772727272728, 2358.7795090133495)]
[(63326.454545454544, 4299.2570125623179)]
[(33336.590909090912, 1973.5577080791647)]
[(31379.136363636364, 2575.6656230796466)]
[(28742.090909090908, 2756.8728247555819)]
[(24462.227272727272, 1902.8836886666038)]
[(50691.909090909088, 3347.5334939306431)]
[(43920.045454545456, 3192.6388921412554)]
[(28914.727272727272, 2041.9487549608405)]
[(38844.681818181816, 2596.5321652347393)]
[(51521.0, 3329.336537512866)]
[(44889.727272727272, 2729.8714468479156)]
[(37544.318181818184, 2704.0878650383515)]
[(47604.727272727272, 3271.8343605128202)]
[(35489.454545454544, 2764.1751793839717)]
[(35508.454545454544, 1996.2638411738656)]
[(51309.409090909088, 3147.3078287623143)]
[(30901.590909090908, 2443.5861473408613)]
[(58059.36363636364, 4068.404579899528)]
[(30742.5, 2571.9719520807266)]
[(28583.090909090908, 2088.9549461711536)]
[(40627.590909090912, 2531.3971396684647)]
[(22762.863636363636, 1546.6050396724181)]
[(57146.954545454544, 3606.0172074382954)]
[(28700.136363636364, 1919.8353283296931)]
[(25122.81818181818, 2112.8780668973923)]
[(33654.954545454544, 2582.7937286441975)]
[(53347.409090909088, 3228.1028439240022)]
[(48403.318181818184, 3086.0208818587389)]
[(33670.590909090912, 2489.2884162014179)]
[(65935.409090909088, 3982.9061874584718)]
[(28577.636363636364, 2017.1519025889311)]
[(60637.13636363636, 3481.4392595832996)]
[(38650.5, 2689.6060988794675)]
[(40912.772727272728, 2509.2184569293804)]
[(31099.590909090908, 2058.0760215954347)]
[(40042.36363636364, 2744.3491589589553)]
[(27855.090909090908, 2282.9471075643191)]
[(34212.818181818184, 2332.1804215257816)]
[(36869.272727272728, 2509.2008323669434)]
[(62710.5, 3431.0381572571669)]
[(42338.727272727272, 2849.5512778433886)]
[(36079.818181818184, 2713.7186069055037)]
[(40534.909090909088, 2687.14195728302)]
[(44097.0, 3138.0379674434662)]
[(25027.772727272728, 2008.3335309570487)]
[(46846.318181818184, 2401.5477627732539)]
[(30781.727272727272, 1979.2161299532111)]
[(57617.954545454544, 3376.7752956151962)]
[(33212.954545454544, 2654.3173147656703)]
[(22520.454545454544, 1880.559735103087)]
[(26900.545454545456, 1939.5592758005316)]
[(22916.454545454544, 1570.6475884264166)]
[(29740.68181818182, 2175.071887872436)]
[(20769.545454545456, 1483.2730576883662)]
[(34083.772727272728, 1971.2422422387383)]
[(54342.318181818184, 3449.8028959469361)]
[(36476.86363636364, 2328.9562444036656)]
[(35892.954545454544, 2426.6859237822619)]
[(62314.727272727272, 4166.7405362562704)]
[(37062.090909090912, 2432.2050762284885)]
[(35533.545454545456, 2334.5724971511149)]
[(29151.863636363636, 2363.4475270292974)]
[(37925.045454545456, 2488.6600809855895)]
[(17535.954545454544, 1439.9508616599169)]
[(22666.5, 1949.3097151842985)]
[(52174.63636363636, 3049.6780055002732)]
[(54621.5, 3032.1875618045979)]
[(24194.909090909092, 1772.0820229920473)]
[(30006.0, 1977.7029789035971)]
[(21943.727272727272, 1867.7927795756948)]
[(33557.818181818184, 2421.712874997746)]
[(24845.909090909092, 1804.4639330343766)]
[(41791.5, 2430.162796963345)]
[(61109.181818181816, 3773.2521992596712)]
[(66432.0, 3446.0861379666762)]
[(28134.409090909092, 1933.1499552401629)]
[(43426.13636363636, 3392.7028500166807)]
[(18469.636363636364, 1301.4025411605835)]
[(39685.772727272728, 2844.8747721043501)]
[(34658.454545454544, 2600.735123049129)]
[(32043.636363636364, 2135.4705038720913)]
[(34486.86363636364, 2478.5602248690343)]
[(22243.636363636364, 1664.0022777644072)]
[(32435.68181818182, 1829.7016806710851)]
[(44728.045454545456, 3212.4050087386913)]
[(32879.86363636364, 2698.7197153243151)]
[(60336.090909090912, 3612.246926654469)]
[(53786.227272727272, 2941.1198990453372)]
[(51790.727272727272, 3037.3415101658215)]
[(43245.045454545456, 3552.9039706208491)]
[(43746.0, 2757.4507726105776)]
[(39750.63636363636, 2281.8051619963212)]
[(50698.909090909088, 2996.4815083850513)]
[(44532.590909090912, 3121.581933942708)]
[(48753.63636363636, 2818.8482801914215)]
[(27035.409090909092, 1682.572276874022)]
[(21785.454545454544, 1675.7580694285307)]
[(50691.454545454544, 2739.6883304335856)]
[(52106.0, 3350.0388860485768)]
[(26239.545454545456, 1972.6706754077566)]
[(39640.272727272728, 3025.7920812476764)]
[(58634.772727272728, 3613.1071979240937)]
[(51247.590909090912, 2747.7384483055635)]
[(61874.5, 3666.5604451461272)]
[(37548.318181818184, 2687.646700284698)]
[(45013.13636363636, 2764.3453743999653)]
[(28075.045454545456, 2154.0647780570116)]
[(70758.590909090912, 3347.7632131468167)]
[(40439.318181818184, 2871.3502673777666)]
[(31665.090909090908, 2714.8384942358189)]
[(23074.090909090908, 1771.9808686429803)]
[(33249.13636363636, 2540.9144549044695)]
[(19415.227272727272, 1749.5756021304564)]
[(41038.63636363636, 2880.3148284391923)]
[(50923.409090909088, 3496.4009546908464)]
[(50948.909090909088, 3191.1244428591294)]
[(48212.954545454544, 2645.9706538482146)]
[(53905.181818181816, 3308.6426767002454)]
[(39254.590909090912, 2634.3699189641261)]
[(23323.909090909092, 1870.4995617866516)]
[(30240.363636363636, 2060.716090115634)]
[(49557.5, 3318.122415835207)]
[(49885.318181818184, 3207.4896469441328)]
[(40508.681818181816, 2288.5522761236539)]
[(61335.63636363636, 3443.4238518584857)]
[(39562.727272727272, 2442.5088087645445)]
[(19510.31818181818, 1678.0281205610795)]
[(42974.409090909088, 3159.6937928524885)]
[(32209.5, 1819.0777791305022)]
[(33458.86363636364, 2228.384028456428)]
[(56129.772727272728, 3435.4307718602095)]
[(42964.181818181816, 2844.7408549568868)]
[(43401.63636363636, 2987.8437668410215)]
[(41026.909090909088, 2854.5741750110278)]
[(23420.045454545456, 1872.1343577016485)]
[(28068.227272727272, 2035.6610792658546)]
[(43130.681818181816, 2882.3106642528014)]
[(41948.181818181816, 3075.9502734704452)]
[(42382.409090909088, 2883.3930856206202)]
[(36905.272727272728, 2651.106328530745)]
[(25799.272727272728, 1707.260785406286)]
[(54798.36363636364, 3679.234844186089)]
[(32886.5, 2553.8300861878829)]
[(36201.86363636364, 3034.0240173014727)]
[(31504.227272727272, 2176.496156855063)]
[(24987.227272727272, 1871.7114666266875)]
[(22159.0, 1658.1232735135338)]
[(37171.272727272728, 1683.3833488767798)]
[(40281.590909090912, 2925.5645788691259)]
[(47510.318181818184, 3416.5446577939119)]
[(27338.590909090908, 1874.6608894521539)]
[(38524.86363636364, 2887.5752834298396)]
[(44143.818181818184, 2348.8314640955491)]
[(57353.63636363636, 2626.91067034548)]
[(16792.590909090908, 1406.7474445429716)]
[(49895.0, 2958.2524382851338)]
[(63072.954545454544, 3347.5961535735564)]
[(27563.31818181818, 1718.759177847342)]
[(40495.86363636364, 2815.2992309006777)]
[(30941.863636363636, 2228.0487212159419)]
[(57036.5, 2547.6574048454113)]
[(48323.954545454544, 2945.5957739461551)]
[(31080.863636363636, 2253.1761776642365)]
[(28899.590909090908, 1910.9271560257132)]
[(37068.590909090912, 2705.9461092840543)]
[(48767.090909090912, 3080.4916739680552)]
[(21476.409090909092, 1877.3774576187134)]
[(27337.454545454544, 2264.1924243190074)]
[(33926.86363636364, 1937.6824883872812)]
[(27965.68181818182, 1555.7075719291513)]
[(43313.545454545456, 2762.9365131421523)]
[(32723.954545454544, 2230.225187117403)]
[(53583.772727272728, 2978.0873260606418)]
[(36519.818181818184, 2412.326990582726)]
[(46488.181818181816, 3104.9261882088399)]
[(26862.18181818182, 1847.986220923337)]
[(26017.68181818182, 2154.3874333880162)]
[(45893.63636363636, 2939.0875158743424)]
[(61868.86363636364, 3550.9748484979978)]
[(35868.545454545456, 2183.3412898887286)]
[(31135.863636363636, 2477.3826505487614)]
[(39319.36363636364, 2695.626589395783)]
[(41551.818181818184, 2729.8014875758777)]
[(53224.090909090912, 3351.4159031131053)]
[(53929.090909090912, 3272.0268832553515)]
[(49760.5, 2913.5948553410444)]
[(51181.409090909088, 3429.920107137073)]
[(31239.954545454544, 2146.3316937468267)]
[(50782.181818181816, 3229.0188548348165)]
[(50784.818181818184, 3171.2898245724764)]
[(19310.81818181818, 1561.4258976307783)]
[(19607.772727272728, 1895.585118597204)]
[(33636.727272727272, 2408.1322510025716)]
[(29658.863636363636, 1859.1584429632533)]
[(37523.86363636364, 2680.5873658982191)]
[(49005.681818181816, 2974.1144670898266)]
[(40722.36363636364, 2475.8675521503797)]
[(40943.454545454544, 2921.3313445828176)]
[(51776.409090909088, 3301.3037747144699)]
[(56153.727272727272, 3592.7335061160002)]
[(51709.36363636364, 3288.5723378008061)]
[(21663.31818181818, 1753.0916191339493)]
[(39631.954545454544, 2702.1225751855159)]
[(33335.13636363636, 1975.3050120201979)]
[(27841.363636363636, 1756.4474965659056)]
[(49927.727272727272, 3063.1436351429334)]
[(59959.409090909088, 3700.3821420344439)]
[(41618.318181818184, 2779.6978469003329)]
[(44640.13636363636, 3250.493621316823)]
[(40814.090909090912, 2449.7320672815495)]
[(24930.68181818182, 1770.2496215430174)]
[(60729.681818181816, 3633.8259829282761)]
[(31941.18181818182, 2277.7118462540889)]
[(47630.090909090912, 3609.6551387960262)]
[(22664.5, 1620.9898156686263)]
[(31673.590909090908, 2076.5282705372028)]
[(63248.818181818184, 4248.3318648121576)]
[(37229.13636363636, 2741.1016253666444)]
[(38475.86363636364, 2944.6394311189651)]
[(28278.409090909092, 1829.0247953046453)]
[(36796.272727272728, 2234.0449366569519)]
[(32668.954545454544, 2394.044667168097)]
[(28509.727272727272, 2457.6306434436278)]
[(41170.090909090912, 2186.6871118762278)]
[(39558.36363636364, 2569.9539478908887)]
[(30958.81818181818, 2258.3925161795182)]
[(46993.63636363636, 3432.3953329216351)]
[(26383.909090909092, 1913.4162218137221)]
[(35855.63636363636, 2086.2071829275651)]
[(41645.818181818184, 2520.637104142796)]
[(50951.227272727272, 2786.4099813916469)]
[(35527.63636363636, 2167.2401355396619)]
[(36824.272727272728, 1852.0067114396529)]
[(24078.5, 2179.0598850792103)]
[(30101.31818181818, 2386.4265772104263)]
[(34962.727272727272, 2077.6153950691223)]
[(47136.36363636364, 3603.0236681374636)]
[(19308.18181818182, 1530.3227162577889)]
[(23715.0, 1833.4647719643333)]
[(55965.13636363636, 3675.284582430666)]
[(15389.136363636364, 1438.0293086550453)]
[(31580.772727272728, 2252.6654332659459)]
[(53679.36363636364, 3951.1460722576489)]
[(63626.090909090912, 3765.8515562360935)]
[(40146.5, 2652.7001434131103)]
[(24236.636363636364, 1985.7987809723074)]
[(32923.272727272728, 2418.4265772104263)]
[(30391.136363636364, 2010.6895982027054)]
[(19903.363636363636, 1240.8520038236272)]
[(37206.545454545456, 2775.4003852497449)]
[(55063.86363636364, 4070.5527166778393)]
[(41290.954545454544, 2476.436363166029)]
[(35926.5, 2167.6298841888256)]
[(49443.86363636364, 2902.9977152022448)]
[(32758.636363636364, 2311.7320672815495)]
[(34994.36363636364, 2374.1174923940139)]
[(25994.454545454544, 1733.8563578237188)]
[(44774.409090909088, 2742.4398782361636)]
[(33555.545454545456, 2254.4883182482286)]
[(28240.81818181818, 2050.6187203255568)]
[(27258.863636363636, 1600.337205377492)]
[(23760.68181818182, 1750.1803113872354)]
[(43577.954545454544, 3061.335239280354)]
[(50296.090909090912, 3191.6364854899321)]
[(43533.318181818184, 3252.1491772369905)]
[(42578.772727272728, 2963.1722337549381)]
[(42244.727272727272, 3071.2006730166349)]
[(22106.272727272728, 1748.7683146866884)]
[(19872.136363636364, 1381.5837102261457)]
[(40056.727272727272, 2525.1447130983524)]
[(28121.31818181818, 1835.2041271599855)]
[(29339.18181818182, 2079.2249973037028)]
[(30234.636363636364, 2042.172472780401)]
[(30592.045454545456, 2298.9105602069335)]
[(37985.090909090912, 2900.6280774419956)]
[(26836.5, 1970.2452980063179)]
[(36037.045454545456, 2696.52405713905)]
[(50830.0, 3267.8312250700865)]
[(56749.454545454544, 3242.9631151936269)]
[(19635.590909090908, 1581.2012612061067)]
[(24315.045454545456, 1698.055531079119)]
[(36119.36363636364, 2599.0486415407872)]
[(35515.272727272728, 2972.0608341477132)]
[(19416.863636363636, 1462.4811779694123)]
[(47811.409090909088, 3279.6768174063077)]
[(47204.727272727272, 2510.95127175071)]
[(23006.727272727272, 1830.5323245850477)]
[(30761.772727272728, 2012.9338065385818)]
[(52971.13636363636, 3423.0724877769298)]
[(52819.090909090912, 3119.6698974045839)]
[(48490.090909090912, 3046.5763918486509)]
[(44851.0, 3034.5322753732853)]
[(25124.18181818182, 1907.6519424265082)]
[(20791.590909090908, 2015.56971087239)]
[(26096.227272727272, 1495.0858872261915)]
[(30150.909090909092, 2007.8810125264254)]
[(27417.545454545456, 2009.5492203560743)]
[(36124.545454545456, 2636.6821392232723)]
[(32672.18181818182, 2607.5055936466565)]
[(48442.818181818184, 3489.9242713234639)]
[(32342.272727272728, 2346.6877609924836)]
[(34106.0, 2254.2258362336593)]
[(28274.727272727272, 2320.5573589151554)]
[(39081.36363636364, 2853.7092005773025)]
[(55686.818181818184, 3799.9353555115786)]
[(23637.227272727272, 1624.5083189985969)]
[(29232.272727272728, 2368.8144886493683)]
[(52598.63636363636, 2997.6676805669613)]
[(37590.454545454544, 2130.6959792267194)]
[(39493.045454545456, 2758.9487854242325)]
[(39321.727272727272, 2850.6517034010453)]
[(36389.454545454544, 2177.7900237603621)]
[(29079.545454545456, 2091.349128495563)]
[(64418.909090909088, 3683.1742912422528)]
[(47679.13636363636, 3124.1995645978236)]
[(50740.318181818184, 3286.6801426627421)]
[(43728.909090909088, 2929.5358701185746)]
[(28990.409090909092, 2064.2049660899424)]
[(25866.363636363636, 2006.8698486631567)]
[(40855.090909090912, 2657.6905472712083)]
[(39054.681818181816, 2763.0360997698522)]
[(24399.545454545456, 1654.7768024097788)]
[(55039.045454545456, 3667.3897908275776)]
[(31602.5, 2229.9154531847348)]
[(39085.272727272728, 2777.8670131726699)]
[(39744.090909090912, 2812.3986277146773)]
[(32623.272727272728, 2066.3275295604358)]
[(28878.590909090908, 2005.9525395198302)]
[(29287.045454545456, 1897.7448785413396)]
[(27114.363636363636, 1984.8417890288613)]
[(50746.86363636364, 3485.5212216485629)]
[(46823.36363636364, 2931.6962791789661)]
[(27491.545454545456, 1887.6232336759567)]
[(50755.818181818184, 3726.1354473720899)]
[(47019.36363636364, 3968.2659595879641)]
[(36090.045454545456, 2355.7868883176284)]
[(37075.36363636364, 2372.1804215257816)]
[(50321.272727272728, 2867.2724694988942)]
[(31960.772727272728, 2583.3574568683453)]
[(36679.727272727272, 2727.3694596615705)]
[(55664.409090909088, 3260.3042340170255)]
[(26421.81818181818, 1768.6495357751846)]
[(35121.181818181816, 2247.5640891031785)]
[(26830.454545454544, 2409.4535284259105)]
[(25029.909090909092, 1717.2759236422453)]
[(29381.636363636364, 1888.5398937030272)]
[(43949.454545454544, 2554.0560208450665)]
[(23393.5, 1714.6315315853465)]
[(56952.954545454544, 3085.533763419498)]
[(55970.36363636364, 4212.6214878559113)]
[(59226.818181818184, 4143.9183800653982)]
[(49462.090909090912, 3034.3161266717043)]
[(62289.318181818184, 3449.1780758012424)]
[(29330.18181818182, 2117.5788477117367)]
[(33116.772727272728, 2235.1900176676836)]
[(51959.36363636364, 2864.1758285002275)]
[(57664.909090909088, 3662.8787769404325)]
[(42185.227272727272, 2477.3637277538128)]
[(48632.5, 3408.8626099608159)]
[(43989.454545454544, 2791.9338370019741)]
[(46760.590909090912, 3095.6638960079713)]
[(63591.681818181816, 3564.6651145653291)]
[(38546.86363636364, 3246.9668997526169)]
[(57662.090909090912, 4067.4397493492474)]
[(31641.727272727272, 2187.6730820590801)]
[(32562.045454545456, 2400.722471139648)]
[(22608.31818181818, 1830.6517526128075)]
[(56566.318181818184, 3548.4882690364666)]
[(41020.63636363636, 2195.2281327464366)]
[(24169.272727272728, 1834.1397099820051)]
[(56740.772727272728, 3427.3790862668643)]
[(28607.0, 2146.3042832287874)]
[(46973.727272727272, 2501.0502092621541)]
[(34095.954545454544, 2405.2625734047456)]
[(37918.954545454544, 2285.3334512818942)]
[(59532.681818181816, 3798.9953390143132)]
[(36212.13636363636, 2868.4099813916469)]
[(39901.318181818184, 2860.7814563621173)]
[(35511.045454545456, 2169.2631123824553)]
[(39417.590909090912, 2700.6060192043133)]
[(33490.772727272728, 2656.7319876063953)]
[(30923.909090909092, 2320.3027155074205)]
[(36256.681818181816, 3085.2129452987151)]
[(22837.5, 1922.0559107065201)]
[(27953.18181818182, 2317.7944574356079)]
[(28385.545454545456, 1791.3843776204369)]
[(34680.0, 2671.8563086119566)]
[(48090.727272727272, 3025.7435310970654)]
[(29881.909090909092, 2411.5020785765214)]
[(20995.863636363636, 1516.1411675648255)]
[(35663.0, 2580.4026817625218)]
[(30092.81818181818, 2199.4380105625501)]
[(46828.318181818184, 3234.5310872793198)]
[(29695.363636363636, 2196.8399518186397)]
[(37445.227272727272, 2639.7629928697238)]
[(45387.590909090912, 3511.8795057318425)]
[(25363.5, 1859.0557208928194)]
[(64285.36363636364, 3694.9193783456631)]
[(27987.090909090908, 2374.3443456563082)]
[(21130.363636363636, 1696.2921702970159)]
[(46690.272727272728, 3071.3093964836812)]
[(30981.454545454544, 2229.1251411871476)]
[(57658.318181818184, 4237.4363444176588)]
[(36614.63636363636, 2575.0319355834613)]
[(41240.954545454544, 2719.5878252007747)]
[(31847.045454545456, 2164.4863708994603)]
[(55320.86363636364, 3374.6032633889804)]
[(24177.68181818182, 1806.2052355787971)]
[(18615.590909090908, 1492.6652129888535)]
[(41010.0, 2473.4490947506642)]
[(33422.681818181816, 2288.2929295518184)]
[(40647.36363636364, 2746.4950788996434)]
[(58846.590909090912, 3824.6383531635456)]
[(40180.227272727272, 2607.4875894568181)]
[(47535.0, 3100.8949931318111)]
[(32900.772727272728, 2130.3820811076598)]
[(25936.18181818182, 1790.9539174274964)]
[(25883.5, 1740.7471750541167)]
[(23665.090909090908, 1852.6952199719169)]
[(56372.090909090912, 3531.6337296745992)]
[(55095.227272727272, 3414.9766857082195)]
[(27226.136363636364, 2039.8649556853554)]
[(29815.727272727272, 2270.7980521808972)]
[(31817.090909090908, 2016.579956130548)]
[(27406.045454545456, 1791.1798520846801)]
[(31141.090909090908, 2006.6180712093008)]
[(39097.272727272728, 2971.0777299187398)]
[(32711.863636363636, 2335.5549522638321)]
[(37533.181818181816, 2283.6082055785441)]
[(55531.818181818184, 3100.1538804010911)]
[(56746.454545454544, 3353.3784371506085)]
[(44091.454545454544, 2909.6981163891878)]
[(30717.5, 2294.0843499682164)]
[(24670.0, 1973.9525395198302)]
[(44074.090909090912, 2479.3675123128023)]
[(38737.227272727272, 2896.909482251514)]
[(39797.954545454544, 2621.2024000883102)]
[(22860.363636363636, 1799.871226570823)]
[(53798.0, 2967.4659108465366)]
[(31260.409090909092, 1685.5374870517037)]
[(38293.86363636364, 2972.5420613288879)]
[(38868.227272727272, 2625.1003271341324)]
[(48855.090909090912, 3307.4256890687075)]
[(51392.818181818184, 3423.5823135701094)]
[(34189.63636363636, 2858.8946135044098)]
[(24987.545454545456, 2256.8885019692507)]
[(21738.772727272728, 1483.6928133205934)]
[(24267.0, 2204.1376032829285)]
[(43781.86363636364, 3257.135796536099)]
[(34410.318181818184, 2687.0216106501493)]
[(39027.227272727272, 2862.1465807719665)]
[(31069.909090909092, 2066.3896502256393)]
[(36089.36363636364, 2222.2982818321748)]
[(54565.681818181816, 2674.0500194484539)]
[(25808.772727272728, 1954.5670347322118)]
[(32508.0, 2547.6829781532288)]
[(39013.5, 2314.7857798988171)]
[(26863.136363636364, 2108.5777392929249)]
[(47895.36363636364, 3355.4720223816958)]
[(31447.409090909092, 2303.6948708079076)]
[(26859.31818181818, 1895.2246176763015)]
[(42343.63636363636, 3266.2556838664141)]
[(46662.818181818184, 3714.6871728030119)]
[(52777.5, 2974.2067540884018)]
[(40782.045454545456, 2544.2095099037342)]
[(64382.86363636364, 4346.4216654842548)]
[(34122.86363636364, 2194.1454418897629)]
[(24749.31818181818, 1842.45858075402)]
[(23997.227272727272, 2299.9999015764756)]
[(59643.954545454544, 4166.506383364851)]
[(26528.454545454544, 1720.824054327878)]
[(53791.590909090912, 3613.4267178123646)]
[(32885.818181818184, 2543.0350710261951)]
[(52680.227272727272, 2772.1546888676558)]
[(24263.863636363636, 1964.8729841058905)]
[(39540.272727272728, 2956.6699770797381)]
[(23572.727272727272, 1790.3810523640025)]
[(36893.954545454544, 2593.7113072763791)]
[(39970.86363636364, 2849.5414918877864)]
[(36751.818181818184, 2560.8454142375426)]
[(29126.0, 2242.7964844595303)]
[(50532.772727272728, 3009.7067142508245)]
[(66354.909090909088, 3713.8155478564177)]
[(25211.227272727272, 1948.6013652519746)]
[(16108.818181818182, 1633.733794353225)]
[(33285.63636363636, 2405.3675123128023)]
[(58574.227272727272, 3558.9370029080997)]
[(56178.13636363636, 2901.2157011140475)]
[(31946.727272727272, 2542.653810100122)]
[(39224.909090909088, 1630.3396917039697)]
[(42279.227272727272, 2869.1653137532148)]
[(27897.863636363636, 1976.1973969719627)]
[(51256.818181818184, 3288.5273027203298)]
[(19498.863636363636, 1461.6496154503388)]
[(72231.136363636368, 4489.7259674614124)]
[(36758.409090909088, 3004.0400741425428)]
[(59845.181818181816, 3433.8869647112761)]
[(28381.409090909092, 2033.6648638248444)]
[(36380.909090909088, 2522.482047362761)]
[(40233.409090909088, 2691.4466084241867)]
[(27638.363636363636, 1775.6925438317385)]
[(24434.545454545456, 2148.7098192301664)]
[(53180.5, 3308.7151222987609)]
[(52454.681818181816, 3528.718637368896)]
[(57228.181818181816, 3997.4415865594692)]
[(42143.909090909088, 2687.4926722483201)]
[(49058.909090909088, 3019.2526280988345)]
[(49432.681818181816, 3318.8666640086608)]
[(37135.36363636364, 2640.638402375308)]
[(63462.0, 2899.0421011664653)]
[(40895.909090909088, 2561.1513636112213)]
[(51558.409090909088, 3114.0609442862597)]
[(50629.86363636364, 2563.6489171223207)]
[(50984.954545454544, 3472.5947756658902)]
[(39579.954545454544, 2621.8490089828319)]
[(24415.727272727272, 2142.276223594492)]
[(36524.454545454544, 2687.6174525564365)]
[(37210.409090909088, 2698.7571812868118)]
[(34169.045454545456, 1839.0194430242884)]
[(50159.681818181816, 3186.5600655187259)]
[(23804.727272727272, 1710.6633757786317)]
[(18952.81818181818, 1322.1779844110663)]
[(31446.863636363636, 2537.4670989405026)]
[(34285.86363636364, 2690.0929478298535)]
[(30628.954545454544, 2033.4449305642736)]
[(45439.590909090912, 2968.1024642966008)]
[(30753.727272727272, 2136.8764991760254)]
[(32122.272727272728, 2600.9002352736211)]
[(20390.772727272728, 1551.7621234763753)]
[(52587.5, 3435.8971302942796)]
[(29331.454545454544, 2242.6915455514736)]
[(35335.954545454544, 2036.9690556634557)]
[(24408.590909090908, 1926.5131323012438)]
[(27678.0, 2267.725416768681)]
[(40678.772727272728, 2481.4081137180328)]
[(30556.5, 1970.2506502866745)]
[(33549.13636363636, 2433.7755346406589)]
[(23762.727272727272, 1787.1162738366561)]
[(55706.090909090912, 3217.0232885100627)]
[(53645.36363636364, 3587.9229730909519)]
[(29436.0, 1725.568412639878)]
[(40394.0, 3053.1811011054301)]
[(21376.68181818182, 1831.6103122776206)]
[(40576.13636363636, 2579.4443915865636)]
[(31321.454545454544, 2272.6597013581882)]
[(22184.863636363636, 1359.9032301144166)]
[(36621.63636363636, 2289.3510758443313)]
[(39820.227272727272, 2557.5005108551545)]
[(31008.272727272728, 2292.2617344747891)]
[(44156.13636363636, 2721.5610637989912)]
[(23911.18181818182, 1582.8690894083543)]
[(18313.227272727272, 1268.8330810286782)]
[(54250.63636363636, 3181.6614096814938)]
[(45541.409090909088, 2748.0847295956178)]
[(21969.454545454544, 1625.1640647324648)]
[(48780.227272727272, 2889.6635163805699)]
[(46561.36363636364, 3046.2363814440641)]
[(30629.227272727272, 2060.712305556644)]
[(59418.045454545456, 4172.8798056840897)]
[(31645.363636363636, 2327.1642850095577)]
[(57459.909090909088, 3081.6071276231246)]
[(26466.31818181818, 1840.2128046967766)]
[(45299.590909090912, 3304.1658831943164)]
[(34145.454545454544, 2827.8720959641719)]
[(30373.409090909092, 2110.8994760188189)]
[(62176.818181818184, 3721.2045677141709)]
[(54714.090909090912, 3079.8446854461322)]
[(43619.181818181816, 3118.7831342220306)]
[(52702.227272727272, 2909.0997881564226)]
[(51658.0, 3263.6859542456541)]
[(25850.18181818182, 1991.4518505659971)]
[(31019.68181818182, 1709.4334667487578)]
[(39717.727272727272, 2702.7975132031875)]
[(35184.045454545456, 2428.3285583040929)]
[(48558.86363636364, 3187.617562694983)]
[(22987.727272727272, 1524.1449521238153)]
[(34546.590909090912, 2359.9305914206939)]
[(45271.545454545456, 2747.9111296480351)]
[(30062.272727272728, 2042.0833212245595)]
[(60996.545454545456, 3137.7127156474376)]
[(54829.090909090912, 3709.8030060854826)]
[(57181.954545454544, 3589.7226117415862)]
[(30657.363636363636, 2224.7936185056515)]
