[(11.556750442599533, 16.062200936775199, 3.6880821131065877)]
[(7.6226827852682799, 10.427725969453636, 3.4625430228027856)]
[(9.3293010853222977, 13.594636281742359, 3.5636435271538756)]
[(5.2870445496341647, 8.125182624270348, 4.2859603665152077)]
[(10.569844725200991, 14.090728133497789, 3.3214688428960222)]
[(7.1194017426875771, 14.474235504465344, 6.6840523995399881)]
[(12.046426313089734, 17.344906863647452, 3.7043008375656195)]
[(11.490453497047355, 13.914611534264033, 4.4255057518824357)]
[(9.7992337005866812, 15.573646567686668, 5.1407349621241014)]
[(7.5347458660929894, 18.784990721517033, 13.792554613186814)]
[(7.3525758773635408, 14.678882259434703, 5.166252640694049)]
[(8.6078155451370044, 13.916589281016163, 4.096964410404718)]
[(10.257312445946017, 16.612182177979587, 5.4971907546484786)]
[(6.5425422803569262, 14.428761370815728, 6.1805250355148225)]
[(9.0740232825874383, 12.696843431337919, 3.3075063731419929)]
[(11.436863104832863, 17.490568731674855, 4.1822665758586073)]
[(11.269639308032547, 17.270504604045691, 4.1529910407902761)]
[(10.712118054884284, 16.029926518153907, 4.8147876700625583)]
[(9.4248806641329459, 14.180436394413693, 9.1223596992222991)]
[(11.719703900941145, 17.088150952995036, 3.9380971676883445)]
[(11.422934895441163, 15.524225115654367, 5.3992895152289595)]
[(8.3391692644537052, 13.866425640243339, 4.7279122482844791)]
[(8.5141651430937486, 13.810340037722154, 5.2041408579962969)]
[(11.3828170843111, 13.295898341221557, 4.4785393489079262)]
[(12.253959402491116, 15.456164977933105, 5.3898467607357432)]
[(15.053078734503945, 16.458760200072255, 4.7350121143875548)]
[(11.890478785375217, 18.130085865528443, 3.6800058306316354)]
[(10.784115701312167, 14.436744554638022, 5.5552894909949817)]
[(9.3106379941198849, 14.050762564258154, 4.2320431567525674)]
[(10.105927275260917, 12.76768525126978, 5.7092903237218806)]
[(11.618171039336058, 14.768560990629503, 5.3026367710082134)]
[(10.865575062183593, 17.428230956296566, 4.1145781165823747)]
[(7.7454735062132825, 14.270615353744326, 8.0232826305961673)]
[(15.296667839591763, 17.1491444156865, 5.2667661796799834)]
[(11.300321092895608, 13.84948847575493, 5.5769590659419226)]
[(10.110874189154096, 16.443362143416202, 5.3230369529124744)]
[(8.8901117196349517, 10.193109830933329, 6.6318642239809442)]
[(6.810308345460709, 9.251786571842862, 4.7669687882794243)]
[(9.362311186823506, 12.758914911717454, 5.0998416969772151)]
[(8.4862636989269475, 13.072781836718134, 3.3206265566615465)]
[(10.886910295550669, 15.832999635345402, 3.5515652992471693)]
[(8.8248729541629025, 12.811336448445905, 6.7185417959502693)]
[(9.7764996365267365, 13.518109864242177, 3.3530426390112806)]
[(8.919464016986268, 11.322095400582594, 4.9265503056736648)]
[(6.3548485721505701, 16.123847530064559, 6.4490520678883403)]
[(5.5874476731709555, 14.643318144313946, 6.1851480236748237)]
[(8.095739337748725, 10.088111466705557, 4.6487524619867031)]
[(6.7893565424013635, 10.769055960623348, 4.3508012474544788)]
[(7.6276195805193545, 12.915727866232118, 2.490116090197648)]
[(14.782446835722148, 16.350674152522863, 4.7610998937770193)]
[(10.424389043955266, 16.574788839993463, 3.155779643936063)]
[(12.192202150017312, 15.293611885659304, 4.6023168967688921)]
[(11.654517981962721, 12.389352528152186, 4.5637779305203594)]
[(11.346242685214989, 16.342084617615093, 4.0979211884336806)]
[(11.491080559061977, 16.949193462866759, 3.5357780769070266)]
[(11.284567905753532, 14.810768739499041, 4.0760708176869933)]
[(10.458058738147258, 14.180841758026446, 3.8062141622478514)]
[(8.187835572907602, 14.188746690391731, 6.6548702353882216)]
[(7.7049613999318645, 15.581270318054148, 5.0814285615364767)]
[(11.397909767886357, 16.483490985280579, 3.9573973628314754)]
[(5.8653895994885517, 4.5958447402369167, 4.8730641086707633)]
[(4.6285213302944275, 6.6684414928920308, 5.1689719238261294)]
[(6.9654871660650173, 12.503984630113296, 3.9077890310194636)]
[(6.3161977693639253, 11.062452192896803, 3.5532157054754117)]
[(5.8583303262897628, 10.821735873021295, 4.4226764056526271)]
[(3.8385307973028064, 5.8395933903228228, 5.1016387992054533)]
[(11.513777386037264, 16.73893002331257, 3.9816831910261685)]
[(7.131097907180223, 10.501036664065309, 3.2801753148848092)]
[(5.8348210728491106, 15.483433029470072, 5.0755964137257177)]
[(11.48853758731078, 17.14557146168324, 3.4138578014118557)]
[(11.619632690015106, 14.858749292439498, 5.0315121817431585)]
[(10.976713376732881, 15.800137181536272, 5.1811052162644149)]
[(12.557313640216053, 15.548559716966357, 6.1182204443884736)]
[(4.7736902192052995, 7.1869615095302519, 5.8875092360467196)]
[(8.9910328302396678, 13.159865127471397, 3.6789588728953166)]
[(10.532038776223034, 13.96860060522153, 4.6002748450646829)]
[(4.847042017042714, 6.1193345827532513, 5.2525421782501205)]
[(10.181630172446187, 11.578987190959911, 5.0040952293956291)]
[(8.7971126505153272, 14.868337957850583, 4.7508121096010605)]
[(10.088673116108385, 15.587985880579986, 5.9083227913114555)]
[(11.60275367198264, 13.884800219633046, 4.6215194613559252)]
[(14.962408603935804, 16.109461347485166, 4.6383455019723936)]
[(10.194967767647647, 14.808611719361908, 5.3574544025533211)]
[(11.201610140859678, 16.642800806728349, 3.8384502111631389)]
[(9.8437980792562261, 11.698521679538178, 4.1399462951466646)]
[(13.518835247253447, 11.603528446530852, 5.0278963697597838)]
[(11.565111996396322, 17.25129097713944, 3.8987444328505672)]
[(8.464094787031673, 12.380228519830254, 4.4536267165289081)]
[(12.012636775101738, 17.337004927002134, 3.5655754488691844)]
[(11.438573347505654, 17.907641170273564, 3.909277614974755)]
[(7.5173889882743916, 11.975749545172057, 6.0270813567433237)]
[(11.622849982819904, 17.658074114144654, 3.6111971268268892)]
[(10.229340606159363, 13.371480840560865, 2.7823631317301629)]
[(8.9394385251197761, 13.453964761085626, 4.989895947204622)]
[(11.249393484758563, 13.388936016000262, 4.8620041933647808)]
[(6.1182373683986251, 12.106122191092584, 5.2764372176270324)]
[(11.948948645999282, 14.461185575293513, 4.9850063774517679)]
[(7.6035697574985326, 16.895837600198782, 7.7970669962974064)]
[(6.6307404898091828, 10.396311684384077, 3.4303387565732346)]
[(11.015199020172558, 13.069336529615244, 4.0162680527675025)]
[(11.836441164412769, 17.464667079471404, 3.4967799443533902)]
[(8.9115731356236054, 12.101826998708118, 6.8641711173075954)]
[(14.718285995913469, 17.142728586916505, 5.3404261158071389)]
[(11.337718061183022, 14.472890708660431, 4.7438763204406271)]
[(11.272352198374158, 15.396944546832609, 5.7063367729172718)]
[(12.207421808935441, 15.140754742382416, 9.8461342995505703)]
[(6.6415332390663284, 10.534335103878899, 3.2929812923795576)]
[(6.7129384382441453, 15.01660575581535, 6.9137610701955907)]
[(10.640959000101974, 13.399807421953129, 5.0812615609392147)]
[(10.700434904306757, 15.626381729866342, 5.9445143211611722)]
[(7.4356701497371862, 12.353207864105404, 3.970978730561471)]
[(6.5201914678410287, 9.1746954367859388, 3.9052414966490301)]
[(8.9123875145670581, 11.840448169226086, 3.1548983950722072)]
[(10.35890766035738, 12.997328962143085, 5.2492849011560487)]
[(3.9111142669785659, 6.5751881368266494, 4.7342553919162409)]
[(11.36113453193664, 12.65909809611451, 5.2313152940789749)]
[(12.999937760036415, 13.792406459110495, 4.8549478846129954)]
[(8.1794882298661094, 12.99326448716978, 3.3473008126867816)]
[(10.258229617256228, 16.148228354008271, 8.989913719071188)]
[(10.792598970972815, 17.426898556043696, 4.2202820929523854)]
[(7.1895699895930658, 11.456980919036685, 3.6436918954803286)]
[(7.2274695883392317, 12.813234563347363, 3.9700748560707542)]
[(7.7118289980321171, 10.078146378007924, 3.0942974694527829)]
[(8.0694882941483499, 12.559341919419762, 5.7737012189664583)]
[(8.0974694609653834, 13.552401671190205, 5.1223902167625077)]
[(11.625533599778343, 15.838737928802333, 3.5746037985380763)]
[(8.2219419402226261, 13.515477797801035, 4.4043318286586199)]
[(9.3333408430414675, 12.339514395242848, 6.0017747837859474)]
[(9.4462310558630787, 15.053412736782683, 3.8591571550309891)]
[(10.50468321971112, 12.969422044623689, 5.9510822151556937)]
[(7.6467632049363798, 15.092865065848745, 6.0438372582902975)]
[(11.716820538937567, 14.600721972056888, 5.490091141191396)]
[(9.1208148897795613, 15.05224680401021, 6.5794429933280458)]
[(7.4935755223947735, 14.456950144256552, 10.287413693098067)]
[(3.3668676577437346, 4.9266671989837105, 5.5397522979785236)]
[(8.31135168762642, 10.746270233293549, 4.5524959364269852)]
[(11.550277353219442, 17.039402832409259, 3.8223716553513949)]
[(11.007735944837924, 14.477734900386551, 9.9638933617485819)]
[(10.568891817616027, 13.129548428437493, 5.6630901890733636)]
[(12.086170876911616, 14.876223663048, 5.0275542800771529)]
[(12.742815518711557, 15.283002026651422, 5.1696146596603914)]
[(12.981616957408663, 14.264808570875998, 6.2164754759015892)]
[(3.8890302547391982, 5.5467476371235644, 4.961809006425824)]
[(10.204761132395591, 13.23160773389232, 4.2187406127497997)]
[(9.496675007990083, 12.18295399523376, 5.4966525827199018)]
[(11.150918873075071, 16.771026223419348, 3.9139977570258822)]
[(11.150791960747783, 17.069448348512708, 4.1453334386382945)]
[(8.4349668925815386, 10.954645432488858, 3.8198940706303288)]
[(12.384991852037281, 16.305311247476979, 4.2520677925159678)]
[(10.799520367362298, 16.555577099038103, 4.1252311192222537)]
[(4.6496137564265743, 10.548869991978576, 4.41638955045131)]
[(10.528749004391726, 14.540206267613831, 5.8925068407556846)]
[(7.8528945366117355, 13.866771248365493, 5.4119500302088852)]
[(9.4440798935227104, 14.351863637083552, 4.1113423189745149)]
[(4.4270980356272869, 7.5593269684194437, 5.5389627361499425)]
[(9.1587073891960689, 14.757070039726063, 5.8465877469713714)]
[(8.3272791733014788, 13.390887105896464, 3.4862328938659695)]
[(8.3142174213445763, 13.555707879753045, 5.1774140332915266)]
[(4.6531940145864006, 7.9026228106135976, 5.3980544948076989)]
[(10.834541450253418, 14.46517465627924, 4.5450877798153391)]
[(10.289903316285539, 14.105664874963276, 4.1768854453621023)]
[(9.0150606694168882, 11.420624781512185, 3.841178242269756)]
[(6.4630264275591287, 13.819485602657091, 4.7910309761120535)]
[(8.3397952128852957, 16.124606353598473, 6.9596758294079422)]
[(14.224503265522934, 15.766831463983296, 7.4141130759815912)]
[(9.0653219171433648, 11.931586348802176, 3.7430647026762083)]
[(11.60262398049953, 17.137182954549232, 3.8963308633567677)]
[(6.5942689069499894, 9.5191676119964139, 3.6016131033552012)]
[(11.80859208067608, 17.78735309653473, 3.785336560899939)]
[(6.9875573279578989, 12.51210202018259, 3.022602917352657)]
[(9.0875041437600199, 14.145220611155224, 4.1915794502399919)]
[(8.0452249273614296, 11.289475529933901, 3.3275403111036601)]
[(9.3190647697852658, 12.54749105240888, 5.807898764355846)]
[(8.7240811036574151, 16.074892445229018, 6.513912115587889)]
[(10.987798627855982, 15.679913460576111, 9.2738379881148454)]
[(7.6986679904591764, 12.7848781973636, 6.215996546894063)]
[(9.1295618247224475, 14.357289316416608, 3.5271691005143229)]
[(9.7928090285040614, 13.254208999720703, 4.9142879077916142)]
[(9.1154000379969329, 9.9860399166377114, 4.8812815195132337)]
[(11.645137083889772, 17.258248713763521, 4.0818476483462156)]
[(3.2676889669250531, 5.8651774213757335, 4.6191926463407533)]
[(4.9682636186532854, 14.791940321654065, 4.7074013926352434)]
[(13.87967886444393, 16.874433570333608, 6.5978011472048941)]
[(9.6613684918101459, 13.512767655187311, 4.4062041711617406)]
[(9.0049660811522418, 13.958571990590604, 4.9556686399685814)]
[(10.791480876532122, 15.080625130180497, 4.5953937326712211)]
[(9.6902951838201687, 13.172718562052419, 3.8436611471218676)]
[(3.5787909490888254, 6.5973831290305887, 5.3118022750772607)]
[(7.2514588877486794, 14.429576916435169, 5.3232676801846974)]
[(11.979720112661036, 17.601357610011206, 3.6054390937685175)]
[(13.678732924882159, 16.563648951264312, 6.615877836955244)]
[(10.789084165487365, 13.719892758428756, 5.6569773398609353)]
[(13.491106932301602, 12.138872407965092, 4.643027527306252)]
[(8.4068093441462288, 12.623034369823225, 5.7983122084102963)]
[(9.6506681808018229, 10.325255502543561, 5.0787296515524787)]
[(9.806691007891299, 14.294807514403058, 3.268153073649001)]
[(6.7476072128870328, 9.7874134590231083, 3.4985438736798828)]
[(5.4756299811060387, 14.449156311246284, 4.2518806669382965)]
[(6.6558748679448403, 11.635461059611069, 3.6481949054879639)]
[(7.1331846241707506, 14.01990697780046, 4.9690327770393061)]
[(9.621628811704225, 15.095958508945728, 5.9923172734859644)]
[(7.9728720878631272, 13.343869928612717, 3.5889560329648278)]
[(7.8270380935601267, 10.49121748474021, 3.4740737825883343)]
[(9.1426505067967625, 12.353274180404869, 3.8706391458255958)]
[(12.876310877448702, 15.320977382121654, 6.4548960716220307)]
[(8.906276137787966, 12.872861433431877, 4.1138547297488808)]
[(9.7277338466300129, 14.470752251925186, 3.5750211808603529)]
[(12.363037191449365, 16.859908900701548, 6.3337649826960085)]
[(7.21829023922799, 12.634232504697907, 4.9457972592434576)]
[(11.78552353831113, 17.191294743035819, 3.8846705564567361)]
[(7.6411264128027812, 12.825700313479537, 3.8551440666600119)]
[(11.493883441065467, 14.049031224258583, 7.2420541611826277)]
[(16.985819394999879, 17.424128960177924, 4.1719695842837528)]
[(8.6660589147117459, 13.510776304991042, 4.5094027625429973)]
[(11.735894069490445, 17.368033565602751, 3.9309006527261454)]
[(9.883594326404797, 12.264154882026714, 4.3466581608974089)]
[(7.5525528087913569, 12.273254886263514, 4.6532365915578291)]
[(9.6128118821790487, 13.289618154791507, 4.0850537002970748)]
[(7.612479011860926, 11.974802765298067, 3.533272029033959)]
[(12.698344602265259, 17.656319849745643, 10.036142287890206)]
[(8.8553271041325132, 14.993737021521198, 4.7448111779406483)]
[(12.39601463251741, 15.372195032315746, 8.3635867007751763)]
[(11.136959002332185, 14.448774876454218, 6.642252747301125)]
[(11.371179790310757, 14.43526307864111, 5.8353221851217238)]
[(8.4279555201080605, 14.154910549915577, 3.7683792988072611)]
[(9.330154111496304, 15.553203984026581, 7.5364036038153781)]
[(14.27791439634828, 14.270143267694351, 7.7614232351258821)]
[(12.05286798443146, 12.928032502670328, 4.5082422332294518)]
[(5.7945854731761681, 8.7403864102668081, 6.1214730344306361)]
[(6.2979447095577097, 13.054795828808661, 5.8903709220499945)]
[(9.0327108459681522, 13.898561519216113, 3.4720868931637359)]
[(10.107873045909068, 12.383981759518868, 5.0277938692691819)]
[(5.9102779686322267, 12.171634305232276, 5.0705687539984741)]
[(12.392655122183701, 15.007164317441388, 8.8617187487291655)]
[(12.191109728336899, 14.419997035001209, 5.226981989566017)]
[(8.6981603156233902, 17.20056821618595, 6.6125395017612423)]
[(8.6030371047227749, 13.358637670999363, 3.7236640243155867)]
[(7.4710618380631564, 17.254355783079362, 7.5005177252920099)]
[(3.4643377474458874, 5.709317782683244, 4.3848181002632849)]
[(7.0794829927783027, 7.7215356168346165, 5.2678324681012612)]
[(11.676713697080032, 17.039462076417045, 3.8772375584215881)]
[(10.657967706949703, 14.994169268989056, 4.3817323263796961)]
[(16.737653535968036, 18.391324975179046, 7.1648376344943916)]
[(6.5833418032877935, 10.965985439224275, 3.6265900924244647)]
[(10.263631392679089, 14.02526851187479, 4.8358453307331821)]
[(11.61477830109393, 14.767607249667959, 3.7871279844542398)]
[(7.8914248439953036, 13.572840665745847, 4.4615373884828236)]
[(8.2739205184187163, 11.350989741458175, 3.9041152823074134)]
[(9.3798663819066839, 13.419122383141508, 4.2440614593447581)]
[(11.74595014510084, 13.808247167640269, 4.7209743768506964)]
[(9.5801937224897173, 13.118900780955807, 3.7982656763503422)]
[(7.6545819400799822, 11.390039259313944, 4.1906048091666364)]
[(9.29907056805704, 13.777630316910818, 5.4693665987905753)]
[(9.641085527492784, 16.1110488268585, 3.8321127719425045)]
[(10.129999321293511, 15.63537194797396, 4.4638768382030785)]
[(8.5868511569992858, 11.698871396490196, 3.4291083840225109)]
[(8.1828308512423149, 15.32809979736599, 4.3980671911165432)]
[(7.4914069440712714, 12.929563599254838, 4.0510651471309611)]
[(11.676769682550809, 17.640026242250023, 3.5318496318298722)]
[(10.030890854053764, 13.863553537303078, 8.3555511894875991)]
[(9.4526710064073587, 14.465261917294219, 6.2656696873668913)]
[(11.815279281829897, 17.083303884185128, 4.0616496383644272)]
[(6.0108589978343954, 12.325564388498266, 3.8370286770960327)]
[(9.3544633537278408, 15.060294063036107, 5.4404043615570377)]
[(11.921689005319287, 13.844509405370459, 5.2872050162265047)]
[(9.9117097309888784, 14.962686243472568, 2.5895670252744782)]
[(12.827896929189157, 13.626654996566872, 4.5275479995890464)]
[(9.2931577460765755, 14.966994642254134, 9.8163122159468621)]
[(8.606549925728407, 16.231679417698992, 6.8269773915696828)]
[(6.935893675332454, 12.796567231695141, 3.8066355197103392)]
[(6.8788836063472427, 11.254932994599992, 4.2493585572129273)]
[(7.6862030332823554, 13.653099102729046, 4.6722694486966416)]
[(10.62202141460782, 17.868409487918562, 4.7818638877855228)]
[(5.957138232713918, 5.4441421291796486, 4.0922682879366743)]
[(6.2859791088982808, 8.0309058333299426, 2.6223976826867972)]
[(4.2601484192797461, 6.5626620987875475, 5.4093331908098037)]
[(11.951525917927967, 14.976772866526726, 4.405822245991013)]
[(9.5187649290689791, 12.150692670067189, 5.4188711187978083)]
[(5.4277970547208918, 11.734268037261728, 6.1237625630486487)]
[(11.027092772352649, 15.543661280001068, 9.3839630675539176)]
[(11.679732346987089, 15.093906899496123, 5.3043921266967047)]
[(6.7512393772496493, 11.001285465675942, 2.6628941384268634)]
[(9.2856437750328862, 13.163534378552598, 2.4923071898417231)]
[(13.097413310949545, 13.729648717922533, 8.4934359162190809)]
[(10.883819113915974, 15.08299767734673, 3.6076852840322462)]
[(11.67594117705797, 17.483795501955882, 4.0640412930557801)]
[(12.090998966245833, 17.544073989804602, 4.1685034379576678)]
[(3.792248595636396, 5.8017583568787554, 4.9785359095370403)]
[(10.980901445500285, 17.190571129725164, 4.3509683709563092)]
[(3.1351123016448614, 4.4831282556204179, 5.0287652126852471)]
[(10.345723380693979, 16.575070039976595, 3.7340655476514182)]
[(11.758940289589223, 17.618617905606278, 3.59391759166654)]
[(8.9037117823002419, 15.391164386307166, 7.8174487178422751)]
[(11.237895579483416, 15.085758032793059, 3.3150987431373848)]
[(7.1200238566227831, 16.991627673445187, 8.0013878383159707)]
[(9.9148065736449169, 13.496920367079612, 3.692228265794153)]
[(11.084730788731157, 17.134255270572069, 8.4160023402866564)]
[(10.716167041940105, 14.747871564981573, 5.5082865998902015)]
[(9.6640449432202704, 15.673290044339589, 5.2576411442969686)]
[(8.5164914086434216, 13.933798346436399, 5.4820468205817843)]
[(7.0787551035099163, 11.337569264839592, 2.5652492431811975)]
[(12.303328833639672, 12.258811591017036, 5.6248189021842396)]
[(13.280248351151029, 15.597606795753295, 6.1813866881132302)]
[(10.645838632758753, 17.829181966152944, 4.8703295357807388)]
[(11.51643206743455, 17.201388004437852, 3.870359866865638)]
[(6.4851838564453752, 14.4649208984272, 6.4594747927874021)]
[(7.8101459174805985, 11.826861219120605, 3.0318163464866035)]
[(8.7894636277337952, 13.415230698606807, 6.6622808286158754)]
[(11.788260148499763, 17.563935724278402, 3.6506850577146692)]
[(11.085340784657527, 14.230675938823991, 5.2771214680676728)]
[(7.5528346755714448, 11.855142481704791, 7.1643332810931764)]
[(7.1891730693876497, 10.409416354010418, 3.060505507244367)]
[(8.7906814153697113, 12.834034054312704, 2.7717255142367785)]
[(10.309715935270951, 15.010468929646237, 7.1369734693140607)]
[(8.9833766975559222, 13.7189122746967, 5.2896923386842403)]
[(10.467715038317161, 15.497322575315621, 7.5409644885246312)]
[(9.4131660104678314, 15.737552499926105, 6.2369203632975871)]
[(8.4615062736001647, 13.923644471338291, 2.298940243924688)]
[(8.4219297705797, 13.188830469178306, 2.6573608149059389)]
[(9.2401885074499948, 16.200811816068345, 5.7143766777934868)]
[(9.2069662059285911, 14.095199813169735, 5.3168595593604024)]
[(13.329186626958064, 16.456823679931972, 5.7906623127230112)]
[(7.5696218627153238, 11.961108913398482, 4.2990988307151898)]
[(9.8888580254429748, 14.811781099459751, 5.4864133221284455)]
[(11.775550463416401, 17.418342323068799, 3.4344273148957445)]
[(8.9027060311269359, 13.570381462147429, 4.9052827096364631)]
[(11.921380821279794, 15.039726714099491, 4.5378002110986113)]
[(14.891081043894554, 13.340606598286813, 5.8890461594411487)]
[(9.8522889215799392, 15.030617013541029, 4.6511985687215844)]
[(9.8905995976298975, 11.92470792061072, 4.0692002425216982)]
[(4.5075437019269984, 11.332695830207722, 4.7879713461294688)]
[(8.7184494364741241, 11.860759109127478, 4.8791329955600009)]
[(8.8149179501142783, 13.157745129622253, 7.8526078532420005)]
[(11.886803228391953, 17.465641258644489, 3.5013575277879769)]
[(14.380932904239421, 16.544127764083544, 5.2878594747182728)]
[(9.0991903313703872, 15.912705084713389, 5.3126478296822093)]
[(8.9833118709308746, 14.215262282718811, 4.3047573832592105)]
[(11.800522053296877, 17.598025427921399, 3.5741389088125297)]
[(9.0039213992404843, 14.080053049196625, 4.402621332780754)]
[(11.759651115614338, 17.4664169346931, 3.4548579076962556)]
[(7.6523559502179479, 12.705128434759677, 5.1026245046142051)]
[(3.9681149540137861, 6.0563451898483605, 5.1803903212473053)]
[(6.3187424354478425, 14.720759890506759, 6.3120357125433308)]
[(3.031952444724376, 7.9062796341849317, 5.9776499445591949)]
[(6.9451042150703444, 13.009821653305883, 5.2225771486010455)]
[(12.317419836117899, 16.00834955256753, 5.6844184238555684)]
[(9.5545224190634457, 13.864713029941285, 6.0856305054709523)]
[(10.759351926582088, 13.607549560313437, 5.6648193550045836)]
[(11.221660921411893, 14.398621600803892, 4.5387484943730794)]
[(8.6687380171815356, 11.131119104069899, 3.4879315203780275)]
[(7.4971205022097287, 13.541860470969038, 2.2405444707086621)]
[(10.899175983521191, 15.602431681392586, 4.2755718375209737)]
[(11.137103312662763, 16.857010219906492, 3.5942252449416672)]
[(9.9091953645169948, 13.730525968819169, 4.4297937664804401)]
[(9.1706650064367032, 15.856600994376567, 6.3221009659271292)]
[(11.468281092279629, 17.258333925809239, 3.8039633986292265)]
[(8.1341287883405933, 11.918520512802228, 3.4115732700617443)]
[(9.4931036644029128, 13.603779943863465, 5.6993309018801241)]
[(10.249190239135087, 13.721992423484837, 4.1411673832161071)]
[(5.1777078480894563, 7.8654662573557541, 4.6304622575614918)]
[(8.5985864845194868, 10.131475851529254, 3.6614881442798275)]
[(7.6348442739308284, 16.575196745686739, 7.6180224867537607)]
[(5.2527690217557215, 9.2486829972935727, 3.7440479646259082)]
[(12.291140635081138, 15.871192949678045, 4.1658091449199208)]
[(4.8245524484737086, 6.8579494770655076, 5.9594000650744725)]
[(5.4383209905189922, 15.330309859285979, 5.9685160311263576)]
[(7.2279845448742996, 16.385999891567483, 7.4895610311723662)]
[(10.089130247232598, 16.450576187318788, 7.4959775053873887)]
[(11.277488941127473, 13.765671215202861, 5.8154440247827761)]
[(9.1247993850501015, 13.060712539968602, 5.4808776700833111)]
[(5.7971300887008699, 8.4543701289478381, 3.935120058751433)]
[(5.8748838682332138, 17.061596062756372, 8.2708922384313279)]
[(6.0625080830335198, 12.531353814424119, 5.197837589285168)]
[(7.2468835576212456, 9.8415251629000124, 2.7129048172417258)]
[(8.7969601339499928, 16.700837637900676, 12.114689890926702)]
[(6.9494128736888072, 15.309549074172949, 4.6042820040035757)]
[(9.8484399771056736, 15.325347183486935, 3.1450369339183548)]
[(3.621878720648493, 6.8269983269955317, 5.365353051189766)]
[(8.4771234663250858, 12.678711371673439, 3.6002509758339678)]
[(5.8583616674813701, 9.2046109956741837, 6.0682727592603669)]
[(8.9601038529362373, 14.390109377673566, 4.052199554004968)]
[(12.070216101666547, 17.1339472477935, 3.9261008793203889)]
[(9.0578983959506392, 14.085955299790283, 4.5736875083213606)]
[(8.790875016750082, 12.315570263764673, 5.0503624796483386)]
[(7.334379659488131, 12.116194971113368, 5.5509152706336966)]
[(11.749402382071198, 17.535963972293374, 3.5825246362662093)]
[(8.9796243714528696, 13.516464987976756, 5.272348754829455)]
[(6.7151229767122418, 12.749676675890436, 5.3963387980502144)]
[(12.947258279274026, 15.306983028516273, 5.3898924173187392)]
[(9.7352356854253461, 13.273537017562044, 3.8921398326548857)]
[(11.896511627022488, 17.393354328725913, 4.0420450700974193)]
[(11.953664330827953, 13.807242334869043, 5.0795869879114868)]
[(12.169938657197736, 15.943123887558459, 4.388028801487188)]
[(9.5269177871714028, 11.068478831167587, 4.5896107225616891)]
[(5.3790802534137354, 13.617032973993496, 6.751556511725342)]
[(8.4285398564968652, 12.716848882471648, 4.8511485719615859)]
[(12.023426580471988, 16.660047031524194, 4.3278563229952862)]
[(3.3971526041190967, 6.4671592577237043, 4.9766665008957363)]
[(11.32206856182764, 16.500036193069512, 3.8923538509858728)]
[(7.3975981788557794, 9.5004535677770789, 5.6110614302930699)]
[(4.9646971992293967, 9.0691162011673132, 3.8199585983735074)]
[(13.962964624146393, 14.888919110259135, 5.3705886867317574)]
[(14.162299561298196, 14.693480637926434, 5.1714245030036814)]
[(6.7393325023503721, 10.618292192911907, 2.4577505637301797)]
[(10.67276133676628, 14.218215129013371, 5.9171556868273374)]
[(9.4912460882695573, 11.579981405301849, 5.3729806422107274)]
[(10.349073711892521, 14.855679913031386, 3.1756038907505206)]
[(8.6232181888468915, 15.640490956259095, 5.9764049509303252)]
[(6.5936425454360679, 13.502493264149734, 3.487969053825946)]
[(7.6406052705143441, 10.492799636459202, 5.2362108265819831)]
[(9.3264520307607128, 14.621014019184406, 5.7971364405510357)]
[(5.3213466921333348, 8.4704261123290117, 3.3730749948636212)]
[(11.075120543917469, 15.36629362949374, 4.2158202834489114)]
[(11.384980404482068, 15.060206891704311, 5.0762371253527689)]
[(11.751027710024928, 17.190892454189758, 3.8959486957835283)]
[(6.9679787742700059, 13.878653673106093, 5.1281071444313877)]
[(8.9552329510772495, 14.23290521484236, 4.8277518028598809)]
[(10.507133741046793, 13.4988439740342, 4.0376356781732481)]
[(7.216946185888121, 9.0063600258154182, 4.2902840330777154)]
[(10.963854337034999, 15.223404264179253, 2.7600815823251317)]
[(7.8805974120734197, 12.592753425539026, 4.1378761954662551)]
[(9.4173717444083973, 14.160110863549233, 4.3046079786464162)]
[(12.021936280349594, 16.114903761638605, 4.2322847540046968)]
[(7.4711050557713561, 8.669134587484578, 3.6874087407653873)]
[(8.6098451615979741, 11.862710324679899, 3.4119987488897889)]
[(5.0455701828900326, 10.301073515980486, 3.7113729141707417)]
[(9.1314107618106828, 14.906423906286946, 8.9057860397129183)]
[(8.9864037095905438, 12.732245885218504, 4.285872237340941)]
[(7.5549293611748158, 13.275419905935003, 5.846159884679226)]
[(11.863674811187835, 16.453863141449801, 6.0038682751920938)]
[(8.1015481497586777, 16.761609829133398, 4.9666848971245194)]
[(6.1513287149528217, 13.380084603311403, 4.9744962384647629)]
[(9.2678726830858711, 12.566651885450373, 4.2127982465771838)]
[(7.786077055857886, 12.097958648916473, 4.9394638323202029)]
[(7.9473308728659573, 12.483576371723418, 5.7311606578352308)]
[(10.946468519991742, 13.947616043666899, 4.249106053356094)]
[(9.5089993391607841, 13.794073006098797, 5.4146753854327976)]
[(10.8010039564571, 12.822692990076455, 3.7936131498953349)]
[(3.3265720476110743, 5.5702477626965807, 4.7476660954906889)]
[(8.505241598193539, 11.055569649243576, 3.8055787386003863)]
[(11.698157775914687, 17.496058003466658, 3.9786669260830645)]
[(10.565618199926577, 13.754534355636308, 6.002032065403478)]
[(10.356945125785773, 11.849611881710894, 5.8893951972033811)]
[(12.726353662312642, 15.040995368768005, 5.5638301472492167)]
[(10.633562744592505, 16.520343081637336, 5.8284891772570049)]
[(6.5999419171102076, 10.65533669551289, 4.1190750134396463)]
[(11.105394145442608, 12.442726118561056, 4.4822735698491476)]
[(8.6318176170637297, 13.797634050238788, 1.6991102783448611)]
[(10.944010607740545, 16.715261576074816, 4.1280987344243361)]
[(10.277131105238496, 14.786404434263421, 8.1505820138274814)]
[(9.7096292406464819, 10.54439912832972, 4.666163418413225)]
[(10.833421317644563, 15.637769150417792, 6.0946545124194937)]
[(9.4724895933753572, 13.966473900569341, 4.3173486187778307)]
[(6.6182452664204412, 16.087614013720724, 6.8043549785865256)]
[(11.171920325853486, 9.1175917448392276, 5.1781558430767536)]
[(8.3197492118537397, 15.483451641355066, 5.275747954023922)]
[(11.611295509262984, 12.776316999822663, 4.9381855906683221)]
[(8.0729475131931707, 15.752715935581199, 6.7043394731007417)]
[(6.0977622987830777, 8.5164167345059525, 3.9179972982207172)]
[(7.3010645570517791, 11.891623659086234, 3.2087728741891572)]
[(8.8619323658151696, 10.680482664986981, 3.7341585416625844)]
[(9.1489353269037323, 12.884132358434144, 3.8936059034598518)]
[(11.798390817693077, 14.883315380920846, 5.3865804400415005)]
[(9.1955037120588639, 12.987632458668211, 4.2404754638263888)]
[(11.603067356059695, 17.585020134555386, 3.6247893419079338)]
[(8.7048057019235756, 13.13955822488755, 4.9975225066895614)]
[(6.7210149789757159, 9.311351814085425, 2.3410434007606202)]
[(9.0317923553902109, 14.960871378674039, 3.5865958913794804)]
[(11.368660846052034, 16.328953584819487, 7.8556378824924984)]
[(9.2908695329150621, 15.900959720811057, 7.6340525421644259)]
[(11.6842979281388, 17.391355970232702, 4.2369164051186434)]
[(7.8866437098885864, 10.013544501688344, 4.9897963545469493)]
[(10.389336513237392, 14.023956539080372, 3.2802888523895088)]
[(8.9392051488032358, 11.528218970228988, 4.099223641631804)]
[(9.1720689249534342, 12.626249933027706, 5.0475657404100911)]
[(3.4898304919357046, 5.5488865027403262, 5.0906979753724322)]
[(13.47616841006365, 14.355398418166661, 6.8634455915549815)]
[(7.1851589582747302, 8.8296798339763534, 4.2599490638639663)]
[(10.37561790406601, 14.955909370468962, 2.8185820490526043)]
[(10.48412106664175, 12.696922030567483, 5.9353029200020533)]
[(11.059767315445626, 15.358405243341588, 4.2655908356048506)]
[(8.2273104930784058, 12.652224591202188, 3.5813945475440057)]
[(10.250237221945586, 12.833781853553003, 4.2512317202452614)]
[(11.876047368103126, 17.315398714464635, 4.2704836680506375)]
[(8.724432993272174, 13.220646679015303, 7.79941479901027)]
[(8.7662403382522527, 9.5325666661481456, 5.3922512656819173)]
[(13.327771344016286, 14.636003502202707, 5.4474813659250252)]
[(11.550417038128934, 15.242574025476548, 4.3836740672921248)]
[(4.8254792751604558, 18.296858923544576, 8.8458665807225909)]
[(8.6748180459364121, 14.00499311236694, 4.1010464353238962)]
[(9.2063039888204283, 13.0869391931791, 4.6527018298851006)]
[(1.5191169877637183, 18.134784753800169, 10.907818124986955)]
[(7.3623506263121943, 13.06395112038458, 3.8207357210023303)]
[(15.609261382807844, 16.706544221342362, 5.2803045954228676)]
[(9.2347936364550876, 14.51996857601139, 3.6192724531783629)]
[(7.7273005372063395, 9.6643063289771973, 3.8715484237188122)]
[(8.2748098439390407, 14.78362146196754, 5.1845232930676755)]
[(8.0368446006148506, 11.020267738803863, 3.4553266755202698)]
[(12.41618934754263, 10.480901320501841, 5.1657346026261219)]
[(8.200682510654703, 12.526514775411108, 3.1334063592345109)]
[(9.3994689585835811, 15.893704313349412, 8.7826327885128936)]
[(11.573478751755651, 17.173835343135472, 4.023254865282663)]
[(3.1227107808710706, 4.891319211694249, 5.3862867561715664)]
[(4.1724403077109429, 8.2174976067076635, 5.9032780729415872)]
[(8.9822988015938066, 13.364686537402871, 4.9446447232789374)]
[(5.673837024641764, 6.1362728099273722, 5.2911489688668514)]
[(10.575972272107414, 13.465316889558883, 4.3699475866402189)]
[(9.2270600736927797, 15.84588013337985, 7.5040690459695973)]
[(9.7083672709646436, 13.610783135339553, 4.2765754503055788)]
[(2.719284379450662, 6.2199861921196939, 2.7075046922734836)]
[(9.721415953319255, 12.618813337372295, 3.744347652127491)]
[(9.6253005248855334, 13.279829025165794, 3.5788358275494994)]
[(11.593357651843538, 17.542213501870776, 3.669493417884413)]
[(9.6193488950337542, 15.180544927893409, 3.1341862047770466)]
[(7.6832176157465319, 11.578783624893946, 6.7234568365866902)]
[(7.1425408597198787, 9.8771304806852847, 2.8086097251247248)]
[(9.4226840078223315, 13.971654806811598, 5.1951961374141984)]
[(8.6559944347398741, 17.573270246898851, 6.5393812250516223)]
[(8.1220773165608602, 12.053369043432609, 6.4959480402722232)]
[(5.082796523147489, 8.1151056816201272, 4.0936179569359519)]
[(9.8218123494441141, 13.671991903647813, 3.5293902968228399)]
[(9.0459817940851632, 13.56744554695946, 4.8284533613467655)]
[(11.472806876633726, 17.139016885600618, 3.9660354779765372)]
[(10.113171413737513, 16.677714298610219, 6.8851213753980645)]
[(6.3481521570534767, 10.724184221632887, 4.7091019764989905)]
[(10.17687709160665, 14.838986623918339, 5.2655501646529626)]
[(6.9822782869210105, 17.193938977505177, 7.6492732164488366)]
[(7.2337770729118196, 13.488596809535812, 5.035662951664829)]
[(11.60488143510349, 17.838214902731785, 3.8260868179133571)]
[(10.586213473376198, 14.220507340110697, 3.5454539721297054)]
[(6.8122217762529758, 8.5825717951736671, 3.8839327941735151)]
[(10.162026716523531, 14.964722913782353, 4.8246903934060068)]
[(7.5312935887581638, 12.028699670407395, 3.4276937121738325)]
[(10.897699548180723, 12.552973304151017, 4.7924435761556357)]
[(12.271409956364092, 16.042263584509211, 7.4180876278828816)]
[(10.52309700552177, 13.217557505103546, 4.8558488504210366)]
[(11.229512531002406, 12.736692703348314, 4.5320482160894446)]
[(8.2503790821101664, 12.939489808287169, 5.0741110038522983)]
[(7.387088916138695, 12.231365284219571, 6.2844789105067811)]
[(9.0283210971591981, 13.362512837267175, 2.5781618253534688)]
[(10.986061012659222, 16.03669773290115, 5.9766450123935062)]
[(11.232112496066007, 15.208408412532608, 7.6865339726531658)]
[(8.4603301944145883, 13.974265634858693, 2.6434424035569339)]
[(12.959876470639172, 15.651303033322751, 6.7739950804240561)]
[(10.450445448277668, 14.0355994157211, 7.0705590140001231)]
[(11.963760322971806, 15.255613877843686, 10.714671129160804)]
[(8.4224243833739898, 12.444686375472495, 2.471318989558446)]
[(7.9561433824795822, 13.911641402356667, 7.6818416352280057)]
[(13.884876326199569, 16.110594192824728, 8.4372406372449102)]
[(10.133807564235246, 14.8511957808121, 3.3539363107924385)]
[(15.659274046974597, 16.792932702582284, 4.2197439425307408)]
[(9.8316955626077824, 13.07284903597246, 4.5605348601022611)]
[(7.2427048486109706, 12.948105393800189, 3.4976570105353968)]
[(7.297609554836213, 16.00159674600679, 4.6391455413238827)]
[(10.500291326635214, 13.853142668538229, 5.4159985380066278)]
[(11.646428763293786, 15.50631516745424, 5.3312351334054782)]
[(9.1347052765875372, 14.721813752931773, 6.22399914673999)]
[(12.34899997273159, 15.334504749211117, 5.26890671936102)]
[(11.275091758503885, 13.609445510269165, 4.5071351315878223)]
[(11.697853652709629, 17.606345547597542, 3.7120860415700068)]
[(11.692281344899813, 17.673686794124933, 3.6906437599664796)]
[(7.5561822352303967, 13.747102655200564, 4.2650975191788341)]
[(7.8053981985360501, 12.573391141538663, 4.8032329375340321)]
[(8.8884023522973692, 14.797813573696699, 6.0161969864288327)]
[(11.518042509128056, 17.032051203368567, 4.0382947285162434)]
[(9.5231532452581327, 13.363933816827268, 3.759958976973679)]
[(11.965449901508306, 17.756363227998129, 3.7372596382786578)]
[(9.718213082366562, 12.855717889632917, 4.6601876411500864)]
[(9.1145302563859047, 15.637948841741045, 5.207945068449229)]
[(2.782397002374756, 6.0738205234697951, 5.619372860666914)]
[(11.790176992539029, 17.480438473357481, 3.6281029607020496)]
[(8.7201452094270291, 16.158781756741455, 6.4414829967207545)]
[(11.003255984753149, 16.503594841003192, 4.1748494302851782)]
[(10.917111569371222, 16.280952415867326, 3.7766647173723982)]
[(7.8151152601487555, 14.167726406296307, 4.3971508457108381)]
[(9.8981593000411774, 14.803295050773309, 4.2176965295800173)]
[(11.694596616911177, 17.627631764438199, 3.5636857750455255)]
[(8.503146393977417, 12.990762748013154, 4.0689305678199528)]
[(12.587107260952777, 14.499960429554569, 5.6282793480917288)]
[(10.557840866481543, 13.802991826835424, 8.6344439783397959)]
[(8.0953717323269494, 11.211588124677343, 3.8690441614644824)]
[(11.846455801748366, 17.788478414189278, 3.3287308618911271)]
[(8.1848195262912498, 12.730810586355204, 3.7792625218806712)]
[(10.621003205515471, 14.42275042567571, 5.1577544958230312)]
[(4.5700279818440928, 7.041336441883427, 4.667884306013768)]
[(10.083685280027636, 12.78182466802758, 3.9160480279071961)]
[(11.32150904189006, 14.195555787056923, 5.9091015663230344)]
[(5.5757826744553451, 12.880957891149038, 6.1584628000325168)]
[(11.872283719157586, 17.405935120777869, 3.9995994979604266)]
[(14.533835676947673, 13.691148738337192, 6.1210835908449379)]
[(14.206761187311267, 12.766102475061679, 4.9080170440020678)]
[(6.7027844488292683, 11.431939139356281, 4.2424546176807638)]
[(6.8246069525432516, 10.595527192872881, 4.0969278262391544)]
[(8.4997421605457291, 12.549966304593269, 3.133054098844529)]
[(7.4078783713812664, 9.0736768160252446, 4.5696012687140026)]
[(6.6083645476253308, 10.020712996217858, 5.363487622938294)]
[(11.170686127350702, 15.295842377027121, 6.7515632374728494)]
[(8.4448885547505288, 13.656761850706914, 6.6320036467337307)]
[(7.7240467044386536, 12.994436169514513, 2.523208931720943)]
[(10.281519439484223, 15.343434337936715, 4.7062944614200362)]
[(11.639870316539787, 17.383288100868022, 3.7102418977071827)]
[(11.778859127626616, 17.543666273194646, 3.3205842430334176)]
[(10.11525391153293, 12.482898638555367, 4.2355491765271314)]
[(8.2294546832104523, 13.332720113004726, 5.9352823343472227)]
[(8.7446280821663489, 12.692541900033087, 3.0171610516886194)]
[(10.186673802278866, 17.090369980171808, 3.6013945271648877)]
[(11.216349530461272, 15.826805703437806, 5.6472743047404776)]
[(7.7197839023884347, 13.82579999518512, 3.6036810708257558)]
[(10.044226242210069, 14.456464010869837, 3.9089730067410735)]
[(8.6962848225212763, 11.092601208740232, 4.2460265362546448)]
[(9.4315521438813796, 13.031333450833829, 3.8409778121729348)]
[(4.343697680692495, 6.8186015350273133, 6.1610268162417423)]
[(9.5188473382173626, 17.096658187047922, 6.2758530848056289)]
[(4.8644177619810218, 8.4169036937622792, 2.8244033847264411)]
[(11.869541898348109, 18.241496426567551, 3.0964277160718718)]
[(11.177614129310495, 14.558750620894967, 4.0476587433471174)]
[(6.1535856368412425, 12.74572658477449, 9.2537909585642915)]
[(9.9889093011099899, 13.206670847569189, 3.2926214774859894)]
[(8.2280336723902945, 16.09796557206262, 5.3621066915055167)]
[(11.754440399174545, 17.64211221221165, 3.6939413163654109)]
[(10.595754209167255, 12.370614238602414, 4.5666407297113665)]
[(7.7304866689256455, 14.342515614848729, 8.6260934926849728)]
[(10.997666684738009, 15.405471357515379, 4.47112739652139)]
[(8.5379287647740689, 13.439653450212452, 4.6167622693128703)]
[(8.2829509266121839, 14.69605738940184, 5.7038140925412968)]
[(13.387856199472028, 15.175374684965432, 5.485630197243669)]
[(11.888620823456243, 16.919859938998744, 3.9977614970437094)]
[(9.9734704345596867, 13.667654685802335, 3.9414799315429576)]
[(11.527707154764109, 17.250740409889602, 3.3635631415912193)]
[(12.231057183136596, 13.236116553374861, 5.0841763876449999)]
[(8.3506563814123211, 12.105931320317401, 3.0260671057501716)]
[(9.0686838054194485, 13.04060569151487, 5.9371610570587041)]
[(8.1946508745512467, 13.190877093616292, 3.0314252068211807)]
[(8.6263480651287878, 12.397509874331062, 4.0312524404178269)]
[(9.1811077104866037, 14.002507908532984, 6.4058862493169357)]
[(10.034499861717723, 15.562847787057775, 5.9395527450341312)]
[(8.6101354908477248, 13.885403467750145, 4.7010438008686659)]
[(3.0713926171017873, 5.3479127712460732, 5.0709731928110706)]
[(8.178532588184396, 12.359511609148115, 5.5678521383518582)]
[(12.232581589335663, 11.930317355487082, 6.160566981697297)]
[(7.0715906090163347, 9.7431544012799627, 5.3099906114789981)]
[(7.5714346561098385, 9.9732171467637514, 6.1615774015473406)]
[(11.309365788924032, 14.401697488893102, 4.3491719097487174)]
[(10.87675904426855, 16.087365457113119, 3.4334906158920488)]
[(8.5239095739180897, 16.858489180572285, 7.4340524327923667)]
[(12.326930536170634, 16.711287551769466, 4.817907020014828)]
[(12.61771190523341, 17.79268784266835, 15.148316002335283)]
[(5.8084220496836645, 11.578563270904889, 4.9093989490187759)]
[(8.3224984894301315, 13.229670315641313, 4.2724413392871385)]
[(4.4305863901318716, 9.8704668941709617, 6.8568094846456376)]
[(12.202399964510073, 14.301331124432881, 6.8199522698652082)]
[(9.9176264339493905, 13.450308077611583, 4.4108285064813835)]
[(11.661162999030617, 17.576023949783256, 3.7277780846727033)]
[(12.408953473930273, 12.263212570761377, 4.665139960167334)]
[(8.6743395531308778, 15.692743719859248, 6.985866644886789)]
[(12.479053157169107, 13.42154202134121, 4.6207804628908216)]
[(11.660850720514835, 17.365798788944673, 4.2060850035943051)]
[(12.219596560057266, 14.409607141816513, 6.8523996145314889)]
[(6.5261106994903528, 11.953843972377866, 3.883586848941436)]
[(9.0567929015038686, 11.254761753633176, 4.6562686148700223)]
[(9.3843919538601579, 11.733392543759711, 3.8395332385131686)]
[(6.7563889717452357, 14.163478677972178, 5.428784677664245)]
[(7.8747327138172842, 14.858416008338828, 6.0064123868861561)]
[(8.2007427572798441, 12.466799541061832, 3.9601166470349352)]
[(11.927425317618425, 16.925604784069989, 4.4597542578145877)]
[(7.1036440641950138, 13.560965347437687, 6.917156110640402)]
[(11.569667891950326, 15.945453027258388, 4.8895201312595642)]
[(9.0890237314738513, 12.687401821228038, 3.1839715365504344)]
[(8.893012430396281, 14.037248678515606, 10.874265322021806)]
[(7.3876290993289784, 11.311816970214581, 2.7277842595497077)]
[(9.8850726960667039, 11.96174241074414, 4.9263188221812717)]
[(8.3525390814440428, 12.003373318622238, 3.5914079153159912)]
[(11.457385351036436, 15.953890193767187, 6.5715429633906801)]
[(8.6020671821595087, 13.400296916158053, 3.6208785058616755)]
[(4.90281659763078, 11.069799890297297, 4.7888512133819443)]
[(10.184201671379187, 13.824516739208098, 3.5736399184915495)]
[(11.62804002132329, 13.640337002002186, 6.5226739765585791)]
[(9.1153303446432421, 13.016103129657399, 5.5485284501871046)]
[(5.6440573238170311, 16.133759502157112, 7.350603339838365)]
[(4.8801724302487468, 12.720910738453506, 3.3882634973598611)]
[(9.1709912548459513, 13.131784211418298, 5.298582528447044)]
[(11.37319649471654, 14.76268043923395, 2.6655964966662724)]
[(8.5008886663882706, 10.042961658036083, 6.5315147553867785)]
[(13.171823165041779, 13.353511747849033, 5.2281298796342348)]
[(6.8206011255238188, 11.408503644464218, 3.5308093547012978)]
[(10.593576625973286, 12.843300822141218, 4.2012903676602225)]
[(9.2178596471923537, 13.830772978458146, 2.2937622462662857)]
[(9.1759816023796557, 14.65127879926581, 5.5749195831236609)]
[(11.792662638237058, 15.114923645539351, 4.5967089929152873)]
[(7.6540898545292189, 18.572319540929087, 8.4559260701126604)]
[(8.3098711894130535, 12.140391755806409, 3.9067275160811326)]
[(5.6810520128436979, 16.150417387829769, 7.952824852993098)]
[(13.095950977207321, 15.170096367253473, 8.4857596022430783)]
[(8.5530971270507337, 12.695275914985238, 3.3181466974948135)]
[(7.652554681839792, 14.410487458034206, 4.3888588937696422)]
[(7.5180805733616287, 12.127879729433475, 3.8487395719578221)]
[(9.8067221932579027, 13.061248550231115, 6.7366058355249159)]
[(11.422037976004134, 15.051354552899468, 4.2520525218760259)]
[(8.42436076611739, 11.06642877659122, 3.9705999014865756)]
[(12.489169035382016, 16.352865650651239, 6.5189541619271445)]
[(7.7513071115987575, 12.151539274938374, 3.4784601888586248)]
[(12.167784776584925, 15.141605043013081, 11.474415779534445)]
[(14.481309215346005, 16.821171441070085, 6.0871559951014547)]
[(10.406891480417041, 15.486633187702942, 5.2105189675495893)]
[(12.107619654984582, 12.064458050023896, 4.8398726458195354)]
[(2.7989746121467896, 4.3130762829056994, 5.8376617231166694)]
[(6.010797176123158, 7.5553822195050575, 3.4046326280627812)]
[(8.3704838149825598, 11.453091082532261, 4.5101283395220912)]
[(10.811002060340467, 11.43457534333827, 4.7920592921097649)]
[(8.848527888874079, 11.234561895053172, 4.5001908909935651)]
[(11.963923815017926, 16.42794804548727, 4.853319672628559)]
[(7.701933599783545, 13.301442464225842, 4.5761482446953332)]
[(11.426113651463616, 17.543731694673461, 3.5609664016616067)]
[(7.4245787179081777, 11.176771604973467, 6.6576433267127459)]
[(6.8794783373347856, 11.595695533743017, 7.3329188772912985)]
[(7.843862295588794, 16.354432086735944, 6.4954096152832559)]
[(9.3483785965830268, 14.366307001123218, 5.0189036376117855)]
[(12.697241515044054, 16.257288175986652, 5.2939735530578798)]
[(8.8143316659033193, 10.66332295748278, 4.6242363520123702)]
[(8.0829027906370143, 13.13251112496271, 7.1914697403068697)]
[(12.749862739662376, 13.597051953815681, 5.488809370923736)]
[(6.6971143359264937, 9.6096246920639583, 2.6304978104731704)]
[(11.284971671805161, 15.074913033428837, 6.3697058256931758)]
[(10.078608421812266, 13.796863502368197, 4.6100106379831978)]
[(8.7379051013531956, 12.428417777842858, 3.8276609427650752)]
[(7.9973639778026184, 9.9864190813033247, 3.532159983121014)]
[(11.053022472996352, 16.06967872505323, 6.8195367957320645)]
[(7.3475509906600012, 11.702923429805566, 3.3725956991862525)]
[(8.1177505690569696, 15.532622821962276, 6.0518212975231513)]
[(13.093370442619895, 15.135841351183258, 6.4435829394936324)]
[(11.65723929864158, 17.376713642520272, 3.4764473929789954)]
[(6.5805698854234596, 14.966052362328986, 6.0263703942521403)]
[(9.1663196695054783, 15.562269283019726, 4.5964478936521527)]
[(7.9963839565695283, 15.159116999533454, 5.3100371705952334)]
[(10.968073807936451, 15.946020257596718, 4.3691696984525192)]
[(7.7305009741822612, 11.649601633436582, 3.4479095049921722)]
[(10.982098077205364, 16.624877232213873, 3.2282886584351749)]
[(9.5998208695847964, 15.24192360755664, 5.4716915958894337)]
[(7.8204798060755998, 12.06824237751705, 2.684866160455103)]
[(12.44839047736915, 12.852357041062126, 4.9494580211929309)]
[(9.4011077515769692, 15.944484423959537, 7.528023985239999)]
[(9.5184370011196986, 13.960223559875503, 5.5656279552187655)]
[(12.322610415320966, 14.18437591302601, 4.6426324669681769)]
[(9.5272404386613658, 13.104152261191484, 4.1405568429588318)]
[(10.515004897189684, 15.119347855675361, 3.9731251375177123)]
[(6.3357045736580657, 16.331070241204912, 9.5595672182025311)]
[(6.5215599811184353, 12.12995989682244, 4.8889621282573037)]
[(10.601830956828101, 14.116382260295904, 5.2976497206716093)]
[(8.5927416383033091, 14.933105240850882, 3.9543009546161434)]
[(6.9134104513370129, 15.129759682544551, 6.9644194637865127)]
[(4.3877759556998202, 6.4711981706635733, 4.94962516096275)]
[(5.5856008747999839, 15.80836233519633, 7.0198538229081375)]
[(9.0981986069584835, 12.613814331945498, 4.6094246742646376)]
[(11.391559148185793, 16.692185540484303, 4.0436112839858227)]
[(8.0984752756951188, 13.297599333654968, 5.1809029308369823)]
[(10.010203994156512, 11.957267671561436, 4.7311667847591909)]
[(4.3160226874706593, 9.5865810010527834, 6.127185206324004)]
[(11.080147543241056, 13.821796553803178, 6.0388351759783969)]
[(11.003267042723998, 15.533063935888043, 3.3634133605280616)]
[(3.4601900212265586, 5.0374275168265541, 5.9468013404168403)]
[(6.960599339230841, 14.420448264884834, 6.6645606001952284)]
[(10.596185178472018, 15.484727934372598, 4.8888610239903088)]
[(12.378928198733359, 16.205286937900993, 4.1092260452473024)]
[(8.963067595443535, 12.181710956409008, 4.8509642357518175)]
[(7.5305810745085378, 14.911119430088908, 6.3028945941653927)]
[(8.4727470966209033, 12.344131934124571, 4.5085875566750762)]
[(9.3036548657754992, 13.243087751541326, 3.3096240225531663)]
[(11.704170847489252, 17.350102779508717, 3.832332387451824)]
[(9.0431162787191894, 13.453890468459047, 4.8846868376465924)]
[(9.2104565374750162, 13.625129333760944, 6.1617977358940177)]
[(12.434460896118082, 15.566470334180186, 6.9092583813433244)]
[(10.506832272682145, 12.457917204063346, 4.5449526156974009)]
[(8.8435644141967433, 12.437230231193556, 4.1732351003435753)]
[(11.797644352180546, 16.970282651118978, 3.9487188793958552)]
[(7.2283305033207332, 15.233031434204435, 5.3711098600131777)]
[(5.5386174677828341, 9.2340573615161308, 4.4308137743438039)]
[(12.352807054361859, 14.344244792615198, 5.4559394957519114)]
[(9.758530885158585, 14.147813148405987, 5.4435832122142447)]
[(5.8728323308054629, 8.24222338477046, 3.6539255318420762)]
[(10.589826383718108, 11.978496077254322, 5.1929039504259258)]
[(11.577413525767982, 17.084884794899004, 3.9639810174602697)]
[(8.2398170411544438, 15.832371735365131, 8.6518796752809042)]
[(6.9626775687922988, 13.099630677727582, 3.6106551255980421)]
[(11.866564302264544, 17.572089517987827, 3.7679354346733125)]
[(11.930805443027127, 14.394019906735275, 5.2912916233542173)]
[(7.7310112171769765, 10.345161858736432, 3.9510838498879726)]
[(10.721221541953449, 16.189180407572167, 5.7051433854172142)]
[(6.7933677410185327, 14.088392845171695, 7.1756865491074446)]
[(4.5307598116021293, 7.184119749231404, 5.5999175341061029)]
[(10.972610703763646, 15.37332913859523, 4.9420806542886213)]
[(11.220407054382363, 15.353003132309967, 4.0275228213420036)]
[(11.685970875423488, 17.052287367900483, 3.9103289170977966)]
[(13.062693978502857, 17.04745249621817, 5.4388134824776806)]
[(8.1732112039531017, 15.339119722297935, 6.0016967781473252)]
[(9.3837706699543322, 12.628094710329627, 3.425768295411038)]
[(10.128257756072106, 14.056561998284849, 3.4857428358091869)]
[(11.278378486856845, 15.402052961380976, 3.8094443485943423)]
[(6.421898591446908, 14.606578150263609, 6.9741361331400231)]
[(6.4481675955936524, 5.4023267279175649, 2.2502087631870875)]
[(4.7108912507788041, 7.5927166114635245, 2.7188942256868089)]
[(12.343554457358417, 17.166386362593045, 12.354575431516738)]
[(7.5425599756666415, 13.410850695327875, 3.5610644853363667)]
[(11.121697333087415, 17.015753541750634, 4.9632387626540124)]
[(7.7007544225842963, 16.300230357669591, 7.5815375359939186)]
[(10.877489722246056, 14.521765985542164, 5.7819448848687198)]
[(9.8958267594575204, 14.925740499731859, 3.8663345016602584)]
[(11.900517293549493, 14.529513740590888, 4.2335261382108804)]
[(7.6572117895656078, 12.550322536807663, 4.2385045132418444)]
[(11.314635867953463, 12.804358688474641, 3.7490700196209921)]
[(7.6135889848694589, 12.73052666493099, 3.1543208000181227)]
[(7.0627456164788729, 10.452293876482681, 3.2494360041820887)]
[(12.844153343509076, 16.884531191313265, 5.6808079330461609)]
[(6.6217108752116474, 15.544756815253356, 6.3970657131030819)]
[(11.929204884985865, 14.545194740128501, 5.6942077142022143)]
[(8.1529147438217873, 13.54232503848274, 1.4040574835491137)]
[(11.608707088966268, 17.567010876275297, 3.7590260086348981)]
[(10.21650752931969, 16.240394138506904, 4.9845359818523649)]
[(10.3250254202596, 15.922839096789637, 5.4735897814362318)]
[(8.0986440013624872, 10.749037723659928, 3.5727150933005127)]
[(11.746321001810779, 17.558474066626466, 3.668925601538465)]
[(8.48157429656343, 10.869323595072565, 3.1493340187679424)]
[(7.081694575104228, 11.638233618609673, 5.3083462629809617)]
[(11.811185205539545, 17.56465852735645, 3.6892459063584013)]
[(10.708534188880288, 13.400718680485618, 4.8818922286565254)]
[(10.770501479153744, 15.698771414717836, 3.6518907143247006)]
[(9.5066622892440726, 15.559599362964075, 9.0734253714871578)]
[(7.7505882371747479, 9.8851157018210678, 4.0203067375284451)]
[(10.365411798302677, 14.568542587671631, 4.4428968089673653)]
[(6.7873215310773141, 12.20733815216143, 4.4631150669763118)]
[(11.608361065803177, 14.885508315090448, 5.0643894988106961)]
[(11.29049579721041, 17.006702060730262, 6.563777836165503)]
[(10.836308494957471, 14.482056136200811, 5.5144756523446503)]
[(7.5711216479367796, 13.396615362416567, 6.1637625743814084)]
[(7.8880861488189824, 14.85850407971359, 4.8667329847151866)]
[(7.4888739578539552, 11.28707940539757, 3.6534680739039005)]
[(9.9101983643896006, 14.008521707995829, 5.5427459526304972)]
[(8.1933563814067263, 12.514698363031973, 4.5457333086691492)]
[(7.4239662593783162, 13.865245607828758, 4.9570674083253286)]
[(10.920060295451313, 16.18320872778051, 2.6038864107838631)]
[(9.7561388676792173, 14.04362832998466, 6.0219048988630348)]
[(8.5103136558907373, 13.887988094617228, 3.910500976145189)]
[(2.9108785882983224, 4.8586121811061309, 5.4578113196344624)]
[(9.6120579678040148, 13.781115018193073, 2.9093484770257332)]
[(7.3876443228340545, 13.722779460106867, 4.9420206536993003)]
[(12.290471470296771, 13.845105707131085, 6.1469385008885098)]
[(6.2307865009694599, 16.741478976627434, 7.6593263218332961)]
[(6.3891742508921183, 15.234120664053318, 1.8735660409403669)]
[(11.301127626977634, 15.435348183813844, 4.9426465084748532)]
[(3.2203315826109766, 5.7285199223965106, 5.4676108307839506)]
[(7.475062764044031, 12.707716231464609, 4.1224951591998193)]
[(3.6982061024447912, 5.6311904650422653, 4.9789203494697905)]
[(11.960320030724191, 15.270860814084466, 5.0357820747421655)]
[(8.3938660297844905, 13.143552421003291, 9.3889237240899686)]
[(5.9243257514093077, 10.6202708261095, 4.7205820949988766)]
[(10.297234811022911, 14.018077751256758, 3.3544246150917414)]
[(8.0862935614104714, 11.506675581039778, 3.1427294056994288)]
[(11.518087697373382, 17.047789562358844, 4.1186352356180684)]
[(10.095554565466692, 12.436375235434181, 4.6772828959004968)]
[(10.105211383155321, 12.250868447102381, 5.9680088756211926)]
[(5.7908341976008675, 5.3514220674292963, 2.5020221099898889)]
[(11.777066324309912, 17.231174256174718, 3.7531348294539817)]
[(7.8308148725340745, 10.780035160180605, 3.6834530667656331)]
[(9.497685018267422, 15.66664005463098, 5.6037284844715511)]
[(5.3426032466866618, 14.803414328898505, 4.3492215985304874)]
[(11.671414227188382, 17.736292057721059, 3.6252897802690587)]
[(3.8241888962906461, 14.925972401656004, 5.960957101483185)]
[(10.141481036269079, 14.87950453700633, 5.3520337383732439)]
[(8.702616300339411, 11.140305569754908, 3.7160028988352041)]
[(7.7995835273121878, 12.172173404441855, 4.372765299925625)]
[(9.1490873094690741, 13.802817082590355, 4.2001545328266507)]
[(4.7716311469009884, 7.2886021805011474, 4.772457790493263)]
[(8.8359370898983371, 14.136570173559075, 4.5371689602576648)]
[(8.1494020857290863, 13.522719863689113, 4.8904924448231064)]
[(14.642064796861039, 14.688302328573521, 6.4648724816359788)]
[(13.179495288582844, 15.499868930620812, 3.8672220442144636)]
[(8.8914778544858279, 13.952554138545256, 4.1145799407842585)]
[(7.7850923727142636, 15.192945139468627, 6.2246914902282171)]
[(12.009527286288931, 17.704873517852619, 3.8606461902139602)]
[(10.278601703131002, 15.425688224738272, 4.2443626294692089)]
[(6.1984865918933432, 8.4898987107046153, 2.9959507089244877)]
[(10.389249666750207, 15.096729180435233, 5.3054260438946965)]
[(10.712353784189427, 11.801972761353065, 7.5686845575653106)]
[(8.8509118566983798, 14.557392723609517, 6.6723393260590171)]
[(5.5970252312183639, 10.257313653437981, 4.2700205939059908)]
[(6.6203326288768736, 15.138363347546537, 8.5628663818194273)]
[(9.7266803423165715, 13.27661386667025, 5.5518100983739647)]
[(9.733179368541478, 14.242389263255161, 4.2277239948762606)]
[(10.477712867647771, 15.332499658742012, 3.3881103526657848)]
[(11.147037896303775, 13.967888949124657, 5.2688289821815264)]
[(7.0148751461075474, 11.198786205356299, 3.1447773616215833)]
[(13.92686155832801, 14.95216503636278, 7.0859882806632797)]
[(14.554495505357441, 16.662459466468412, 5.9626288453633176)]
[(12.088266384311448, 12.486846795650068, 5.0401865661578125)]
[(7.5158450638154601, 13.6890678084988, 4.6226947181883506)]
[(6.9825112161681702, 10.792832357152019, 4.952973093710356)]
[(9.1763383774266547, 12.845548457432255, 4.5805586100816784)]
[(11.450315714327971, 16.975121377231776, 3.2157524413962779)]
[(6.2256168968483721, 8.6800083687186458, 3.0116516009678884)]
[(6.7273004719277658, 15.285112367347653, 6.3082033500698493)]
[(9.6981024164681564, 13.633880042941712, 5.77875083633859)]
[(10.675775673028095, 13.326387178132423, 4.5789602963896492)]
[(10.626384209745503, 12.884952599033122, 6.3561318238476527)]
[(11.429924269717871, 16.047273329792375, 3.9244373554806904)]
[(10.593326092657895, 15.01013883915846, 3.8751631980327015)]
[(4.1863653973470392, 7.4473727517419031, 6.8564841110501167)]
[(10.142234769021075, 14.756467643847204, 5.3168927697185797)]
[(9.2461176561756329, 15.235702988712173, 4.7071631595034011)]
[(7.4224043182495985, 11.397830865115376, 5.3279828470767949)]
[(6.3512762405991223, 10.030363869127823, 3.1623241759450647)]
[(7.5840340128444499, 13.525886030367413, 5.0511759645098824)]
[(4.1037991600629722, 6.2183269373443153, 5.5387926543797832)]
[(10.910975979734877, 13.918569899066432, 5.9801615323136126)]
[(8.5700247846324213, 12.736578860697893, 2.5842827422734747)]
[(10.867636919647435, 16.011454285665653, 4.0709777471152124)]
[(8.9677980676588014, 10.453714224268996, 4.5043236182403685)]
[(7.2458087655367809, 10.285747265750816, 4.6939767759985109)]
[(9.9352955791761435, 15.124054672419689, 5.0330005911501488)]
[(9.7379639507095526, 14.691088457503731, 4.7970075977054627)]
[(12.247843283602339, 16.257488329036615, 5.1680932064806022)]
[(3.752223320705105, 5.7142721147639337, 5.0977527897547397)]
[(6.6864221561733475, 11.297874527579982, 3.6643334479483038)]
[(6.2764210651262404, 15.198080882856708, 5.9471151733927119)]
[(8.0220490492525158, 9.8338710472132718, 3.8536505334700779)]
[(10.864086346150078, 17.059289807095652, 4.470073902572576)]
[(11.745424002757298, 16.388251964874108, 5.9378130719108011)]
[(10.191012391554761, 16.290586348688258, 4.1357839726266032)]
[(8.2981812109081474, 12.391931639175544, 3.371658149119225)]
[(7.2258668541667417, 14.382779315707538, 6.6053233532561126)]
[(11.831969495653173, 18.2660980054142, 3.5803112448889034)]
[(10.659226319135071, 15.40835945319269, 6.6418066494753667)]
[(9.456398396492439, 12.659269571771892, 4.6851753424605569)]
[(7.9785295995571683, 11.602179453908633, 3.2726769608062041)]
[(10.119286560590741, 15.700221113085906, 6.9037310896328172)]
[(11.98857570531794, 16.581743548135933, 3.7958176677011766)]
[(8.8873017623619663, 16.067847296490058, 5.4728785816361842)]
[(10.435037025013248, 13.700635618728546, 9.2923238939092094)]
[(9.9333025282180145, 11.870829177993965, 4.1255686246887855)]
[(11.748998807599543, 13.204847396537268, 5.8006807573979238)]
[(8.5178187534193821, 14.565048586991685, 4.1652065283973725)]
[(11.796112033481263, 17.190676453527288, 3.9850098539148284)]
[(7.6525275035875326, 13.22250081707613, 3.8460447200859149)]
[(14.271613531803444, 14.042381713307064, 4.7242259287483988)]
[(9.3470674539253924, 12.60595150341106, 4.564549839263548)]
[(10.4034760583182, 14.889733325841068, 6.2951900987326521)]
[(5.2039303100133489, 16.899459296827921, 8.5183174791822083)]
[(7.2080145862666081, 15.438951576577962, 6.4174639660398594)]
[(11.662768686238588, 17.731719007127133, 3.6795109626008276)]
[(10.790737289915036, 15.770468177546253, 3.2993579501859176)]
[(11.809329569746671, 14.149422780036106, 5.9482833670537616)]
[(6.415223489689053, 13.675056517733676, 5.5070341652750621)]
[(11.826808252138308, 16.572594265727897, 3.9112551357380974)]
[(6.9430287441253657, 8.7845662365828581, 4.0133377615684847)]
[(3.2655630556340447, 5.6998117898429737, 4.9838545627268172)]
[(4.0822815602655593, 6.6372013698902812, 4.9300449701051914)]
[(7.3371432340550635, 12.673367285417234, 5.7744591188823406)]
[(9.36102930549057, 13.523814847290911, 5.8920631026646326)]
[(11.680675993101422, 13.549834621697524, 4.5612153468343735)]
[(10.079924068525621, 15.328184447086727, 4.7090148180605773)]
[(9.3652438736025427, 14.37828882207112, 3.641259254392172)]
[(10.287750168710433, 13.134886284429559, 4.1328372420123607)]
[(8.2614439835425841, 12.331545853687713, 1.8644187135880177)]
[(12.199885050789783, 15.37844484803291, 7.9547594152856824)]
[(7.9980769663897213, 12.8129863705872, 5.6265795876682656)]
[(8.2638584276411109, 11.500103436242481, 4.7144119849871782)]
[(11.579155032756667, 13.812428955523645, 4.191606941289848)]
[(9.8958375265340131, 12.699136499173969, 3.4635419846006936)]
[(8.1652149968643641, 13.166284259313837, 3.8660009091728966)]
[(9.1361293775150507, 12.43794710201731, 6.0980387337068045)]
[(7.0102154913543409, 9.4771060728064853, 3.676568892881988)]
[(10.159056396777123, 14.75408604524827, 2.6087317953091262)]
[(10.067914128559645, 12.31481886462382, 4.6593262974549834)]
[(10.959596596024765, 14.737604469539971, 4.4429280680514243)]
[(7.9533975734749074, 13.815152687396953, 4.1642438755361759)]
[(7.5550372180518135, 8.7909231097477996, 5.0621045109493732)]
[(11.219432482721123, 15.008117711182493, 6.5163981360507073)]
[(11.755743554079155, 17.136103051710784, 3.9135617777441136)]
[(10.596364635918551, 14.380359964332605, 3.6884518482663928)]
[(4.0509869055031711, 6.3860568498076393, 5.9635702052112762)]
[(7.8521349495183674, 9.1121061451603289, 3.4547220018351941)]
[(8.5905275126775038, 12.758294485981461, 3.311522311235676)]
[(11.916463124706851, 16.723764197504103, 4.0557860616748522)]
[(10.613367552023499, 14.275859801870114, 8.5371932715777579)]
[(7.2035677977735686, 16.887076172814357, 10.103827037651209)]
[(12.416088960097747, 15.782974733003075, 5.1583280789008583)]
[(3.5856795441601554, 5.2706931478385242, 5.5238699523629116)]
[(9.953372792379465, 14.769329655147407, 5.199441166394303)]
[(9.4571970999984654, 14.016500490667758, 4.4213550040980518)]
[(3.8851323486813523, 6.0029092677948999, 4.6944466979450707)]
[(13.346474643720287, 14.612097974960733, 4.9838086930865195)]
[(6.5683595187955515, 8.6191250296099877, 4.2601439064429965)]
[(8.8045434555966491, 14.262052834374327, 3.8534046603487235)]
[(11.078467314078791, 16.505737186993699, 3.749368612144603)]
[(8.0961648591968842, 16.14452188571731, 4.7852249869434429)]
[(10.024006377703028, 13.377135313049573, 4.0870041462293525)]
[(12.929186011081661, 15.25821457143676, 4.8844659440573857)]
[(3.5946005259242053, 17.362108518193587, 7.8041027670149834)]
[(9.5900751152498938, 11.431391083631585, 4.8360314238131057)]
[(7.7828564147720094, 16.819364102540291, 8.4080104956640831)]
[(12.083016596932193, 13.644964119802379, 3.7634975103952719)]
[(7.4613730134455816, 14.304250532167883, 6.3948489651585021)]
