[(14.089371691211593, 6.7217522976074848, 13.440880297820724)]
[(11.632550004403402, 6.2979201087982553, 10.127453423766088)]
[(13.196881128774045, 6.4696114825345399, 11.808095018217529)]
[(11.135272763510278, 6.2399221312650939, 10.086864140738363)]
[(10.13462820426477, 6.6686316612476766, 8.7084130715695078)]
[(14.4158706007352, 6.3347155604179921, 13.808914216900781)]
[(10.430528341556835, 6.1691055634060588, 8.5101762664244731)]
[(13.548053877279822, 6.5086383614582175, 13.619752548173079)]
[(12.091095137513253, 5.7441316579542869, 11.730151917244299)]
[(12.603391766180557, 6.6941174483416575, 12.427017440544214)]
[(14.200419773917288, 5.093559183100612, 13.214989641622099)]
[(11.019922776483851, 5.9710752131354345, 9.9541395649837376)]
[(9.9255735033336023, 6.2352598918110642, 8.9376817166499176)]
[(10.56730678680138, 5.919314822768607, 9.4121601018020371)]
[(11.190626591736935, 5.1712481625510911, 9.7330555133412702)]
[(11.710581786991245, 5.9431442078906134, 10.555614149330735)]
[(15.200937869951144, 6.7164522797522945, 14.543643944189871)]
[(9.5958758505262107, 5.6508975923544496, 5.9278546676253097)]
[(16.33730978233941, 2.4153448174609244, 9.7160413365680594)]
[(10.836249842121539, 6.170383307700444, 8.5982119682294069)]
[(10.067211979579275, 6.0843596514667269, 9.2341236166357898)]
[(15.053917587501502, 4.020642305887419, 11.776823572248924)]
[(8.8929660974222031, 5.1069715609636264, 4.2805609070740909)]
[(13.839150401513214, 4.4879778488152295, 11.693492239474226)]
[(13.934687077555877, 5.5738595042403674, 13.249343074275204)]
[(9.9607963015644536, 6.2354047469498992, 9.2684937538234333)]
[(15.508843601832584, 7.8585476294610439, 15.736400390139192)]
[(13.423562456230952, 5.5428457473428496, 12.800885439242732)]
[(15.256178286450524, 3.2439135308606053, 10.241795764619894)]
[(13.373912648597512, 5.1639491946272464, 12.373991487596347)]
[(14.093397924929025, 7.0057127592888824, 13.037766369320682)]
[(12.722721320849411, 6.4420292395583063, 11.927268896291643)]
[(13.403141554506675, 6.4728681067335341, 12.1566755145043)]
[(14.272864462292613, 5.6579036047467541, 12.699511411640996)]
[(13.812766178143232, 6.3962364674762773, 12.594639432588368)]
[(8.8172181975134549, 5.8792445882053137, 4.7486299897694595)]
[(15.013082066919813, 6.3216393785214109, 13.348154847914047)]
[(9.8671827062844599, 6.221191304302871, 8.7202190958198518)]
[(15.01764373946431, 6.0211238194865029, 13.589242313643863)]
[(10.485340609017046, 6.9219040216302457, 8.7912411679855058)]
[(14.006027271694872, 6.9572788168223525, 11.807776432178281)]
[(9.6951932355814954, 6.0751452662325987, 8.8759393933519295)]
[(10.337501019938466, 7.1302043427805861, 8.2752496477059285)]
[(16.878470314486478, 7.6971245324920332, 10.322827336486695)]
[(9.8340563259571692, 6.2345417732464083, 9.1216885302052422)]
[(16.43723709934573, 2.310312646748244, 9.7712027809179922)]
[(15.542091144054297, 2.582781121067196, 8.9808341776058196)]
[(14.501892661593992, 6.442376653762107, 14.719627054861324)]
[(11.121488374191992, 6.2082758233972219, 8.8136440611687075)]
[(14.406382872516964, 5.8846502697065537, 13.682037793434434)]
[(11.220734725567505, 5.763478748296766, 8.2571152363327798)]
[(10.069738932005048, 6.2886539420738981, 9.026086264803908)]
[(13.384463647366813, 5.2950846511467224, 12.413880928009332)]
[(8.1305082293824515, 5.537986993465978, 4.2045216448102147)]
[(11.712622855288757, 6.207392714478571, 9.5314285485418715)]
[(15.033804407427271, 3.4543277240440715, 10.384964794705931)]
[(10.466189837798932, 5.7721699607857628, 7.6663869683585517)]
[(10.864976946772749, 6.4940943345153723, 7.5176585698194867)]
[(9.4458147479511432, 9.1917614749126066, 12.140627894948942)]
[(15.016188246982047, 6.0682093322009267, 13.694130017448238)]
[(13.4643746518756, 5.0829595703432, 13.437847154399124)]
[(10.337274288357266, 6.1786224276343962, 8.7103042898764009)]
[(12.847105281753954, 6.2302088354185088, 12.448553582811346)]
[(12.837534543673884, 5.0225538630448217, 11.336354722366529)]
[(14.008003968482605, 6.8414242925405908, 13.341801123410185)]
[(11.932266210990083, 6.3722024820976149, 10.401493482737296)]
[(12.687934326215625, 5.6589117707907608, 12.503105505393581)]
[(9.8370370557505478, 5.851236139850748, 6.4123547507658891)]
[(11.960823463019571, 5.5691558648098258, 11.325516890753525)]
[(13.564235219728562, 5.8664775386492964, 12.099139794738246)]
[(13.625878204283026, 5.9466227796811459, 13.316263226808712)]
[(10.306952305032807, 8.7240565525774514, 12.468784320557543)]
[(8.4898964833232125, 5.0477282857135597, 4.06675108163655)]
[(12.696452732758825, 6.0181998019479312, 12.3122541638336)]
[(9.8911525721955886, 4.2029586667450136, 8.8295879802806176)]
[(14.901066261317936, 6.5692498024713339, 15.21582431425057)]
[(11.922579284460692, 6.373194635019777, 9.4454523169364304)]
[(17.12847468860339, 8.4826209115100113, 15.063530540089152)]
[(8.9115125287962513, 5.1192624294191225, 4.5926743104013266)]
[(8.8892627947591052, 5.6564224515162174, 4.7420465558301856)]
[(13.786363002999625, 6.4592764182222018, 12.991390863465943)]
[(10.22905730542421, 6.3130091913664659, 9.2301531351869759)]
[(13.602342948581017, 6.6783755659825443, 12.63710148627705)]
[(8.3113879070296139, 5.0739490313803204, 4.0550978045548067)]
[(12.542711085940715, 6.4809728222548388, 11.395121925824416)]
[(8.6723346032744679, 5.1073477550228521, 4.0045626889354011)]
[(8.1942177982465267, 5.4442445608431589, 5.0925621426276066)]
[(13.110705891096634, 6.0445464472843167, 12.674814684925092)]
[(13.915604443612102, 5.7987638670397645, 13.773555476938917)]
[(15.107219442890388, 7.2112807096812075, 13.890392743302289)]
[(15.031337624388458, 6.3309212240744248, 14.329377810509948)]
[(14.215276413231601, 7.1712258340685029, 10.437250728559381)]
[(12.432643271161105, 5.8439461200837144, 11.25854866049121)]
[(12.354009648359924, 5.9677397537482415, 10.977561557685704)]
[(12.282760268862427, 5.0821396399309613, 10.913739831401706)]
[(12.320578447969364, 5.8565450969112938, 11.322366071836562)]
[(10.434439487195112, 5.5404800332031838, 11.412184611412279)]
[(8.8385126361512256, 5.4213082724145858, 3.3135759992869889)]
[(13.586127307016396, 6.4488684529220093, 12.56634393250498)]
[(9.7767754098472217, 5.9329627249568713, 6.0652627533043066)]
[(13.723784804265549, 6.3132889604407403, 12.723205933283595)]
[(11.215222117275243, 6.1667336107141928, 12.391853443876649)]
[(11.441567528803201, 6.2653946883857801, 9.7542130991032696)]
[(14.267103925137526, 6.7537052021843316, 13.994420421489163)]
[(12.471735366223905, 5.0436734480815621, 12.194758813423114)]
[(15.857153637418881, 7.6259721515634373, 15.145279260770863)]
[(15.663693406547683, 7.7701600983751398, 13.151541157750156)]
[(10.421658332471255, 6.0253323311662923, 9.4122598992927617)]
[(16.172225893104205, 2.3238648852136103, 9.5849574479613864)]
[(14.219057336110707, 6.7208423768293954, 13.75865158460954)]
[(10.037880110104563, 6.0274324633403067, 9.51309520561027)]
[(15.293781412065206, 6.7334953140863885, 14.489189428858449)]
[(14.308165819359919, 5.5672502498486995, 12.863159636223747)]
[(10.676629078219904, 6.4687756874697282, 8.845887652381796)]
[(12.994697041236854, 6.1860758791668777, 12.710471945782409)]
[(12.852012832184336, 6.4776516160006068, 11.19824639249096)]
[(15.210577594322121, 3.8810975734631765, 11.339537667306056)]
[(11.541154067201171, 9.5746434045914715, 12.824007671284637)]
[(10.424048289931154, 6.7083216827192569, 8.4315380700175311)]
[(14.027915229779207, 6.7472840977607937, 13.712907033443502)]
[(12.19379135371207, 6.1837331191660843, 11.520178652810486)]
[(14.455322472802141, 5.3307801822411784, 13.387260010187681)]
[(14.400408768358718, 6.3595442641042421, 13.718788849826904)]
[(14.514888964713979, 5.7309173858490663, 13.318364000303131)]
[(15.144246948464902, 3.7955573985397337, 11.716018163631222)]
[(11.984596364352091, 5.7868692516504527, 12.484941192577981)]
[(14.737030559662823, 6.8818861399485707, 13.680164936326822)]
[(10.249586225056873, 6.0741698124893038, 8.7519466292835535)]
[(13.392204209384461, 5.8381008160487644, 14.087889216587216)]
[(8.4092003501318082, 5.1058237004088829, 4.051592771056967)]
[(15.17497519113555, 6.7911922477921118, 14.373224901517137)]
[(11.125745361175326, 6.1010658528390662, 9.701725355912755)]
[(12.670774716441482, 6.4419274128217676, 12.036304727872036)]
[(13.265229364349647, 4.8477471407707498, 9.4330475166604426)]
[(12.479316393431091, 7.4611860846588023, 12.290825061705824)]
[(12.17402142222921, 5.8268584197088282, 12.203914698529417)]
[(11.035100530637374, 5.8604699780463756, 8.4359591954320869)]
[(9.6011318286247906, 6.1634817827677786, 8.086066525874859)]
[(13.809754167217287, 7.331381332324086, 13.825709440356361)]
[(11.592968816882193, 6.3783470581458062, 11.860514379408059)]
[(13.15602465289788, 5.5227938079834047, 12.269766969328611)]
[(12.804375585641328, 4.5434638797387148, 10.431865963562922)]
[(12.652891494236314, 5.9577536592637976, 12.771716389647892)]
[(14.331147179256023, 6.9061606748006064, 14.943717141736187)]
[(10.309103850214493, 6.6836405596880635, 8.1710187058079207)]
[(13.393283494068321, 6.2780429171030026, 12.95291343472044)]
[(11.744902147769714, 6.3466776678075298, 9.5746779138343268)]
[(14.30173764704468, 6.6678661943746311, 13.48366104177151)]
[(15.329412699249266, 8.2162340314330855, 15.890375128893535)]
[(13.881103185880297, 6.8121118744177735, 12.795266231396955)]
[(10.240928968945537, 7.2865706155386771, 9.9900998976768562)]
[(12.058836953453874, 5.3843582916384811, 10.585981710038091)]
[(8.7243156603523921, 5.0524323835966536, 3.6301018245846031)]
[(14.591041198552045, 4.6895494789361987, 12.784571223338524)]
[(10.069038304072972, 6.0673456750099772, 8.0112112492458802)]
[(14.186467387893529, 6.9339773204695287, 13.508579535710735)]
[(9.2669894075717583, 5.7084990097657782, 5.1903965668591017)]
[(13.829032547184525, 6.3100016015901055, 13.020033173857881)]
[(11.728568796506146, 5.9031142871911264, 11.959136121403613)]
[(11.001909812151808, 6.1164363718034673, 8.4180762058298804)]
[(10.369620818458676, 5.1619587663685236, 7.3220050908969583)]
[(16.002591767400766, 2.4006471634939723, 9.7332131730669289)]
[(11.749239594498922, 6.1907375213259801, 9.1125608006081116)]
[(13.836022387040142, 5.2121446569434697, 13.002885147472549)]
[(11.582219063706324, 6.4612130043484806, 10.254915209235833)]
[(13.035239304665943, 3.8875454897300123, 8.0637456193326678)]
[(13.508123829863893, 5.7584199055979015, 13.171109488144655)]
[(13.685806089424036, 6.3061462685339329, 12.27683463673378)]
[(15.809250907424222, 6.4822830514782446, 14.46929324871499)]
[(10.167192835240334, 6.0669916132108161, 7.3074080414064984)]
[(12.324716636306162, 6.5877166261373548, 12.714221624546189)]
[(12.537123044598943, 5.6574409391017779, 11.470666478447479)]
[(10.463521121587974, 6.1264368649555454, 8.6184365351635126)]
[(11.956570495961524, 6.6703467199481903, 10.719710734183652)]
[(13.00377650865059, 5.3447405202464759, 12.17526731845215)]
[(15.746337799726136, 3.1954968208006469, 10.270353169061574)]
[(8.9255440806565023, 5.4791286275278193, 3.6745680347010188)]
[(9.7710451356999979, 6.1378109279309205, 9.0765806444360582)]
[(10.299495983887493, 7.0608055154401832, 8.9192764548523868)]
[(13.319262611353899, 6.5432033408304306, 12.78841384822522)]
[(14.961317947804075, 5.5257329592277502, 13.598463065447987)]
[(11.151198239842765, 6.2636071001311109, 8.930287486644179)]
[(14.05162712365501, 5.7006674292292185, 12.824202973928021)]
[(13.545525529276334, 7.5489961031506718, 14.23019213315)]
[(13.343564564550535, 5.5225551918163198, 12.111475752262079)]
[(10.422968032721558, 6.8876166793312557, 8.6547673948684007)]
[(11.465085099249999, 5.9077761754824341, 11.643130122146749)]
[(13.097744488956417, 5.3689533976034092, 12.108122830958026)]
[(12.236695184080629, 6.5792223527040425, 10.97383009534523)]
[(14.463011873757448, 6.3654899193136343, 13.24057702957427)]
[(10.163796885450276, 6.6689957483456821, 8.839686139592601)]
[(8.4495001545401962, 5.0378284168041327, 4.0324385733712091)]
[(13.128559000530149, 6.0681435170961562, 11.953661032721802)]
[(9.333476876215606, 5.8410220120900789, 5.1643983892327192)]
[(12.016950895452583, 5.7841591555423317, 11.095024614247285)]
[(10.353854216869539, 6.2266971041907473, 9.4116885164514077)]
[(14.152636526477627, 6.003055404082831, 13.146888382972497)]
[(14.539700869695201, 6.3767735069292684, 13.139002216793587)]
[(11.81248214950606, 5.90871500397364, 11.529454549981253)]
[(14.263547697365416, 5.9878042227433248, 13.91505897170731)]
[(13.1109842381811, 6.0740921173790641, 11.909124243738839)]
[(10.822949869978585, 4.8725364673415719, 10.79043888132008)]
[(16.141542635577711, 3.1539272226416584, 10.40653579984925)]
[(8.7480541727264942, 5.0469248315660398, 4.0491380056807103)]
[(10.002342179118331, 5.8654401466799149, 7.1564158561968281)]
[(13.382099386453486, 6.1626897406236756, 11.937913905789015)]
[(11.012835771082091, 6.0560895208637664, 11.975147599074829)]
[(12.006373359068876, 5.6098041116962429, 9.5208890728979707)]
[(13.236090560828517, 6.4710142659772849, 13.462830614136823)]
[(15.318484897959005, 6.6831601956407187, 13.786452026744502)]
[(14.66105049241771, 6.0239659803902752, 14.089173169134313)]
[(9.3322015779993492, 5.5878819618928546, 5.160434057138966)]
[(14.255150667785671, 4.8114570734795254, 12.960995840215329)]
[(13.233415931575127, 4.3677980265754339, 13.178355064575859)]
[(11.087346115297919, 5.4667777881681623, 8.5101447236190104)]
[(12.619021470101167, 5.3418265907883749, 11.77007726034636)]
[(12.566537478357516, 6.5607360259404937, 13.714004215759539)]
[(11.258054730518531, 6.2659704549461619, 9.0258331848895388)]
[(10.63487834776935, 6.1167025334038057, 8.4092014197546927)]
[(9.4702092721996749, 5.8168815064041883, 6.8905699436664491)]
[(11.659913438643546, 6.4891542713880899, 9.5577010120114085)]
[(14.860431566312853, 7.118699600814014, 14.147581915836946)]
[(10.477184638915165, 5.1969028329481608, 6.4135528450884536)]
[(14.361832792830102, 6.9710153213160355, 14.112485898894176)]
[(13.933722964924867, 5.7452024742132153, 12.625594970585489)]
[(13.134012057410159, 5.7332127652638025, 12.612969722934562)]
[(9.8412222468425483, 6.7387926619906802, 8.5788009585355152)]
[(15.050464929715714, 5.0362255925439507, 13.820747802176808)]
[(14.152080674326822, 7.9767114879579228, 13.156069211295234)]
[(11.807470764990835, 6.1343931662921554, 9.6200012171018567)]
[(12.856821911200097, 5.6382705260261607, 11.779701915930685)]
[(14.156212402052798, 6.4567999060189294, 12.919916519326407)]
[(9.8344325665116283, 6.5445894288585809, 6.1905414216738599)]
[(13.893639526324437, 5.2956040957607113, 12.142273073731447)]
[(9.4178303188156853, 5.7020463782309951, 6.2886223916413915)]
[(10.981409624610944, 6.2601011096327497, 8.6975306951449358)]
[(16.063262061746347, 2.5942103113339408, 9.8529039846306308)]
[(14.705459314974908, 6.8093393287220128, 13.428910097184442)]
[(10.187126351682853, 6.7030926560389839, 8.8959194249363573)]
[(14.660230250585617, 6.6552257362541729, 13.555994921566302)]
[(16.025971139675441, 2.654834923490661, 10.262424499242266)]
[(11.585964805655426, 6.2913898590619706, 10.106147359071036)]
[(13.940051419056422, 5.9612757954951334, 13.996876360887956)]
[(12.620730821943722, 5.6929752357184489, 11.630155761749537)]
[(9.3059182145931878, 5.8883779988637706, 6.0861851101989455)]
[(11.662055203080241, 6.5229401831821114, 11.874712694207865)]
[(13.616567521487882, 5.7439477056980284, 12.092909208896888)]
[(14.144122983250609, 6.0048782897390991, 13.180612971951449)]
[(11.755884147928386, 6.541882005851102, 10.872662335480266)]
[(14.621768979541466, 7.3639047640451407, 14.145999342413717)]
[(13.53058516393312, 5.5301571899691213, 11.822457212098591)]
[(11.227351965933835, 6.2573545337561889, 8.9960041016783432)]
[(10.396418892174706, 5.7039523123287168, 6.6481562177351314)]
[(17.40399455337699, 6.1173496337854614, 14.401124869608665)]
[(14.490187871418524, 5.8937544280473082, 13.814514006292702)]
[(10.668679798702726, 6.5820112090157741, 8.6535020308912802)]
[(14.197131242192503, 6.5572537689233119, 13.470532629766645)]
[(13.156367423596748, 6.1049294453297591, 12.787163226295126)]
[(11.949432922787153, 6.1125327201199013, 9.6100554361968964)]
[(11.790456858545136, 5.2347811251527148, 10.39948450958974)]
[(15.267819557175724, 3.9464339052460398, 9.6573173023243104)]
[(10.039178735648042, 6.2540402541096825, 9.0807561531170524)]
[(15.7592401792296, 2.976922589065949, 10.045720960505287)]
[(10.805869432399877, 6.1717756724412061, 8.5866105664285879)]
[(10.666026873236589, 5.7238296446075463, 8.89832170978341)]
[(15.250640567068032, 2.7285179088184215, 9.6941880762735817)]
[(11.100700858834189, 5.6269544836254273, 7.9313603261242385)]
[(10.477750567862396, 6.9138146642259564, 8.9600877163233914)]
[(11.516549210404593, 6.2042956137921559, 9.980522081308326)]
[(15.072835705779612, 7.2185344406625997, 14.730503235925223)]
[(14.903942174567142, 6.77499217431264, 14.909682742887318)]
[(13.943993751490316, 6.1415956457816563, 13.420530519762782)]
[(9.1227187700533854, 5.0705609138016792, 4.8501530991719299)]
[(13.13131318206664, 6.9966992828876924, 14.085368783439012)]
[(12.403681485202785, 6.4309197071032393, 12.438310435884503)]
[(14.171950535236236, 6.1332080664267918, 13.956969446950424)]
[(9.396622760592205, 5.6368138837052637, 5.7024437056098822)]
[(13.060844653314714, 5.8848226756846902, 11.117165559575723)]
[(10.062807662913182, 6.2846205724882696, 8.974688729363363)]
[(11.807599297006487, 6.330960444909242, 10.07521316350751)]
[(11.538410686869502, 5.9755001102552772, 10.378294892779659)]
[(13.239344437494882, 5.601071305674683, 12.293718687005915)]
[(14.019486481097021, 6.658969790325691, 12.385962811113547)]
[(10.558473055439318, 6.8717393927481103, 8.8770146986163709)]
[(10.833192930107328, 5.13371120446436, 11.677796260818262)]
[(11.930115908417818, 5.9665170139016199, 12.068111373410387)]
[(8.6321569786512367, 5.0182707480839932, 3.8443035707308382)]
[(12.744402290181114, 5.224926076258126, 12.246997192754327)]
[(10.327152571309011, 6.9961783554459043, 8.8987816955943302)]
[(11.818443712005694, 6.2195217399610261, 9.4016212108712942)]
[(14.741681933837981, 6.2706376456940056, 14.023544673183693)]
[(10.217164021641777, 6.370849231297588, 9.1893585158812883)]
[(12.836330438661903, 5.3175378271110887, 11.772131999973235)]
[(10.569676122980795, 6.7166589078091476, 11.395081396753719)]
[(10.567997360851779, 6.6408905060622292, 8.5149316187660631)]
[(9.9462971297857692, 5.8704229722900205, 6.8119158014843126)]
[(12.815350984597467, 5.4347185890802168, 12.353839336262508)]
[(11.796068626019077, 6.2760107538810237, 10.128336423544006)]
[(13.663834089975714, 6.6587804950001468, 13.634241408048405)]
[(14.335977694227964, 7.6281768109571901, 14.028712982374456)]
[(10.32351924437282, 7.1187869771976047, 8.3432482842250728)]
[(10.559946896840579, 6.7163258711969904, 9.2121793171237716)]
[(15.074914269629858, 5.9607547084671229, 12.949433266458481)]
[(14.673057839866324, 5.674047029036231, 13.295573230768344)]
[(10.167115519056887, 5.7430237714598746, 6.8019641896231278)]
[(11.43307815552806, 6.5605736641402528, 9.433340189671183)]
[(12.265470978471951, 6.4428393726634265, 11.924825363626708)]
[(9.3961732073886406, 5.9010430143899475, 5.7563538308186253)]
[(13.701859475675976, 6.4353872364363731, 12.287853211187105)]
[(10.163218966990527, 6.3027316913450715, 7.1674822045004376)]
[(9.8617132814282176, 6.2402669696867781, 9.2025232049689869)]
[(11.952278637548334, 6.1679014374975631, 11.99996910661153)]
[(10.9916819063125, 5.9055780156318063, 9.9944666786314933)]
[(12.285917480199558, 6.3758644152528081, 10.989645951402236)]
[(10.089984035173229, 5.5886074143373525, 10.231080906094574)]
[(11.082049517684403, 6.6842549180000681, 9.4172593829767095)]
[(11.566950079042618, 5.3702030766068507, 9.2701685551135498)]
[(13.688616250594537, 7.0496522880527381, 12.57268819464184)]
[(13.32588327562989, 7.3999855459875468, 13.491075891488963)]
[(13.445809102684979, 5.8505789238011987, 12.356437560109228)]
[(13.874939001288856, 6.012145359650046, 12.230624196223308)]
[(11.154984705620635, 5.8328899425004428, 10.116811339894062)]
[(14.403154045872084, 7.167199220475176, 13.820921505010496)]
[(13.091646237815878, 5.5814353092568361, 12.92831176961228)]
[(13.379275514176948, 6.6198496932197974, 13.323327795661561)]
[(15.531623949423121, 2.166637556740727, 9.8552252649147807)]
[(13.835362310174803, 6.5360980670129472, 12.400420055704831)]
[(15.330116373990681, 7.4740772878839303, 14.982411292776629)]
[(14.324963824625206, 7.1121620318527699, 13.217038349249249)]
[(13.147646692928285, 6.5806760077237323, 12.344505323520156)]
[(13.350294733150472, 5.6726061177734994, 12.012551998681952)]
[(10.855574158768693, 6.2271045674708683, 8.6829196408177527)]
[(11.957977617058472, 6.1575965316921044, 12.633676537125284)]
[(13.631577425912472, 5.7461464193036385, 13.157923370479686)]
[(11.538033895111601, 6.3188545961590714, 10.470946202056906)]
[(13.332332396886928, 5.6092592089726354, 13.066585716749694)]
[(10.154583272308303, 5.6238329814968013, 5.8401929872542677)]
[(14.617084805860868, 6.1576573524804532, 13.859645807888972)]
[(12.522978583213133, 6.3832399677489686, 9.8748042618658705)]
[(13.421397134508554, 6.6330556638942211, 12.511142725959846)]
[(12.356604565085133, 7.2259491888243916, 12.966687348754814)]
[(17.29824276637509, 7.8846666817032993, 10.413389060353017)]
[(12.51931832738792, 5.4152230026634109, 12.031321187013635)]
[(13.071094004841548, 5.7952968789951598, 11.778805985586375)]
[(14.257709925649923, 7.4582055808168981, 14.697186279523439)]
[(14.408636340613961, 6.0089575337153578, 14.279000422033398)]
[(12.533857158616204, 7.1570569441215088, 9.6935827963512722)]
[(15.31532222257508, 3.8205581712531798, 10.928774511371437)]
[(8.8170732803582155, 5.1239612223538602, 4.014185562944192)]
[(11.223872970288758, 6.4011335823019735, 10.046556376087331)]
[(11.090461517626229, 5.5435364804146401, 8.2824191312256907)]
[(8.7561089278812752, 5.1729505983721591, 3.7808583939009499)]
[(10.677249242931898, 6.0469511365364337, 8.8181984688234021)]
[(12.957094191428986, 6.9975767614194169, 13.266385025014587)]
[(14.47056905713511, 7.0094053733410071, 14.214253679158031)]
[(10.830165500945451, 5.5964774525673517, 8.279037111066188)]
[(15.659384310379332, 4.6514400662147839, 14.763340682228671)]
[(11.437889928569604, 5.4791761820313063, 11.455732498613967)]
[(14.055318836309766, 5.4590979924219818, 14.144737009077497)]
[(14.857712020206161, 7.316195343433801, 13.791845070643436)]
[(10.767584277066717, 6.0658665590259719, 8.7907025291395193)]
[(9.799765364867195, 5.9646351230334647, 6.16300914791921)]
[(11.206929368689391, 4.5109645238964333, 11.085868898186551)]
[(13.991945179259801, 4.6482042104916452, 12.84300646118124)]
[(15.99625457524991, 7.8026159479677544, 15.122040405398504)]
[(12.293517854959328, 5.2641529503054292, 11.371901811260763)]
[(12.614060863542115, 5.5448093433642418, 11.927140312276869)]
[(11.878334359272088, 5.5009821248438389, 11.684360442013308)]
[(13.608501703330953, 6.1771028863583473, 12.099342465316752)]
[(14.749689051260304, 5.4828552916211599, 14.337114905163711)]
[(14.687091399632683, 7.1080112173038552, 9.9004076325607251)]
[(15.488139016874209, 3.0153053596671695, 9.7148318963102529)]
[(13.191394288079914, 6.6192344491914934, 13.770725319024459)]
[(13.953094749197694, 6.4277787848144712, 13.822325374450473)]
[(9.9618081712980135, 5.8733550155186158, 8.0019980621297897)]
[(11.110310818431699, 6.2831050348168986, 8.8644106690474)]
[(12.29205831249398, 5.591002699256042, 11.706806854883578)]
[(9.7899593635444546, 6.1444022033445229, 8.9321602797585999)]
[(11.646064891229665, 6.9884999597432893, 9.9929980081779544)]
[(12.896816815179873, 5.7250037360503852, 11.221623250592371)]
[(9.3528361432975657, 5.8643967091035556, 7.2414324600355808)]
[(14.449474174466049, 7.1529075461724636, 14.705385748036376)]
[(13.503450268978931, 6.2862301024162788, 12.58976952571571)]
[(8.7860796912392694, 4.9904559433915461, 4.0591367770763087)]
[(15.192222786727445, 6.5966392714974154, 14.453327381026696)]
[(8.7050354290453491, 5.0548558626345717, 3.887705547906374)]
[(14.447770646636656, 6.3766223777093707, 14.455848529074988)]
[(13.772910854074695, 6.8476858059569974, 13.751740250847746)]
[(13.851778717243782, 5.8502787999041983, 12.39857745133255)]
[(12.968329701446811, 6.4527078925358685, 12.606243814061131)]
[(11.776553085257293, 6.3000572007636775, 10.186195189146524)]
[(13.668261292967616, 5.9620983740960263, 12.915240199423062)]
[(9.9581565288175131, 5.4487025970117555, 8.1543048356556369)]
[(9.1710204446189554, 5.1845180256329471, 5.1154195923574921)]
[(11.338223320064159, 5.7323880208127003, 8.8204302169350246)]
[(11.122778124307109, 6.3079370944864417, 11.257930478294806)]
[(8.3917504209191733, 5.2385943754823048, 3.7334064463089476)]
[(12.847465581418014, 7.1796723866806467, 12.386436013128767)]
[(15.93991171606044, 7.6970908361789006, 11.303905218035183)]
[(14.047490336409801, 7.4330919033526426, 14.198269235673392)]
[(13.459969795828897, 6.9968638314558955, 14.18089817277933)]
[(11.102595643379015, 6.0239025834347375, 12.000795754042441)]
[(8.4536499915489607, 5.0232682227206054, 3.9307987724342359)]
[(11.29303851607937, 6.3945674529316543, 9.8131130991464239)]
[(8.7911410242499635, 5.3706508240077433, 5.309028303648633)]
[(12.842130721530218, 5.4455656255257407, 12.079166529113394)]
[(9.5248032839900194, 5.8646644129002157, 5.7127006155209799)]
[(13.492731218260563, 6.1798400475599911, 13.525093642158696)]
[(10.834204218521769, 5.3121554490925424, 10.016542953577378)]
[(13.482349897580773, 5.9477823021795651, 10.941822445807643)]
[(14.192154533448063, 7.1476004364671359, 14.337770011135722)]
[(11.278881830810402, 6.2439527671539068, 9.0222887414104633)]
[(12.732303007870316, 5.7088100621770286, 12.892723747339879)]
[(8.7207516888770371, 5.0515353876220166, 4.1088453752619838)]
[(11.207964863238324, 6.3070031309129533, 10.021595231281303)]
[(10.233963227388681, 6.4420473758356724, 8.7076307478424102)]
[(10.492094123302873, 7.2073146203101892, 9.1789685179892953)]
[(11.082614216833697, 6.2503548321671678, 8.8256057869919697)]
[(10.7018799343194, 6.7026936419332159, 8.8136288181314981)]
[(13.442539746222321, 6.1080179259528125, 13.27211808804925)]
[(13.939072535354592, 5.394943230949222, 12.329963833397084)]
[(14.521268909128249, 6.5049839691880011, 13.52346312095929)]
[(11.004756310035186, 5.7111802689885396, 8.22613887112567)]
[(12.847412918995849, 5.4299607870225142, 11.903858582581043)]
[(13.219316502348697, 6.6360465126363906, 13.346897695984826)]
[(10.426759107514915, 5.8251967923612922, 9.7292335793108968)]
[(14.200446529117118, 6.5322010009074418, 12.538194453074233)]
[(10.904143532596882, 6.2512703535001402, 8.631034423288332)]
[(12.768041415691473, 6.1526082504194255, 11.313087850619228)]
[(12.88061044960669, 6.4287264504884636, 12.838954630991196)]
[(11.555198333984542, 6.4761844315156365, 12.263495493681724)]
[(10.926764897288459, 6.1785296909513159, 8.6358690917108287)]
[(14.194437453299694, 6.2610156890061583, 13.011565451580905)]
[(8.4829200103446709, 5.16589419582363, 4.0291451928709261)]
[(12.003221630558835, 5.3851925031179082, 11.659282636730548)]
[(13.482560563676984, 5.983664362559372, 12.928755128386697)]
[(13.129789266598074, 5.867671786151921, 12.586020636083999)]
[(13.611816169667881, 6.1718801117528423, 12.633012750004191)]
[(13.227797130148799, 4.7764533375380687, 11.192669006360841)]
[(13.622541896574328, 6.1757114227520375, 12.414376076327565)]
[(14.075658262463282, 5.8154472216056448, 13.849186097330492)]
[(10.523834848609823, 4.9767988058423782, 11.239609218403722)]
[(15.146107869621009, 3.201775701880277, 10.084750028153913)]
[(14.129195524950598, 5.366136202802231, 12.282985000434749)]
[(14.430846433616267, 5.5224264451609049, 12.995068193335522)]
[(11.922712417758877, 5.8435170065789572, 11.331411623121108)]
[(14.127845677184611, 7.3271683627083455, 15.49132334754286)]
[(12.55299130061781, 5.095926064284825, 11.655217448929502)]
[(14.145186517153757, 6.5683159584312643, 13.797084502025529)]
[(10.699981773055359, 6.2542027360480059, 10.179945139434853)]
[(14.102905833842131, 7.1933932589794409, 13.80355018552606)]
[(13.537225401252506, 6.259242450085158, 13.584075804228767)]
[(10.73697453322832, 7.1109522146110615, 9.1939050369590802)]
[(10.804089526319386, 6.1599986700460319, 9.7591308693234726)]
[(10.574766429591016, 9.7822374407550221, 12.489647755487313)]
[(12.554901981802143, 5.9761685412471692, 10.85366017370144)]
[(11.522186958507993, 6.5698589161676537, 10.288119462591929)]
[(8.7240032014603575, 5.019657458267238, 3.9905540838882758)]
[(14.461004889680714, 6.5731407706335077, 14.15647060832428)]
[(11.745248864024031, 5.7315024081254027, 9.2282987867021191)]
[(6.8796462166287915, 7.9109290174469491, 8.8129508867028008)]
[(12.489760216044196, 5.8040407697344936, 11.480440232894793)]
[(11.322158620540192, 6.0179127214470904, 11.884929366662702)]
[(15.567543595111308, 6.0452672318279532, 13.753340475593886)]
[(12.424442215522792, 5.9038626557587657, 11.261001777662241)]
[(13.540849711133809, 5.7256800062510518, 13.32017548466929)]
[(10.437146471051555, 6.8578103720284433, 8.6933056572407583)]
[(13.868268681811072, 6.591896279956555, 13.872744253122951)]
[(15.04019865536284, 6.2671782304119645, 14.512316254595374)]
[(10.420309018963739, 6.9649996246738697, 8.79200814641265)]
[(13.585489671391722, 5.9360175319353576, 12.81596596932501)]
[(14.301743132037309, 6.7506504511462078, 13.670224151289064)]
[(14.533976772971094, 6.4176651688859678, 14.348428129204464)]
[(10.387571417506992, 6.6876463171322627, 8.9566926683390946)]
[(15.167729300892605, 6.6512712392307494, 14.132399474588167)]
[(9.9392286383127342, 6.2941543987986925, 9.2418271123327749)]
[(10.023976822913372, 6.05226877151678, 9.0414869739633268)]
[(12.167743098811624, 5.615841839531913, 11.540519974344008)]
[(8.7405082955955038, 5.1104970635390634, 4.1005590999417798)]
[(15.792124858631054, 2.6428751071862022, 9.8204490184711766)]
[(14.639886398592541, 6.3599212217099614, 13.553814596900306)]
[(15.833872396931726, 2.9073392607593185, 10.307911507527402)]
[(11.551575942067416, 6.0071573083424097, 10.098199929361602)]
[(13.263105598449824, 5.9952015370885343, 11.949275367078238)]
[(15.44405968192812, 6.7582334617061433, 14.414044318777476)]
[(11.421844160468437, 8.0859932295828045, 12.541491748307276)]
[(13.997719205221918, 6.445650929506388, 12.832584038071195)]
[(11.804159188736925, 8.1684660303708156, 12.38499565456509)]
[(11.677976233637828, 5.9326018501346605, 10.026211842768925)]
[(13.239547139054805, 6.1891801564743556, 12.668759767199706)]
[(13.730427425328466, 6.6463251246760917, 12.758100201268466)]
[(10.154825170309511, 6.6472325603255573, 9.1166213440240522)]
[(12.427650052283372, 6.1005341763080416, 12.329262599796035)]
[(10.246243077756795, 5.636556003886831, 10.374671651167871)]
[(10.115532829702122, 5.8395209171675928, 6.8715822792857573)]
[(13.046706659739039, 6.6841819089313592, 12.640365311485665)]
[(12.897355964652791, 6.0525404867947898, 12.562593466723641)]
[(14.076785306617168, 6.4172888651025675, 13.509731876002986)]
[(12.286101353304186, 5.5157071892622769, 11.936816890063282)]
[(11.110597617996367, 6.676325528408527, 10.205861557193078)]
[(11.286935115757736, 5.6860856035913123, 9.3437310799977649)]
[(13.040570505618298, 7.3338262460270789, 14.086011668045865)]
[(14.567300114373483, 5.8999545967558582, 14.221055959656008)]
[(9.0826314148219041, 5.480840467733973, 5.2968986811692478)]
[(9.4597687648854922, 5.7458925594360846, 7.0456770738831374)]
[(8.9903694502980187, 5.184247424721887, 4.6677313511476175)]
[(14.878128213508358, 7.7888315438249185, 14.769620846240469)]
[(14.426773581306794, 5.54436112974156, 13.96876762999508)]
[(12.05487214864069, 6.5255026267361309, 9.2105965826626264)]
[(13.480336828355179, 5.4480744241535737, 12.845104048797227)]
[(14.363194929507596, 6.872512525307517, 13.528194935007297)]
[(10.687768904416982, 6.1570836667195703, 10.094909760054758)]
[(15.777338913385909, 3.263849194304401, 10.565767425851389)]
[(13.959432868086822, 6.1479810468979004, 13.387176770788439)]
[(12.787190635830378, 6.219807657789687, 12.29287574483155)]
[(11.386211324864675, 6.1891111720898797, 10.067421604787658)]
[(8.9194758340606448, 5.2270123643694903, 4.1244278699280201)]
[(14.961854268815774, 3.3451275049033855, 10.20958395639037)]
[(8.7711238590400313, 4.9999584913523343, 4.1762106406559969)]
[(14.830154903970334, 7.3377783048773102, 14.433080558664201)]
[(13.004474228375079, 6.0047187654292387, 12.785504407345632)]
[(10.6221296112932, 6.7226166041604918, 7.6932312744524403)]
[(14.382969477898836, 5.6260542911538209, 13.387956912986789)]
[(8.2021339495425121, 5.509962710348594, 4.401546651868367)]
[(12.618584688179782, 6.4911198687803848, 12.916364228056752)]
[(13.485604901397572, 6.0390895285332951, 12.323634377157131)]
[(12.28628102307359, 6.4326432459351759, 10.990080591085633)]
[(14.990169640008522, 7.2484152027388511, 11.79794089044637)]
[(15.217535738604779, 2.3099109644706082, 9.5612202817466194)]
[(10.59770167654311, 6.5596313332017653, 7.8249946189258566)]
[(10.217056263136108, 6.6042376891411507, 8.8912668223935558)]
[(15.096814607056432, 6.387186168299384, 13.478948768668776)]
[(15.177423831535288, 7.196011077369076, 14.371427922015226)]
[(9.2852509352797465, 5.4241303619597927, 5.7744552500320285)]
[(12.766544462606884, 5.8340589422866858, 12.599084973899483)]
[(13.13946437301114, 5.7332226058257172, 11.613039855506958)]
[(11.616902557821797, 4.8899720953305943, 11.192403724617314)]
[(14.454593418199748, 6.0062588927114344, 13.34553339686263)]
[(11.987772694391522, 6.854761187986087, 11.34246550640038)]
[(13.900368921565111, 6.5443720528553513, 12.987728623434338)]
[(9.9358967348619576, 6.0902856029112495, 6.4677633200901976)]
[(13.392130091398172, 8.0669594171955357, 12.755307222563239)]
[(10.756452680437368, 5.9315793090478355, 10.177308829555766)]
[(14.576867196481931, 5.7914373409818083, 13.707713209737685)]
[(11.844776641598779, 6.1106354192059893, 10.30565584014778)]
[(13.477695042057915, 5.8800331558802279, 12.303407002240856)]
[(14.982494923784076, 5.7940582387667954, 13.928489047953843)]
[(11.017736996053699, 6.4108633061951359, 9.5867741499859616)]
[(15.791600194480278, 3.1952872099239058, 10.288896518160199)]
[(12.989311864607284, 5.7943068090922738, 11.926585459658209)]
[(15.352781138153047, 6.6452332769359037, 15.104641726618285)]
[(11.004049525421271, 5.3758602446238397, 7.8762082677831042)]
[(12.385984035470678, 5.4823423252377959, 11.026337186373265)]
[(13.991148145635956, 5.8473974848228174, 12.237894195105087)]
[(12.360378183284221, 5.7779801270318494, 11.146937553683374)]
[(9.9047584811768097, 6.186924263323796, 9.1117241058288592)]
[(13.716707479303306, 5.7359714864117555, 12.682260670023823)]
[(15.836920764592398, 2.6092687102727146, 10.122243553890424)]
[(13.596271521714387, 6.1958364495596401, 12.761521642225638)]
[(14.121446727147633, 6.455951711747824, 13.586274376252327)]
[(10.257729740586155, 6.9334586443868105, 8.5700923062134819)]
[(11.466686550976963, 8.0929547018203287, 12.778485823501292)]
[(12.121643174787444, 5.7537214417282367, 10.980135974033489)]
[(11.86914800460127, 7.3226045027075433, 11.942632702590121)]
[(8.7224435911615537, 5.4954300804291734, 5.3075575028102904)]
[(11.528713382249514, 6.3091520567003814, 9.5052539732794123)]
[(10.989598219599785, 5.791810848660921, 7.2670371369763558)]
[(15.266860158621503, 6.8027260059052379, 15.14083864856887)]
[(10.324728652494102, 6.8895275659355883, 8.6421329927183912)]
[(10.784787492950795, 5.7129098864076822, 7.6176061945890829)]
[(15.310742527633755, 7.4481189434011483, 15.055290890481519)]
[(11.718438763543997, 6.0122591604784628, 9.424327646663377)]
[(9.0162517612885384, 5.1640851966715964, 4.1500668248505184)]
[(14.731891264193603, 7.532008471587992, 15.250330433827807)]
[(14.933202607701155, 7.5834514727032678, 14.554051814756878)]
[(11.783422445258514, 5.3286160377805505, 12.029756071670041)]
[(9.5355776351229924, 6.406322156793923, 6.5226533611628916)]
[(16.877111999634188, 7.0415751706009457, 11.679355932402798)]
[(8.1502100862382179, 5.3718857117479759, 3.2728558457592341)]
[(13.075999144019228, 6.4801082551813121, 13.02978926717455)]
[(10.082996507474126, 6.2686148771449668, 9.2279255620763116)]
[(15.940822825346897, 2.695908596700709, 9.8379302438074738)]
[(13.063641850091141, 6.1255855693643637, 12.804161253806532)]
[(11.236413657645539, 5.713664648559285, 12.091495122393811)]
[(8.9632930362625522, 5.1067616835208653, 4.4180651882715107)]
[(11.158521514959238, 5.7592442603409717, 8.2719794594896694)]
[(8.9341438439223193, 5.2061174274050162, 4.4961620088862766)]
[(13.622703396912087, 6.1091218699993561, 12.738180918860934)]
[(12.141786304610896, 5.2564647892936165, 8.8212493061467594)]
[(14.208861870540424, 6.0823931176565464, 13.096468684262703)]
[(14.079719732084834, 6.2220481454872854, 14.003696067560044)]
[(13.999953131554797, 5.6028727019103766, 13.178075216982807)]
[(13.318401408330516, 6.2389190190657446, 13.018986884147884)]
[(10.737728912839803, 6.199693528110954, 9.2191720687537941)]
[(13.505330446006514, 5.8271150985773019, 12.756153986548876)]
[(14.481258074202843, 6.2480451517640319, 13.776435392062337)]
[(15.330394921095884, 3.7522445158780235, 10.643905683962879)]
[(10.604887592449895, 5.2846050050982374, 8.100684569915364)]
[(14.244635970199651, 6.4756429964802384, 12.994488092949421)]
[(8.6917311712565919, 5.4856555632559481, 5.2460636600410737)]
[(12.751545625521944, 6.7029896802784927, 11.650538582420889)]
[(12.436210131733215, 6.6563469280520193, 10.990250020954248)]
[(14.69537821854896, 7.737431303622567, 13.772040281344669)]
[(10.538073425747809, 5.8682422624001109, 10.221441663187445)]
[(13.536624585555895, 6.00385485993817, 11.995002960112044)]
[(11.029158206762505, 6.2345035908405197, 8.7406651485731732)]
[(13.191814981755941, 5.296140820286257, 10.352454891183363)]
[(10.45108054556022, 6.0507677590513849, 8.7169682160084268)]
[(12.346098157751005, 6.1168309059264692, 11.278264185764789)]
[(13.412958199192092, 4.9812830765951253, 11.501748502820025)]
[(12.160661163443901, 5.310130494503289, 11.710024212760954)]
[(14.011927874773807, 7.1197122333134786, 14.747901294299153)]
[(12.925232574257576, 4.7880382838666886, 9.9454378093419429)]
[(11.122811071570506, 7.449166167114778, 11.982523378934644)]
[(10.242557516709697, 5.9908938831124416, 7.4300118518671354)]
[(12.507918089803493, 5.4441571902316603, 12.616280372770383)]
[(15.329576645374464, 7.4411375442372059, 10.854873955640295)]
[(11.375016320817725, 5.8847505344082656, 8.571552721647441)]
[(13.868696497750983, 5.6772132458958007, 12.638275033855541)]
[(12.550159953723149, 6.6062594180903984, 7.3715064712840022)]
[(12.024414704608983, 5.1656258563845423, 10.686613124573123)]
[(12.551765119287637, 6.5299522768585598, 12.396558786890347)]
[(13.193510215019231, 6.020876504032306, 11.484050688049411)]
[(8.9851476092670559, 5.432317081487831, 5.2346788682987668)]
[(10.709901437730274, 5.9220287976606087, 7.1892925427552896)]
[(12.609353980054639, 6.1193255629720165, 11.325011526641401)]
[(15.959000238503039, 6.6255432285698266, 14.751926271304418)]
[(15.320615650006118, 6.6796717957010161, 14.167197387258557)]
[(13.110657168596862, 6.0253209701600365, 12.148356500211065)]
[(14.424313071386337, 6.1923444925437776, 13.798147874627896)]
[(14.559143880683276, 7.5752970422480663, 9.713116061433789)]
[(13.72627030463366, 6.8602484947043285, 13.417812058523124)]
[(10.340649596264692, 7.1528844669782794, 8.2676536665668028)]
[(11.401645633645961, 6.3579802710408408, 9.5993698797571696)]
[(11.161729257999843, 4.6982488573885295, 10.393745476906885)]
[(9.8301793528759855, 5.8044647703897807, 6.379676386555527)]
[(9.2869030337970226, 5.5552300299116082, 5.9587001697791369)]
[(13.468395946871423, 5.631715358716642, 12.638651219208162)]
[(11.06962696686865, 6.0484463737979572, 11.060368487905071)]
[(13.354772688642354, 6.4876117949715244, 12.559577259412698)]
[(10.260296401457673, 6.0014165395851204, 8.6945100977224055)]
[(12.51721221494101, 4.0009001100942214, 9.856918018909937)]
[(12.670207511195645, 6.5968571017585749, 11.36822742666298)]
[(10.60246193658654, 6.146727095448453, 8.5498351213826265)]
[(12.943329650650417, 6.3801233398180974, 10.562058967133318)]
[(12.609279370021058, 4.6395613467994394, 11.878744165303422)]
[(12.852726903188472, 4.8593687194420205, 12.84901489741835)]
[(8.2174639533891103, 5.0059402579625276, 3.96593210549422)]
[(13.52356583599973, 4.0219805697670488, 12.621206754163655)]
[(15.594162490038112, 4.1334929524544428, 11.087862453871288)]
[(14.585160831803179, 7.0524834589739225, 13.646018810339614)]
[(10.923237574924249, 6.3821817648114854, 9.4677905059004619)]
[(8.7790652498227679, 5.2690781232306154, 4.549695123951464)]
[(13.337780519234697, 6.0669205904634111, 13.012988369689017)]
[(13.57293787995264, 5.9255786825717589, 13.14965062689625)]
[(14.808321832070103, 7.2524254343437615, 15.014156234868604)]
[(13.231695643341057, 5.7822343004454595, 12.272377266824781)]
[(9.2591918043142538, 5.7779611404904827, 5.6076049629000781)]
[(11.822346685900875, 6.4004688537234111, 10.999336454311731)]
[(10.907578864375155, 7.170455766892263, 9.4329398298670579)]
[(10.256381043836262, 6.4023464140878739, 9.356660354653954)]
[(13.523386788570601, 5.8325330134131192, 11.771740503916757)]
[(11.139912075955188, 6.166856816895316, 8.4601227570142168)]
[(14.1721389518484, 7.1910251366681726, 14.590277737695118)]
[(12.839942097977914, 6.8733483503595565, 12.56290970543399)]
[(10.36994905049316, 6.0628591725793122, 8.8518713669575106)]
[(10.755762119479646, 5.59259036281495, 9.6344410913330076)]
[(10.351831029129745, 6.7327373483353865, 8.8832169858584251)]
[(9.5896272575798012, 4.431465588792431, 9.0567489483412587)]
[(14.472236179211023, 5.625385117234039, 13.75289038337864)]
[(13.032235400183541, 5.241581233238005, 11.786055797313955)]
[(14.553988688472627, 5.111130283830458, 13.105861201311656)]
[(10.809833674445777, 5.5455593935682304, 11.340147400530126)]
[(10.301885784858211, 7.128853966152799, 8.4524927809090045)]
[(11.075832660267293, 6.022103551136694, 11.370281311208235)]
[(11.355532584587305, 5.129742275939047, 9.9977852800774301)]
[(11.885221210546169, 6.5515900877579778, 10.574480213789499)]
[(14.936905972715831, 3.6848254029806009, 10.768387108703065)]
[(14.822493131872738, 7.7542632305625707, 14.352805458055885)]
[(11.346929642222578, 6.1266124613163342, 8.864541644260699)]
[(16.156222168415582, 7.3355917212565798, 9.9815489882128343)]
[(12.459032642920857, 5.1355743366380251, 11.417231791300443)]
[(16.481396462570508, 8.1865974195199485, 15.935013818642881)]
[(15.540088311508656, 7.0511769892540448, 15.312537037547985)]
[(13.082878325480658, 5.4025149468071465, 12.351698029227865)]
[(8.9409599735182006, 4.9379587911770955, 4.4507562830338872)]
[(15.542600065736686, 2.9916040303397233, 10.150336217715553)]
[(10.53966798740656, 5.9083628791170657, 9.378125663965621)]
[(11.483099759104384, 6.0308077330041172, 10.004447539109734)]
[(14.150096110912978, 6.4834205936202549, 12.712930692166447)]
[(13.627641501004922, 6.1646870428920266, 11.527408056035243)]
[(11.931509994796507, 5.5533474641645482, 11.057504406568395)]
[(12.696535510862084, 6.9853882916258723, 11.953364135216852)]
[(12.771901545878864, 8.3383652346114143, 13.251522442196698)]
[(14.297971551634911, 5.8638121910888792, 13.142553882397591)]
[(12.719371397056671, 5.7377362441703328, 12.402164478380744)]
[(15.514858796041203, 3.3515124511527481, 10.83018846637852)]
[(12.899569995637799, 6.682340722996198, 12.479720616500877)]
[(14.042336957867981, 6.0723472217496983, 12.555912980106147)]
[(14.477897234317638, 2.8838676549276845, 8.339402128773143)]
[(12.000896294587907, 6.5315798219494274, 12.028479965212197)]
[(12.449390251991703, 5.7832657519638024, 12.025790299649598)]
[(14.079311147272623, 6.7686852820401544, 14.482902507655847)]
[(13.48531921904674, 6.0116806097254321, 11.862348441787045)]
[(11.682103763116352, 6.1207900454705939, 10.394271596604542)]
[(8.7425311845234148, 5.0251656003616834, 4.0809652545496924)]
[(13.087155157528262, 5.7095578562083302, 12.083576203715428)]
[(12.433420855321494, 6.0195611160843567, 10.843012726300479)]
[(9.7332545338122003, 6.0324735304880504, 8.9669395490215837)]
[(10.255942471349504, 6.0146279560836602, 8.7440818684382062)]
[(13.510180520424306, 6.3154675711007568, 12.616763156190412)]
[(13.160586069415107, 5.0093319440741961, 12.66431103205155)]
[(10.299367571234498, 6.1465039273068083, 8.6725984180697449)]
[(13.525038400366956, 5.8429691425799977, 12.912000275858993)]
[(12.317546610661537, 6.060855780588458, 10.972699185053921)]
[(15.004517948403118, 6.5953684790639064, 14.260112884406084)]
[(12.094481514380803, 6.6982283108056722, 11.781830421504532)]
[(14.321978644739955, 6.9874932878803371, 13.431822956954038)]
[(13.373703894228646, 5.6166776652907275, 13.038433930396579)]
[(8.887879004141233, 5.6663891073386381, 5.101292621404621)]
[(12.785202367017227, 6.2477601040507578, 13.206872656507644)]
[(12.852484307281522, 6.781322274417005, 12.436315182983021)]
[(12.301350946331807, 5.8077768460130175, 11.50048555344423)]
[(13.176135990988723, 5.6163693588162484, 12.331559268196845)]
[(13.815524249069282, 6.2988571260030177, 13.533602773439862)]
[(12.938900425697099, 6.7811801533277603, 12.592882979551938)]
[(14.33776626567559, 7.2912044543523917, 14.518464064986929)]
[(10.909877460695588, 5.6640992145841906, 11.941621724915082)]
[(9.7458989539557468, 5.1645226807310198, 9.6312479755895701)]
[(12.605722018318863, 6.7450855046522555, 9.198483387182204)]
[(11.359106082909333, 6.4508443359763756, 10.041246410691981)]
[(11.079574993547187, 6.2730221234058163, 8.8859242723061787)]
[(8.7680460256971138, 4.9408855581773388, 3.7146540727575474)]
[(14.681868079641266, 6.3001483689829261, 14.500010475739927)]
[(14.265191616387268, 7.2288964781994496, 13.858626645591634)]
[(10.530792708080813, 5.3427346127545867, 9.5818929962893336)]
[(14.452656491782124, 3.3016526030428532, 10.588152838940232)]
[(16.035324549283366, 7.4959480453133711, 15.901786602874033)]
[(8.791766377788548, 4.9997348492842244, 3.9470872678451934)]
[(15.308258821481829, 3.4805939858118697, 9.740258913186338)]
[(13.322668775130563, 5.8224231249847902, 12.388647954503911)]
[(9.9576447247894535, 5.9789273922472885, 7.2119819222948625)]
[(9.1232315847451488, 5.7108035209656354, 4.9115429172180063)]
[(14.474234417159307, 6.0112112621640454, 13.355274352585765)]
[(8.879801104706905, 5.0568630367584602, 4.2166635659761287)]
[(10.556911157218844, 6.5287431537549834, 8.7108706564581908)]
[(13.57328127882848, 6.1322221430125508, 12.934381378331359)]
[(14.736786705678366, 7.25053821450068, 14.320734485169067)]
[(8.0686297361011867, 10.59247967465819, 12.12910527278299)]
[(9.784802816076283, 6.171694450281791, 9.0819523754107969)]
[(12.351275322152706, 5.836849151362336, 10.191015446111383)]
[(12.954167763664358, 6.4075652417073874, 12.526304453482112)]
[(15.068643895869437, 6.8297279281513044, 14.070740653118921)]
[(13.569344493986778, 5.3460708674333741, 12.223562978108959)]
[(13.568937963189617, 6.9203382944424252, 13.552371331129919)]
[(11.959584724219154, 4.90043694090771, 10.50469588507675)]
[(9.8661954732836996, 6.1205128376238402, 8.3940737708605635)]
[(13.580078164509999, 6.9915188883447152, 13.335027902958084)]
[(8.780215735311458, 4.9926044459223107, 4.1691837393372504)]
[(10.837836272444193, 6.208313981159689, 8.5999738486713131)]
[(15.923780431310437, 2.6667998754690503, 9.7362475594259337)]
[(15.104283242392681, 2.6629873998912759, 9.2178529613095499)]
[(10.428551594868264, 7.1713365860813099, 9.0041986768110949)]
[(12.047172685857108, 6.1373051393275473, 12.066730701543719)]
[(11.50654606272569, 6.3885143746057178, 10.0738162434871)]
[(9.9978661594020384, 6.3274145907996013, 6.8035493679555241)]
[(10.194660663873609, 5.5166176519365449, 6.4270348456248865)]
[(11.300091808531896, 6.4276426916651586, 9.70034926403107)]
[(14.733566511792523, 8.6114334484207475, 16.093126592584547)]
[(11.713148031890082, 6.3963301464398432, 8.9027200155657695)]
[(8.6928340325004108, 4.9922936317475166, 3.5902836670981788)]
[(17.110929938842087, 7.5375144783390908, 10.376454100140753)]
[(11.662255069259839, 6.0069934350311014, 11.695447167429858)]
[(11.385398044855169, 5.5844675826464361, 11.431826097858128)]
[(13.324784228103971, 6.1207302852020424, 13.337177495105237)]
[(15.516476084134052, 3.0760357331774313, 10.028725951741599)]
[(9.8008256294618636, 6.0560368961614923, 8.9883121150779015)]
[(13.853351652963889, 5.9997956664358272, 13.002669942331698)]
[(10.156488954627021, 6.3381224683287911, 9.1705890813184912)]
[(10.198489509867493, 6.0135833963531722, 6.7360495246677594)]
[(12.08335448438592, 4.6424905956239844, 10.721022504220981)]
[(11.125412323183184, 5.5266263448372666, 11.633317606104676)]
[(8.882687685064619, 5.1073145240505911, 4.4356530499233209)]
[(15.531767679684727, 7.7549835597009098, 11.433229090956859)]
[(14.584300151589975, 4.3347815970267067, 11.853822951828832)]
[(10.078754216287409, 6.9441973200463885, 8.2883092641446297)]
[(12.457313166415762, 5.9000565471694264, 12.34999028616974)]
[(10.52001159486209, 6.6645686809689044, 8.5193258957816411)]
[(13.73771503960393, 5.5990574808668363, 12.753899518638505)]
[(15.639376770486184, 6.8136520686872437, 14.622328394886058)]
[(10.143571103457399, 5.4704428249540848, 7.4144945148693804)]
[(13.066600563459543, 5.5189533284562371, 12.402664825394847)]
[(13.184018107112513, 5.6277807056156952, 12.053608896785397)]
[(13.283096569271363, 5.7167926328325391, 12.516294780649618)]
[(14.075877892156386, 5.243581125001433, 13.498360128615397)]
[(15.219875840017645, 6.5301669778383227, 14.525599870341182)]
[(14.273058368726568, 6.8721591276600522, 13.749936709895108)]
[(11.223581311809545, 6.4276148644896871, 8.4401635731464122)]
[(13.298335627573225, 5.9505071472317361, 13.337663966285284)]
[(15.390024784888837, 7.0864010004488689, 14.34620881025446)]
[(9.0138689391160636, 11.696015530550342, 13.428193555342157)]
[(15.856727216003353, 2.8696505758354958, 9.9438901681430636)]
[(11.408001298468072, 5.6004285367377289, 8.9800995479097718)]
[(11.601133404467094, 5.7640833627017587, 10.779542750585666)]
[(13.364162045900816, 5.6285177578509833, 12.328309477939026)]
[(12.527644233557504, 6.4847684890467958, 13.174858990243631)]
[(11.911718057442064, 6.9374578146712711, 10.881532022157224)]
[(13.620127384166411, 6.6061349432066647, 13.189492626247301)]
[(12.509579858193392, 5.4395014344838719, 11.529707293629546)]
[(13.135360825504664, 6.2273832290761924, 11.424927799680679)]
[(10.551322100341162, 6.1505845248164155, 7.1627389230642819)]
[(12.589236879301906, 5.4910728356211163, 12.243831689378798)]
[(11.059801859463535, 6.4237972587654193, 8.8354334602848432)]
[(10.949601700838837, 6.1922283857432507, 8.6989512428751503)]
[(8.7836080988692142, 5.3652404878894551, 3.6379869052851621)]
[(10.821653395570085, 5.9956136224265704, 8.6087257888913484)]
[(10.244237786061348, 7.0748742268923817, 7.2851693351721618)]
[(13.486652295136693, 6.7121992367720136, 12.938314625450154)]
[(10.937146443375935, 5.1268021732096916, 11.123549578179617)]
[(13.388829658306776, 6.6907602741053855, 12.647159653744565)]
[(12.421016385169551, 5.8120886991374938, 11.595519816884917)]
[(13.323787353613131, 6.1564844351857522, 13.462435063529396)]
[(9.9437425507907573, 6.2319988675566389, 9.06213038795884)]
[(12.746544326506529, 5.6755979161430128, 11.887724894364469)]
[(15.062942187972197, 5.9277149147112871, 15.174832853978282)]
[(13.97256269529033, 6.182946460776555, 13.534259627640116)]
[(15.707242178885229, 6.9947615510991685, 15.648506643917736)]
[(12.51925603938518, 6.9845220578443197, 12.704246781741029)]
[(12.786114754726649, 6.1990921639976175, 11.916381772370672)]
[(14.433153968510554, 6.1545092388142999, 12.463381212627556)]
[(10.715365477892203, 6.0276513486947341, 8.2341895052679117)]
[(8.9747201499088849, 5.2126008477662049, 4.3552503174843729)]
[(10.739179094580182, 6.5244233575390158, 8.6155014960142982)]
[(8.843222892419405, 5.1227832348169651, 4.1657391022050039)]
[(12.166755575026231, 6.7516070129541266, 10.174194408003293)]
[(13.065997023471345, 5.9876435315266763, 12.863762913911039)]
[(14.318960883048982, 6.5886499446804052, 13.96231444064817)]
[(12.969981087415423, 6.254162168045525, 13.563401198259184)]
[(14.910456592441109, 6.3356136220862549, 14.141062030375686)]
[(13.539693532469933, 6.4665116409336232, 12.21230365095898)]
[(9.8355192990161644, 6.1812586072049074, 9.0360112550162288)]
[(12.488824262247354, 6.8741921536861534, 11.509764961836179)]
[(15.933837350928453, 2.5028729923893192, 9.7670536838157158)]
[(13.74070759263557, 5.1307200068184171, 9.3558907524878183)]
[(12.501165201141216, 6.0193034680648712, 11.300380403037799)]
[(8.8973289002302387, 5.1176694318170162, 4.038765747297214)]
[(11.553136175017183, 6.1028090797379502, 8.4169407195669699)]
[(11.702537282146913, 5.3198387005302186, 10.549498951876464)]
[(10.503276819892633, 6.5042386944599642, 11.713899869772122)]
[(13.102301657347793, 7.0640286782321189, 13.000512526229988)]
[(12.643708543026325, 6.6883122770270313, 12.114173844355099)]
[(13.651360863546449, 6.0275073073628631, 12.909020670082837)]
[(14.834128944268508, 7.3743640458830573, 14.179791853520989)]
[(14.079987635774073, 5.8993756622525142, 12.872057260271196)]
[(9.6350865793193705, 5.5395952545207843, 5.7324089700938394)]
[(8.7122795038835434, 4.9754260687062883, 4.0987385714205793)]
[(14.885652048300731, 7.6330327869609649, 14.881432411231348)]
[(13.40175077334132, 5.5449650974877063, 13.063775505393894)]
[(13.814000333166552, 6.2508188730447722, 12.969452191055899)]
[(11.14110251766134, 5.4389823188896216, 10.80015432845298)]
[(10.357325836366206, 6.6636364479247154, 8.6760162949712658)]
[(12.787822869525304, 5.1087366241989409, 12.055298919647623)]
[(11.407022992247684, 6.1193877422872891, 9.4593323239736584)]
[(10.826982689917466, 6.2319435693063614, 8.7320628889836325)]
[(13.619825036910193, 7.0114792148644574, 13.979693208665486)]
[(13.680897441440075, 6.3761700721914139, 12.880387249522469)]
[(10.544494803534715, 6.7546357656071327, 8.7259230428904306)]
[(13.350027690330435, 6.2223435638795976, 13.44353920001209)]
[(11.707797424799312, 5.5340576782623074, 10.276327076554116)]
[(8.2124287457022973, 5.5183319890598872, 3.9073168277343879)]
[(12.085879767247489, 5.220780988892721, 11.436567333197477)]
[(12.377911126599544, 5.3019362417625233, 11.632973364218131)]
[(13.672941194111305, 6.2050608954170832, 12.433003751020127)]
[(12.853123412657309, 6.8097528611951619, 12.751931819544218)]
[(10.887397534803219, 6.1021451523395491, 8.9871770969322)]
[(9.2145964409484975, 5.599320341606731, 4.6909130361864815)]
[(12.404636536641636, 6.3274774153721545, 11.125618319481706)]
[(9.0423901521825982, 5.400799931381262, 5.2277180756403308)]
[(14.390197438205067, 7.5476454149736183, 13.786398050887238)]
[(16.115807641017163, 7.5986780327232184, 10.182906615980789)]
[(8.2141634086798962, 5.0196783241681011, 4.0877785845049441)]
[(10.494197128511452, 5.2081061031177134, 7.5120682815656661)]
[(10.870424721311005, 6.2299376424070489, 8.6004439408638653)]
[(13.566599235396708, 6.437610256961241, 12.711166686123887)]
[(15.069612596326323, 7.9005245049918642, 14.277606470394764)]
[(12.76812393638596, 6.151008498721608, 12.076028718013397)]
[(9.3102253627278628, 4.7315242301471443, 4.6107184437642861)]
[(9.984130086716041, 6.2436508871517358, 8.988946080535495)]
[(11.705974251619216, 5.9698590602606467, 9.8437005614745381)]
[(17.165898059849471, 7.0364968566289789, 10.100688109879368)]
[(11.443474401656196, 6.1495496180907567, 10.260558637843754)]
[(13.027625181177655, 6.3335982434128679, 12.418802350194921)]
[(9.4694242556110826, 6.095911563326772, 5.8265645759090194)]
[(10.551750582373788, 5.7083808672273602, 6.8906967242027442)]
[(13.758541729728687, 6.6967940174831408, 12.561095581023626)]
[(13.371320081782745, 5.0743198628736588, 11.984739598929034)]
[(10.358567104948579, 7.1553584283291105, 8.2019958668463655)]
[(11.497252906301515, 6.1620246891013082, 10.540225792553551)]
[(12.041234586856024, 6.0386396206130915, 11.971974680920869)]
[(10.717176207404751, 6.564094356262216, 8.5557582456902228)]
[(14.249738602256166, 3.9005160798554575, 11.023408824339084)]
[(15.188146401888718, 7.2164848468201415, 14.585146851852668)]
[(14.256868680168246, 6.5519816309569379, 12.613854165471679)]
[(8.707078961495931, 4.9977716946753485, 3.9623034545205664)]
[(14.403905142549414, 6.2385684930192982, 13.621910787483888)]
[(8.7457112316484249, 4.9915825446184927, 4.0521336642478376)]
[(11.745271260267909, 6.7679908646243057, 10.685650714712514)]
[(12.415690245158055, 7.6127492055526735, 12.605096238248793)]
[(11.069788466955087, 5.8985233551705338, 11.579352170599963)]
[(9.3252760350521324, 5.9452415178765152, 5.5594975265924003)]
[(12.72137941387332, 5.4884949657408066, 11.688580659458653)]
[(8.8092543547659474, 5.0587444920941369, 3.7741002571888709)]
[(10.352938195171584, 6.5008409069641528, 8.676244274916117)]
[(11.039727714889311, 6.1263176767041188, 12.130863723207034)]
[(13.441229487923824, 4.7348390684160711, 12.376324707691671)]
[(13.163905476896208, 6.8441274654250845, 12.690966757981498)]
[(13.180087208413031, 6.0876762646589535, 13.313889925636278)]
[(10.379205039083034, 5.9046776726412551, 7.567723508861004)]
[(12.435963295743161, 5.4826550788023347, 11.824111762883295)]
[(11.698088039052106, 6.2355064731992993, 10.911862486357625)]
[(10.670140174163837, 4.9757748364093359, 7.8563387500038786)]
[(14.235444791799605, 6.4467395893910551, 13.741794048573277)]
[(14.930990003665304, 3.2316000285874482, 10.978767971146397)]
[(13.380613144972516, 6.7172483709108812, 12.416740659113065)]
[(13.585747434993671, 6.2438300586468758, 12.017417616868448)]
[(13.291177525408449, 8.1401685985751655, 13.472940225058716)]
[(15.01707950778793, 7.5693406817447713, 12.616924568626908)]
[(10.642987808761918, 6.0488539995331427, 8.0764355506982071)]
[(9.1164743851426184, 5.4764728275400243, 5.3345789309066109)]
[(14.830830047623349, 8.1041255149847373, 14.923271925700682)]
[(9.1913059129577643, 5.5372107491075271, 5.4484498762286488)]
[(14.561622617013864, 5.2771691948826485, 12.738521302297075)]
[(14.974089016946969, 6.5861098880251152, 14.058378337817263)]
[(13.745846454062022, 6.7962770876694014, 13.405224836776659)]
[(14.905682113003117, 7.0837712712123295, 14.069999435683444)]
[(11.831361320156324, 6.2471529214833712, 10.099664235665999)]
[(10.109271933365438, 6.6330574230883066, 8.7148974074749148)]
[(13.772441693430574, 5.8213188537515386, 12.646540619303796)]
[(14.683894841867817, 5.6796161840450923, 13.329801412268129)]
[(8.9042168610379555, 5.1586238205138093, 3.6998624726227582)]
[(14.561467400188443, 3.6689984698291123, 10.009894091090054)]
[(8.6922419342909176, 5.1332054143386054, 4.2518224679522199)]
[(12.941406515254616, 5.6512646520588765, 11.770539434151596)]
[(8.9416012373200893, 4.9941245919212935, 4.3606305328138255)]
[(12.298088427547366, 5.6210552564334142, 12.250484607177349)]
[(8.8354997889939426, 5.459316369439664, 3.3202767679798892)]
[(12.963235396685651, 6.0076187013081759, 12.538696959057859)]
[(13.004554444758998, 5.009164654273599, 12.076007487777625)]
[(9.216303437647575, 5.3823477399573996, 4.9229334415729653)]
[(13.103405427812989, 5.5074763767230053, 11.949571380337773)]
[(13.429812541129456, 5.598228998971349, 12.816368967119265)]
[(8.7682929943158872, 5.0238398362814607, 4.0947812992842945)]
[(9.2896139548022418, 5.5841104983834455, 6.3456159399845955)]
[(13.342499838384857, 5.7932015488947721, 11.840074894722189)]
[(12.261460468497598, 6.706569022879771, 11.157196522281302)]
[(11.529694303773917, 6.4093317042251874, 10.420766500929211)]
[(14.609236795585927, 7.5989755125356062, 13.944381516177513)]
[(13.098534052332218, 6.3131327158123645, 13.993569999180776)]
[(10.447585658668794, 6.1092038235347301, 8.8202151059348761)]
[(10.14637199370824, 6.1645666247355644, 9.2865107106623128)]
[(13.385521787371742, 6.657715918931884, 12.928690128571137)]
[(10.830722621373146, 6.0644473401699397, 9.7815490400999661)]
[(9.0766777626001023, 5.5027939083387833, 5.8283721930640269)]
[(11.216084656434644, 5.5687361865597822, 9.8525676879704029)]
[(14.335760201449405, 7.2724745231093397, 13.039167932760487)]
[(12.052740051265896, 5.4982210288159878, 11.902035946508331)]
[(14.017495194395272, 7.338415567990622, 13.110687991449911)]
[(12.614086749440512, 6.9606957530166111, 11.802279452853959)]
[(10.711073227674987, 6.8821432674908767, 8.9278242499256777)]
[(10.844956554376047, 5.4914079524063455, 7.5943316161648475)]
[(12.943612216907178, 6.7305742163364171, 13.239562514125105)]
[(14.264791166663287, 6.308777379210059, 12.184005420380696)]
[(8.7624471881291619, 5.0735480512927094, 3.9204578307053457)]
[(12.674545896952361, 6.6973571157479546, 13.204740268267306)]
[(11.978885135302914, 5.5277627750749092, 8.9246255286054108)]
[(9.9408844412047319, 6.0251985789405946, 7.1276670336136903)]
[(11.245230832210673, 5.05998758357872, 9.3175122985262853)]
[(14.366903097352441, 6.1502703193991346, 13.369360945987824)]
[(12.738110237343861, 5.607303590664559, 12.812286495786907)]
[(10.26890101759547, 6.1241245791278844, 8.7472480251488669)]
[(10.391609507006043, 6.9019201455465122, 8.6975656018112186)]
[(12.088641984653227, 6.6694630008470437, 11.538108622773215)]
[(11.372593916566684, 5.94971698032563, 9.7011476111048971)]
[(15.101868648034339, 7.9479827448972085, 14.881946498314036)]
[(12.128175196185133, 5.5611935210927665, 11.875703264212975)]
[(13.360312671794977, 7.5953794656618348, 12.448774955636379)]
[(13.823133286356084, 8.600776903771667, 12.767862228164068)]
[(12.593471340673615, 6.037238723501118, 10.808031993236254)]
[(13.214855332040564, 5.9863770475777427, 12.216183905153491)]
[(11.712019633814513, 6.5343408633573992, 10.39105232448512)]
[(13.879789779617271, 6.7896381968751287, 12.721492668051148)]
[(13.508287960229524, 5.6976265839928253, 13.282823765242211)]
[(14.560568301621791, 7.6716595215502599, 14.122432075737864)]
[(14.067711347116299, 5.9728613247532882, 12.318016948058938)]
[(14.223589634379474, 6.1710274764399617, 13.454586445147893)]
[(9.8209362612630962, 6.5055481694987494, 7.5496364373062157)]
[(11.008689168463379, 5.5858459562160609, 8.9960064281446446)]
[(10.681596779683085, 5.5243399003970266, 10.879629615324523)]
[(12.055786292970888, 5.9052142397663454, 10.252692450868889)]
[(13.181620786977669, 5.9318554150417988, 12.659356629272249)]
