[(16.103906529899305, 4.1027248917839252, 16.657533046449828)]
[(12.573344183552788, 3.3025968620353523, 10.965387215714234)]
[(15.880858714147401, 2.7677428562333457, 13.997643489998028)]
[(14.296546908944741, 4.3263877951050107, 16.200433546971432)]
[(13.635686463821692, 2.696220757327966, 12.491404979110978)]
[(16.510463119972485, 2.862755635559572, 17.599979231924127)]
[(14.337716736940701, 4.4059431811066823, 16.077145670533078)]
[(16.530821179385335, 2.4722819025253062, 15.265865398309147)]
[(12.788357171399978, 3.9859489513558, 15.072399632338962)]
[(10.231041479843457, 4.3198548083423844, 15.584028040115221)]
[(15.110129471423113, 3.9714074864936935, 17.040013642281661)]
[(12.462135568739846, 4.3196144173940807, 14.777271512753092)]
[(12.773332520669967, 4.7328488980750416, 15.488605461934133)]
[(13.742465573299192, 5.4440870718952938, 15.01866123027501)]
[(12.990305597853295, 4.7201070922966393, 12.839734625047329)]
[(13.26252686804783, 3.0144124542993516, 14.716824859572837)]
[(10.812378837115771, 4.8817049524124654, 14.677462279295211)]
[(17.430366712168897, 3.3636418698784443, 14.365955313503502)]
[(13.458856502596053, 5.917310350412663, 16.019773526691225)]
[(11.075170711621002, 5.4097844815220055, 15.850922685136977)]
[(9.9102081416681749, 5.2009856805840311, 15.392359461332267)]
[(11.495145855943154, 3.8960815085457496, 12.450992538725353)]
[(6.698642070392542, 1.0017610729584643, 7.1767956271916251)]
[(14.798847724784759, 2.5711798944838664, 14.244469898224416)]
[(15.883419379366989, 4.7582985197853445, 16.701737608351863)]
[(11.996631586109553, 3.0181431663322877, 11.965037855837499)]
[(9.4702758783256265, 4.3488144927669889, 10.90142719440515)]
[(12.463347129968671, 2.8604926938706852, 13.556214862593492)]
[(12.871939751716205, 8.6009078664362857, 12.875935365999927)]
[(12.614864858492529, 2.9517511780783829, 11.671490480982762)]
[(13.338499340417467, 2.7614606242798838, 12.878075291681077)]
[(14.758619374621274, 4.541527673517689, 12.814770938629071)]
[(10.511212751587959, 4.8605693355421336, 15.310661085575175)]
[(11.277623947575883, 5.6039620959632055, 13.122937569825647)]
[(12.448832117926381, 4.5287510670942837, 14.845344280884014)]
[(11.661636026765995, 4.4343289603599318, 12.626106779243601)]
[(13.512835234812226, 3.2578402400628184, 15.751055333676478)]
[(10.50603290086476, 5.7322272926372966, 12.248576370890989)]
[(15.952969229393968, 4.4477380012210102, 16.005616409656316)]
[(12.278237747499341, 3.001862811776963, 12.967026134008451)]
[(15.250137594916058, 2.7545561329876467, 14.129270096720248)]
[(10.245468116443231, 3.6494511808639754, 11.329398781601771)]
[(15.261381142943241, 4.4649744339129516, 14.200407711998166)]
[(15.246285013763764, 10.975641239398101, 11.926078742865208)]
[(16.398288122321759, 5.7203979791581148, 16.029675977595385)]
[(15.347846277849449, 3.169829786402333, 14.039035528393729)]
[(9.1440272316883746, 2.3929309054235874, 7.8925631369995042)]
[(10.002802638784621, 4.7433875925297793, 15.315555181850085)]
[(8.914736211384227, 4.5704614695936261, 12.904839127110707)]
[(16.642272126676005, 2.2004074330626606, 11.585977502683191)]
[(13.355423835381433, 3.0564214962883471, 14.152897330151815)]
[(16.618892085561708, 2.4064945334227659, 13.986526878579076)]
[(15.625823803837438, 3.89467397502851, 13.419005521355885)]
[(13.601457274187201, 4.047177606207871, 14.164841608494877)]
[(14.071773774986998, 4.4941906168372672, 16.543821711875403)]
[(15.246285013763764, 4.3263877951050098, 12.875935365999927)]
[(15.073566896374061, 2.3314766619265193, 14.933630373006771)]
[(8.9625764702834232, 3.1217237323452243, 11.875378358848828)]
[(17.985383207560385, 3.3991992290013995, 16.053697754219339)]
[(13.45868933550844, 3.4291251134230314, 12.614932577532102)]
[(13.752097758988249, 6.2311337492475785, 15.881461720485731)]
[(14.936322738904668, 3.8524531181665789, 16.390717218243807)]
[(9.5157510734258608, 3.8054512102411646, 9.9663985235008514)]
[(12.39707069930669, 4.801334469697375, 17.15029017010615)]
[(12.074794683569532, 5.0381219946270708, 17.039171811896264)]
[(13.869900772260076, 3.0868950748825466, 14.930341635490489)]
[(12.049272204294224, 5.0418482106994009, 15.075141583456428)]
[(15.494533726276552, 3.1684092632390519, 13.926729196464793)]
[(12.882524647869927, 3.3822516923203407, 13.566298879453146)]
[(13.931300689759144, 4.0148249577217019, 16.163960692572022)]
[(8.0220321831636436, 3.0762080993754224, 8.5980847064624779)]
[(8.974612483239703, 3.2300285933387332, 11.774148753200969)]
[(18.629528114516543, 1.8983956963474551, 17.01169768062627)]
[(12.911650033872725, 5.6071796676088717, 14.731652606001644)]
[(13.185198922399678, 2.5340623239358306, 14.121542366013809)]
[(12.927243758259635, 4.8230232180264281, 14.692484747347187)]
[(14.997929681657165, 2.4659343056475596, 13.469021750875941)]
[(14.768096856148178, 2.4325032998083871, 16.753094997394257)]
[(15.721154066173279, 6.2261744934744661, 18.575075104808224)]
[(18.127037047620512, 1.3352966804142221, 14.486222001518318)]
[(13.471568454694919, 5.2380788091032651, 16.335603121019002)]
[(15.531191067884462, 2.2112504448214048, 14.135108366666357)]
[(11.316967558579023, 1.735578185485843, 10.524292524384423)]
[(16.018998584671781, 2.2637394607693739, 14.703198651266426)]
[(13.235231630066433, 2.4654971920381881, 13.387569960533343)]
[(14.296546908944739, 2.9015477713279192, 13.825791989134641)]
[(14.564506711860652, 5.9736672389175745, 16.084428300782324)]
[(13.065869140106802, 4.5034510794599116, 13.570328043234902)]
[(16.579281979162289, 3.5898171050578318, 16.75773504541085)]
[(13.548702854721897, 3.4260637358417592, 14.23733711283834)]
[(13.461290877336724, 3.1070548020734576, 13.79702467957069)]
[(14.826342782570526, 4.7152449736942472, 14.276764216975744)]
[(11.496432149310767, 2.4942391934074091, 14.630549409901123)]
[(9.8854699063858487, 4.3035812852405613, 14.56967757340089)]
[(15.573358378520487, 3.4418727308538712, 15.016756197785961)]
[(8.6210031023515867, 4.6641624745528212, 13.727937759698273)]
[(11.922201646897177, 1.0017610729584643, 9.5514371850284157)]
[(14.047105198942177, 3.8045371033643947, 15.629694231637371)]
[(16.879856118817223, 3.5528834202446471, 14.083150432488967)]
[(11.090195316682948, 3.6643193146775013, 13.405981913994601)]
[(12.869262592159457, 4.5049877633220756, 15.123157797750848)]
[(15.633113933625706, 5.5731058812361178, 17.841158480469279)]
[(17.638335921896424, 1.695372913791386, 15.120268304592836)]
[(13.480204043228538, 2.9306690851195616, 13.195554313926767)]
[(13.486064959880578, 3.4232990435523734, 15.038483279815331)]
[(9.7294162586148332, 5.7632238234116935, 15.993907111316881)]
[(15.040657225822411, 1.4870088841162015, 16.413537332405451)]
[(11.86468788529257, 4.9763453122955559, 17.093704028928784)]
[(15.886015011967777, 2.7972612627425111, 17.703417977867623)]
[(16.185051847204072, 2.6084745970083079, 15.901769009061233)]
[(13.725735388589573, 3.3731278189584941, 14.842398085206584)]
[(13.091124037512131, 3.3799480173125578, 14.877944156039264)]
[(14.323359271097921, 5.336831579141176, 17.633787175054945)]
[(16.406410056951827, 4.9136918486361765, 17.704980177232542)]
[(14.659416143497261, 4.5217757870371882, 16.300935384773915)]
[(7.3797320345035144, 6.2966282809161473, 13.11869690491274)]
[(12.520781338763868, 3.0701290229931955, 13.60171188240836)]
[(15.655614013244413, 3.5815070582737842, 12.25788793256474)]
[(12.674580642706978, 4.344511831819025, 13.652135670315616)]
[(14.986158315225985, 2.7961316273909693, 15.19030347983351)]
[(10.629610209302919, 4.4064667372169097, 13.42974520392478)]
[(12.871939751716203, 3.8514411205126473, 14.775648612269357)]
[(12.359586723323794, 2.5126900509718206, 11.26448145231412)]
[(15.23673455516556, 3.3638447570232715, 16.0476890416952)]
[(13.732724546781764, 3.0190606068753487, 16.327078540537684)]
[(15.833234995837136, 3.7742865937125227, 11.422913398418752)]
[(14.815257103031451, 2.7405128775675225, 10.950538835466931)]
[(14.880218133614703, 3.0286774530356766, 16.426235283345683)]
[(16.461323228556182, 2.6637665610534911, 13.939733375689283)]
[(8.4674055987862964, 3.7400069881310669, 13.065092349792438)]
[(9.0154520964141476, 5.0819740145104522, 13.302122754144602)]
[(10.951031079465128, 4.8226752078830071, 15.716300016964295)]
[(15.161629927276245, 3.5844689990064791, 16.903004740065136)]
[(12.932563351581372, 3.2142491888093194, 13.087170166225919)]
[(15.742844730542371, 2.6689879519842883, 13.363107222362895)]
[(16.78504031738472, 2.8836246229133184, 12.913162908762164)]
[(13.890830610621991, 3.3092241835391807, 14.202217699464283)]
[(15.667368597195336, 3.2633545950908065, 15.221672175335511)]
[(11.179653798199025, 5.5238450471836336, 17.137233487502936)]
[(15.072870907067543, 4.4727975797717994, 15.174071265240064)]
[(15.395677188168342, 2.8746038403700656, 14.992844501257085)]
[(11.410222834139036, 4.4124791399546472, 12.182351526547505)]
[(10.543923432839494, 5.0513280471314443, 15.164872836293407)]
[(14.64314593744921, 3.5518451012983805, 13.344690307425179)]
[(13.821677856535231, 2.4266010967355554, 17.15029017010615)]
[(18.095499328220839, 5.2762811442897384, 16.200433546971432)]
[(12.08106717892713, 4.1148295321967208, 14.327177748579761)]
[(18.248426169255097, 3.0468477736599886, 15.044589256173351)]
[(17.62063027581133, 11.45058791399047, 12.401007054432569)]
[(16.529963937456586, 4.5729285870784455, 16.322801889671652)]
[(12.39707069930669, 5.2762811442897375, 18.575075104808224)]
[(14.771415961354252, 1.951654422143192, 17.625218481673507)]
[(15.714829469759961, 2.5822421132146216, 13.900249843586801)]
[(13.080251277795687, 2.1147915625965994, 11.61491986156018)]
[(17.660145230353418, 4.6509099602418926, 18.082643714099703)]
[(9.176595451226742, 6.2232218503525907, 10.568666197382948)]
[(15.084637681415549, 2.3451467924111005, 14.484575138099633)]
[(12.383435757967558, 2.5827246717140726, 10.714099847346477)]
[(14.433503597882254, 4.4591839980046775, 16.513701863686638)]
[(13.073392822755991, 3.902152998119242, 15.917314222135259)]
[(18.102207428806945, 2.6871788810400949, 17.058067865553284)]
[(11.446198134321664, 3.6696949011703328, 11.123815939790243)]
[(12.39707069930669, 1.0017610729584643, 19.050003416375585)]
[(13.995838077458588, 3.8173028199364749, 12.464866128220415)]
[(15.4773454575756, 3.2446822085372129, 15.719722928328901)]
[(9.5478563848496165, 4.3263877951050098, 13.350863677567283)]
[(14.620600142804033, 3.4963134857623523, 15.063331126802153)]
[(13.421096456440617, 2.9635240908383071, 13.802663827071212)]
[(12.809132423125062, 3.236790315704833, 12.763276455656833)]
[(13.04367165615958, 2.8296137882292802, 12.862283064292964)]
[(12.871939751716203, 1.951654422143192, 16.675361858538789)]
[(15.919047812459493, 5.7724595742596074, 16.720205834892919)]
[(10.896329424239342, 5.7780941382158844, 14.683000976186088)]
[(10.145524823418658, 4.1884161062136993, 14.131449275489985)]
[(13.89108795253817, 2.9089608657437571, 13.878277676090706)]
[(12.645556385107644, 3.4596088216311895, 15.391689679017821)]
[(16.858794667925796, 4.5314577105129352, 15.610795628492907)]
[(18.095499328220839, 2.4266010967355554, 12.875935365999926)]
[(13.716910766408683, 3.9464970141896925, 15.884221602239647)]
[(11.962894499540603, 5.0809212451757899, 15.512598712018473)]
[(12.473339890823381, 6.7006790278760517, 11.145728715346651)]
[(16.378274765501473, 3.2367508554053659, 15.583021965833558)]
[(12.060427511443313, 6.8988345062667271, 15.31812675008859)]
[(14.612868364932561, 5.5267018606902925, 17.312347015008488)]
[(14.585718915932029, 4.3108719280858931, 14.548676004546154)]
[(10.022725437259128, 4.801334469697375, 10.976222119730492)]
[(15.068047782119374, 3.0117589514305005, 16.300486235160054)]
[(12.397070699306688, 1.0017610729584643, 13.350863677567283)]
[(14.085615943506038, 2.9520302646221479, 12.647745933575978)]
[(12.073392653201761, 3.3346043016583069, 13.679640046818509)]
[(11.975053988754194, 4.5685429559310302, 13.96014729377219)]
[(11.447332594487669, 2.9015477713279196, 10.026365496595776)]
[(12.39707069930669, 4.3263877951050098, 16.675361858538789)]
[(13.868376279144798, 5.1480288664292786, 16.69534191246025)]
[(9.1465849911243584, 2.664977967057002, 9.1367903020999695)]
[(10.176210335948111, 3.1284466842069603, 10.459369948759459)]
[(12.801301928465037, 2.9793012535525127, 14.90088783858465)]
[(13.0541558173081, 4.0367726143087506, 15.244734219041767)]
[(13.500549819483272, 2.649022640977936, 13.506509233604659)]
[(15.797460656667761, 3.8537207967447142, 14.3314119972542)]
[(15.766376065731434, 3.9274273232441215, 16.981097297955753)]
[(14.192292389581375, 4.5238504688092611, 14.529136697992172)]
[(6.8742420025339044, 2.8966735460451529, 9.0184944397531446)]
[(13.940903732684603, 4.651422729982464, 14.848556115521424)]
[(16.19602311858279, 2.4266010967355554, 15.250576923836716)]
[(18.524415880728974, 2.5046672785446393, 12.611379898426559)]
[(16.94864764715134, 4.4645139711945179, 14.833708205040802)]
[(12.859269176749546, 2.2606041087032747, 12.209260894130832)]
[(13.12255003032077, 3.27683096313481, 15.899936126234785)]
[(15.578946802272261, 2.431537453730293, 13.774704771776959)]
[(12.871939751716203, 3.8514411205126469, 15.250576923836716)]
[(11.51422408784609, 5.4315854254747391, 13.192567703470754)]
[(10.972463542078154, 2.4266010967355554, 19.524931727942938)]
[(19.520106485449379, 1.0017610729584643, 16.200433546971436)]
[(9.0784281493826526, 4.5466111015729549, 14.939988596481635)]
[(9.8437624254958678, 3.7938443872260343, 13.820347742640239)]
[(14.279382754898711, 4.1604539839432872, 15.163981827851513)]
[(11.331586831449735, 4.450110251556465, 14.747109743313544)]
[(11.9594395241774, 3.6963074037948571, 13.196646406466675)]
[(13.70909963423107, 2.8125180334194666, 13.110106106327656)]
[(14.771415961354252, 7.1760678426591928, 19.050003416375581)]
[(14.265543369478204, 3.300229650226655, 14.400241287518178)]
[(14.972058013316509, 2.8976714178550114, 13.349219580000495)]
[(14.910722586549639, 3.3955129840882852, 15.578260661049075)]
[(17.772074617775033, 2.5941304025359626, 14.089882617030016)]
[(11.03618701987393, 4.5684054250469686, 13.162248770894729)]
[(13.821677856535228, 5.7512278188821018, 16.675361858538789)]
[(11.368845623754787, 4.1825926829607614, 13.886270282995175)]
[(10.497594489668641, 3.376494445920283, 9.5514371850284174)]
[(15.365158162823111, 6.8034176398903705, 17.566910155115895)]
[(19.045237433039862, 1.0017610729584643, 15.725505235404075)]
[(17.832735152479465, 3.1640238458508216, 15.491224050903448)]
[(16.44005385785352, 5.080454215727058, 15.462588639906329)]
[(19.045237433039865, 6.2261744934744661, 18.100146793240867)]
[(15.58011161704213, 1.8936604499631928, 11.175587978966696)]
[(16.881784755933523, 2.9750922172697023, 16.794668004547169)]
[(15.070225128405649, 2.2717817585921276, 13.436238454392768)]
[(14.296546908944737, 9.5508012156210107, 16.675361858538785)]
[(17.580156547932987, 2.4692080306728164, 11.330087578359144)]
[(16.670892170992303, 3.376494445920283, 16.200433546971432)]
[(10.591769476446368, 3.7776980191026217, 13.410628696086999)]
[(9.2460841896948569, 4.7650241368957911, 16.088746789463677)]
[(14.443914159609085, 3.0554580696328082, 15.661445440896344)]
[(14.892596874578238, 2.8714740812032407, 13.70194346156595)]
[(16.970901211118814, 6.4339270318838357, 16.873552300502212)]
[(12.968722764827278, 4.9255893911756363, 15.267656614307608)]
[(15.838214801266613, 2.1657746629405592, 13.51201616208577)]
[(16.673756142969822, 2.4083790214918017, 15.847940491821396)]
[(18.095499328220843, 1.951654422143192, 14.775648612269357)]
[(13.936261016443657, 4.1905073479021455, 12.737368216932328)]
[(8.5290699750774728, 3.5673275472233943, 13.00790765790949)]
[(15.073456218949602, 3.7262661414537845, 14.984985367283844)]
[(17.361254667395738, 5.3802377220865329, 18.649442458625238)]
[(12.871939751716205, 4.3263877951050098, 14.775648612269357)]
[(12.8444284756172, 4.2620927604762553, 14.891024282758305)]
[(14.771415961354254, 3.376494445920283, 15.250576923836716)]
[(10.497594489668641, 4.3263877951050098, 13.350863677567283)]
[(12.817379840569245, 3.3659883392136676, 15.154406923740808)]
[(13.336548069168398, 3.6814007396619632, 14.42141907436166)]
[(9.748111222146008, 3.4718850527149905, 11.612022442385326)]
[(9.6360539195914292, 5.2600872835161594, 13.045030374352368)]
[(17.437871409234575, 2.4202548802786308, 11.928741810604755)]
[(16.519851050852029, 2.3681964140940921, 16.974958443747848)]
[(10.661727253103917, 3.5187642482862711, 13.051266208482128)]
[(13.373418434067029, 2.9713895680962406, 11.819584693182186)]
[(17.521683214492914, 2.994717999089016, 18.148746066125646)]
[(14.966390073457243, 3.3415379513431716, 15.268687241675126)]
[(15.344435567603558, 2.6841673851722723, 13.78312950809088)]
[(14.842552792914837, 2.8007452157166632, 15.164536297020511)]
[(17.960304080470205, 7.8728709182285321, 18.214688706984571)]
[(13.252825917762785, 3.0835528020280125, 15.505744408282819)]
[(11.510358065932472, 3.7938705546642177, 13.998162727411779)]
[(17.216448183235205, 1.7292034385388431, 14.586192135340958)]
[(11.922201646897177, 2.9015477713279196, 14.300720300701999)]
[(12.563421490732054, 4.1632601218334866, 14.262192983101297)]
[(10.972463542078152, 6.2261744934744661, 12.875935365999926)]
[(13.346808804125716, 1.0017610729584643, 12.401007054432567)]
[(11.902032443877506, 2.5822553212872998, 17.111760846658555)]
[(17.358924743136484, 1.9315709994626542, 17.775875233947488)]
[(16.735267729048644, 3.957522492551969, 17.052269886101236)]
[(13.298547674207891, 6.7709550827498965, 15.351657508329795)]
[(11.847146446545308, 4.5584202480480656, 13.865893533182865)]
[(17.527875387208301, 2.729195353334088, 18.594593116080642)]
[(7.2190399543954493, 3.3696523821726996, 10.699265712689122)]
[(14.359657408045294, 3.3308978348466134, 14.328625187702492)]
[(8.6730242144081728, 3.5153930792076502, 8.8336085571548644)]
[(16.742432459282227, 4.816284366455422, 17.036209879636868)]
[(14.276427151844759, 3.902387535107362, 13.714372739964332)]
[(12.880933437261447, 4.7453468594948562, 14.846341442035667)]
[(12.395714935925085, 5.9557950092668337, 12.220977186075867)]
[(16.19602311858279, 2.4266010967355554, 10.976222119730492)]
[(12.979516138830327, 4.6500834968445837, 13.945582496119082)]
[(10.972463542078154, 4.3263877951050098, 11.451150431297851)]
[(15.84616910508433, 3.3308772795184218, 15.993866260477692)]
[(12.298205355352232, 3.9156460348998152, 13.112563423954944)]
[(16.028287951127254, 4.3029731950574304, 17.912512070583428)]
[(8.867503180839277, 4.1653177001519346, 13.923837986828135)]
[(6.2146782256199629, 3.7566076660357006, 13.243915908589074)]
[(8.550977815029686, 4.9418077928787714, 12.640913498637023)]
[(14.611916548973859, 2.6359958528601757, 16.448720727216934)]
[(18.398034237564453, 8.1690233463275916, 18.695313360673286)]
[(18.570368380630352, 1.0017610729584643, 15.250576923836714)]
[(11.447332594487667, 4.801334469697375, 14.775648612269357)]
[(14.38272803220517, 3.1070780604805721, 15.522250912844759)]
[(15.855379393319952, 3.2238619272287008, 16.576124950190625)]
[(12.123580867420706, 5.4564640471379438, 11.460239303513541)]
[(13.312365473521874, 2.5308267553145489, 12.85533232530887)]
[(18.095499328220836, 7.1760678426591928, 19.050003416375578)]
[(12.72887117710415, 4.0284452661366217, 11.345413081946171)]
[(16.877868313881486, 2.8185887295103917, 13.649436238925521)]
[(15.246285013763764, 4.3263877951050107, 15.250576923836716)]
[(15.859578992670514, 7.7816264190702409, 14.101108012538372)]
[(14.360943865918612, 3.1273422430351365, 13.265406232350339)]
[(15.519449010870321, 5.4398717848938123, 18.664016926775616)]
[(18.095499328220839, 2.9015477713279196, 15.250576923836716)]
[(8.1694030353485729, 3.957072772651288, 13.308602999098266)]
[(13.346808804125716, 2.9015477713279196, 8.6015805618936998)]
[(16.878271346634158, 5.8411694608193594, 14.545568559297438)]
[(10.785110105977777, 5.8194358758177902, 15.360978004886357)]
[(11.375143835352189, 4.1333041783195057, 14.34332612619289)]
[(13.551037008511807, 4.3576310257662207, 13.596575190011755)]
[(10.79575112838228, 3.2487014017762852, 13.122766568296807)]
[(17.145761223401813, 2.4266010967355554, 17.150290170106146)]
[(15.246285013763764, 4.801334469697375, 10.501293808163133)]
[(15.721154066173275, 9.5508012156210107, 18.100146793240864)]
[(17.121751421792819, 4.3996465265850091, 17.482068774653186)]
[(12.445094101242116, 5.2471200196421837, 15.332940173878383)]
[(16.683860188057153, 2.5243743624833628, 14.999659146555)]
[(14.771415961354252, 1.0017610729584643, 11.926078742865208)]
[(17.557307327633115, 3.1288893062482259, 14.086756389065096)]
[(7.6483801752115665, 3.376494445920283, 14.300720300701999)]
[(17.135382083560422, 3.8136502419209064, 15.203438760570325)]
[(15.223251645047021, 2.5508643425440352, 13.006813871006319)]
[(15.105388053029255, 2.9633127338778209, 13.528238927353785)]
[(11.826401367131743, 4.729613639780788, 14.086973545666993)]
[(16.940413216260332, 5.4201748006977661, 17.888042095906126)]
[(13.432616172661024, 2.0067108765268964, 11.014570253067031)]
[(11.784934063478422, 2.8278147580971105, 12.157478784714611)]
[(13.821677856535228, 1.4767077475508281, 13.825791989134641)]
[(9.4072918715931806, 5.318274403302711, 14.219248351481079)]
[(14.784551946379832, 3.4966446705035295, 13.476280590063917)]
[(13.657806172570432, 2.4297702705874031, 15.99579472991703)]
[(12.331338253686143, 3.4780144685974008, 14.879341868489439)]
[(13.645453978598672, 7.2713440941238794, 17.525666437314367)]
[(11.345897328773917, 3.695083107133776, 12.847855037284923)]
[(11.282927160764093, 5.1222960674676026, 15.355361885615519)]
[(13.821009281234071, 2.8593823692835545, 13.376349562603881)]
[(13.550964388598848, 3.0769923161380244, 14.258267106709889)]
[(9.6594093022517455, 3.9176687106781789, 13.183165095761515)]
[(13.382522308191005, 3.6785284692368463, 14.255933961452605)]
[(8.598118280030592, 3.8514411205126469, 8.126652250326341)]
[(15.079109119692962, 2.9081576103118634, 14.66108698311267)]
[(14.764378411627471, 2.6139297900648852, 13.764271779717637)]
[(14.086870964267652, 5.3429079169400495, 18.037535715966438)]
[(14.96638225613682, 3.5714927579102058, 15.519884303290601)]
[(15.245220322006432, 4.3393915558492564, 18.105808487996761)]
[(12.770065406171687, 7.2498587587615422, 14.509246986229133)]
[(14.567291355515911, 2.4008655208755032, 16.101239673101162)]
[(11.51054106631004, 4.42843852554007, 15.243445703348399)]
[(8.7466396767771286, 4.0703203853086745, 13.809379608906676)]
[(11.09689281973211, 3.2857037505413551, 16.234718141035675)]
[(10.929079767588112, 4.7358828009278779, 9.6785907153836455)]
[(9.5478563848496165, 1.0017610729584643, 6.2269390040569093)]
[(14.234414856738955, 7.380433623130684, 16.967434458690057)]
[(10.921740492794386, 2.8939238232218019, 13.890484558738681)]
[(10.972463542078154, 1.4767077475508281, 8.6015805618937016)]
[(13.798636689886196, 3.9002483874253548, 16.529265586173189)]
[(17.306636685558459, 3.9552914127890979, 17.004371582969199)]
[(13.68659873086491, 6.5222800889462125, 16.403111748284775)]
[(7.7395054036513562, 4.3638591782734188, 13.58436537821169)]
[(10.374168210906499, 4.3982040380315848, 15.947735793250603)]
[(11.814431877393273, 3.0819707257833868, 13.454411945026445)]
[(13.251965911438276, 1.9941648880681671, 14.028990595847594)]
[(5.7489039655735175, 4.801334469697375, 7.6517239387589822)]
[(10.614320099767859, 3.6224353921097334, 12.034064726331989)]
[(15.246285013763762, 1.0017610729584643, 15.250576923836714)]
[(13.651168345827029, 4.5630897343698571, 12.999481657416046)]
[(15.519974113608985, 2.8456106504675063, 13.732518132241804)]
[(12.70257329641821, 4.6572179196780699, 16.086307369715705)]
[(15.691822992220825, 4.3225073037489281, 15.539812735489084)]
[(11.472822442797911, 2.1171753356928642, 11.219848749847278)]
[(16.196023118582794, 8.6009078664362857, 18.100146793240867)]
[(12.953257112964089, 2.887033223421168, 11.396210630085379)]
[(15.993749362278932, 3.2330735319166326, 14.185187438451607)]
[(13.377048815991699, 3.1418263737752361, 14.534251579875782)]
[(10.178295932008663, 4.5059368758364799, 13.682129112995437)]
[(15.49649633033679, 2.4191578363873374, 13.389445234680082)]
[(11.353361576988229, 4.9462762315350863, 14.423070587112464)]
[(13.083083120074898, 2.4418006066444864, 11.584362376399762)]
[(17.115903137594621, 3.4240572964198477, 16.630615364882686)]
[(8.1232492276210788, 1.0017610729584643, 8.6015805618936998)]
[(9.5669970465450813, 5.4145856789545457, 15.764741592376943)]
[(15.432576598286415, 3.173321973401479, 14.479145814303644)]
[(9.7610098848634284, 3.8903418161540144, 12.080265369111801)]
[(14.95855763526796, 3.9426084723377706, 16.29722758268867)]
[(14.575232836859751, 5.0828029790695588, 14.703817104706218)]
[(14.771415961354252, 3.8514411205126469, 15.725505235404077)]
[(12.792852256035895, 4.001183421080361, 13.086063394323414)]
[(13.821677856535228, 5.2762811442897384, 12.875935365999926)]
[(16.718959976366815, 2.3841018389384772, 13.027531187070686)]
[(15.810693664565001, 3.9601931608864129, 17.34001093506242)]
[(15.295250174087606, 3.468210903578747, 15.300874093102845)]
[(16.254799927950813, 5.7969545978260664, 15.410042574577451)]
[(13.795515024151007, 3.600506686298631, 15.58928874896832)]
[(11.172451476232872, 5.0579234511718489, 14.827937486207873)]
[(11.208218325881834, 3.1794961874211221, 11.269120852957624)]
[(15.454909747817076, 4.8291233517551433, 17.843547486605182)]
[(12.967363703456838, 4.4088549327349611, 15.227050979678145)]
[(8.839561357045401, 2.6035849557852462, 9.1012492925409028)]
[(12.939141463680125, 4.0595908050842899, 15.153755379984892)]
[(14.630744854481206, 3.5639808379699875, 14.164210598668452)]
[(9.0729873324401034, 2.9015477713279196, 8.126652250326341)]
[(18.380573532985721, 10.366365941231216, 16.787407932355226)]
[(13.395434601119605, 5.833161912234023, 15.540419252889922)]
[(16.19602311858279, 1.951654422143192, 19.050003416375578)]
[(17.012147077389894, 3.9630516654012817, 17.739739965771822)]
[(8.6336647423442798, 3.1662494427635357, 9.4492796411330158)]
[(12.153766424039542, 4.1838445829675583, 15.367208863300286)]
[(18.257755048902009, 4.8661860683440796, 17.254839545802167)]
[(8.123249227621077, 4.8013344696973741, 13.350863677567283)]
[(15.721154066173275, 5.2762811442897375, 19.050003416375578)]
[(11.474562836510877, 4.8066269101699319, 13.33114885175768)]
[(17.145761223401816, 8.6009078664362857, 19.524931727942942)]
[(16.08843472960595, 2.7551523337105657, 15.253332717031439)]
[(14.015441253198494, 2.7908891013934451, 13.688921894198145)]
[(17.620630275811326, 7.1760678426591928, 19.050003416375581)]
[(12.252920551343141, 3.2068205630521542, 15.351186190459494)]
[(15.218713578671869, 4.0954093119157049, 14.274712891396613)]
[(13.346808804125716, 8.1259611918439205, 16.200433546971436)]
[(12.35528184328694, 4.2656759269981812, 13.739347450080189)]
[(14.771415961354252, 1.4767077475508281, 12.875935365999926)]
[(16.206326576598578, 2.6659826650237908, 13.352864853014138)]
[(13.821677856535228, 1.0017610729584643, 14.775648612269357)]
[(9.4146561114882843, 2.7806740085977819, 11.231120079148592)]
[(13.219271830721873, 2.5090873061597287, 14.770165672538381)]
[(10.174636792533343, 5.535730903752297, 15.072162845502227)]
[(14.397540674876408, 5.5047655968075775, 14.695018434383734)]
[(14.771415961354252, 1.4767077475508281, 11.451150431297851)]
[(8.5613619113297545, 2.5359541583618563, 7.9722019975372671)]
[(12.630883451803721, 4.7225179779393898, 14.207922010703992)]
[(14.316323814389497, 2.9305645787762247, 17.243767175060501)]
[(5.2740349131640061, 8.6009078664362839, 11.451150431297851)]
[(14.333415859514107, 2.1136940444367167, 15.880786655906627)]
[(13.329353491707844, 3.8427443035768012, 12.967389236773776)]
[(9.028060889966131, 4.7385328634283059, 14.918956191535415)]
[(14.775975514680528, 2.5228783226585154, 14.867075767649256)]
[(16.130454273389994, 3.8290601383436593, 17.057372397285015)]
[(14.296546908944737, 5.7512278188821018, 16.200433546971432)]
[(16.976570384702541, 1.9615898936480185, 13.320506816859904)]
[(14.705947496415304, 2.1390834467021738, 14.546284037561092)]
[(8.1448904739797108, 3.8124508084133786, 13.820231019927732)]
[(17.283595539887347, 4.0216275433878916, 16.148524674508366)]
[(14.515730430572589, 4.2644614075787857, 13.08182427249217)]
[(14.913189863742902, 3.4984897570222073, 16.314702567403426)]
[(17.514858654783904, 2.2399361412330725, 12.363895798363167)]
[(13.366012766570124, 4.9734155583142652, 15.840102537928283)]
[(15.678409868068082, 2.7419511011421704, 15.501231806265732)]
[(15.404002256000469, 2.7906657432810276, 15.448051302345014)]
[(10.23639690409802, 4.6847614641738353, 14.968559686219843)]
[(9.5478563848496165, 1.0017610729584643, 12.875935365999926)]
[(8.583642422079599, 3.0830040321333696, 10.780646762876412)]
[(16.178411920964898, 6.3275633292285649, 18.372543116127019)]
[(14.422395261927004, 3.9668556986491139, 14.796088771948495)]
[(11.239389510798983, 5.9326206927236695, 15.404982778381671)]
[(10.972463542078152, 1.4767077475508281, 9.0765088734610586)]
[(13.346808804125716, 6.7011211680668294, 12.401007054432567)]
[(18.095499328220839, 9.5508012156210125, 19.524931727942942)]
[(17.810294859657873, 2.7409852644300248, 13.648685647763022)]
[(11.439302788338296, 4.6377035196042886, 14.462471808321412)]
[(11.079282596086266, 3.5596460503714442, 13.437338535311374)]
[(11.283086466373598, 4.2072120398134638, 16.526087939810228)]
[(10.483229360190903, 2.4238919182463166, 10.839803518038066)]
[(15.228407933422043, 6.6505575047298962, 16.513847385571825)]
[(15.993420216679116, 3.1899600875174219, 13.440350686396703)]
[(15.68499049382279, 4.9792030496198381, 15.537312247143534)]
[(12.949075082566537, 4.3053826226470795, 13.622983024001609)]
[(14.122526035369917, 2.0430188955973732, 12.186326589500597)]
[(14.776321478777197, 2.0538792924345333, 13.032929978889069)]
[(13.830115991625279, 3.9735823095181328, 16.640030949553569)]
[(13.99204857021893, 2.2627637263187501, 11.6045192353169)]
[(14.699484285848998, 2.30789228857829, 12.594485036436621)]
[(16.199686518966494, 9.1396406603263216, 15.660118461798968)]
[(14.005725427458211, 3.0478919740919892, 14.110625801313477)]
[(13.749964998410917, 4.2854126757756461, 16.205274106047778)]
[(13.082267844778228, 3.7557935961247106, 12.894925937066313)]
[(15.328802908854518, 5.0347660955877336, 18.22383685538902)]
[(11.952687870158567, 4.2266622728617991, 13.084238770393004)]
[(15.78317574457505, 3.1755939819169767, 16.643703036665087)]
[(17.292393581146992, 6.4726890526364631, 17.537423296505899)]
[(13.141910192815113, 2.6620880054330218, 13.138071605791989)]
[(16.670892170992303, 1.0017610729584643, 13.350863677567283)]
[(14.123445614942653, 6.0601625384021025, 13.413491206296653)]
[(17.620630275811326, 3.8514411205126469, 14.300720300701999)]
[(10.497594489668641, 5.2762811442897384, 15.725505235404075)]
[(13.261742730245771, 3.38806653315573, 14.591187857657463)]
[(15.962945800958305, 3.2371607418378519, 13.960325063851283)]
[(12.807782642169101, 3.8679129592407726, 15.20974797156628)]
[(12.98080122536302, 6.1385255514980051, 15.887711660285895)]
[(10.231208655965689, 3.9304932710927125, 12.325165973097413)]
[(16.857721975536698, 3.5388336715605395, 17.565990663354672)]
[(12.871939751716203, 5.7512278188821018, 11.451150431297851)]
[(17.483955988368329, 9.7263647474862349, 15.032949434364415)]
[(14.568475094356494, 3.1581520875496087, 13.886888455369567)]
[(16.433738379061452, 2.0910859293403639, 16.06900177280686)]
[(12.608718076882054, 4.2715789309128063, 13.897393758569645)]
[(17.379260536653032, 4.1982831439325512, 14.224072795195529)]
[(9.9334100295641683, 2.9030188199019058, 12.634577305288206)]
[(14.914852461540047, 5.397819809635136, 14.56704969886162)]
[(16.329493232278914, 2.6759081276403194, 15.574490732009709)]
[(13.482844269533842, 2.1208642616921614, 12.497358333294404)]
[(13.832540111967068, 6.4504208640078557, 16.899764020370661)]
[(13.600357118695714, 3.5502052491007614, 14.428200843579697)]
[(11.212390391497211, 4.9889814040624678, 13.970041435112369)]
[(19.063137320474926, 1.9792191144096716, 12.942280926307744)]
[(16.794426297288911, 7.1246452724088662, 18.238390725087239)]
[(12.097432122833776, 3.1474536289020643, 12.838608105092638)]
[(11.091775416105046, 4.0103897039408167, 12.892344160171458)]
[(16.271718395997805, 2.9677636575948707, 15.25875977789554)]
[(12.366314278863566, 4.1933354458111154, 15.258847270501143)]
[(9.7240911309896934, 4.61688767239625, 14.79307008643856)]
[(11.522328176035725, 3.5790786372659196, 14.795880626336219)]
[(11.849753911641722, 4.8931877257729273, 13.30653818864506)]
[(13.349347360525226, 3.8216526333840011, 14.38652694241326)]
[(13.275768669401911, 5.8747271982042424, 17.413385266291304)]
[(11.235143735186197, 3.815386910066334, 15.803367072016192)]
[(13.068440279467987, 3.6521429629323894, 13.691139856885293)]
[(9.9346735007343003, 4.2438865228066227, 11.055217517234173)]
[(14.555094398466808, 1.6296108006566326, 10.177695456487116)]
[(9.8382638345663427, 2.782388732982608, 10.773669128492982)]
[(10.243287904587717, 2.3220453743083063, 9.2802311762301084)]
[(14.598935566012052, 2.5300330590590603, 12.178484509836929)]
[(15.109952660338772, 3.2281358097984683, 15.509138874049249)]
[(16.19602311858279, 1.4767077475508281, 13.350863677567283)]
[(15.6867219448238, 3.2258141321584444, 14.97787475895025)]
[(14.153554613465543, 3.0385945745813934, 14.455691347175582)]
[(18.18286872777772, 6.1731780516696464, 18.137717871462478)]
[(8.2987107936571185, 3.1340124564337311, 10.13772637952319)]
[(8.4211467904299369, 3.453347490902253, 11.868397237988695)]
[(15.079358131739406, 2.5655505826679379, 12.40806271677523)]
[(12.023447758766856, 3.9810249195085028, 15.569798134773372)]
[(16.531600720333557, 2.4788007574829911, 17.243820317666145)]
[(16.892074308354012, 6.0077462061846783, 17.518980088747025)]
[(16.68582950374223, 3.8807492810212101, 15.593957036127225)]
[(17.445387898003307, 3.0076326981148269, 14.988473436614616)]
[(9.1038953595248522, 3.9337798951038434, 13.747465834583782)]
[(16.783285742045592, 4.6766786568898588, 17.843186021975768)]
[(15.214133983833262, 2.0796809443283273, 10.28257008347811)]
[(12.739297956748027, 2.9568268314890886, 13.721882042029765)]
[(12.034900975934068, 4.1954942903844525, 15.918032298169141)]
[(13.444987404008886, 2.4931770182509556, 12.282463639806249)]
[(13.003932521779117, 7.0480928714015949, 17.452788267941639)]
[(18.457874397766492, 2.2398630865878015, 18.334495642914298)]
[(13.525845924506166, 1.8121810966436855, 14.092189348746643)]
[(9.8133839687871749, 4.1674755027638497, 13.809196899252093)]
[(17.245100980159997, 3.6438194179627423, 14.216948239569668)]
[(11.447332594487667, 2.4266010967355554, 14.775648612269359)]
[(11.586652834098746, 3.6229529681950972, 14.492330784340488)]
[(13.957300705288791, 4.9116412502550002, 15.6643745455059)]
[(10.497594489668641, 3.8514411205126469, 7.6517239387589822)]
[(11.127268304823918, 4.0815497595113666, 14.303132870768467)]
[(10.399938049904371, 6.5699724667927795, 13.688613922953996)]
[(9.9079827672356551, 2.0673159592795494, 10.608845939674753)]
[(13.193998460924396, 6.4172084546320942, 13.037530654719262)]
[(11.447332594487667, 3.8514411205126469, 10.976222119730492)]
[(12.024220674010911, 4.4742730331721852, 15.673080568529757)]
[(10.661525958573748, 4.8160779356630377, 15.322158655911982)]
[(8.1519361552409944, 3.8979697625782741, 13.376206934732489)]
[(15.715794843761934, 3.9922206205114938, 15.26514169617186)]
[(10.455389105987761, 3.4910480008273712, 11.904112372123377)]
[(9.4800647361633921, 4.7108874710404436, 14.010567121426925)]
[(15.343451603646177, 3.1273352667031271, 15.274621597666689)]
[(14.564670111671838, 2.1626953569912026, 12.917248873948434)]
[(12.204554263596695, 4.6064716315126084, 12.254339030278278)]
[(15.75390742647008, 3.0443481723946038, 15.892098271434209)]
[(10.761745509209669, 1.5559122518626913, 8.4254480540441801)]
[(16.322861366180049, 3.1979028051158309, 11.924137374402662)]
[(12.550919715340623, 7.0014215941441362, 16.014690489970508)]
[(13.059109682583255, 4.5284616226704557, 16.477172249727271)]
[(10.821767402902871, 3.8701369098802973, 13.341662732959863)]
[(14.674516867512269, 2.9714550027885407, 13.073829523899432)]
[(12.893584743594536, 3.7880728506099826, 16.336419791533341)]
[(11.113205369131832, 4.310364640795326, 16.35797927732267)]
[(12.371372529951762, 4.1768322462472121, 14.620005220621222)]
[(10.523598227820873, 4.6248354796535294, 14.828500982353718)]
[(13.922700188375812, 3.5842087450357449, 16.214128402851799)]
[(16.560132678347156, 2.3576465207542405, 13.674366131126952)]
[(18.095499328220836, 1.0017610729584643, 16.675361858538789)]
[(12.808265000417927, 3.3405568150227047, 15.006394707677083)]
[(15.451433526728003, 9.3871149233717617, 15.278593535976139)]
[(14.302338467413202, 3.402779496579023, 15.13691896908036)]
[(15.156244886784782, 2.976501196677158, 17.133351347182856)]
[(14.42111592363635, 2.7083901462349758, 16.082815190238115)]
[(16.963303664573406, 2.3897626749644481, 17.812160806528919)]
[(17.145761223401813, 10.975641239398101, 13.82579198913464)]
[(16.799615063664412, 4.7413325288208625, 16.20350035435726)]
[(12.665579183023368, 3.220486286053752, 14.045074245515757)]
[(13.160012695230158, 2.9687083172530753, 12.136062661630685)]
[(9.3397691249760797, 3.2571994101508408, 9.4052609683471271)]
[(15.721154066173279, 1.0017610729584643, 17.15029017010615)]
[(12.569537375645581, 1.5509484643612095, 11.341145590936101)]
[(14.699016694508934, 3.3816996192793707, 13.685112478228161)]
[(11.848225726437917, 2.6227175457654806, 12.45539390211388)]
[(14.802562190426519, 4.0311762399701863, 15.984377961945887)]
[(14.251371981261421, 3.3862226660698291, 13.677040418977786)]
[(16.272314340956449, 5.174093840064125, 16.851496248082718)]
[(16.559213239966432, 3.5953991732709034, 13.772101991474704)]
[(17.034060043337366, 2.926821908595048, 13.522752478887947)]
[(17.321186162546567, 3.8374075005610027, 12.722213138845531)]
[(14.675022945536933, 4.2030300322197371, 16.275464982989483)]
[(17.145761223401813, 1.0017610729584643, 11.451150431297851)]
[(11.917275746676859, 4.0588663283937851, 14.839887266980188)]
[(8.5179859225631027, 5.383432819335761, 13.128436432046042)]
[(15.718370143069583, 2.9630599040835608, 12.972071083521907)]
[(7.6483801752115665, 2.9015477713279192, 7.1767956271916251)]
[(15.45087728030123, 4.3687151792845089, 16.417582956751353)]
[(16.012944189207463, 3.4145054848447156, 16.007134676266141)]
[(14.916377754788241, 3.0448355179256312, 14.160924684705648)]
[(13.853201507750043, 2.5524877827821175, 11.321162924643012)]
[(13.346808804125716, 1.0017610729584643, 11.926078742865208)]
[(14.293421948474338, 3.1063257448036783, 14.124699797854062)]
[(14.344912816717448, 2.6148572898172722, 14.683745982955722)]
[(16.829506631761831, 3.2269486990246707, 14.469090678468678)]
[(14.049999503294572, 4.184117599555977, 15.219358616270195)]
[(6.698642070392542, 3.376494445920283, 8.6015805618936998)]
[(17.00153665066162, 3.3672246068746645, 15.341645343540442)]
[(15.040529915649945, 6.5808832169463107, 18.453608915314561)]
[(14.162969334747052, 3.0786021685338087, 12.906184464253103)]
[(18.570368380630352, 1.0017610729584643, 13.825791989134641)]
[(16.879723055028276, 7.6882959567487674, 18.266462677058076)]
[(15.287651102213307, 2.3816213193877482, 14.263099971312295)]
[(9.4827756180070555, 3.7928262263650327, 13.527937052238391)]
[(10.151673946613283, 4.1715830472852478, 13.210139873740745)]
[(13.688230642644044, 3.702968252902457, 14.553329462569254)]
[(14.750670154920172, 2.5143447052679386, 14.4575076804521)]
[(19.520106485449375, 4.3263877951050098, 18.100146793240864)]
[(15.139069739307777, 4.3501589707797432, 17.008263811802902)]
[(14.856729115702512, 3.2607536502762304, 10.447084047964262)]
[(13.437701299996647, 3.3880763497632707, 16.603355497099791)]
[(13.911730506919248, 3.1827390437652436, 13.509531853001141)]
[(13.471518675789817, 2.4605643447941974, 12.535792429692306)]
[(15.476568261244758, 2.181749446049932, 13.379976155754683)]
[(8.6147869717335332, 5.0965949237305264, 10.733228956524378)]
[(12.679110831006994, 3.6882256276803105, 13.700528914233134)]
[(14.132703461742052, 3.2322488289812354, 15.358005007210163)]
[(13.204539052196434, 3.9413612049633113, 14.22830588656486)]
[(10.175132211796544, 3.6408666229207913, 10.570201015307848)]
[(13.87375744102072, 2.6116634968751047, 13.165310915115436)]
[(12.25110644480425, 3.1491030342234643, 11.339655596821236)]
[(15.407663197012315, 4.0106051991505431, 16.49282133693605)]
[(12.250145981447668, 3.8221601160533529, 14.586073297271883)]
[(15.03006467764644, 1.8629007813157779, 14.011727774661885)]
[(14.810569468956528, 4.8742061908676462, 14.895980707889015)]
[(14.382578059828184, 2.8781464122171485, 17.173420138224106)]
[(11.562487675889827, 3.6298166576478814, 13.083591866068177)]
[(16.431162024475057, 3.4748791148112184, 14.002494798877569)]
[(14.205904297308455, 4.0506751406482424, 17.713046379137161)]
[(11.101363672816261, 4.7584753067379344, 14.519693503059266)]
[(16.62161077575292, 5.1320030868670816, 18.299018445324517)]
[(5.2740349131640052, 5.2762811442897384, 6.2269390040569093)]
[(15.987340676777738, 3.101115335058517, 15.920461320065449)]
[(11.966860489212927, 4.0539632150870606, 14.864375463485729)]
[(15.652305980862815, 3.0717434745347334, 13.009796949802125)]
[(12.39707069930669, 7.6510145172515562, 13.350863677567283)]
[(12.198120151075306, 5.3012701606812982, 13.587546865557803)]
[(18.570368380630356, 7.1760678426591928, 17.625218481673507)]
[(14.424680845621365, 3.5923262107851381, 12.839052938395653)]
[(18.570368380630352, 2.4266010967355558, 11.92607874286521)]
[(13.733564967377193, 6.3503567010821174, 12.624118272193554)]
[(15.801245201871085, 3.3961814405865822, 14.706738097970604)]
[(15.246285013763767, 5.2762811442897384, 12.875935365999926)]
[(13.697825843986802, 6.174809628531702, 19.160967405707897)]
[(11.879291139944165, 3.3868582729172867, 11.462215330900403)]
[(9.0107025671934498, 6.4649704963285561, 14.050036790652186)]
[(14.771415961354252, 5.2762811442897375, 16.675361858538789)]
[(18.784145472846159, 2.6507796250473925, 13.353455225155004)]
[(11.229318206654865, 3.2949752950313766, 14.356328538814759)]
[(14.885340694641485, 4.0006352113882926, 16.736829539444681)]
[(17.620630275811326, 4.3263877951050098, 13.825791989134641)]
[(12.68003235410125, 2.7834480971266289, 13.273771871526506)]
[(16.358332479517347, 2.5655716480320558, 12.851841856000718)]
[(12.285611628685544, 2.7966637407253776, 15.373016711754238)]
[(14.893159253947282, 3.5607806623216041, 15.484832573629243)]
[(17.312953630031945, 2.8006500434834276, 15.283925112048152)]
[(9.3908478569120479, 3.9855681833326817, 12.561446517339258)]
[(16.137117600063274, 3.279057559947911, 14.5664858487762)]
[(11.990887403300528, 4.328884218678267, 15.250600566211048)]
[(17.091384151326427, 5.3394930674609862, 17.885634102229595)]
[(12.340093401203404, 3.7302548815549148, 13.440891022387866)]
[(13.947283012292099, 4.0391701792830901, 17.188678704654425)]
[(14.296546908944741, 4.3263877951050107, 17.15029017010615)]
[(17.799912704763361, 3.0573764540138475, 15.397877787120382)]
[(17.85511357707972, 3.280289361343232, 14.860799214527708)]
[(12.976983644825122, 3.1370457155009359, 12.054161500965243)]
[(14.889275663025749, 3.2286293640819306, 12.72502796978387)]
[(17.431702980428369, 2.7469378705523884, 15.574860396189536)]
[(17.371339851928081, 3.1411399523066748, 16.747577626819378)]
[(9.7250434714260461, 3.7113875830562728, 11.60693813256114)]
[(14.587812304803977, 3.1881686182171469, 11.840245450637701)]
[(11.071380274948945, 3.2799588657391761, 13.083413244399852)]
[(16.849433041721234, 2.7124740649243453, 17.943851554918922)]
[(11.54760826111373, 4.1587380613628326, 12.191842924550164)]
[(16.972068831967889, 4.2945545115827395, 17.61829492551237)]
[(8.2587081727494898, 2.8334245325428213, 7.2707521425457511)]
[(15.721154066173275, 1.0017610729584643, 12.401007054432567)]
[(11.195897625499828, 2.7483039288547664, 11.411626307989549)]
[(10.91873996126998, 3.2485394365260225, 10.515296767690963)]
[(11.208330669399086, 4.425958070323432, 15.828299852966033)]
[(14.876250307671071, 2.5421659584880656, 15.906849997604535)]
[(14.836254267024533, 4.2944903703087025, 16.783349022765684)]
[(13.515272506685255, 2.5567575269297702, 12.74612955574773)]
[(12.084050062166254, 3.974499763310368, 13.474978086047514)]
[(16.157390308513779, 3.2289360045490634, 16.035571785913312)]
[(9.9305160862269179, 4.1380448103257734, 11.507703857254427)]
[(13.282696175811097, 4.4559217830462092, 16.420337720372579)]
[(9.5360809964382156, 3.7244198353357811, 11.311962028024572)]
[(13.974613346954193, 5.585811486167354, 15.705991193395016)]
[(15.721154066173277, 1.0017610729584643, 13.825791989134641)]
[(12.592184863802421, 3.4967053645148867, 15.847267219874722)]
[(11.174594685786992, 3.7683515819655029, 14.543325955394632)]
[(12.905608762260528, 4.1689848348414644, 14.356054115245925)]
[(16.595896706152686, 2.7014939099490065, 13.052670132551077)]
[(16.073968673489325, 3.3890021035997697, 15.198238973099356)]
[(9.6498258415356855, 3.5541845145601099, 10.670585498009643)]
[(10.912892818985409, 4.4031430304633101, 14.395421919910977)]
[(13.810971239466813, 3.6282817495780404, 14.692111330895854)]
[(18.027990129720788, 2.9022980275428156, 16.207202018385956)]
[(15.215015341594125, 4.1346190298104242, 15.381373957025311)]
[(12.759373918333756, 3.4097655213646236, 14.26869363893409)]
[(10.794883785070571, 3.8496478923195205, 14.033129343562846)]
[(18.376705064409748, 4.946035648915843, 17.625697487620325)]
[(15.484785480134917, 3.7715326122534045, 16.465327151994344)]
[(13.821677856535228, 4.801334469697375, 15.250576923836716)]
[(16.173406692015078, 2.6239938425593787, 12.870075725342458)]
[(12.054142494920168, 4.5837629131232811, 15.812574276502362)]
[(12.360331215905205, 5.3139113596440186, 14.535729480192144)]
[(12.860026944971132, 3.4450912535717726, 13.300789498498848)]
[(15.478104408837991, 3.7926672717155943, 15.880740394271291)]
[(15.144544960609108, 1.9147408971488913, 14.305823322657284)]
[(15.283517637729059, 2.2509840736974671, 13.778965393202315)]
[(9.0729873324401034, 7.1760678426591928, 9.5514371850284157)]
[(11.150326527040576, 2.8819835685974571, 14.341282927296819)]
[(15.414130298312928, 2.6862444794048006, 15.188125548317638)]
[(12.908525229545393, 2.0458997335327869, 13.506464172448279)]
[(13.581686289543661, 3.060263270393405, 13.186023788188562)]
[(16.196023118582787, 7.6510145172515562, 16.200433546971432)]
[(17.145761223401816, 7.6510145172515562, 16.675361858538789)]
[(18.590087807142147, 1.8230296306054747, 14.432189810029616)]
[(12.616489673837457, 3.9739592274351803, 11.878248603116552)]
[(13.238025186532756, 3.6942283868109547, 13.103965406715449)]
[(16.916161004608142, 2.8690667639692511, 16.649051147685107)]
[(12.130943351671812, 4.5384404498757096, 15.354314448801393)]
[(9.0729873324401034, 3.376494445920283, 10.501293808163133)]
[(10.497594489668641, 3.851441120512646, 9.5514371850284174)]
[(15.014763378200843, 5.6396232638788799, 15.587445709933998)]
[(16.379876997873282, 1.6574941435693256, 13.271022103341517)]
[(18.151920168984507, 5.3642992884714173, 15.467118242885691)]
[(8.5981182800305938, 3.376494445920283, 10.501293808163133)]
[(16.267296090654582, 6.6137581969966659, 18.67572533337999)]
[(17.143173630994823, 6.7976687460212455, 15.193945085569347)]
[(14.823892012010685, 4.2584504433756472, 14.968836748290713)]
[(14.94052536254509, 6.0143011467737866, 15.84878842741597)]
[(16.89140004313181, 7.0864830574156983, 17.596100698149773)]
[(16.004191247721508, 3.436788457488015, 13.575874709091742)]
[(12.872615757507067, 5.0431371717930178, 17.073538968744977)]
[(13.544399058337488, 2.2226943943560604, 12.742172364734214)]
[(15.292948378177902, 2.6847489533565803, 14.707029262039089)]
[(18.595102938352458, 2.6805994591208204, 17.169760694866532)]
[(15.696184676666984, 2.1892452477873157, 12.54302396217839)]
[(12.899215649921921, 3.5770438503951816, 14.864863187022539)]
[(14.574022272546165, 4.294969200317202, 15.892356535656063)]
[(17.274690103217043, 1.9179049626931688, 15.781225446429206)]
[(17.647295403360928, 3.4169018782839706, 15.275358981592925)]
[(16.670892170992296, 1.951654422143192, 17.625218481673507)]
[(14.447257935102835, 5.125785780673942, 15.336067496045869)]
[(15.246285013763764, 7.6510145172515562, 14.775648612269357)]
[(14.647767795429305, 2.6342672440087043, 11.704036258552)]
[(11.49523832169735, 3.8606102930515074, 14.476506682262904)]
[(14.261663076740748, 5.8263568405658068, 17.284889561050306)]
[(15.721040380890221, 2.089045477334754, 15.921296664337463)]
[(16.748622186062274, 2.7441869774270273, 13.95331865222677)]
[(15.721154066173277, 3.376494445920283, 17.625218481673507)]
[(8.495201506723447, 4.3024273323160358, 15.14410277719584)]
[(9.9631261424107347, 3.5947261815029616, 12.9520940064701)]
[(11.447332594487667, 1.4767077475508281, 10.501293808163133)]
[(12.15285178963371, 6.398928027701742, 14.693871592802278)]
[(11.656950599160464, 3.0673135115452026, 12.719222741600282)]
[(15.861195255065963, 2.3610716930320432, 11.263945511943819)]
[(12.426971606701629, 4.5167142638962563, 16.814325852944297)]
[(13.307190676105098, 3.0575971476501493, 13.916482187896397)]
[(16.7713999705399, 3.557343001382768, 18.03891643445926)]
[(9.1357488055178564, 3.3215829720002583, 13.458578536920434)]
[(12.673121807975001, 3.9645055125812405, 15.786313682331581)]
[(17.620630275811326, 2.9015477713279196, 16.200433546971432)]
[(9.5075983103334423, 3.81499226894586, 13.422168388871036)]
[(12.511594463216326, 2.8578548721457411, 12.999841191287794)]
[(15.855058585162247, 8.8630535993532504, 15.519284542429917)]
[(12.871939751716203, 7.1760678426591928, 13.825791989134641)]
[(17.145761223401813, 8.6009078664362839, 13.350863677567283)]
[(14.697631391500384, 3.0378161356342854, 17.028472266068285)]
[(10.816145320524599, 4.2559569980084282, 13.007303063459872)]
[(15.024631601875255, 2.5105485051462262, 15.438249129856896)]
[(14.345666284075959, 2.531368112946986, 16.265913427239525)]
[(13.388110017727366, 2.8133331341904184, 13.583113044466645)]
[(13.6932237345884, 2.8048095595063258, 15.397368768103904)]
[(14.702765369942657, 4.2231155271680034, 16.696661509906381)]
[(17.647747183968534, 3.8809802077685127, 18.233830914787525)]
[(13.970941743495768, 4.8245479157424143, 17.225930699674922)]
[(14.757097898272722, 4.4646754619787092, 13.105158393671855)]
[(11.313037353978254, 4.4267922386921441, 13.943539502334335)]
[(12.580284376771292, 3.4252390415120688, 15.578042565920164)]
[(16.152412591894127, 2.5366393612675187, 15.353388308046371)]
[(18.198240729089171, 1.4009146932970808, 16.41129267438523)]
[(9.0729873324401051, 5.2762811442897384, 10.976222119730492)]
[(10.033101298367193, 3.8115350736500484, 12.211092568884093)]
[(8.2508655589362547, 3.0493032252443459, 10.059307732468046)]
[(18.829169257376051, 4.4801056100744603, 16.243699498313582)]
[(19.045237433039865, 2.9015477713279196, 17.62521848167351)]
[(12.641364434468239, 2.3659287922259065, 14.186780207465796)]
[(9.1355295604306637, 5.012834337762758, 15.330888572054167)]
[(7.4362105403267149, 2.497779522887603, 7.8241657704474576)]
[(15.036123029909968, 3.8034540050895553, 16.545059949592702)]
[(11.488097617007423, 4.1945987447334172, 14.817715426479056)]
[(13.346808804125716, 4.801334469697375, 14.775648612269357)]
[(10.022725437259128, 1.4767077475508281, 8.126652250326341)]
[(14.771415961354252, 5.7512278188821018, 19.524931727942938)]
[(9.4329239478986331, 4.0383576194314506, 10.003708392571603)]
[(11.25554967821107, 4.8344872877610632, 15.818943178282614)]
[(16.020759501239176, 4.5836031172707132, 15.668005078375927)]
[(8.6936722047442849, 3.6127064390928747, 8.4591005411839664)]
[(16.19602311858279, 1.4767077475508281, 16.200433546971432)]
[(12.556470614059524, 3.7251899805908493, 12.113200030395014)]
[(16.049523873683768, 3.31760142385505, 15.704277559749478)]
[(9.3453412305119254, 4.5931355308747683, 14.528612350411784)]
[(14.358595648311155, 6.3290393830234528, 16.148031780291994)]
[(5.9860519398209782, 2.7121150013917878, 8.2987225752211149)]
[(13.253751838347123, 3.4170368852852127, 13.585664796104474)]
[(15.721154066173277, 1.4767077475508281, 19.524931727942942)]
[(12.609891064765662, 2.9565168812577225, 15.290125932022134)]
[(11.370759608960505, 4.5535382677463403, 15.920438399539988)]
[(11.804830157735399, 3.1083303016145876, 13.681963555279044)]
[(9.8039832477248332, 4.214816818917722, 13.098842445384303)]
[(14.817941798671752, 3.2638393805960648, 12.534961081397258)]
[(6.3615251363542731, 6.8466817615186901, 12.610162713248648)]
[(15.267561426632042, 3.2161788938033373, 15.403465443742556)]
[(16.672311649762811, 2.6039667939107742, 13.847027131611245)]
[(13.277802487971959, 2.2579757084978795, 15.063562563205807)]
[(12.56421293164416, 3.2237481620856148, 14.955638181191892)]
[(10.243383216044894, 4.6937939336260186, 14.802422067103779)]
[(11.919123036942526, 1.5496870435340842, 8.6580964338900976)]
[(10.11355311257616, 4.4568563718680316, 14.492124095460106)]
[(14.866066137297873, 2.4434620385984962, 13.719156984528803)]
[(14.158003000732288, 2.8817099041608452, 14.150201950552132)]
[(10.868404683587903, 4.8662317816571417, 14.68936851479741)]
[(14.296546908944737, 1.0017610729584643, 19.524931727942942)]
[(15.246285013763767, 5.7512278188821018, 19.050003416375581)]
[(11.892360824092661, 2.7745292263542538, 12.426192696449371)]
[(14.539808326799724, 5.609833053344941, 10.574557266237962)]
[(13.375441443441039, 5.6566946216372465, 15.464221716772801)]
[(13.078899986475543, 2.0174338483032388, 15.114960855065046)]
[(12.246973006917186, 3.1711626087351639, 12.672930890849383)]
[(13.515386545224963, 4.6908258751136458, 14.464532022306267)]
[(15.920278446421246, 1.968379516673374, 13.308024723017093)]
[(10.497594489668641, 5.7512278188821018, 12.875935365999922)]
[(11.447332594487667, 7.176067842659192, 11.451150431297851)]
[(14.159216255690865, 4.5880994301177296, 16.01925785275925)]
[(12.871939751716205, 7.1760678426591946, 12.875935365999927)]
[(11.575331562130929, 4.1059298044158155, 16.359793372849236)]
[(15.721154066173277, 3.8514411205126469, 14.775648612269357)]
[(11.592209344121395, 2.7497610167078643, 11.978934442803654)]
[(14.699784876071583, 5.2983134483814931, 13.776778764374722)]
[(16.95407894825853, 5.5577555561875904, 17.494820179960453)]
[(12.264627189149346, 3.8745963854431569, 13.831519631745918)]
[(11.00302546657789, 4.1729816322417879, 12.500490492523554)]
[(15.246285013763764, 8.1259611918439205, 15.250576923836716)]
[(16.085359432336993, 4.8616635749676238, 16.548927395373269)]
[(13.847663003214929, 3.697170068349009, 16.022105783973743)]
[(14.771415961354252, 1.0017610729584643, 10.026365496595773)]
[(12.057016539137617, 3.9851809032811927, 12.809013790239314)]
[(18.132111824388467, 2.2560219181685865, 16.346996919811229)]
[(17.290684593683707, 2.0645415501547606, 17.000943727950865)]
[(16.59291453930549, 2.9828665173178934, 13.163987970626964)]
[(13.048657685923475, 4.0947749331097167, 14.995285650281962)]
[(13.104474542565443, 2.7201905130101531, 12.412947663319247)]
[(16.770154569018928, 3.1905480490078362, 15.824263217092671)]
[(13.904621620796689, 2.7328063146288706, 14.974187882364674)]
[(17.137521926959717, 1.6208333864905797, 18.330754162429411)]
[(14.296546908944739, 3.376494445920283, 18.575075104808224)]
[(11.447332594487664, 7.1760678426591928, 11.926078742865204)]
[(11.03908377870669, 5.2736412761672877, 14.743793520256622)]
[(16.743135493226468, 2.4491728622194122, 14.763841425471531)]
[(15.317076067304424, 5.1931024526020551, 14.451320455234749)]
[(11.664559827097506, 6.1131520946653612, 14.839868693947354)]
[(10.74381518254976, 4.5274894657412634, 14.530345810107704)]
[(10.218899878968795, 3.9669629116859153, 14.301789082277171)]
[(16.57292776467051, 3.2900792808008266, 16.473312635138498)]
[(11.591787547452007, 4.5299766037136617, 16.086580869240699)]
[(11.959456615307031, 3.1545656571445888, 13.670553791579561)]
[(13.62469761236617, 3.5018857217055634, 12.584635249288416)]
[(13.821677856535228, 6.2261744934744661, 17.62521848167351)]
[(13.311151340681638, 4.6640039183501454, 14.249729792868729)]
[(12.257937747038518, 3.4528940979656753, 14.207096461364612)]
[(13.537463138646329, 2.76544564944599, 12.983904682932396)]
[(11.922201646897177, 7.6510145172515571, 15.725505235404075)]
[(10.999881696658511, 6.765877276930885, 16.638664997303771)]
[(8.3367409388276066, 4.6234431126770232, 13.159643777895221)]
[(13.861771384065472, 2.6624230509318147, 11.702691068196657)]
[(15.337757675274828, 2.6102979051377124, 13.358608474159119)]
[(12.697545833991123, 6.6978590627685408, 16.744666731528632)]
[(15.01931772189077, 2.1754216318125783, 13.749159104522496)]
[(15.969203534450944, 4.8293357390099665, 15.550002827720164)]
[(16.689510593434232, 2.7693153896206999, 17.008417596279777)]
[(13.458807245874002, 3.4628368178480975, 14.318229485110738)]
[(18.570368380630352, 6.7011211680668294, 17.625218481673507)]
[(12.025445834987275, 2.7729238906111284, 11.480640024763481)]
[(12.169154082186367, 2.7202246362880036, 10.316885322292034)]
[(16.244555296902355, 3.5056579012162166, 11.131338032711271)]
[(16.221506844914359, 7.882734907558036, 18.081158893633759)]
[(14.808476295913088, 3.4296673510213376, 15.569570910209379)]
[(13.567157982787373, 3.5015614450933454, 14.142183043595631)]
[(16.196023118582787, 11.925534588582829, 19.050003416375581)]
[(7.1735111228020552, 1.0017610729584643, 7.6517239387589822)]
[(13.069316985041855, 4.9535719575069894, 12.480826368061098)]
[(14.626167920909758, 5.7770981501302856, 17.994954434353424)]
[(15.326993373987055, 2.7043547687238321, 13.573039043557658)]
[(9.698945800066527, 3.586702201491601, 12.792045824900782)]
[(11.126125989767635, 5.7120972888417016, 14.178529976837053)]
[(13.346808804125716, 1.0017610729584643, 15.725505235404075)]
[(16.670892170992303, 8.1259611918439205, 15.250576923836714)]
[(17.143700758349663, 4.4002328346547666, 16.156738726797652)]
[(15.35196219833451, 4.1236037142207547, 16.570844609236222)]
[(14.50033225066394, 2.9277776331720604, 14.115053832724318)]
[(15.6379704848282, 2.153333524107274, 11.297431996385999)]
[(13.035395963502078, 3.038097928048233, 16.210233887549862)]
[(13.050835054436137, 2.5650979821491404, 13.452902081730814)]
[(13.603047040179357, 3.0161933850442533, 13.523578513855849)]
[(17.920848382644948, 9.6112945753605779, 18.273711074096845)]
[(12.812552970385877, 2.5549251360822316, 15.733336757796629)]
[(13.170328224720937, 1.9459741703968076, 12.747735140464412)]
[(16.261515476313825, 5.4481309204517805, 14.780752186668847)]
[(14.191697886398776, 5.1019920548628068, 15.917066190445759)]
[(11.628824030307049, 2.2040753940761575, 14.834261258413061)]
[(16.113323320204344, 2.5102017114872051, 16.264900464277968)]
[(17.145761223401813, 1.0017610729584643, 18.100146793240864)]
[(15.064972272711419, 4.3198477465045109, 16.819690234387021)]
[(13.099120193363097, 2.4935952672791695, 11.249865167402202)]
[(11.4501511575934, 3.8556197094917191, 12.54795447436114)]
[(16.670892170992303, 5.7512278188821018, 18.100146793240867)]
[(14.689092282660896, 2.5648045735838134, 15.149628327597652)]
[(16.479480665842562, 5.7205708778417659, 17.129727078483285)]
[(13.631588199851132, 3.2884763235235268, 13.872994390587479)]
[(10.003508026071964, 4.9158433395649048, 14.464947501943723)]
[(12.39707069930669, 1.4767077475508281, 12.875935365999927)]
[(18.570368380630356, 6.7011211680668294, 19.050003416375585)]
[(15.246285013763764, 3.376494445920283, 13.350863677567283)]
[(14.7560614567172, 2.9117407205560912, 13.054449117528872)]
[(16.363198913314196, 3.1136890975623559, 13.006461411438494)]
[(12.028218138466878, 2.8631854884268169, 14.667541409206637)]
[(19.520106485449375, 4.3263877951050098, 18.100146793240867)]
[(13.866295891446038, 4.0554796238041222, 14.801801417228726)]
[(13.713821133286135, 2.4654595177338532, 12.382490309857477)]
[(17.714644409808908, 5.7193908964352023, 17.172553720500485)]
[(15.759060267520088, 2.7170892134413807, 16.282180481647337)]
[(14.094613146467749, 3.1039120438682088, 15.46667923811216)]
[(11.922201646897175, 7.6510145172515562, 14.775648612269357)]
[(13.807324117271161, 5.1675310682876701, 14.863023632486723)]
[(17.620630275811326, 5.7512278188821018, 19.524931727942942)]
[(8.4157214881760698, 4.959024267405244, 13.240310322995708)]
[(13.584438600837098, 2.9290759220833165, 12.888576369714016)]
[(13.187055292430196, 2.5230299089778239, 12.722222919036804)]
[(15.897748641820675, 3.4923358594837577, 13.246592530379727)]
[(8.4036780441800403, 4.2292933318672983, 14.051186672966537)]
[(12.29952811773515, 4.4499547984715235, 16.981949400861343)]
[(14.700129431710391, 2.7606706164551253, 12.259945185446645)]
[(9.5478563848496165, 1.0017610729584643, 8.6015805618936998)]
[(10.497594489668641, 3.8514411205126469, 9.5514371850284174)]
[(11.922201646897177, 2.4266010967355554, 14.300720300701999)]
[(15.235296090343089, 3.3979541945992726, 15.82345375365931)]
[(16.838358344574804, 3.0179592998723499, 11.321899588831679)]
[(14.908084701326146, 4.2158184638650287, 14.754407205685172)]
[(14.555070297445162, 2.5843224825078486, 12.274664854443854)]
[(13.488014920626432, 4.9833704287107681, 15.990553425866235)]
[(15.68654395099089, 3.1921477419822963, 11.45468879231592)]
[(17.949077663832604, 2.6492798357902636, 13.63017218522547)]
[(12.041391189527173, 3.7533460706850299, 11.2575391903347)]
[(11.452854640274557, 4.3689938861801085, 13.567431144172636)]
[(10.768163393903578, 4.8647631549985846, 15.72806390388352)]
[(13.271035477318936, 2.567027931106721, 13.535049945238473)]
[(19.520106485449375, 7.1760678426591928, 17.625218481673507)]
[(13.578284651047689, 3.9480745739759868, 16.073945164585073)]
[(15.710052953364771, 1.7397675759610816, 12.818151127281718)]
[(16.19602311858279, 1.0017610729584643, 14.775648612269357)]
[(12.329746062062041, 2.3657339887498283, 14.895767919318022)]
[(15.917086700468083, 3.9957284091635952, 16.283046927056457)]
[(9.0729873324401034, 1.951654422143192, 8.126652250326341)]
[(16.158789952288949, 3.9550113019412647, 12.526456325171528)]
[(14.368981004288909, 3.1318567914348034, 15.4064423964141)]
[(14.096202594890741, 3.3885616807103007, 16.034631777710477)]
[(15.748818241249968, 2.6562652856861568, 14.54644157153351)]
[(12.856383092757078, 1.8023281324620033, 11.456794692695469)]
[(12.056911716619421, 3.4681136053845698, 13.462151704779506)]
