[(2.7230949343818431, 3.1911266511968042, 12.965196843029938)]
[(3.0924529568953711, 3.4402702245654146, 15.812716008130037)]
[(4.0668708855974831, 3.409546867101704, 12.899152411354816)]
[(3.1156493818534376, 2.9112623256205588, 14.649483084845579)]
[(2.8471424022692715, 2.5392927000921821, 13.515056999382896)]
[(4.3999644275359131, 2.0389564050885736, 14.694284443381587)]
[(3.8549921520596264, 2.6357405560157301, 14.322628609547769)]
[(3.2063948219036886, 3.2686945454366345, 11.494272153377288)]
[(4.4859419004336232, 2.7121184888880396, 15.622190236310814)]
[(4.0057375597974065, 2.7749094464242834, 14.804786093253178)]
[(2.7032814768276556, 2.5420271819786953, 14.350589631471589)]
[(4.6665439409169265, 1.7783004270725575, 17.681684373122945)]
[(3.7206573084598551, 2.2718387209028394, 14.792138856836351)]
[(3.0272517394776708, 3.2629036711962085, 14.51087844654233)]
[(2.7407070400428961, 2.7901723741793134, 13.542198073826739)]
[(3.4915646774672395, 3.1806676189046326, 13.025695354883782)]
[(1.9197952210358613, 2.4800631773853885, 14.0742894234457)]
[(3.0248433185909844, 2.6137304601193554, 16.157032859145609)]
[(4.1415076929845158, 1.8882016348245347, 15.119231084601084)]
[(3.1671806671314719, 2.4861076465605967, 12.519703990752173)]
[(1.9694879003767687, 4.6552169241258872, 11.030579153810024)]
[(4.3797528541691424, 3.1441377837041675, 15.88215296852723)]
[(3.9675734930416207, 2.9676834740348732, 14.816073610150401)]
[(4.3504910491042814, 2.4456008810449634, 10.276430739510058)]
[(2.5352751928692392, 2.9696240647696861, 14.825436867873973)]
[(3.8234057109088457, 2.8710948399740093, 16.34714358032948)]
[(1.7064835736720632, 2.5819428729377503, 13.96132016429244)]
[(3.6452802819711865, 2.5782795220530925, 15.762304730993549)]
[(3.749637999030965, 2.0393358928274292, 14.872366591239349)]
[(3.0037976912241442, 2.7836739946937952, 14.907022213400559)]
[(3.6817765485047227, 2.2021179367808266, 14.578775250730043)]
[(3.3104293051499241, 3.4738506727930161, 15.563504695911382)]
[(3.3415294874890611, 2.5778852929238112, 16.050169353789041)]
[(1.7774516798714557, 3.3915227161763593, 14.216687033741495)]
[(3.5113907836292961, 2.749970037035192, 14.33067785984332)]
[(3.2759310429591917, 3.7082921996084721, 15.137859971500546)]
[(3.367704401844084, 3.2132247893367949, 14.892857687716107)]
[(3.7408260265364053, 2.5413283119363435, 15.54593720714943)]
[(3.8745043948854949, 2.7792829387475324, 14.519858448836523)]
[(3.6710093122745615, 3.1562827653039891, 14.352784800686141)]
[(3.6740620814352232, 2.5535299813231616, 15.30558115693526)]
[(3.5901393168527242, 2.5696118326434902, 14.908430040856821)]
[(3.2254715850002689, 2.6085316697627183, 15.805890350340444)]
[(3.5252802912306249, 2.354311103130482, 14.550161722419887)]
[(2.4319046320057307, 2.7960739492233113, 17.012685912254099)]
[(1.7668070790725254, 2.6481962201988458, 13.9116853529162)]
[(5.7331403014080209, 3.2519075087077733, 16.105681758170409)]
[(2.8121175512193193, 3.1642185691815365, 16.937219991867895)]
[(3.6378351391317261, 3.3927064842891479, 12.235297935625974)]
[(3.8678857999181311, 3.4239455752327195, 11.540604085144956)]
[(2.3793734275880496, 2.2028412920070433, 16.621617025351494)]
[(3.6728751918817704, 3.4646664008559958, 11.890066424462944)]
[(3.4496819555207114, 2.2296503687060527, 14.252845771074602)]
[(3.9971579712926442, 2.9197460557399495, 14.821111251519509)]
[(2.3425103976324237, 2.3409204036448896, 14.855247150016778)]
[(3.1560021444420201, 2.839204343273102, 15.79244895375321)]
[(3.2387975827584539, 2.9278112751391698, 13.329557408893919)]
[(3.494846772308609, 2.3136848519745765, 14.762030551688259)]
[(3.5723793748662622, 1.8339355927609857, 13.827022675225207)]
[(3.6472230232208269, 2.2060575387570216, 15.095009498167512)]
[(3.4139900436100916, 2.3949470751759194, 13.388406556277097)]
[(3.3038873517803959, 3.3123488661179641, 12.584800549962303)]
[(3.6258496460505909, 3.189118452338398, 13.512413666469035)]
[(3.1487600698178486, 3.03477856265593, 14.680076445395276)]
[(2.9657499637411515, 2.7116453858969738, 14.558827042769948)]
[(4.1658662834211437, 2.3723892836379603, 16.946934285791439)]
[(2.3991501158855666, 3.0177906073290073, 13.548406251647148)]
[(2.8392921312610255, 2.7884696456992479, 15.261483910882175)]
[(4.476354493155382, 2.6211623584640509, 15.330177447977482)]
[(2.4131303976652223, 2.830908313195394, 13.631136457462031)]
[(3.0396299394931932, 2.985608830627033, 14.329556941237595)]
[(2.8390265638233547, 2.5944647638678733, 15.803277309886376)]
[(3.283026273744345, 3.2606747534113349, 15.957934694696633)]
[(3.0297998994235851, 3.1134781374321308, 13.698174585647948)]
[(3.4513881563386239, 2.7552504484671605, 15.708933271144021)]
[(2.7365282719888593, 2.7860977364279709, 14.742047751354109)]
[(3.0633169603631973, 2.4633215519912186, 15.758410340690974)]
[(2.6597244570382399, 2.4112207989282943, 15.965947011144429)]
[(3.1417058009763896, 3.2308819021008901, 13.439529929061441)]
[(3.0053133321159877, 2.4549335170513951, 14.764774788073927)]
[(3.6554229096251984, 3.5476518422363008, 14.3553616954924)]
[(3.2044434984780517, 2.0757799116566424, 15.405845422054657)]
[(2.5960509705792574, 2.3120082913173592, 15.180672678908694)]
[(1.9914313118894185, 2.4704249087517542, 14.310143635725293)]
[(3.8682965897789239, 2.5098375687310499, 15.351041341737615)]
[(4.3099317896379521, 1.9839248758603127, 14.409583678638851)]
[(2.8074933698637681, 2.3987963820205365, 14.835329631616753)]
[(3.8699669802201329, 2.5327413850165863, 12.042497315812613)]
[(3.6868452265626734, 2.4479837411773269, 13.806985551806926)]
[(2.855594553091215, 2.7652586933263024, 15.218596276233622)]
[(2.5557831637310313, 2.392338761335365, 15.283629439772573)]
[(4.0070363475600779, 2.8478394011874659, 14.888362066517077)]
[(3.4976805408887883, 3.1286365881916662, 14.929192960427599)]
[(3.1558807369119402, 3.380008655820371, 14.91611655957454)]
[(3.7244202477633581, 2.6619384074168693, 14.157651358068394)]
[(2.7997329314584709, 2.9301656276107031, 13.767329396559543)]
[(3.2577519658326186, 3.236126354715712, 15.990184809086745)]
[(4.2145129878901102, 1.9172445747332236, 14.611481256056937)]
[(2.6827339448565031, 3.0696821790681099, 14.075624906355905)]
[(3.57215970306178, 2.6523283681425651, 15.989760552240627)]
[(3.9667038351950317, 2.0106242087374575, 16.878499158609724)]
[(2.7252896338842509, 2.5813664101528206, 15.694569901490222)]
[(4.1318878832718458, 2.2128137308318241, 16.946624958964655)]
[(3.7402391807572881, 2.8450136631748304, 15.685962971356382)]
[(3.2672558106251302, 2.7102714232322698, 11.999088540840427)]
[(3.5078079640182724, 3.2401086896144151, 13.586776440868618)]
[(4.7404527424676299, 2.4847102059047539, 14.419704690087439)]
[(4.5103311618304467, 2.0112883870794684, 15.22907623278453)]
[(3.7791095368920962, 1.9368457849115437, 14.913968713024964)]
[(3.5081569828368075, 2.8245074431653077, 15.199259068952138)]
[(3.0477740510952711, 2.5372222885547027, 14.283295965761914)]
[(3.1863114759551574, 2.3746145237819722, 13.692773430987645)]
[(4.0025448528554444, 2.7686636059941199, 14.073885689457214)]
[(3.176651991390866, 2.7467441811728133, 13.80367006553988)]
[(3.1521891742906316, 2.4308379080636993, 14.596458151476906)]
[(2.9659324354471051, 2.7518640433749266, 14.703689738080602)]
[(2.9356619605237584, 2.6799675569101513, 15.002600706123868)]
[(3.9712448562930218, 2.1766875305298798, 15.23204501842541)]
[(2.5367569954928486, 2.6793421050187232, 16.685056474382492)]
[(2.6912617708275932, 2.7113127838404782, 15.079531803709992)]
[(3.2404218213245235, 3.5088694906371032, 11.963782909350767)]
[(3.2717545498290184, 2.7329184592038143, 15.98252023827165)]
[(2.5667273108569737, 2.6292150565920762, 16.401589148595725)]
[(3.5699161715232264, 2.0738468083867532, 14.689562953605305)]
[(3.5366210688045134, 2.2248893729989687, 14.157813519354667)]
[(3.6132950069621392, 3.2050663314182515, 13.365792775891077)]
[(3.8236286206009762, 2.9006357721553826, 15.173804928557272)]
[(4.6863658270699311, 2.8060253377235052, 15.961958068566277)]
[(1.2986181742259801, 5.2330104289182042, 10.238951297043842)]
[(2.7953909760049416, 2.648694526910937, 15.613095071107805)]
[(3.8152330731733257, 2.9861879905912021, 14.518273762744805)]
[(2.9658923352155258, 3.2353681957817044, 15.924810070776088)]
[(3.6931587092508136, 3.2392937655794993, 14.262347770632491)]
[(4.8208878648507998, 1.9332749875152047, 17.051884891249127)]
[(3.0707601320899185, 3.5637835357326479, 15.039329051926261)]
[(3.9104547040640218, 2.6784660725832183, 15.659983731412384)]
[(3.8098053204040943, 2.7578940421695108, 14.191736960717293)]
[(3.5571958813961166, 3.2008075117432688, 12.084432079215027)]
[(2.4537793832993549, 2.4405050166943809, 14.784426204347994)]
[(3.3510604473168257, 2.2427036212967941, 14.768784400730594)]
[(2.8717554837945443, 2.7833416031113276, 15.432002190496819)]
[(3.4849091518443709, 2.4748806620583768, 15.049136181772608)]
[(3.1993559609812361, 3.4898935622441867, 13.56893567275374)]
[(3.8388272851768361, 3.4127222201600862, 12.289671646848012)]
[(2.5985731826237366, 2.5529669493468576, 15.270267067335942)]
[(3.7384557870048805, 2.8280013535614232, 15.847998417969757)]
[(3.6172924019013273, 2.5975346369915058, 13.971106574753872)]
[(3.0890011394840156, 3.2466562795125351, 14.800474570333852)]
[(3.1635051412370756, 2.5001276288740275, 15.212339986731672)]
[(4.3592003248201809, 2.4036325345364782, 10.313630428756632)]
[(3.7201449437111518, 2.4999404924002304, 14.689660192300829)]
[(3.693919912626868, 2.3749505323698346, 14.927731478827184)]
[(4.5489390649780628, 2.9860666521675601, 17.871827150283099)]
[(4.0607316395387478, 2.1625262072667177, 16.646633948430864)]
[(4.258185528841004, 2.7000545497350412, 14.656306751799683)]
[(3.8455462564991576, 2.1846782574258894, 13.650346397914923)]
[(4.224836312345662, 2.4227225967224322, 15.200079155867442)]
[(3.829162989565901, 3.3642597677949162, 13.700370876379683)]
[(3.0738107323526056, 2.338919276502629, 14.749618863506264)]
[(2.8467597538271412, 2.7232200470177794, 14.684621192667898)]
[(3.2286996175649203, 2.6120758023522797, 14.705052551339184)]
[(4.472592684849972, 1.937931613802641, 15.918523298919565)]
[(2.9997413856967912, 2.8203327663854347, 15.083473882254777)]
[(4.4694121511938434, 1.9184395251392916, 17.438078729384166)]
[(3.6652932076490945, 2.5633370302522227, 15.281526159420848)]
[(3.8861809417052209, 2.0731097351760601, 14.069100447203647)]
[(3.0688546229744431, 1.7395937854266803, 17.044609951468178)]
[(3.7376665151704755, 2.6765576625695782, 14.435867593221612)]
[(3.3979386273088168, 3.3371235113219657, 13.788340512572413)]
[(3.7518504749884367, 2.0875397914130116, 14.726338847338818)]
[(3.8936594333053911, 2.5736716070762764, 12.755492740860332)]
[(3.393435735560494, 3.0234948695844843, 14.037041285864966)]
[(2.8569628817940442, 2.3547945781142441, 14.976445013572061)]
[(3.6651257204811825, 2.530403116237288, 14.798609575736917)]
[(3.0367064130503785, 2.465838154214306, 13.572302287191167)]
[(3.4429826928058307, 3.1856168689906008, 13.911369554520167)]
[(3.5048184548785963, 3.3229169403792804, 15.887532407188456)]
[(4.4223834311010997, 1.7508944912080331, 16.440224127732023)]
[(5.1601422500485574, 2.0278158884604722, 17.563653686184722)]
[(4.3193840552933089, 2.4332538260374275, 10.075903027016965)]
[(2.2905248604976407, 2.8324510794577016, 13.804316768476504)]
[(3.4526036250345311, 3.1563263259504395, 15.624446145430968)]
[(3.4194662407745078, 2.9188691558094337, 15.418262196668323)]
[(3.1032527836592361, 2.9413038240821989, 15.834603468048195)]
[(3.665635850652027, 2.0025120353938073, 14.594389661674386)]
[(3.16602255848882, 2.7427733351295203, 15.030846441703599)]
[(3.558457379858567, 2.5189583936548332, 14.474801397528401)]
[(3.2451237735503424, 2.8516055338523212, 14.122538205866752)]
[(3.7645104914203351, 2.3556713861833085, 14.88313297815075)]
[(3.5438841034137361, 2.299016893319128, 14.463678780615105)]
[(3.0811435359355404, 3.2650401721123452, 15.724327762427341)]
[(3.8510537165109713, 2.4363622559151175, 14.844027058422412)]
[(3.0702932374069714, 3.2465048782951427, 14.182903351621116)]
[(3.0864628388349291, 3.169369099916179, 14.973864620294579)]
[(3.6717663887834298, 2.3327937245357622, 16.543055073165473)]
[(3.1832776171599462, 2.8950604817315595, 15.606577081871453)]
[(2.664023622436094, 2.507928184188863, 15.037712253282347)]
[(3.1048601843768884, 2.6445319466335926, 13.909779417137786)]
[(2.6844101398781555, 2.8031367694489338, 14.223221539849972)]
[(4.2103049715695722, 2.374623239050047, 14.686284693390474)]
[(4.1401046819500138, 2.903073122265285, 13.242543171144085)]
[(2.699232283170601, 2.8588580358359672, 16.913789675741047)]
[(4.9342040808971763, 1.7056372619284508, 17.509228379640859)]
[(3.4990572342852468, 3.2032982526181599, 13.05115646279584)]
[(3.19473914222166, 2.7960995413009986, 14.46882472588279)]
[(3.8073713285763588, 2.635452240252369, 12.766727188362792)]
[(2.87149081628045, 2.5102039684850057, 13.74771599501806)]
[(3.069891615077831, 2.9280688886814303, 16.036012341554237)]
[(3.0240825030643559, 2.3942307050537011, 14.377989786269289)]
[(4.0423684666147137, 2.3420866526596082, 14.820586223735999)]
[(2.6462701649923357, 2.5408031411986465, 15.402666758127975)]
[(3.8596475196692928, 2.2599377948947259, 14.200777069005495)]
[(3.9382507846755943, 1.8742089782740572, 14.215477515832552)]
[(3.7853431263957491, 2.146385558356493, 14.712093326814957)]
[(3.5016094252484393, 2.7694808796524191, 14.86129755827665)]
[(3.8363291782473166, 2.3237294741681733, 15.047783815273162)]
[(3.3899959577294418, 2.1762960076103584, 14.475549659844949)]
[(3.3425034697374576, 3.262681554344447, 14.697730950816759)]
[(4.9260744016626745, 1.9276696692991344, 16.758840818708777)]
[(2.7781728568891033, 2.7953372791419628, 16.03641859162741)]
[(3.4117710352219763, 2.5371575829374056, 15.150807570148929)]
[(3.0345832527175038, 2.6883481361351356, 14.025115723789577)]
[(3.0863954793536275, 2.9219804904671793, 14.563248924326905)]
[(3.4774494450530877, 2.7693231977875739, 14.378933323204201)]
[(2.6588078513473201, 2.5244094504804528, 15.707656348625948)]
[(3.3985317856063633, 3.0458163946829622, 13.274336939277886)]
[(3.6161754572168636, 3.110287179769728, 11.60957762322071)]
[(3.2299065054788469, 2.7363468047641559, 16.48812574559274)]
[(4.2140346855937079, 1.9788678894752838, 15.267058611961234)]
[(4.1776188747212535, 2.4104465451513155, 14.639199032721539)]
[(3.8738573302729731, 2.1714188595199952, 15.485149136398897)]
[(3.5701929915891415, 3.2855245097653039, 15.407717819036144)]
[(3.2141702242657897, 3.5285663526529958, 11.589626912712628)]
[(3.0123203903763334, 2.7640915198292904, 15.401907420526809)]
[(4.5112348399696103, 2.8332011067559622, 14.76659032000148)]
[(3.1958554079897343, 2.6513441222125929, 15.246905967988088)]
[(3.1462384225636804, 2.9284206522980307, 14.84535972227946)]
[(3.7112934162558746, 2.3293683258815894, 14.120792640253834)]
[(3.3251911263115219, 2.7696814767055553, 15.394600707373241)]
[(2.8262836100060342, 2.5993489338402984, 15.374798777426212)]
[(4.0450813363894413, 2.8600744114931578, 14.10909127312731)]
[(2.2898359769821228, 2.3115565093573696, 14.718015170307913)]
[(3.7461229223444596, 2.2634748389972206, 14.853515190250928)]
[(2.754888182224021, 3.0226852290394226, 14.186944978307935)]
[(2.0465516415716092, 2.9110104737894362, 13.096479471350795)]
[(3.251758472717682, 2.560349595708205, 12.299750758626084)]
[(2.2059015213771751, 2.1779438021981723, 16.035438447529092)]
[(2.8033335566129951, 2.9558135375983734, 12.390765309599422)]
[(3.208246274485159, 2.7423500943944865, 15.465312202837476)]
[(3.1762054912759199, 3.3615521190975244, 14.672541061352726)]
[(3.1972454527186263, 3.019709332159545, 15.763224892413332)]
[(3.2166499631570091, 2.9598293525723673, 15.306400816612774)]
[(2.7671853009924439, 2.8759823750142912, 14.593221722021497)]
[(3.1605084029949224, 2.1755449930745376, 14.955552381459238)]
[(2.8599887459169171, 3.1419960126304272, 14.801344933103577)]
[(2.6317416702463765, 2.4917646700947604, 15.342111646453688)]
[(3.796513380303677, 2.2427249393649658, 14.408573577632609)]
[(2.536578293476488, 2.3747728565451682, 15.679774606392307)]
[(3.0024042319872422, 2.9820385053100464, 16.048534459150172)]
[(3.1476472878719588, 3.1272513237226822, 15.742457086695985)]
[(4.7280192715568372, 2.9918563499679838, 15.388272631737969)]
[(3.5814047608533004, 2.0515860328344244, 14.928902846897868)]
[(3.5444136105498161, 3.2114915980009529, 13.120181662424519)]
[(4.3966577789944576, 1.9518494792182417, 16.978469720124188)]
[(3.155556799230065, 2.957239631541265, 16.534078077492641)]
[(3.0229929112293883, 2.9359125679555751, 15.118073391728597)]
[(3.359465471939425, 2.8318077281382967, 15.224394955322477)]
[(3.5717709529434414, 2.9393048343561103, 14.318527797694459)]
[(3.2629387080288641, 3.6344739593778415, 13.568470921938935)]
[(2.891392933095541, 2.9201198958626629, 14.568746681109218)]
[(3.4730505201340702, 3.0793796975207237, 13.022614830464784)]
[(3.7028951709714932, 3.2500789927095801, 14.83833523525691)]
[(3.8002471438298495, 3.1937466199981839, 13.352553783618951)]
[(3.482662388384179, 2.564475976435876, 14.445790695620198)]
[(3.1929242706763232, 2.9799707065304215, 15.157080559317549)]
[(4.9169919624273648, 2.1456948582576985, 17.338987759649413)]
[(2.4640976280566993, 2.7258069783689733, 16.333455341066024)]
[(4.0732286212151863, 3.3288186984717973, 15.62145156846635)]
[(4.760595865747435, 2.2651787043237483, 17.590477989460101)]
[(2.6202370476882759, 2.9353294742928151, 14.053153524437167)]
[(3.649310457937383, 3.2954593896133586, 16.294250565586992)]
[(4.3695886473846848, 2.1269447127058898, 14.957382187462612)]
[(3.4960967766731303, 2.3186716240197809, 14.625877511290096)]
[(3.4855717844768366, 3.2778426643839573, 13.160854944374718)]
[(3.7577174924602694, 3.1648183047127088, 14.6707752426461)]
[(3.5788207953631033, 2.3923429470052029, 14.910128471016169)]
[(2.6251417204688972, 2.282257035926599, 16.260888480896757)]
[(3.4255594864678831, 2.4028886315672389, 14.593695557942167)]
[(3.2615734373004006, 2.5850269823341225, 14.34056060672914)]
[(3.0028880747719997, 3.0372212471088935, 14.154026898020842)]
[(3.7448291002671605, 2.5484502096111177, 15.283885397124576)]
[(3.3063962484041056, 2.2423806683925127, 15.781352336035505)]
[(2.4120798828614323, 2.4070763074617627, 15.435143412684724)]
[(4.6403656858902806, 2.1944771872617999, 15.183891689053386)]
[(3.725929105461494, 3.2694365571943971, 15.039644122507863)]
[(3.7821899486788069, 2.1307588204671228, 14.24824557539451)]
[(3.3915508500200504, 2.2832917167562075, 15.08168415866813)]
[(2.9022922831179807, 2.8779365415871707, 14.322307263811428)]
[(2.4139196552519291, 2.2913389541678391, 16.629767111945892)]
[(3.9475404463333654, 3.3333753852055379, 15.046094439168529)]
[(3.7524813430892263, 3.2914194849338254, 15.024954581739626)]
[(3.2472827086972091, 3.3304004600896393, 13.913029798858677)]
[(2.7392501028855745, 2.5929409287960619, 14.508642387792223)]
[(3.0732848634238006, 2.7245520938454844, 15.085263044057898)]
[(2.8461777208437296, 3.238173674095389, 14.74010070242735)]
[(3.6095149288877924, 1.9217364946734428, 14.656193535152536)]
[(2.8740162078609401, 2.5014372031068186, 14.780047171079474)]
[(3.3929790363017731, 3.6593326281499103, 14.203048545356038)]
[(3.4841342601959742, 2.3330231746972694, 14.768143371255253)]
[(4.3301441436745183, 2.4133360713521514, 10.581153051325618)]
[(3.9533503613718346, 2.0150066152404267, 14.786479849610798)]
[(3.8884823435607947, 3.1211990474094504, 13.482827826736729)]
[(3.2676904877983595, 2.2589552432349111, 14.496523960757697)]
[(4.753584126061841, 3.1306882530922997, 15.750389365573824)]
[(3.6810098800576987, 3.3011662181175856, 11.980194420554325)]
[(3.6927531311823882, 1.978371616327117, 14.496566555615557)]
[(3.0299973959403537, 2.5803213037220685, 14.659523977604115)]
[(3.2732547614517311, 3.0388642876295742, 14.976456477115434)]
[(3.5538925503143646, 2.7179318643088384, 14.770129853336948)]
[(2.8859101911239726, 2.7352876824485879, 13.681091516993607)]
[(2.4943480566527598, 2.6349343485039571, 15.073644245062159)]
[(3.2074780703032979, 2.6239260612091897, 14.771487802122563)]
[(3.1199218263157773, 3.1698598692740663, 13.229787158552346)]
[(2.1919484477859865, 2.6787288118304176, 18.525028101156892)]
[(3.8932680730497746, 2.6434796260804854, 14.940541829828554)]
[(4.0993271246557175, 2.3147554316660366, 14.200630643821176)]
[(3.7986080984294679, 2.0397109458846749, 15.257510811454598)]
[(3.3696703778584349, 3.3972791589757723, 12.687929777639187)]
[(3.3829139713930712, 2.662140786934013, 15.446401806831684)]
[(2.8248140535559019, 3.1321668734411747, 15.135997300511434)]
[(3.5264716463247461, 2.6183354512270807, 15.271415996458247)]
[(4.2209534874791004, 2.2208148029313204, 14.537231726148709)]
[(2.8438517225928561, 2.9257491774214603, 14.5932755354671)]
[(2.5526172202399815, 2.187820051546109, 16.761982965774919)]
[(5.1918167949794283, 1.6411388171362038, 17.425929611232149)]
[(3.3153619428621006, 3.3641940553162004, 13.340742553728438)]
[(2.2822832627039142, 2.4229785200377378, 15.290464076242024)]
[(2.9622663066722028, 2.7851353894726767, 14.785678039188184)]
[(3.1786168934524301, 2.3562086192000269, 14.095872551036221)]
[(3.8779681546751048, 2.8099975810830347, 16.062562174105221)]
[(2.5174342679283681, 2.567332012661228, 15.965736874115999)]
[(3.4154877324848929, 2.8707614575963643, 12.76037734298032)]
[(3.8557725692231748, 2.5530546898535986, 15.111643857545527)]
[(2.8512704252058048, 3.324583774172027, 15.124358962088774)]
[(3.4520258582973393, 2.868408227302111, 12.323912763328696)]
[(3.3152998867316805, 3.3947560031485242, 13.770792940581273)]
[(2.5626941284346589, 2.2147834467031577, 15.373925386104551)]
[(3.7290234146733572, 2.611381484534931, 13.020941942203153)]
[(2.8659126361196874, 2.9625079315374041, 14.328544842758234)]
[(4.0093737909801579, 2.9307927248414227, 14.995390940829342)]
[(3.644401814157852, 3.288714025352097, 12.441038158801057)]
[(3.3960264254597696, 2.6996878187399398, 15.900337983968969)]
[(3.2931572772681377, 1.9741268158635832, 15.032582221500215)]
[(2.715133663900307, 2.7708964709732262, 15.189325989244935)]
[(3.4967851193307449, 2.6671467191439495, 15.441890185352952)]
[(3.4004696492491115, 2.436769539513131, 15.590244924779011)]
[(3.1269560287549454, 2.7251515730115026, 15.085823490220189)]
[(1.9070531221993541, 2.5532345380342765, 13.858646689577299)]
[(3.1002068320243725, 3.0935114512762616, 14.375045759057867)]
[(4.0859610950863097, 2.5120053711994066, 16.225883165076016)]
[(3.2774192867616621, 2.5483418078291917, 15.628279745774758)]
[(3.6923775781670916, 2.603935667123916, 14.773515274730455)]
[(3.8655397041322215, 3.3303759004363611, 11.445555806895218)]
[(3.7502601595153702, 2.1625084561163659, 14.47394732959954)]
[(3.0349426910676067, 2.8214364452269916, 15.535314542311877)]
[(3.8236894015781089, 2.5344456843932814, 15.682883668796549)]
[(3.4068259238961733, 2.1766563387059703, 14.713056783888799)]
[(4.1745468344725172, 2.8409139113204129, 16.020760583633574)]
[(3.8037565419630743, 3.3060417798367561, 11.437348137789114)]
[(4.7419777228290103, 3.0976224114795801, 14.754769315491355)]
[(3.6224746213162939, 2.9862842871617277, 15.378918208362949)]
[(3.6119063009685881, 2.3152409888852343, 14.609503023440999)]
[(3.5004713851260125, 3.7166532603577473, 15.681288788474429)]
[(3.0466500456243524, 2.6971653083001659, 14.514414186047539)]
[(3.0212308866395561, 2.7232242711399284, 14.5236692950816)]
[(3.2089598599099025, 2.438002424265644, 14.229417127761449)]
[(2.8313805230865743, 3.129840629155102, 13.773050063911199)]
[(3.0742205617647835, 2.7993576093268331, 15.770267546340937)]
[(1.3017290332621974, 5.1965910397075223, 10.328961673405717)]
[(2.7662657440533835, 1.9751734183241445, 15.355536990452473)]
[(2.5173299085024841, 2.5649649655390991, 13.932137367111908)]
[(3.117658589130865, 2.8334641443233166, 15.325012032957089)]
[(2.012447599952301, 2.2615544165919728, 13.771580471988843)]
[(2.8621091662870728, 2.3340808602718113, 14.283277203527911)]
[(2.9484242808877124, 2.8734452129394858, 14.159422232148851)]
[(4.5862764226412516, 2.1661069041830103, 14.820989356708367)]
[(3.3235958265803571, 2.6176043432298997, 16.005019208941512)]
[(2.877701467977833, 2.9214039799840057, 14.25006330375281)]
[(3.7817479176627575, 2.2967690199810153, 14.890097800164389)]
[(2.9531173544016607, 2.9276158883582588, 13.727745041179656)]
[(4.4770716043691863, 2.3395101034536587, 15.582656496933804)]
[(3.9810752077238001, 2.0146460300212121, 13.902913729432793)]
[(3.2901798475693322, 3.2513836652328543, 12.676535834267774)]
[(3.1829167929068709, 2.7542935956025607, 14.951593292565535)]
[(3.144264222862629, 2.7135168857626968, 13.233171205498968)]
[(3.8699582988886054, 3.1828854116796905, 13.748616794856988)]
[(1.9431758641491608, 2.4821332332712736, 16.830035271106897)]
[(3.5281632254069768, 2.7136048581543291, 13.541834590227625)]
[(3.4680191379206509, 3.1406124480873552, 14.015720731878448)]
[(4.0290903103076978, 2.6384618643727151, 14.357770690873961)]
[(2.7534181023558268, 2.6833179005516179, 16.555531786749569)]
[(3.1972904133155176, 2.3759760520450293, 14.287950593814502)]
[(3.7087755182088693, 2.5130246484455112, 14.28310993643624)]
[(3.005302057794943, 2.4598325882775955, 15.572702258827476)]
[(2.8931941572609952, 2.7340660854528469, 15.43804211967246)]
[(3.5249554948276995, 3.2669103331909568, 15.330405766119441)]
[(3.9092852843023751, 2.4441004633926906, 13.853005727551269)]
[(2.8660058964142712, 2.7783472158650895, 14.986569454056786)]
[(3.7265959234268289, 2.44752426518966, 13.893017780556965)]
[(3.1045313093323084, 2.2216703625090508, 15.11020772480679)]
[(3.0708402839327862, 2.7937593577932285, 15.468303264019951)]
[(3.4120909678534153, 2.2799911458124633, 14.566343570168723)]
[(3.1797030652543712, 2.940932989523616, 15.425635820118416)]
[(2.2750583139348368, 2.6396577202670173, 14.043366078799307)]
[(4.7378728561712364, 3.0712424963709228, 14.639843943403127)]
[(2.529767544901147, 2.814160004709211, 14.259700955875998)]
[(3.4348663248501494, 3.3744015720455205, 12.863487456774504)]
[(2.6506077691706493, 2.7810894389071628, 15.054128397986563)]
[(3.199823894954744, 2.9202191061619276, 15.165149583967231)]
[(3.3141460864142323, 2.8716114348580382, 15.28634986183652)]
[(3.8292786124171259, 2.0708616047642501, 15.237405467959114)]
[(2.9960825685060239, 2.9469339748441934, 13.771785849359015)]
[(3.7011083309423318, 2.9823498447294616, 12.655657499497293)]
[(3.0104718631754803, 2.1827514431092929, 15.822568429790564)]
[(3.3593757710688044, 2.5120221538805185, 14.879048260345252)]
[(3.2873300125460712, 3.6261449784870754, 12.679273746515351)]
[(3.5573274887870183, 1.8958663590658915, 15.126198940961579)]
[(2.6524426703361232, 2.6196223155772635, 14.56520876691715)]
[(3.8204507660006741, 2.4726627391550347, 15.465133738985477)]
[(2.9200798530319099, 3.0249867652027951, 14.874943185983325)]
[(3.3793195262754394, 2.0268806788094427, 14.756231905335698)]
[(3.1365997348466035, 2.8333534244922065, 15.506988572991339)]
[(3.0185426268975823, 3.0234765180257512, 15.694683757396186)]
[(3.451004077944722, 3.1927259112875066, 13.454076533542327)]
[(4.0856271615866557, 2.0706605035372982, 14.612652194422616)]
[(3.3160199377206272, 3.4125961733812824, 12.438018814086314)]
[(4.1881155358304172, 2.4657510986414786, 14.587835687238407)]
[(2.7441999046828771, 2.3069016722379176, 15.442157022992344)]
[(2.9894214286380176, 2.2444382337381663, 15.453326842826174)]
[(3.8056941286714316, 1.8554577831584496, 14.330795721457259)]
[(4.0113368797564997, 2.3151401885807132, 14.210876595982985)]
[(2.9415171080101508, 2.8808056679445322, 14.795425338742117)]
[(4.3143170724980564, 2.4277465429147469, 10.059713560111696)]
[(2.8076604437563422, 2.8933560605721147, 14.993394177311179)]
[(3.1267657706842047, 2.6445629181528094, 14.758727940796643)]
[(3.6349565752398698, 2.8709648655203415, 14.976656034378628)]
[(2.0575749917332229, 2.5755789219010463, 14.128428788971378)]
[(3.6394558063718385, 2.4499785043495534, 14.727206921101736)]
[(3.5217055303435179, 2.456212794515749, 14.779459958608996)]
[(3.8026978450075903, 2.9645884544084229, 12.554055488394098)]
[(3.7070871260845837, 2.7919203517815405, 14.898096531443153)]
[(3.7092138147264384, 3.2954231421128122, 12.074354518394022)]
[(3.3536951128242709, 2.1052566450602748, 14.822320085829478)]
[(4.0072903217408484, 1.9039658884869874, 14.614877381937871)]
[(3.8222706867249436, 3.371534853085258, 11.451333136622566)]
[(2.5394639077576935, 2.3925468485106789, 14.329795748188223)]
[(2.7477927903481021, 2.7495953210214732, 14.695157249956388)]
[(2.906318033826027, 2.3923218258782537, 13.818272824176058)]
[(2.9645081850197252, 2.6486943229843476, 13.463929806301422)]
[(2.8617844912076222, 2.9446355799153094, 14.707351925850823)]
[(3.1464886429142749, 3.4783728882763989, 12.490183243398711)]
[(3.6014296846513041, 2.5567989055027276, 14.646725754228193)]
[(2.8830737343493267, 2.6704334841578019, 14.837928031248586)]
[(2.4136183977965819, 2.4000686989869875, 15.650022132144191)]
[(4.0621599388803933, 2.1285682756971669, 14.45788910170498)]
[(3.3882773542425162, 3.6327275658498124, 15.792238428328146)]
[(3.5824109357530287, 2.6132994625166495, 15.183923636322561)]
[(2.3927613719365004, 2.5185133649271441, 14.294483264048843)]
[(3.1974895108155232, 2.7309146184615187, 15.499663755618748)]
[(3.6695634388842246, 1.9792241748331312, 15.468884580187895)]
[(4.5222728316405307, 2.0110925247472657, 15.009316170022512)]
[(3.693005270374397, 2.8482288447858153, 15.850533546866847)]
[(3.4168801503681152, 2.9922778576584035, 12.963964805671566)]
[(4.0153725792695454, 2.1441223552406461, 13.889084004095753)]
[(4.7147956709675185, 2.5881972396202877, 15.612480595692912)]
[(3.6146162129762214, 2.3649331241610847, 14.328385607235163)]
[(3.6725556384358793, 3.0623394328893538, 13.491855701470637)]
[(4.7185581300725588, 2.9838264366027252, 15.073075170868243)]
[(3.5322248961723424, 2.6902031023402522, 15.002108834035603)]
[(3.1188314601889968, 3.6961400810306446, 14.413560261207394)]
[(2.6321477778617517, 2.6393918951359527, 15.519614911387373)]
[(2.9586582333681593, 2.6087113886020221, 15.051350882522314)]
[(3.8029193852986194, 2.4200951691037527, 15.279610937918083)]
[(2.913060803159321, 2.596914915141364, 14.831282231990158)]
[(3.6284021013914405, 2.5066426549711904, 16.579579855163118)]
[(2.5037760340051523, 2.7966679354282773, 14.325795016412956)]
[(3.5385754910760263, 2.4132388120011461, 14.624498214255693)]
[(3.0325052210784094, 2.4851845492870357, 15.66076405041796)]
[(4.7447139116683781, 2.1553801373798365, 15.732413563493104)]
[(2.2778518255300204, 2.4244155238984151, 14.121811875539604)]
[(3.6826490882189336, 2.3405665241277234, 14.892668833258005)]
[(3.2386453806092246, 3.0195622331250958, 15.251363940194075)]
[(3.8150268154951892, 2.990199595704321, 12.475413341391132)]
[(5.1300241656269163, 2.0276462456885938, 15.627306104276926)]
[(2.8205477594645769, 2.485187417388119, 15.025535228468749)]
[(3.5452643354736599, 2.4008956548895277, 14.736302062529463)]
[(3.5977205213808383, 3.2702114700869043, 11.747806410763715)]
[(3.1018277477540774, 2.8605285502964608, 15.290195633013433)]
[(3.4603295674216925, 2.6409861711218365, 15.943405605135416)]
[(4.9899350853346292, 1.9915615575145789, 16.977963602059813)]
[(3.2162550370497982, 2.8851353536084288, 15.068738638312118)]
[(3.8239933814668565, 2.6870359490603786, 15.5055502829414)]
[(3.2776768431392731, 3.679382730271179, 14.997955855724051)]
[(3.360546247655225, 2.1950709793402226, 14.141924164084019)]
[(3.3214404747837984, 2.9182124674467684, 14.299945456158696)]
[(3.5881651536493386, 2.5400728792618454, 14.383964450653989)]
[(4.1119406661262712, 3.2465522749946962, 14.060985491246457)]
[(3.9239225909631621, 3.1083181874725656, 16.168108220396455)]
[(3.6097564645328948, 2.5431777275979273, 12.349648369366975)]
[(2.3103677503671856, 2.3988139716690497, 14.409308653175245)]
[(4.710073815068812, 1.8225119249907942, 16.507771113275986)]
[(2.7996157040071332, 2.6885460982368432, 15.624664843878561)]
[(3.4130998053816297, 3.0520758337180123, 13.665862551735561)]
[(3.6704979512730658, 2.0827958146994012, 15.155835480027049)]
[(2.8512392146503522, 3.0787964316274818, 15.52520162355264)]
[(3.4576914749796237, 2.7779157602910933, 15.481561564169001)]
[(2.8025178154495647, 3.0664314158321204, 13.915818699769906)]
[(3.0312119401217297, 2.8518506317561014, 14.170222737869171)]
[(3.8851852233166753, 1.8852130197090196, 14.223839065798641)]
[(3.2820729547094425, 2.5820019364299518, 16.032520309415844)]
[(2.6602668342384237, 2.3682472135937536, 14.386661917143863)]
[(3.155269920133152, 2.7542725835170696, 16.5135993548197)]
[(3.799274684695868, 2.3425370909238907, 15.670717154148818)]
[(3.6914320286046536, 2.4652026114693601, 15.683293067271659)]
[(2.9650662073006773, 3.1574082335502229, 13.843298852398696)]
[(3.1451809881740043, 2.7045770463206358, 15.135950384649618)]
[(3.8276981993481893, 2.0896953317091524, 14.742659531174596)]
[(3.5287798561603969, 3.6394233606021227, 15.268197829512641)]
[(3.1324054554521048, 3.4848295600384422, 12.01510284411604)]
[(2.9616523988466934, 3.2044624723683937, 12.884017332013437)]
[(3.2172576557095081, 2.4917893144713332, 15.429485992690987)]
[(3.3035678273476377, 2.0339488857368728, 14.19014870207387)]
[(3.1434062412388255, 2.4664986893472984, 14.479385740701726)]
[(3.0370520628611346, 2.7314612091848414, 15.564705580402132)]
[(3.1167662395420246, 3.1928670315942793, 12.818350251866468)]
[(3.7280655900680237, 2.726591134798789, 14.734592216443776)]
[(3.4445819948644076, 3.0288274195475693, 15.189668535935501)]
[(3.5544715650270144, 2.8057692390164064, 14.799637324871032)]
[(3.0667509588844695, 2.1166860265077965, 16.009203377116187)]
[(2.5414967726139093, 2.8144834383845589, 13.413969105362801)]
[(2.7150130178263421, 2.7688486089256483, 14.739221176746048)]
[(4.3586975139324249, 1.7994369048372296, 16.64798639888793)]
[(2.6021432742252815, 2.4771027197809601, 13.998397001265808)]
[(4.0328375155103, 3.0192807989439583, 12.310358961495233)]
[(3.9983714290246009, 1.9498594539958849, 14.509031060291315)]
[(2.7120529720937845, 2.6795579729382495, 13.403153281293235)]
[(3.2445728304005108, 3.0710379205903648, 12.990092524330478)]
[(2.440395653668447, 2.2723548837936196, 14.42056794772015)]
[(3.0867503611610405, 2.4945087335482841, 13.804271399396786)]
[(2.7131250730393868, 2.3432953425894159, 14.78316154102929)]
[(2.9792956379505879, 2.6544493770004873, 13.900006402067037)]
[(3.9865331981310068, 2.6961102015100518, 12.149658462446643)]
[(2.7049945360527023, 2.6400408485428333, 14.432399567249382)]
[(3.4568192057040359, 2.3978475523111644, 14.200868773472179)]
[(3.4804653079532892, 2.0017721897734519, 15.034763382182733)]
[(2.1139211086260725, 2.5146410906464447, 14.228314986422653)]
[(3.2544254321884987, 3.6011682903669446, 11.950430168573511)]
[(3.7998139192904845, 2.4573345227491536, 15.260561750136315)]
[(2.9300384201336764, 2.7184170161026948, 13.45755633611985)]
[(4.0666463763880207, 2.2535623925608004, 14.680084281525843)]
[(4.2827283545039334, 3.0698673798614484, 12.863648832347344)]
[(3.3951814496101833, 2.7253700287049369, 15.024253416746342)]
[(2.3057783697972343, 2.4432302799359986, 16.949095809767265)]
[(3.733495234140443, 3.075817076429932, 14.10798512370617)]
[(3.2631562148194919, 2.7184838521294048, 14.466238065852906)]
[(3.6284447883239106, 3.0623964650879176, 15.934012901269998)]
[(2.6926873914218197, 3.5151056287554838, 17.365266449674369)]
[(3.7307642705704804, 2.634973932717295, 15.641296136398958)]
[(3.0627462087380222, 2.425819403953362, 13.818051730295364)]
[(2.7844609014733823, 2.9805391530137468, 14.879719140078336)]
[(3.1487428611991426, 2.5034772280521751, 14.837530304287297)]
[(2.7446294282356449, 2.4391326977859933, 15.714498101035275)]
[(3.2159133681351655, 2.9843256023088687, 14.792053276329153)]
[(3.792089608909158, 2.1847953935765441, 14.722517990579508)]
[(3.8797277375981891, 2.3903796579847696, 14.641537568133682)]
[(3.4803569792977913, 2.682109841474217, 15.795513649271806)]
[(3.9846800231067854, 3.3262685382428345, 12.47494341737581)]
[(3.1568056937847029, 1.9118604973521038, 14.802532267872916)]
[(3.6138127079866238, 1.90072222708246, 12.894253356787342)]
[(5.4561482223979381, 2.3575442007074523, 13.937719130879348)]
[(3.5294743035277496, 2.9715528990380613, 14.768271504477676)]
[(3.1565172223533642, 2.9765522826907951, 14.931969737375994)]
[(3.2159022520378464, 3.5223666636686892, 12.78175200788511)]
[(3.0824834296111807, 2.8748950447892749, 15.738907384263873)]
[(2.939346148123732, 2.8481203661961452, 14.548720478181519)]
[(3.0027079851128118, 3.0221846999077515, 14.847203846458765)]
[(3.0122834118459973, 3.0527085413517407, 15.008204728465344)]
[(3.5675588663633513, 2.0212931705925614, 15.836365963675998)]
[(3.6706426626851223, 2.5953591330349433, 14.565212849997117)]
[(3.8019150743932868, 2.2902332145444912, 14.520334313532279)]
[(3.5559050090858677, 3.4072187418943605, 13.40264593976946)]
[(3.8561173761009897, 2.1825640850883952, 14.440339752376337)]
[(3.5156889766182258, 2.5212260758535421, 15.895069382461676)]
[(3.4041048166506598, 3.0359570019882183, 14.90794799185193)]
[(3.7350036905445507, 2.7799686471823231, 14.05545384085122)]
[(3.1135227574103785, 3.1037055534873428, 14.245624233833295)]
[(3.3905294689054974, 2.0335919523465336, 14.788641870794313)]
[(2.4809926702269198, 2.2341967017601352, 15.346927503478407)]
[(3.2308548153586583, 2.4900551767316506, 14.354992352308455)]
[(2.7783223654668312, 2.5815182918944233, 15.807376051760238)]
[(4.181806889926821, 2.7457867926399673, 15.533185899946847)]
[(3.1823820836999634, 3.017241213460951, 14.906928369604634)]
[(3.0542590493532962, 2.3017831891096838, 15.247855794188171)]
[(3.4862725605666092, 2.4839205886354598, 15.826506040304539)]
[(2.3854275370216795, 2.70810209808793, 14.064958453899331)]
[(3.6721495386381946, 3.2365524707505418, 12.6076939719078)]
[(2.7805797379287256, 1.7125945555090949, 18.198188742291176)]
[(2.6139205129678995, 2.5314242243412428, 15.520320384507857)]
[(3.855808564032146, 2.496694226782747, 15.275608368850127)]
[(4.4020336735208812, 2.6411606912206747, 14.623448795549475)]
[(3.483047685535873, 2.4703884800923284, 14.139035615958701)]
[(3.1769831120143577, 3.3251715967025417, 13.798554670280431)]
[(3.7600094159746877, 2.4039073399454738, 13.623082330988057)]
[(2.8306569785701732, 2.4639923957217098, 14.639186166241412)]
[(3.4560216252926304, 3.1376833254384455, 13.037595927181405)]
[(3.4936245061674893, 3.551164396101155, 13.18274462928281)]
[(2.802813269578186, 2.866207764035102, 15.779107980314263)]
[(3.1624345260092421, 2.7781874492029477, 16.011766430629439)]
[(2.8562959876411531, 2.7216763520561886, 15.552249438798178)]
[(3.0015098240847191, 2.7950443169227697, 15.139018040413516)]
[(3.0644525307008061, 2.8298585325142316, 14.224657478044023)]
[(2.66359858337439, 2.4844688078754356, 15.81080931886488)]
[(3.220125651012947, 3.3172669476150212, 12.903926611191199)]
[(3.4292287086170474, 3.2267581950988942, 14.55665248379834)]
[(2.9092200472487741, 3.6755793754413868, 14.96699610956092)]
[(3.1662120139491452, 2.8755116461038615, 14.900974064979302)]
[(3.0043570392874495, 2.2310808956256203, 14.024229212579511)]
[(3.444805822592707, 2.4410213138409658, 14.955592160738139)]
[(3.7708154049806861, 2.0580399481415363, 15.108944546646823)]
[(3.1568654849437108, 3.2963927702061198, 12.707088628851151)]
[(3.8737683798438409, 2.9933213931446847, 12.419286736632326)]
[(2.6859632712070898, 3.5161683272016124, 17.180539428321417)]
[(3.3453804338465414, 3.0944259702960246, 12.170902103749562)]
[(2.8574871828088191, 2.516239135387953, 13.820833552550956)]
[(3.1617608344427897, 2.883764413751674, 13.871838095539843)]
[(3.6014738398711494, 2.2841584775696604, 14.33597607735682)]
[(3.6721243909817725, 2.3897756270334378, 14.092076755251716)]
[(3.4164688075746219, 1.8310496024781049, 14.459542892826185)]
[(3.2851308522630163, 2.656138809617735, 15.530806435338311)]
[(4.0069479626534887, 2.1101877939816651, 14.85988871222159)]
[(2.8792621949277812, 2.7466201111347823, 15.928176028597546)]
[(3.3309492913529724, 3.078079623341496, 14.079655113306346)]
[(4.0094675018695858, 2.1778247899197778, 14.828495505618333)]
[(2.9093024050462946, 2.7413029896257788, 14.398542763850552)]
[(3.5690151235276706, 2.5319186734375241, 14.421249381126735)]
[(3.9144653743355491, 1.8973239803746265, 14.886718937870063)]
[(5.7323176047357158, 2.6605889290048799, 15.948761050826159)]
[(3.6783713277513495, 2.0702426782036225, 14.557673341549398)]
[(3.6744452556350851, 2.3218093649337055, 14.803542435665035)]
[(3.3161588144334107, 3.672982212287875, 15.203644923710575)]
[(2.92443082709485, 3.0211610706858538, 15.755374363293056)]
[(3.6001786396829458, 2.8306016580724105, 14.86530822117868)]
[(3.8855638272841411, 2.5115577611055984, 14.63085320119699)]
[(2.594337343099903, 2.4945194228270826, 15.039415396053865)]
[(4.2213436970862439, 2.2256689198103539, 14.178239223426017)]
[(3.0793459463537385, 2.5665311288635984, 14.488310174531637)]
[(3.0985843471163563, 2.7629978074365762, 14.94720834714607)]
[(3.8604904194456466, 3.1004582527708155, 12.408040880532743)]
[(4.1165821529951323, 2.1520275865284457, 15.645344878046709)]
[(3.4161605142473199, 2.3233659851507573, 15.722322546590208)]
[(2.769019544520356, 2.9543375405161942, 14.962829258408629)]
[(3.2859052424225821, 2.1691307976025733, 14.702048608965766)]
[(2.7627859594843436, 2.5907914677551283, 15.69248776117154)]
[(3.9057757432211377, 2.2693305202683893, 14.784749039658941)]
[(2.8048333283736353, 3.5831849071102657, 13.19725748040174)]
[(3.249010340542474, 2.7566837626663072, 15.569037292571938)]
[(3.4074896972820032, 2.7123004020062447, 16.209465403073757)]
[(3.2144633790751889, 2.5569167693982804, 13.985732817779564)]
[(3.7428436048770095, 2.9179583400508475, 14.470765816609658)]
[(3.0166177894731572, 3.3205224034493628, 13.361857911619714)]
[(2.8536122967961122, 2.8877123031416518, 13.736307696269938)]
[(4.0449442615688493, 3.2808514510355473, 13.865767250089787)]
[(2.5174698297477849, 2.6323824204773958, 15.420969627147032)]
[(2.7017896045845928, 2.3587310515536468, 14.913475244240438)]
[(1.309693891252862, 5.1968702778623905, 10.217887510994165)]
[(3.266303183632703, 3.0520964954437257, 12.262643178647611)]
[(3.4969743815413272, 3.1076583798689374, 12.526676268888673)]
[(3.4865094952076636, 2.8763484899091196, 15.176607009685288)]
[(3.2363708014500578, 2.9099388438688623, 13.733498045581101)]
[(3.2587642300234876, 3.7915175136808119, 15.882893458278286)]
[(3.5479791046690998, 2.513181143468791, 15.079779957215406)]
[(2.9104838044678445, 2.753541038801294, 14.959305769190788)]
[(3.1283270390484956, 2.0948588898453551, 16.780765570016658)]
[(3.2782548608689055, 3.074384021788819, 12.822100321028431)]
[(2.8965861324032147, 2.630414209045608, 11.955982989781578)]
[(3.2744238335444997, 2.8148060051068171, 14.321462626349334)]
[(3.7463668767393075, 2.040051588641751, 15.207578668680755)]
[(3.7426125051490651, 2.1299913035568094, 14.47551024816773)]
[(4.2686199598760552, 1.9593689525459115, 17.144175197222999)]
[(2.3237981259560487, 2.4593227247075222, 14.186973895865664)]
[(3.4813563829476695, 2.6671232732665788, 15.3507615775584)]
[(4.2584502244888061, 2.2488783254864004, 14.691972866638331)]
[(2.8736363211644473, 2.3682454310494023, 14.532919699567959)]
[(3.3602057478055798, 2.7775156638251017, 15.309084302050895)]
[(3.6223431592665754, 2.1638939561345421, 14.743412487344209)]
[(4.3481986921222058, 2.5706236842612045, 14.037550570748648)]
[(2.0361708465412356, 2.2665740315517233, 13.991695313399088)]
[(2.5584436648233071, 2.6389473586112122, 15.393389146565326)]
[(3.6427172986333103, 2.2950730355357036, 14.781744449498245)]
[(3.7381287861843031, 2.1932635577699724, 14.642842002021613)]
[(5.6124483326452532, 3.5083880621779642, 16.228718163846491)]
[(3.1609139417102172, 2.5831490922773712, 14.427509058028198)]
[(3.4318103149054004, 2.8017084495298956, 15.504424847739211)]
[(3.769717950258471, 2.2080522762498367, 14.550019017421004)]
[(3.1778178384813498, 2.6356042406638949, 15.662546733803129)]
[(2.5333597987231888, 3.1699926083537551, 15.284137095980645)]
[(3.5772859158655246, 3.251261822041501, 12.16602123376299)]
[(2.9242558132174157, 2.5544306910111607, 16.149094018076845)]
[(3.8088419908909752, 2.6279233921508158, 15.362350456255285)]
[(3.5265892818977469, 3.576671867812466, 15.358997561938688)]
[(2.9633306071224959, 2.8851908010455265, 13.147947164442144)]
[(3.9530890327440074, 3.4904004443596626, 15.068551435364665)]
[(3.1422031799295733, 3.398165037754755, 12.301684368868939)]
[(3.3010253013319231, 2.8402657227424077, 14.440005610355678)]
[(3.8331820889825217, 1.9470372535254583, 14.851367461270632)]
[(3.8924282906059857, 3.0902192573685991, 12.272334067436631)]
[(2.6612003751633324, 3.041081356675412, 15.161867858280328)]
[(3.9345854853792259, 3.0456753273028148, 15.710336493609521)]
[(3.585453869783402, 3.7568167582406868, 14.459164225385335)]
[(3.3331634457791499, 2.8733850539109271, 15.104609309435251)]
[(3.8656676065479827, 2.6881520885142374, 16.321800501880496)]
[(3.1024812463997442, 2.8878112805140574, 15.292546615481696)]
[(3.52151487271122, 2.1667094458145995, 14.456454893730672)]
[(3.7985698198548681, 1.8375221654212419, 14.064533740137126)]
[(2.9796655866721311, 3.2051994722423403, 14.648115567738728)]
[(2.9971489953763495, 2.7723721319673214, 15.607283995647892)]
[(2.4383928616798425, 2.6686190131278846, 14.483161439784036)]
[(3.1217086249415806, 2.4621668673383588, 14.289364841631292)]
[(4.2631443204112127, 2.0896378233698965, 14.136845394959781)]
[(4.0064272508091126, 2.4969863100613656, 14.825639900583612)]
[(3.1461781589380764, 2.2420598767999245, 13.828456403253526)]
[(2.6186646421077264, 2.4499670888115732, 15.293673622727816)]
[(2.6062726515381751, 2.8113609659683334, 13.945959871113923)]
[(3.9964415861288995, 2.7346718772085454, 15.295393101969129)]
[(3.3316102623819051, 2.777423917207793, 15.131778751951256)]
[(4.0287464321501059, 2.6849359804264834, 14.488934635722819)]
[(2.8143816879471197, 2.9940716105277096, 14.54112927277667)]
[(3.1476161498196862, 2.3851967299695715, 15.010120193058624)]
[(3.7188550522479815, 3.004755298674, 15.18139081752026)]
[(2.7369725352143135, 2.8591522107975007, 14.002596909745954)]
[(3.5050932071450149, 2.8510207594906616, 16.011334937801653)]
[(3.6930659603683362, 2.487921508703141, 14.795120557323788)]
[(3.7558440014329948, 2.8943957329944761, 14.320707894394712)]
[(3.5352341065041326, 3.6230146026318493, 15.29149195830551)]
[(4.9546925695467472, 1.8867433611029489, 16.274979309213002)]
[(3.7253458853202717, 2.2184833939997972, 14.111475452393542)]
[(3.1394144714645944, 3.0651227477405834, 15.417029402133361)]
[(2.8477979144094583, 2.8059192723575235, 14.962947706457179)]
[(3.1722009449756556, 2.5753942370582941, 14.233326935645717)]
[(4.1339618613691087, 2.36532534724671, 16.54089245097737)]
[(3.2153392601101842, 3.026545468200216, 12.270093659601027)]
[(2.9519233549811288, 2.5992429381352919, 15.62544479938313)]
[(3.8171904829253682, 2.691266827937036, 15.411282776370683)]
[(2.713319472228755, 2.8175532119657363, 15.125708278193095)]
[(3.7984189014942267, 2.2573417715110127, 15.119725252513186)]
[(3.2744977158227435, 3.0251168996165347, 14.978010779652125)]
[(2.9891060924857031, 2.9484488283481802, 14.557552735032624)]
[(4.8100507460884447, 2.475055665671408, 15.515092849290511)]
[(3.9103342472762557, 2.9624379135462453, 12.853202083289769)]
[(2.7515138624073838, 1.3949020835596924, 17.873094199366594)]
[(3.7388885346988334, 3.3704807996540942, 14.276347916588676)]
[(4.1047970753430434, 2.8936306884184813, 13.696212472564667)]
[(3.2283350338329244, 3.0358391941627962, 15.057543197200864)]
[(3.0679160774273155, 3.0977779257043285, 12.46727408576456)]
[(3.983677743284527, 2.0289181353940906, 14.521004604267532)]
[(4.2303655902254764, 2.9153803260228695, 14.176425036570885)]
[(3.5690966395010504, 2.1937261764193123, 14.772416427602026)]
[(3.3758773474351234, 2.2705100736198478, 15.273109820493051)]
[(3.3208190338515511, 2.9960218250845974, 14.033246008124438)]
[(3.4243064421264786, 3.1380674954078058, 15.815055114549793)]
[(2.5529229155628963, 2.2973872780204507, 13.428249686487497)]
[(3.3240075324304539, 2.8770424717350105, 13.594250179943007)]
[(2.4968850750585796, 1.9445581219117032, 13.319104117610829)]
[(4.2624198214499094, 1.848924119999023, 14.598037765335061)]
[(3.1951004180683418, 3.4595262114901821, 15.78386622872379)]
[(4.3127797449015102, 2.4282169200972521, 10.089911521235992)]
[(2.8954377169665104, 2.8128990623563705, 14.861842010680835)]
[(3.1840071052970873, 2.8741054145828899, 15.046297749598709)]
[(2.4455030085878446, 2.2289328740420915, 14.43736971627755)]
[(3.0957587204045471, 2.5960768856264798, 15.65037113913635)]
[(3.0287846151375923, 2.6699790366567266, 15.005894945273228)]
[(3.3195694726654836, 3.0069344799445337, 14.389115672276453)]
[(3.3196776833316397, 3.2174091766558925, 13.160664162037836)]
[(2.5895872436998864, 1.8703500568456413, 17.630667940776661)]
[(2.4037083852107499, 3.0177119118669076, 13.039059796835963)]
[(3.7353656293719273, 2.2027002002424005, 15.489169722045272)]
[(3.374051075743004, 1.9390983590914475, 15.114368226146141)]
[(2.9974757808282089, 3.0298598704200299, 15.082796719303877)]
[(3.6529561940838726, 2.2593787774852125, 14.062545869323142)]
[(3.2801556221731158, 2.7248545053357187, 16.117405055302335)]
[(3.3799673116229862, 3.497132052501188, 16.372028736818244)]
[(2.8520208374998282, 2.957159458915406, 15.970519698815682)]
[(2.4148966916590489, 2.4649142279228187, 14.75203226764428)]
[(3.9376607998508679, 1.9426330692634157, 14.514107143884923)]
[(3.664121319741791, 3.3687583579507128, 11.976305994808193)]
[(3.7966536720602777, 2.8846968489206022, 12.570753465195555)]
[(3.1814459319909778, 2.6802278263871289, 15.265253901318333)]
[(3.0826992747584985, 3.2353111481679298, 15.696679323578786)]
[(3.4177416582694482, 2.4074609478272038, 15.085431441317585)]
[(3.745398272798568, 2.2501449824163058, 15.120832111255453)]
[(2.9992599528947386, 3.0660783335646729, 15.008593509752401)]
[(3.7920304691763165, 1.9161650996154271, 14.22243328097772)]
[(3.2219703388582741, 2.5864398344275861, 12.157769712706578)]
[(4.7927663559238489, 1.9544866867845812, 10.109929924256679)]
[(3.9120248950036722, 2.1301303850580089, 16.719957794872659)]
[(3.3827180147249982, 3.3861776612258447, 14.356870438216568)]
[(3.5358493764223127, 2.9818738176640833, 15.060142060656393)]
[(3.0040770279598936, 2.7316608835704645, 15.029831473664411)]
[(2.8981898861915942, 2.9375772061801149, 14.964518646688605)]
[(3.8236126224754634, 2.4275766746766525, 15.996669945968351)]
[(2.6694824816915048, 2.3699182313690494, 14.85737044168626)]
[(4.3577391787326736, 2.4343479717478593, 10.187707195323027)]
[(3.7703277027853277, 2.1263503883859851, 13.762845451701613)]
[(3.718820283558526, 2.4883224615037731, 13.962210636559009)]
[(3.990609099687088, 2.8764296981830038, 15.257088886746596)]
[(2.7670188976258316, 3.0864515746608712, 15.005202128327982)]
[(3.2488568907833111, 2.734128193651201, 14.959493868179418)]
[(3.9308587596012834, 2.6740583022770386, 14.105195649672174)]
[(3.731228788246598, 2.7356235790385117, 14.82614330495494)]
[(4.4740131245790744, 2.3380541395553336, 17.790386309284262)]
[(3.1698122964934194, 2.3649746132705145, 14.957748111682486)]
[(3.9334125504293893, 2.3902520439250665, 15.342235748072429)]
[(3.6601445804849448, 3.173184490323727, 14.352818623979216)]
[(3.330856467338128, 3.4171691614226609, 12.384229711825645)]
[(4.0597271088750677, 3.0779530318734762, 13.807189523673374)]
[(4.1042008925309723, 2.1704556320192094, 13.933546298363318)]
[(3.1936589768224293, 2.6379108974724179, 14.478776360986387)]
[(3.7669130237632289, 2.4770438013209151, 14.638520367373856)]
[(3.2224073306861598, 2.802690918959986, 14.807874706197572)]
[(4.3000778533555888, 1.8988961115860046, 15.001730188237437)]
[(3.8631400520329202, 2.6147576741521075, 15.399566572438165)]
[(3.24095900521574, 2.6158767311491049, 15.694109577140015)]
[(3.6537762115589798, 3.3929304284116895, 12.140708854248361)]
[(3.4551985767705538, 2.4089704060069863, 14.501826468189249)]
[(2.1122281049995197, 2.8552635572277776, 14.156868637634831)]
[(4.1346219514046183, 3.4818090086085922, 15.085307823572082)]
[(3.1298681664002999, 3.1718567907462685, 15.607125427776351)]
[(3.5837221066170279, 2.3504446313931311, 14.510860051326487)]
[(3.1041375122485642, 3.0871315671653212, 13.687335158194374)]
[(4.3865699029981267, 2.4548174289897799, 10.16820391355424)]
[(3.3601737897913035, 2.5875375298152354, 15.44025590926114)]
[(3.2922726454869959, 2.5542888549292164, 14.664153931790123)]
[(2.9145302380038856, 2.7538403450354032, 14.748274359045505)]
[(3.7432371033141152, 3.1830348148905396, 14.191549164817436)]
[(4.3041895076578136, 2.4224894415028131, 10.179797005342881)]
[(3.2858007072737734, 2.7647215726503855, 16.180383872343356)]
[(2.2868563598710554, 2.3374111896591963, 15.183767518085482)]
[(3.5471974042882501, 3.0150528822046643, 15.342458799169505)]
[(3.5605637742156513, 2.4982173725619905, 14.702049955654243)]
[(4.0923017012056224, 2.108765309953236, 14.176736312276768)]
[(2.6049293478764044, 2.6301056990956675, 15.595663927181922)]
[(3.394466933514789, 2.6343506386307078, 15.822968566253978)]
[(4.5910249768236291, 2.292428680272856, 15.674463232786461)]
[(2.340066293897713, 2.5249919678538895, 14.316581784127543)]
[(3.3603595413004301, 2.1171116071422129, 14.283987274384636)]
[(2.7445398961030061, 2.5571999621335246, 13.751214306008134)]
[(3.0821890730202877, 2.6558951285479391, 15.723214647559654)]
[(3.2458034221017686, 2.8574308945245068, 15.706150961489199)]
[(4.2008953901519988, 2.9484850838233934, 14.463371112664078)]
[(3.307361935253311, 2.4755062160051118, 14.878765393950026)]
[(1.8922994117232999, 2.5299632274903869, 14.034393837056239)]
[(3.5772839998732096, 2.5325212871021412, 14.469056604633128)]
[(3.0878768704583033, 3.4138296209880306, 15.679110468619074)]
[(2.9979601452480731, 2.2958498462233465, 14.511967285916636)]
[(2.8605820612906045, 2.4015486363261429, 15.400739699969524)]
[(3.2658272759085061, 2.0187611725344441, 15.717633520388084)]
[(3.1208881674721574, 3.3601714750101825, 15.894350277728433)]
[(2.8028267194693193, 2.7909394894555519, 14.445413576441625)]
[(2.6792165008460906, 2.3856060924018871, 15.740026104347553)]
[(3.5807205836483806, 3.270493912008253, 13.385575062844861)]
[(3.1135690350190712, 2.7211811328380646, 16.79312322754004)]
[(3.9920269169862217, 2.1935535875007699, 14.878980497072153)]
[(3.4674053473738424, 3.0534825408745836, 12.190289722061154)]
[(2.9774641650481133, 2.7926006004083561, 15.401672799774095)]
[(3.1530758297032833, 3.5212400293440962, 15.841392056047253)]
[(3.8931115562783853, 2.2611005198067664, 15.895568364049288)]
[(3.0876384907833527, 2.2485004128210915, 13.271033659361832)]
[(2.8609934600564157, 3.2714589315990614, 15.362425509905648)]
[(3.4157061237876345, 2.6158965515321344, 14.547351473263921)]
[(3.0914427817857018, 2.9084967229647902, 14.067928030251206)]
[(2.7675330936625504, 2.4931082723856535, 14.250467914149754)]
[(3.0670724953035591, 2.7896018328527008, 13.675363458124956)]
[(3.3935897431349868, 2.6308608839494774, 14.608770555287062)]
[(2.5838810505683281, 3.0517020123709289, 14.183196150436569)]
[(3.0845666159488547, 2.8277748548006532, 13.692044708099898)]
[(3.0802055402776394, 2.0884664518925948, 14.466883125068378)]
[(3.5461380541496821, 2.6588016447806897, 14.528728161827621)]
[(4.6237469678546512, 2.0872946071285945, 17.177021669570721)]
[(3.0270965422573806, 2.5135044974547687, 14.940523478424685)]
[(2.8552251900580869, 2.3634638615347558, 15.82844596374799)]
[(2.7457888570573603, 2.5070266734319429, 13.145385355405558)]
[(3.4493802530699607, 2.3768742345071301, 14.695564467238249)]
[(3.9203039323647899, 2.2005953907650246, 14.292474859591037)]
[(4.0047620746223185, 2.4145140635855231, 15.836582074978306)]
[(4.6913417766839078, 1.9401130568877294, 17.097133802532387)]
[(3.8220308784306738, 3.256728848040809, 13.79279129785035)]
[(3.9630090245624059, 2.1884731305826994, 14.064429794918672)]
[(2.0350320671515711, 2.8230922253818687, 13.417131500921741)]
[(3.2271867000051935, 2.7921197550906349, 13.844955357241123)]
[(2.9582061847009014, 2.6489983560714689, 14.762277146265452)]
[(4.2242853952761443, 2.4185264791551262, 10.327442620524481)]
[(3.1445655687793277, 2.7974609786653595, 15.590449285569974)]
[(3.543389518755987, 2.2807384197262257, 15.434446579502652)]
[(3.2534231556333717, 1.4190759354495248, 18.568719737519693)]
[(2.4117669275125437, 2.5214765647784798, 16.51223773254917)]
[(3.3686937383041515, 3.315392338604672, 13.962229556202212)]
[(2.9042753118896165, 2.7026107304617657, 14.511723631754446)]
[(2.6425889457457696, 3.0021933157204108, 14.23258130711385)]
[(3.1798273476048435, 2.7609904774938814, 16.003593117834104)]
[(3.8055431054171116, 3.0990927411701157, 12.194497605205825)]
[(2.9574044896268008, 2.769105556607967, 14.225865848104842)]
[(4.0176494613629679, 2.2785810424269446, 14.076335683413273)]
[(3.5355677050566419, 2.8361693407277286, 15.751207313365471)]
[(3.4744324959010844, 2.9284854155971756, 13.109273155189426)]
[(4.3921944201215544, 2.039869584937037, 16.565142692909181)]
[(2.9294537915932155, 2.5821876232441667, 12.418697912188673)]
[(4.2498366277891098, 1.8492400321596514, 15.4889193434979)]
[(3.320285143657518, 3.0694134861078339, 14.871025928286555)]
[(3.3418838267819755, 3.116166549213133, 12.735598036911156)]
[(3.8728337077522328, 2.9894618844187679, 12.087339791006299)]
[(2.9096853848276574, 3.1436074829742493, 13.485010680442198)]
[(2.6857658688176738, 2.5765470515189808, 15.465390265874138)]
[(5.3345337382230911, 1.7240427023568126, 17.510351551391466)]
[(2.4305569023342652, 2.1592070117822573, 13.834536950451929)]
[(3.1415178317314378, 2.8139700420982612, 15.570756970333154)]
[(3.6945194548850187, 3.0965556258553866, 11.877043964260693)]
[(3.8604322328396767, 3.1049295691145042, 11.938121347551423)]
[(2.867735570675805, 3.218078173813598, 14.171960826605961)]
[(2.1561138250039615, 2.2615817945943526, 16.774263472067069)]
[(3.3977014999454274, 2.324161280045077, 15.723775127348661)]
[(2.9277438332946799, 2.6989755468388421, 13.947222835604791)]
[(3.9208021329260885, 2.4179206165792353, 15.308571575003418)]
[(4.1984430350076769, 3.2398476446294366, 11.867297437716804)]
[(3.8244103032227819, 2.1182028613026698, 14.392751731394119)]
[(1.8628332014096536, 2.5228889946852924, 13.977973822123033)]
[(3.6622478704156731, 2.1567514491155624, 14.727444496517641)]
[(3.0720530862437401, 2.954403120045892, 15.640898236740453)]
[(3.48041712942798, 2.2796622199378374, 14.606743249366957)]
[(5.1575924621780267, 2.0850033088905437, 17.677591706338941)]
[(4.1560587912295617, 1.9625367646150669, 14.134632303502457)]
[(4.3700557398903417, 2.5319914093153999, 14.811618648333717)]
[(2.9153618100259235, 2.9474886220192866, 14.727902176919949)]
[(3.5529052035254542, 2.0830693824178743, 15.144364008093246)]
[(3.5705630200981986, 2.2869376801213992, 14.663701731683652)]
[(3.50070877884444, 2.5550221463434948, 14.887337004840646)]
[(3.0796731813042504, 2.8851811896439852, 14.917481531629015)]
[(2.9739629755153452, 2.5897370089264076, 15.323659106839866)]
[(3.3036548834295267, 2.853922186726745, 15.448490109438632)]
[(2.9245885916012764, 2.9473403117797217, 14.51096581413888)]
[(4.9115074208185758, 2.3443606801928736, 15.854840020136226)]
[(2.7452521984742697, 3.0157446958139618, 16.721044568890679)]
[(3.6575630421363772, 2.8138990098518577, 12.920914093191056)]
[(3.4460232801970405, 2.1905558054565519, 14.646480042662551)]
[(3.5866131327088966, 2.8441818974310786, 15.060226441462202)]
[(3.6497556454896682, 3.3432234998134596, 12.002059977906448)]
[(3.6022061888619406, 2.894534236666062, 15.010735316364014)]
[(3.9631467100435409, 2.2680957302681861, 14.090125911662833)]
[(3.5415920330088881, 2.543632956880935, 14.246851419162999)]
[(2.9661084314458916, 3.9698047224121633, 13.097128572315563)]
[(4.0027551748853023, 2.6564157026203508, 14.439961987337975)]
[(3.5534158057435983, 2.2005257612728597, 15.699119975365411)]
[(3.2974782116368644, 2.1420076971549236, 14.472776532535017)]
[(3.382546922245544, 3.5388751998644743, 14.947937294459484)]
[(2.7077287712954048, 2.7876638905344695, 14.599842542366593)]
[(3.7170434799211911, 2.3179699596308891, 14.969540864160244)]
[(2.7436538927022172, 2.8861048104609983, 15.401922134751182)]
[(3.7689244285942958, 3.2849959049241177, 11.382170439208139)]
[(3.8030767402532937, 2.770279255016967, 13.602758448500451)]
[(2.7620791902834227, 2.6586286768556766, 15.874337502046703)]
[(3.1011629957765954, 2.5316292320167966, 16.063219185908004)]
[(5.4053980344165682, 1.8763993360456426, 17.546997375903082)]
[(3.7499864486830274, 3.0541301348804151, 12.891188327915986)]
[(3.2694461317375558, 3.5041559060713663, 12.076458548290878)]
[(3.5738194777513557, 2.410088877282762, 13.058646379676425)]
[(4.1046572476395813, 2.0465536820411883, 16.842203786377141)]
[(2.8457547777192218, 2.8196697925052714, 15.463530064444779)]
[(4.0687084956086057, 2.5969231163325617, 15.604353698986298)]
[(2.8703617113739526, 2.770110269081175, 16.332426392089868)]
[(3.7409733277798409, 2.5046772118291152, 14.040740856446812)]
[(2.4778891049974381, 2.9878191603062043, 15.707954388788481)]
[(3.7572569355105321, 2.426348714714508, 15.678121289943846)]
[(3.0370533913359292, 2.630550232649993, 14.371227356563463)]
[(3.3757229167829466, 2.455442349452265, 14.367891388407086)]
[(3.3914640608972624, 3.2509229034026585, 12.453260479897196)]
[(4.1356766134889078, 2.9626659613045709, 13.923962340546282)]
[(3.2070533168967188, 2.1357839205595752, 14.647741395645591)]
[(3.4103471397014671, 2.8966976912497264, 12.871278411724305)]
[(3.5402327093241355, 2.8176280811056182, 15.310249338916039)]
[(3.4950539803883367, 2.1369952120726392, 14.596071481191242)]
[(3.3126580805969952, 2.9612612395408502, 11.835027846263696)]
[(4.0853154001584908, 2.8126474458885014, 15.205928245933897)]
[(3.2778733874385546, 3.247111658653326, 15.887125917576235)]
[(2.7537029731668712, 2.3980072902921337, 13.381032357639342)]
[(2.9557587376964429, 2.509843485247456, 14.204130344257605)]
[(3.2199917305207331, 3.0185976570692405, 13.959271750287451)]
[(3.2879015952073871, 3.5890436727358654, 12.242419523396329)]
[(4.3533704718479314, 2.3374683423698785, 10.024856116285408)]
[(3.0620992611886035, 2.8036343919352986, 12.489978702535346)]
[(2.2569802555140823, 2.3567201790344452, 16.630515349835122)]
[(2.8972676865129015, 2.8410645938498762, 15.241159375998329)]
