[(26100.590909090908, 1292.9049876494842)]
[(17812.0, 828.34650156714702)]
[(33548.090909090912, 1437.6155544194307)]
[(31636.18181818182, 1225.6231235374105)]
[(15559.227272727272, 672.74473793940115)]
[(15998.5, 1571.9332370974801)]
[(30212.863636363636, 1349.733794353225)]
[(29864.18181818182, 1310.0495296825063)]
[(19237.045454545456, 1022.483284668489)]
[(15137.181818181818, 1477.2425117275932)]
[(12268.863636363636, 769.78563929687846)]
[(39393.454545454544, 2057.5672245459123)]
[(16390.31818181818, 706.67007550326264)]
[(33263.681818181816, 1353.6442631699822)]
[(27015.18181818182, 980.75555263866079)]
[(14589.181818181818, 781.33939175172281)]
[(16980.363636363636, 1087.2301293069665)]
[(30600.18181818182, 1446.104350718585)]
[(21627.636363636364, 1145.5137509541078)]
[(31021.227272727272, 1378.2401050762696)]
[(22537.68181818182, 1045.9788111556661)]
[(27047.0, 1194.670834758065)]
[(23851.090909090908, 1141.2156401872635)]
[(21011.31818181818, 1113.3060899756172)]
[(27600.863636363636, 1457.4245993982661)]
[(13451.272727272728, 801.45790117437184)]
[(13356.318181818182, 973.34760998595846)]
[(16651.727272727272, 887.3970787416805)]
[(27142.31818181818, 1361.6665908965197)]
[(30308.863636363636, 1632.8801735964689)]
[(17561.454545454544, 806.37926436554301)]
[(22434.045454545456, 1228.1171619783747)]
[(17838.045454545456, 783.24645563689148)]
[(19692.81818181818, 800.84783963723612)]
[(22472.863636363636, 1249.8865241570907)]
[(19994.727272727272, 955.21747739748525)]
[(15700.09090909091, 832.49047415906728)]
[(21739.272727272728, 1072.1013746261597)]
[(20989.545454545456, 1038.5957926945252)]
[(16321.09090909091, 952.34023068167949)]
[(19032.545454545456, 1028.432897307656)]
[(29611.227272727272, 1374.4103000922637)]
[(26517.772727272728, 1153.7935880422592)]
[(23302.954545454544, 1169.9945985078812)]
[(16765.590909090908, 1077.8379740064795)]
[(13687.59090909091, 755.14438268271363)]
[(20306.545454545456, 878.90709434856069)]
[(14654.0, 843.88614452968943)]
[(31636.18181818182, 1225.6231235374105)]
[(18010.954545454544, 896.30368332429362)]
[(33653.090909090912, 1495.8245136304336)]
[(24643.136363636364, 1348.9201258854432)]
[(13634.227272727272, 864.6758074110204)]
[(19252.545454545456, 788.74982073090291)]
[(35816.818181818184, 1501.5535438927736)]
[(21429.136363636364, 778.67699550498617)]
[(25055.727272727272, 1324.1260293288665)]
[(28413.636363636364, 1405.9007437879388)]
[(17455.954545454544, 965.9674574786967)]
[(23235.409090909092, 1051.4560639641502)]
[(38768.227272727272, 1719.8353283296931)]
[(12705.727272727272, 780.26362089677286)]
[(23292.454545454544, 1395.5780884569342)]
[(25560.68181818182, 1404.0554209405725)]
[(14359.045454545454, 807.62771656296468)]
[(16965.81818181818, 652.88844104246664)]
[(29960.363636363636, 1253.9212343042548)]
[(16388.0, 828.19209390336812)]
[(20042.272727272728, 1053.1753082708879)]
[(39525.86363636364, 2040.3972193436189)]
[(21897.772727272728, 1253.8711164322767)]
[(25400.727272727272, 1111.9778925505552)]
[(19545.727272727272, 1104.8135091174734)]
[(15370.227272727272, 857.45725205811584)]
[(33369.318181818184, 1428.8461125655608)]
[(17943.909090909092, 1015.3003580678593)]
[(26642.090909090908, 1290.2483233105052)]
[(20199.090909090908, 1060.8375147039239)]
[(20823.545454545456, 1096.1430047750473)]
[(23769.045454545456, 1110.5447562174363)]
[(12537.818181818182, 625.91252630407155)]
[(38304.681818181816, 1617.9704335711219)]
[(26040.090909090908, 1335.6546982418406)]
[(27243.272727272728, 1800.9041791829195)]
[(22504.18181818182, 1243.7053550915284)]
[(21530.863636363636, 1192.3992159041491)]
[(31243.727272727272, 1079.7702315720644)]
[(33002.318181818184, 1464.4182488376443)]
[(25615.090909090908, 1167.3152268149636)]
[(19780.0, 1164.6679688041861)]
[(14647.40909090909, 715.14648938179016)]
[(30709.18181818182, 1504.306659416719)]
[(23186.227272727272, 1056.0837500637228)]
[(20199.090909090908, 1060.8375147039239)]
[(15318.681818181818, 943.30322402173817)]
[(39055.045454545456, 1720.6268284212458)]
[(12793.363636363636, 628.53237379680979)]
[(24440.18181818182, 1048.4770137830214)]
[(26097.0, 1403.5156983028758)]
[(31336.5, 1726.2297801429575)]
[(38998.090909090912, 1585.9786518053575)]
[(24806.81818181818, 1182.5886032039468)]
[(32976.045454545456, 1242.2530264746058)]
[(24169.909090909092, 2208.2129148353229)]
[(29186.18181818182, 1653.6679992675781)]
[(13670.454545454546, 986.88568522713399)]
[(31037.5, 1641.1798520846801)]
[(16636.090909090908, 744.07958587733185)]
[(21479.68181818182, 1700.8968795537949)]
[(27293.863636363636, 1147.4290330735121)]
[(16573.863636363636, 783.24137284538961)]
[(39528.818181818184, 1597.7936981808054)]
[(17934.363636363636, 921.39394329894674)]
[(26319.909090909092, 1219.2648394541307)]
[(34438.86363636364, 1553.785859573971)]
[(20534.954545454544, 953.04636377638042)]
[(26380.68181818182, 1206.0440672636032)]
[(23473.090909090908, 1112.5781681320884)]
[(33456.590909090912, 1653.1423861221833)]
[(18672.68181818182, 990.92066486315298)]
[(16922.227272727272, 913.50044992837036)]
[(23932.409090909092, 1128.1521416143937)]
[(32232.68181818182, 1429.4508218223398)]
[(30984.590909090908, 1491.3295565843582)]
[(16044.454545454546, 755.03057642416525)]
[(27828.954545454544, 1323.6228540485556)]
[(23025.227272727272, 1031.8159157687967)]
[(13281.681818181818, 617.44460014863444)]
[(22774.772727272728, 1161.676646340977)]
[(39371.86363636364, 1567.9361030513589)]
[(34816.590909090912, 1562.0612629868767)]
[(34677.727272727272, 1498.5121035575867)]
[(39269.681818181816, 1420.9900851574812)]
[(37088.909090909088, 1680.6082852536981)]
[(24244.590909090908, 986.87876522541046)]
[(21934.81818181818, 1464.0898615988817)]
[(14829.636363636364, 818.4340854016217)]
[(40291.272727272728, 1927.7187662558122)]
[(35652.0, 1512.5348109115255)]
[(23263.5, 1206.1761472008445)]
[(19601.68181818182, 956.31438788500702)]
[(25292.363636363636, 1182.3321225859902)]
[(24289.727272727272, 1406.7367399822581)]
[(31074.636363636364, 1364.017954978076)]
[(14634.363636363636, 657.12729709798634)]
[(22362.954545454544, 1140.9166108153083)]
[(14867.045454545454, 812.61406637321818)]
[(36553.772727272728, 1953.6860034574163)]
[(20174.045454545456, 986.97835185311055)]
[(13451.272727272728, 801.45790117437184)]
[(15255.136363636364, 948.03076623786581)]
[(32485.409090909092, 1634.8763890374792)]
[(16621.772727272728, 975.97594520178711)]
[(31583.863636363636, 1539.2800878286362)]
[(32352.409090909092, 1514.2458369840276)]
[(24816.772727272728, 1234.2029086026278)]
[(29305.31818181818, 1534.4739884788339)]
[(21812.81818181818, 986.43916819312358)]
[(21062.31818181818, 1236.1603598486292)]
[(31907.0, 1422.7496613805945)]
[(32002.136363636364, 1238.0364981456237)]
[(27508.090909090908, 1303.1788233410227)]
[(19016.136363636364, 1160.9014725793493)]
[(24776.18181818182, 1093.2613243839958)]
[(17716.136363636364, 703.22023321281779)]
[(28063.227272727272, 1577.0270121422682)]
[(16229.454545454546, 944.50534290617168)]
[(12654.59090909091, 909.32776858589864)]
[(31568.227272727272, 1910.2689239653673)]
[(19820.409090909092, 1175.2269938642328)]
[(16829.31818181818, 949.75065966085958)]
[(13139.045454545454, 572.18636199561035)]
[(25541.68181818182, 1013.7762329686772)]
[(19148.272727272728, 1932.8569272648203)]
[(37943.5, 1689.1584429632533)]
[(21957.727272727272, 975.76266245408488)]
[(16014.90909090909, 813.5492695678364)]
[(19463.545454545456, 1077.6722126657312)]
[(36231.818181818184, 1545.3752407810905)]
[(10629.454545454546, 681.43611242554402)]
[(20916.0, 1256.6106614416296)]
[(40222.954545454544, 1681.7867781790819)]
[(22863.727272727272, 1241.9511311487718)]
[(15876.045454545454, 1081.6022533936934)]
[(28046.545454545456, 1291.7053550915284)]
[(33281.909090909088, 1308.4399274479258)]
[(21215.727272727272, 1041.4226520494981)]
[(17652.136363636364, 918.28697736696768)]
[(27840.5, 982.28476052934468)]
[(28835.045454545456, 1228.4669583385642)]
[(22622.0, 1226.3566671501505)]
[(24427.68181818182, 919.97059292143047)]
[(22720.409090909092, 1148.5271316549995)]
[(28914.045454545456, 1328.3265008167787)]
[(34286.909090909088, 1307.9029606255617)]
[(12990.59090909091, 623.64025833389974)]
[(14677.272727272728, 742.31936053796244)]
[(24984.81818181818, 1335.3281482132998)]
[(14136.954545454546, 776.8267000046643)]
[(20133.31818181818, 876.61276814070618)]
[(22916.454545454544, 1174.9667286872864)]
[(19066.363636363636, 876.42559767853129)]
[(30001.227272727272, 1162.4915029027245)]
[(25882.18181818182, 1314.0321746089242)]
[(15455.954545454546, 834.61525446718395)]
[(19673.045454545456, 1122.1666307340968)]
[(23587.636363636364, 1381.7554729635065)]
[(11645.0, 1232.6487765203822)]
[(21138.18181818182, 1217.3312836560335)]
[(19208.727272727272, 1049.3511250560935)]
[(24123.5, 1348.0400132157586)]
[(17618.136363636364, 930.58287129618907)]
[(33641.454545454544, 1420.1270580725236)]
[(16681.363636363636, 853.20769144188273)]
[(20832.045454545456, 1328.9544564052062)]
[(13550.727272727272, 991.00132869590414)]
[(18073.227272727272, 919.09804936972535)]
[(12550.772727272728, 636.31649458408356)]
[(21016.18181818182, 1140.5318348191001)]
[(16922.227272727272, 913.50044992837036)]
[(24784.81818181818, 1043.7437396591361)]
[(19947.909090909092, 1230.9531581726942)]
[(25148.5, 1096.8872529485009)]
[(18626.590909090908, 908.46149591966105)]
[(23185.81818181818, 1020.6427751237696)]
[(23811.227272727272, 1263.1416268673811)]
[(29365.090909090908, 1353.9350743077018)]
[(13614.454545454546, 887.86878945610738)]
[(18453.045454545456, 995.93247784267771)]
[(31131.136363636364, 1334.2511892643843)]
[(18453.045454545456, 995.93247784267771)]
[(14938.363636363636, 694.63888042623341)]
[(21704.409090909092, 1023.4434120546688)]
[(22127.045454545456, 985.44941345128143)]
[(16688.772727272728, 915.55775729092682)]
[(14473.727272727272, 762.21128618717194)]
[(18840.409090909092, 894.20631353421641)]
[(22362.954545454544, 1140.9166108153083)]
[(23403.454545454544, 1182.1102419766512)]
[(28760.727272727272, 1468.1047303459861)]
[(22955.045454545456, 997.0258732600646)]
[(18336.772727272728, 969.74282105402517)]
[(23595.81818181818, 1403.9060960682955)]
[(22615.227272727272, 955.45098117264831)]
[(22213.545454545456, 875.8892799724232)]
[(26371.090909090908, 1176.9493736137044)]
[(23684.363636363636, 989.61203934929586)]
[(17156.636363636364, 786.02476484125316)]
[(18722.5, 984.09915778853679)]
[(22658.272727272728, 868.14013882116842)]
[(19580.31818181818, 1006.0686118277637)]
[(32976.045454545456, 1242.2530264746058)]
[(29658.590909090908, 1280.4014327417719)]
[(18831.68181818182, 960.81886139782989)]
[(13677.636363636364, 816.193661624735)]
[(23536.81818181818, 870.49398922920227)]
[(34394.590909090912, 1223.8358673074029)]
[(23520.0, 1424.68662211028)]
[(27947.136363636364, 1122.2592973600733)]
[(21711.136363636364, 1233.393024693836)]
[(13513.59090909091, 834.71013793078339)]
[(20705.636363636364, 1008.5967112996361)]
[(14287.954545454546, 857.68697127428925)]
[(12956.0, 706.08807360042226)]
[(21957.727272727272, 975.76266245408488)]
[(20823.18181818182, 1048.417759071697)]
[(28513.5, 1393.360641522841)]
[(13383.363636363636, 781.40935102376068)]
[(28302.454545454544, 1095.2626226165078)]
[(30993.727272727272, 1317.4104899059641)]
[(15362.5, 845.18785004182291)]
[(15362.5, 845.18785004182291)]
[(23356.68181818182, 1075.9772434342992)]
[(26873.136363636364, 1364.1144061630423)]
[(25702.136363636364, 1251.0565293593841)]
[(20956.5, 948.03428130800069)]
[(12050.227272727272, 863.58803376284516)]
[(15293.59090909091, 719.61349693211639)]
[(29700.0, 1103.4551453590393)]
[(20599.81818181818, 1153.1623868725517)]
[(23484.954545454544, 1030.8235645619307)]
[(22669.090909090908, 1364.1503044041719)]
[(22471.772727272728, 1244.7902627858248)]
[(33155.318181818184, 1373.7347129583359)]
[(30987.454545454544, 1526.0820229920473)]
[(17075.0, 815.20925916324961)]
[(17382.909090909092, 1005.9895157163793)]
[(24209.727272727272, 1032.8544901501048)]
[(16651.727272727272, 887.3970787416805)]
[(18336.772727272728, 969.74282105402517)]
[(39525.86363636364, 2040.3972193436189)]
[(24662.545454545456, 1277.1293545853007)]
[(27201.772727272728, 1068.8948220664804)]
[(18059.590909090908, 1059.3083068132401)]
[(15385.863636363636, 898.80150632424784)]
[(43753.772727272728, 2013.9671387780797)]
[(15767.40909090909, 850.93985714695668)]
[(22337.727272727272, 895.99265115911305)]
[(24164.81818181818, 989.71762737360871)]
[(16852.363636363636, 761.36393631588328)]
[(16615.909090909092, 860.47728327187622)]
[(24427.68181818182, 919.97059292143047)]
[(24147.090909090908, 1111.343286449259)]
[(33117.36363636364, 1265.4854218309576)]
[(29884.5, 1244.354180823673)]
[(17918.31818181818, 801.8779262954539)]
[(22213.545454545456, 875.8892799724232)]
[(15645.272727272728, 769.35923315178263)]
[(14120.363636363636, 865.31641490892935)]
[(16130.545454545454, 828.6972165324471)]
[(21741.909090909092, 958.55232533541596)]
[(17381.18181818182, 940.6780242486434)]
[(19898.227272727272, 1029.9498329162598)]
[(43003.13636363636, 2073.2278632575817)]
[(32585.863636363636, 1613.7659080353651)]
[(27715.863636363636, 1071.2468352642927)]
[(18740.68181818182, 1081.5543523593383)]
[(29642.68181818182, 1401.5645179423418)]
[(24105.954545454544, 1564.2436201464045)]
[(25871.545454545456, 1550.0366082841699)]
[(16625.68181818182, 1008.2230194915425)]
[(22295.090909090908, 1088.9805686907334)]
[(41639.454545454544, 2154.6723532676697)]
[(24816.772727272728, 1234.2029086026278)]
[(23131.863636363636, 1053.5585165457292)]
[(20883.272727272728, 1109.6927031820471)]
[(13907.545454545454, 847.79726246270263)]
[(19952.68181818182, 1017.6448021476918)]
[(15318.454545454546, 871.90977048873901)]
[(30742.81818181818, 1279.9599984992635)]
[(16855.727272727272, 718.73024881969798)]
[(20118.545454545456, 1067.2972226251256)]
[(32484.545454545456, 1427.4555249864404)]
[(33157.545454545456, 1134.9475364034827)]
[(32465.545454545456, 1436.0379065166819)]
[(20417.727272727272, 1137.5603537559509)]
[(33277.63636363636, 1418.01352130283)]
[(40789.272727272728, 1950.9019623452966)]
[(17733.68181818182, 795.13551533222198)]
[(17789.81818181818, 994.9190971417861)]
[(16578.090909090908, 855.95388696410441)]
[(14700.954545454546, 695.33117351748729)]
[(23972.545454545456, 1159.0518261952834)]
[(19580.31818181818, 1006.0686118277637)]
[(28355.136363636364, 1227.3880520408804)]
[(18132.954545454544, 856.50534290617168)]
[(12630.545454545454, 694.96126626838338)]
[(15134.59090909091, 763.06463745507324)]
[(37845.227272727272, 2073.4074646017766)]
[(18283.68181818182, 760.60298218510366)]
[(50049.727272727272, 2159.0132822773671)]
[(30281.909090909092, 1224.637802470814)]
[(12827.681818181818, 844.23464265736663)]
[(22476.409090909092, 1115.1706051067872)]
[(24915.18181818182, 1055.9832448309119)]
[(19086.863636363636, 904.16625110669565)]
[(17936.5, 979.0271714925766)]
[(19322.545454545456, 977.60317199880421)]
[(23910.636363636364, 1008.1820384589108)]
[(26308.68181818182, 1395.2667868028987)]
[(21220.409090909092, 1319.8711164322767)]
[(22725.227272727272, 936.90017434683716)]
[(16014.90909090909, 813.5492695678364)]
[(22125.363636363636, 1180.9014725793493)]
[(21566.81818181818, 920.35093524239278)]
[(33189.5, 1530.5858473886144)]
[(30897.68181818182, 1224.68662211028)]
[(22886.136363636364, 893.39042822881174)]
[(18476.363636363636, 922.33358016881073)]
[(13942.90909090909, 736.31752332774079)]
[(26603.590909090908, 1323.6054989749734)]
[(23961.545454545456, 1130.1795521324332)]
[(26148.68181818182, 1249.8181326064196)]
[(18999.136363636364, 977.29278894987976)]
[(32434.954545454544, 1529.3144183483992)]
[(21676.090909090908, 1429.8944729024713)]
[(22131.136363636364, 1259.3981074853377)]
[(28998.590909090908, 1409.7022196487947)]
[(23852.090909090908, 1175.2327257719908)]
[(33540.0, 1443.834299586036)]
[(20438.909090909092, 1151.0010592070494)]
[(8777.5, 515.84727019613445)]
[(18977.727272727272, 1078.3896994374015)]
[(21508.81818181818, 1189.2109370231628)]
[(12379.227272727272, 837.04257921739054)]
[(13897.318181818182, 835.26094475659454)]
[(16619.772727272728, 914.66288601268423)]
[(29911.954545454544, 1441.3187418850985)]
[(18358.31818181818, 927.94345189224589)]
[(27263.590909090908, 1549.9218834205108)]
[(24440.363636363636, 1244.0157381404531)]
[(33292.590909090912, 1260.0261732123115)]
[(25412.772727272728, 1310.3765085502105)]
[(32183.863636363636, 1209.429951678623)]
[(26749.0, 1417.0379861918364)]
[(33929.63636363636, 1325.9814076206901)]
[(31694.18181818182, 1800.2865485278044)]
[(23989.409090909092, 1088.4297618649223)]
[(15040.90909090909, 845.38794190233409)]
[(34736.954545454544, 1520.6986249035056)]
[(20498.863636363636, 1228.5756818056107)]
[(17107.909090909092, 1016.80280455676)]
[(14258.59090909091, 765.78120562163269)]
[(25182.045454545456, 1000.2236686077985)]
[(33570.681818181816, 1404.2650292678313)]
[(25682.636363636364, 1274.3129303021865)]
[(21859.045454545456, 1432.3630481741645)]
[(29120.68181818182, 1298.7623132900758)]
[(23839.227272727272, 1089.5868456688795)]
[(12872.363636363636, 869.87635857408702)]
[(30141.0, 1066.2902229482477)]
[(22225.954545454544, 1054.1136469082398)]
[(13106.727272727272, 922.30368332429362)]
[(27527.090909090908, 1074.5750326893547)]
[(19975.18181818182, 965.25375526601613)]
[(24709.909090909092, 1223.7938575311141)]
[(39525.86363636364, 2040.3972193436189)]
[(20097.727272727272, 783.58803376284516)]
[(13545.772727272728, 718.02124977111816)]
[(12590.681818181818, 779.33782403035593)]
[(18656.0, 844.64682917161417)]
[(27001.090909090908, 1250.5331330516121)]
[(20373.136363636364, 958.32444332946432)]
[(31074.090909090908, 1315.2273734916341)]
[(21076.0, 955.4859608086673)]
[(18166.272727272728, 961.56727375767446)]
[(36001.090909090912, 1501.9042588580739)]
[(22682.772727272728, 1013.3012766729702)]
[(43398.0, 1716.5994179032066)]
[(23679.363636363636, 1135.8713859211314)]
[(23342.772727272728, 1048.5213997472417)]
[(25680.363636363636, 950.91779890927398)]
[(19538.454545454544, 1013.5804646448655)]
[(42606.272727272728, 2185.0444773543963)]
[(15830.0, 876.70165020769298)]
[(14829.636363636364, 818.4340854016217)]
[(25858.5, 1208.3755899450996)]
[(15040.90909090909, 845.38794190233409)]
[(27066.5, 1455.9880581335588)]
[(28410.409090909092, 1456.6598607084968)]
[(16429.31818181818, 921.19920371879232)]
[(24852.272727272728, 1056.5015583471818)]
[(18809.0, 811.08669569275594)]
[(15300.5, 940.00492344119334)]
[(22225.954545454544, 1054.1136469082398)]
[(16757.272727272728, 742.17538794604218)]
[(25171.909090909092, 1084.3377443552017)]
[(18975.727272727272, 1011.7346028197895)]
[(21457.272727272728, 1303.9729198975997)]
[(17730.954545454544, 898.47258010777557)]
[(22855.636363636364, 1321.0108451626518)]
[(29854.636363636364, 1446.6498052640395)]
[(16746.5, 912.82329507307577)]
[(13052.772727272728, 674.81377860632813)]
[(13842.318181818182, 753.93809961188924)]
[(24724.363636363636, 1329.0496093576605)]
[(23342.136363636364, 1197.7403347275474)]
[(21215.727272727272, 1041.4226520494981)]
[(19067.545454545456, 987.81148209355092)]
[(29439.409090909092, 1033.831054004756)]
[(18646.68181818182, 835.68632215803325)]
[(35454.045454545456, 1463.009657068686)]
[(15743.318181818182, 864.44008679823446)]
[(27243.272727272728, 1800.9041791829195)]
[(16945.590909090908, 1002.2617836865512)]
[(16294.136363636364, 1071.8981473229148)]
[(17598.31818181818, 1131.32436365431)]
[(34073.227272727272, 1281.9735690138557)]
[(14942.136363636364, 925.05014833537018)]
[(26491.31818181818, 1055.9812974821436)]
[(24278.0, 1041.6715635494752)]
[(34892.0, 1774.7535560781305)]
[(15384.727272727272, 730.40667488358235)]
[(24856.0, 897.79569474133575)]
[(15863.818181818182, 736.37196473641825)]
[(27015.18181818182, 980.75555263866079)]
[(23371.454545454544, 1310.9765146428888)]
[(13872.363636363636, 844.46306364102793)]
[(12952.727272727272, 689.61571376973927)]
[(22188.5, 1107.6924336931922)]
[(21704.409090909092, 1023.4434120546688)]
[(14538.59090909091, 725.04036237976766)]
[(10785.954545454546, 843.46860573508525)]
[(35309.36363636364, 1435.1467096588829)]
[(23498.545454545456, 1388.6507238691504)]
[(16959.68181818182, 1018.0231971198863)]
[(32436.409090909092, 1216.2013408812609)]
[(36197.227272727272, 1900.2547043345191)]
[(31675.727272727272, 1433.8245136304336)]
[(31587.409090909092, 1741.8318132595582)]
[(36012.454545454544, 1824.5039954618974)]
[(37014.909090909088, 1449.9332370974801)]
[(16294.136363636364, 1071.8981473229148)]
[(32551.045454545456, 1447.6086344177072)]
[(23684.590909090908, 1306.3299057483673)]
[(29368.68181818182, 1393.7873171567917)]
[(15310.772727272728, 942.0641781525178)]
[(24373.227272727272, 1250.1764166896994)]
[(12669.636363636364, 862.91022979129446)]
[(27982.18181818182, 959.50774955749512)]
[(21252.090909090908, 1050.3437457518144)]
[(24003.136363636364, 1388.6043905561621)]
[(18299.227272727272, 839.71659862995148)]
[(17146.590909090908, 882.97418766671956)]
[(25479.772727272728, 913.39616013656962)]
[(33540.0, 1443.834299586036)]
[(21479.363636363636, 1304.4669583385642)]
[(20161.954545454544, 1096.0141704190862)]
[(19106.227272727272, 1033.7992098114707)]
[(17060.727272727272, 998.8094550696286)]
[(18906.227272727272, 1263.2162893035195)]
[(17665.409090909092, 1025.2758135036988)]
[(13694.0, 872.10007639364767)]
[(39882.590909090912, 1742.8143785108221)]
[(27560.363636363636, 1339.6030126484957)]
[(26146.090909090908, 1511.4341158650138)]
[(17719.136363636364, 897.65864215113902)]
[(39112.545454545456, 1616.7339841669257)]
[(17111.863636363636, 1077.1768759922547)]
[(28157.409090909092, 2575.3064203912563)]
[(19649.863636363636, 956.49999062581492)]
[(24229.363636363636, 975.070638851686)]
[(15934.045454545454, 742.68678146058858)]
[(18965.136363636364, 892.26962229338562)]
[(33895.0, 1145.8815515041351)]
[(17131.0, 1068.1949598572471)]
[(31474.272727272728, 1333.343286449259)]
[(32114.5, 1498.5921182740819)]
[(22093.272727272728, 928.76312175664032)]
[(31795.954545454544, 1448.0007100430403)]
[(21679.5, 1247.1037812774832)]
[(18650.0, 1039.0772893645546)]
[(24201.909090909092, 1209.3196604902093)]
[(13554.818181818182, 917.55213552171529)]
[(15127.40909090909, 752.97418766671956)]
[(22213.545454545456, 875.8892799724232)]
[(14661.272727272728, 863.15822268616068)]
[(21316.68181818182, 1028.785179994323)]
[(26308.68181818182, 1395.2667868028987)]
[(18626.590909090908, 908.46149591966105)]
[(18724.272727272728, 1134.1262988177214)]
[(13209.5, 678.30108685926962)]
[(17436.5, 903.23261563344431)]
[(18986.5, 973.18093004009938)]
[(12007.772727272728, 757.89711857925761)]
[(16260.954545454546, 856.36855980482972)]
[(15268.40909090909, 931.99421888047993)]
[(21402.090909090908, 1171.3152268149636)]
[(18569.272727272728, 1151.3549096150832)]
[(26055.5, 1134.8243238167329)]
[(35559.772727272728, 1508.3482895656066)]
[(27602.454545454544, 1426.9900851574812)]
[(36902.545454545456, 1615.533433003859)]
[(13698.59090909091, 938.69029653072357)]
[(16625.68181818182, 1008.2230194915425)]
[(36902.5, 1582.0082791610198)]
[(31672.136363636364, 1356.2253464677117)]
[(38674.86363636364, 1623.9405367266047)]
[(39305.13636363636, 2196.3200705810027)]
[(21393.090909090908, 1234.2737864797766)]
[(34991.318181818184, 1706.9828956669028)]
[(17536.863636363636, 899.51742537455129)]
[(19067.545454545456, 987.81148209355092)]
[(19507.81818181818, 978.60049585862589)]
[(20636.81818181818, 1028.2542145685716)]
[(14840.318181818182, 1057.1434640776026)]
[(21479.090909090908, 1068.0875346227126)]
[(34309.818181818184, 1490.9047181606293)]
[(29614.772727272728, 1197.2352120984685)]
[(14498.40909090909, 928.852273312482)]
[(19086.863636363636, 904.16625110669565)]
[(23477.636363636364, 1365.9738385027106)]
[(21083.5, 1096.7098684419286)]
[(29938.045454545456, 1283.4031902768395)]
[(15534.90909090909, 726.27302722497416)]
[(39674.36363636364, 1960.2727085243571)]
[(26055.5, 1134.8243238167329)]
[(12550.772727272728, 636.31649458408356)]
[(35246.318181818184, 1431.7743957584555)]
[(28729.363636363636, 1166.9368318427694)]
[(23081.227272727272, 1171.4790408069437)]
[(21208.227272727272, 797.11853988604116)]
[(16635.863636363636, 868.37299348007548)]
[(18311.772727272728, 1021.1822282726115)]
[(19233.5, 1059.4796899231997)]
[(17368.81818181818, 889.67351089824331)]
[(17973.863636363636, 709.74963091720235)]
[(15229.59090909091, 946.31974016536367)]
[(32388.31818181818, 1434.0760215954347)]
[(14936.90909090909, 803.97659431804311)]
[(28734.954545454544, 1090.3849962733009)]
[(22491.272727272728, 907.56884147904134)]
[(11339.136363636364, 662.38110157576477)]
[(21215.727272727272, 1041.4226520494981)]
[(12827.681818181818, 844.23464265736663)]
[(18847.090909090908, 972.1530602195046)]
[(21528.863636363636, 1023.003545533527)]
[(19501.772727272728, 1121.3397713791239)]
[(35132.045454545456, 1592.9013132290406)]
[(29446.68181818182, 1312.5378362157128)]
[(14283.454545454546, 714.70505513928151)]
[(39035.409090909088, 1993.3050120201979)]
[(19430.68181818182, 851.44341205466878)]
[(17109.045454545456, 1065.8729536424983)]
[(22127.045454545456, 985.44941345128143)]
[(15147.181818181818, 993.98194659839976)]
[(12379.227272727272, 837.04257921739054)]
[(15759.727272727272, 659.1874704144218)]
[(15310.772727272728, 942.0641781525178)]
[(33801.090909090912, 1543.3859453418038)]
[(20174.5, 787.11945849115193)]
[(27124.545454545456, 1431.868630105799)]
[(27821.636363636364, 1140.0131416754289)]
[(23168.272727272728, 1161.3120913722298)]
[(21279.909090909092, 885.67626671357584)]
[(16320.181818181818, 816.03768623958933)]
[(19276.409090909092, 863.94696696238088)]
[(21082.590909090908, 1028.5980095321481)]
[(33788.409090909088, 1667.884417458014)]
[(18308.272727272728, 1300.9660795710304)]
[(16985.363636363636, 1073.2811657840555)]
[(17643.409090909092, 1020.6301232142882)]
[(20172.636363636364, 1168.6960284384813)]
[(15116.90909090909, 787.70367723161519)]
[(13897.318181818182, 835.26094475659454)]
[(16530.18181818182, 949.63501619208944)]
[(15384.772727272728, 890.85919331420553)]
[(25182.045454545456, 1000.2236686077985)]
[(18283.68181818182, 760.60298218510366)]
[(11570.363636363636, 620.59411483461201)]
[(15791.272727272728, 1018.1461402177811)]
[(21812.636363636364, 990.76312175664032)]
[(19810.863636363636, 875.41378469900656)]
[(18178.81818181818, 882.27497457374227)]
[(19657.954545454544, 1090.0418504259803)]
[(20637.545454545456, 961.30322402173817)]
[(20683.772727272728, 900.59319622950125)]
[(28777.045454545456, 1446.3706172921441)]
[(34361.0, 1919.8533325195312)]
[(19803.227272727272, 1140.3765085502105)]
[(32069.090909090908, 1322.1244616074996)]
[(22343.636363636364, 1413.4882877848365)]
[(26104.636363636364, 1298.0781282945113)]
[(13942.90909090909, 736.31752332774079)]
[(25223.909090909092, 972.13440691341054)]
[(16388.0, 828.19209390336812)]
[(18754.31818181818, 895.41756925799632)]
[(16321.09090909091, 952.34023068167949)]
[(47062.0, 1900.0338524688375)]
[(30257.090909090908, 1534.9536479386416)]
[(21819.227272727272, 1004.4048376733607)]
[(12654.59090909091, 909.32776858589864)]
[(32219.409090909092, 1396.2508096369829)]
[(16020.90909090909, 995.21277423338461)]
[(22959.545454545456, 1156.8192410252311)]
[(18448.954545454544, 973.69870457865977)]
[(26790.363636363636, 1152.4890165762467)]
[(33199.318181818184, 1543.145141937516)]
[(28660.272727272728, 1247.4359530752356)]
[(27384.454545454544, 1458.7474445429716)]
[(28217.81818181818, 1226.0018981370058)]
[(24808.727272727272, 901.75157826597035)]
[(24408.090909090908, 1196.468526059931)]
[(22341.18181818182, 1389.344584681771)]
[(22900.5, 1036.7441989616914)]
[(33718.86363636364, 1634.4828558293257)]
[(16829.31818181818, 949.75065966085958)]
[(39384.954545454544, 1696.9079637419093)]
[(15449.772727272728, 842.22485670176422)]
[(25973.272727272728, 1122.2804369926453)]
[(24946.81818181818, 1167.2764626199548)]
[(17719.136363636364, 897.65864215113902)]
[(24917.454545454544, 1177.7586084062402)]
[(35205.590909090912, 1544.7172782095995)]
[(32505.227272727272, 1511.3273397467353)]
[(32561.909090909092, 1475.5116442550313)]
[(12443.0, 884.49712467193604)]
[(38770.045454545456, 1642.9432128667831)]
[(23106.545454545456, 1716.6970571821387)]
[(32168.227272727272, 1283.8367859125137)]
[(27070.136363636364, 1324.637153354558)]
[(36761.727272727272, 1520.8855258768256)]
[(17665.409090909092, 1025.2758135036988)]
[(18365.5, 941.38415734334421)]
[(15075.727272727272, 1463.9782721779563)]
[(25915.772727272728, 974.49463834545827)]
[(13726.09090909091, 909.60695655779409)]
[(29737.454545454544, 1611.7495817054403)]
[(19071.636363636364, 1192.1285156553442)]
[(16412.227272727272, 1026.3547198013825)]
[(18514.18181818182, 1068.2419422864914)]
[(36197.227272727272, 1900.2547043345191)]
[(30789.045454545456, 1258.7543645446951)]
[(30204.136363636364, 1376.0101163712416)]
[(22552.636363636364, 946.98462273857808)]
[(23873.81818181818, 1170.5192930481651)]
[(15262.545454545454, 767.43611242554402)]
[(34782.227272727272, 1491.3888112956827)]
[(24912.090909090908, 1053.4680667573755)]
[(19503.954545454544, 981.05236517299306)]
[(33922.090909090912, 1421.3360969586806)]
[(15846.181818181818, 736.95434626665985)]
[(19780.0, 1164.6679688041861)]
[(17702.590909090908, 878.20815074443817)]
[(17788.045454545456, 848.40732399983835)]
[(24953.136363636364, 1097.0832907611673)]
[(25388.045454545456, 1085.2285615855997)]
[(32404.454545454544, 1294.6774852709336)]
[(25047.909090909092, 1445.12843598019)]
[(30724.909090909092, 1056.520211653276)]
[(21236.909090909092, 939.74309054287994)]
[(35100.045454545456, 1633.5047242533076)]
[(18301.68181818182, 924.66667057167399)]
[(13207.181818181818, 841.65328987078237)]
[(27842.227272727272, 1050.9326676563783)]
[(32286.909090909092, 1697.0365286090157)]
[(35526.13636363636, 1867.1682289188559)]
[(20912.363636363636, 1128.3036833242936)]
[(30281.909090909092, 1224.637802470814)]
[(30980.636363636364, 1204.2769219225104)]
[(28103.545454545456, 1318.247943683104)]
[(15227.954545454546, 903.64507163654673)]
[(30978.772727272728, 1590.4998312755065)]
[(18315.409090909092, 923.86186945438385)]
[(22839.5, 842.69435057856822)]
[(22118.81818181818, 1101.879873644222)]
[(30938.545454545456, 1498.0240665132349)]
[(19065.909090909092, 1086.2974124388261)]
[(19985.18181818182, 1071.6690772229974)]
[(30641.136363636364, 1323.9927612976594)]
[(20642.31818181818, 952.43003135377705)]
[(16018.545454545454, 857.3630177107724)]
[(37045.090909090912, 1436.4818270856683)]
[(24229.363636363636, 975.070638851686)]
[(15743.318181818182, 864.44008679823446)]
[(12250.454545454546, 628.06001396612692)]
[(29881.68181818182, 1177.4286534461107)]
[(32916.227272727272, 1378.6469393101606)]
[(18434.636363636364, 926.0969409509139)]
[(37674.818181818184, 1321.1779047359121)]
[(36684.36363636364, 1584.2571906609969)]
[(34382.545454545456, 1623.4568232189524)]
[(13942.954545454546, 899.13551533222198)]
[(20986.227272727272, 1036.8809820630333)]
[(17213.045454545456, 842.38239980827677)]
[(18946.31818181818, 985.74557686935771)]
[(20498.863636363636, 1228.5756818056107)]
[(25598.909090909092, 1111.4302211674776)]
[(18989.636363636364, 1010.7190052812749)]
[(31171.81818181818, 1523.7923999482935)]
[(20740.363636363636, 913.22034335136414)]
[(15262.545454545454, 767.43611242554402)]
[(17964.5, 725.0450655438683)]
[(33002.318181818184, 1464.4182488376443)]
[(24646.409090909092, 1360.0176854892211)]
[(39694.045454545456, 1759.0122535337102)]
[(19014.636363636364, 885.49915169585836)]
[(30982.363636363636, 1160.8677911758423)]
[(35696.0, 1525.6903269941156)]
[(14371.045454545454, 856.02006167715251)]
[(30415.136363636364, 1533.5733852928336)]
[(18372.272727272728, 968.3166047226299)]
[(36608.63636363636, 1529.3276092355902)]
[(42817.36363636364, 2190.9294830018825)]
[(17441.727272727272, 1006.9291525862434)]
[(28554.0, 1113.4939095540481)]
[(16848.68181818182, 956.14705882289195)]
[(33641.454545454544, 1420.1270580725236)]
[(23620.18181818182, 1093.7270337018099)]
[(30933.31818181818, 1194.5596249645407)]
[(22691.636363636364, 1218.4070545109835)]
[(22362.954545454544, 1140.9166108153083)]
[(34995.727272727272, 1408.3784558989785)]
[(12257.681818181818, 750.98397362232208)]
[(44259.227272727272, 1984.4057070667093)]
[(35303.090909090912, 1562.3819709691134)]
[(26325.68181818182, 1231.4018920443275)]
[(35391.045454545456, 1633.2346731207588)]
[(19928.772727272728, 1060.7294403531334)]
[(27812.772727272728, 1129.5569488243623)]
[(37176.0, 1564.8855258768256)]
[(29186.18181818182, 1653.6679992675781)]
[(34583.045454545456, 1680.608554742553)]
[(13451.272727272728, 801.45790117437184)]
[(19390.636363636364, 894.81480734998524)]
[(25127.090909090908, 1183.761743848974)]
[(21019.954545454544, 855.16357496651733)]
[(26055.5, 1134.8243238167329)]
[(20415.227272727272, 941.92647644606507)]
[(29231.909090909092, 1395.6004161834717)]
[(25007.590909090908, 1156.9406164017591)]
[(17969.363636363636, 926.57622078332031)]
[(23689.590909090908, 1534.5707091526551)]
[(31636.18181818182, 1225.6231235374105)]
[(29811.272727272728, 1299.8704673160207)]
[(28366.909090909092, 1195.4734190377321)]
[(32561.909090909092, 1475.5116442550313)]
[(27066.5, 1455.9880581335588)]
[(33281.909090909088, 1308.4399274479258)]
[(23093.31818181818, 1175.1866619478571)]
[(12431.272727272728, 736.90136244080281)]
[(17473.772727272728, 856.26518861813975)]
[(22403.363636363636, 1170.669536525553)]
[(32001.909090909092, 1456.6863526214254)]
[(20250.31818181818, 1064.2998987653039)]
[(19988.136363636364, 1252.3787253878334)]
[(23332.5, 1082.0752623406324)]
[(24530.727272727272, 1144.7836122729561)]
[(17838.045454545456, 783.24645563689148)]
[(17156.227272727272, 842.15149249813771)]
[(21679.5, 1247.1037812774832)]
[(22601.545454545456, 1168.9128262563186)]
[(21948.409090909092, 1103.809914372184)]
[(24530.727272727272, 1144.7836122729561)]
[(37650.63636363636, 1767.4237909317017)]
[(19586.590909090908, 1104.5759512944655)]
[(37176.0, 1564.8855258768256)]
[(22918.68181818182, 1072.4360327503898)]
[(27815.68181818182, 1355.546244263649)]
[(15743.318181818182, 864.44008679823446)]
[(17735.545454545456, 837.00824869762766)]
[(24324.772727272728, 1388.3719155246561)]
[(18861.772727272728, 782.70727197690439)]
[(19843.81818181818, 1140.2488622882149)]
[(23802.772727272728, 947.80299437046051)]
[(20745.772727272728, 1193.579925667156)]
[(23279.409090909092, 1036.4643618735399)]
[(23352.272727272728, 1048.4436018683693)]
[(30982.363636363636, 1160.8677911758423)]
[(13554.818181818182, 917.55213552171529)]
[(30371.363636363636, 1115.0291188413446)]
[(12991.272727272728, 816.31152193112803)]
[(16829.31818181818, 949.75065966085958)]
[(18593.363636363636, 1065.3366359363902)]
[(32724.863636363636, 1444.2008019035513)]
[(22172.772727272728, 1013.3520436612042)]
[(16388.0, 828.19209390336812)]
[(32923.090909090912, 1934.2071829275651)]
[(15056.181818181818, 1011.9618357094852)]
[(16991.272727272728, 1004.734413006089)]
[(19766.363636363636, 1003.0082486976277)]
[(17217.909090909092, 787.61857972361827)]
[(18453.045454545456, 995.93247784267771)]
[(16504.454545454544, 749.97529608553111)]
[(18496.227272727272, 1039.6668603853745)]
[(21384.863636363636, 942.3493675210259)]
[(17932.636363636364, 808.29351774128997)]
[(22450.954545454544, 1165.8814413655889)]
[(18337.272727272728, 1084.6033618125048)]
[(18367.0, 1163.7131936983628)]
[(20314.727272727272, 1027.9917325540023)]
[(24895.045454545456, 1277.5912793441253)]
[(16235.136363636364, 825.92739505117595)]
[(15127.363636363636, 682.18257743662059)]
[(18644.045454545456, 1009.6016042774373)]
[(16752.772727272728, 873.07377429441976)]
[(21528.863636363636, 1023.003545533527)]
[(31280.545454545456, 1549.3137692321432)]
[(16339.59090909091, 731.61414604837239)]
[(14200.40909090909, 1018.6915947632356)]
[(16723.81818181818, 989.14503179896963)]
[(31024.81818181818, 1691.1707152453337)]
[(32334.863636363636, 1616.7386873310263)]
[(17154.863636363636, 940.75046984715891)]
[(13324.5, 885.39394329894674)]
[(15262.545454545454, 767.43611242554402)]
[(19320.090909090908, 825.2640801993283)]
[(35319.454545454544, 1274.38732324947)]
[(34063.409090909088, 1666.6659722436559)]
[(27560.363636363636, 1339.6030126484957)]
[(23935.590909090908, 1341.7078414180062)]
[(20828.090909090908, 935.11475532705128)]
[(24758.68181818182, 1147.288734902035)]
[(20336.090909090908, 930.83178279616618)]
[(20747.18181818182, 947.55527096444905)]
[(13207.181818181818, 841.65328987078237)]
[(15675.09090909091, 810.24978089332581)]
[(14148.772727272728, 922.85919331420553)]
[(17361.363636363636, 1027.2294801907105)]
[(13942.90909090909, 736.31752332774079)]
[(30655.045454545456, 1192.0809942483902)]
[(43498.13636363636, 2002.9770044088364)]
[(21348.363636363636, 993.99486799673605)]
[(27719.772727272728, 1390.3693190596321)]
[(17779.18181818182, 937.09242760051382)]
[(23323.545454545456, 1201.5745733867991)]
[(20367.590909090908, 1203.729899655689)]
[(14132.318181818182, 990.58287129618907)]
[(31600.909090909092, 1268.1610089648855)]
[(27243.272727272728, 1800.9041791829195)]
[(18650.0, 1039.0772893645546)]
[(20834.454545454544, 1051.2849503430452)]
[(21604.31818181818, 1191.9032301144166)]
[(18183.636363636364, 965.06620517644012)]
[(24040.454545454544, 1342.0028167421167)]
[(19020.363636363636, 1109.9337760751898)]
[(20591.18181818182, 956.12186514247549)]
[(39103.090909090912, 2109.9698945934124)]
[(31392.090909090908, 1350.2344833070581)]
[(28118.68181818182, 1347.9285339333794)]
[(21961.545454545456, 1128.7738263173537)]
[(15534.90909090909, 726.27302722497416)]
[(19489.772727272728, 1048.8003182302821)]
[(16355.636363636364, 1161.3350682150233)]
[(19995.045454545456, 1054.7010010914369)]
[(18909.0, 1049.2484029856596)]
[(16622.409090909092, 802.57243622433054)]
[(18687.545454545456, 1213.9769739454443)]
[(29130.772727272728, 1126.1131079305303)]
[(13466.136363636364, 740.80842632597148)]
[(29345.0, 1158.9944086941805)]
[(19636.045454545456, 816.75009021975779)]
[(14962.818181818182, 803.01451958309519)]
[(25256.136363636364, 928.86989787491882)]
[(21892.18181818182, 1419.0700998739762)]
[(11570.0, 599.31003388491547)]
[(34687.272727272728, 1539.8365164236588)]
[(27153.090909090908, 1189.3136590935967)]
[(13591.636363636364, 674.99024450778961)]
[(19898.227272727272, 1029.9498329162598)]
[(17812.0, 828.34650156714702)]
[(25256.136363636364, 928.86989787491882)]
[(13324.5, 885.39394329894674)]
[(20917.727272727272, 1060.8961202989924)]
[(30724.909090909092, 1056.520211653276)]
[(20253.545454545456, 1093.8691690835085)]
[(37671.954545454544, 1967.4609874053435)]
[(21189.363636363636, 1010.4770137830214)]
[(27437.18181818182, 1148.9840837608683)]
[(17290.0, 983.73995510014618)]
[(16594.636363636364, 838.69094564697957)]
[(14854.59090909091, 709.65826252373779)]
[(16555.18181818182, 957.18314687772227)]
[(33350.86363636364, 1504.3888909708369)]
[(18338.454545454544, 1086.6786733648994)]
[(12147.318181818182, 1300.048500938849)]
[(22341.863636363636, 1182.2044763239946)]
[(19565.0, 955.976863806898)]
[(27273.0, 1111.6173916296525)]
[(24646.409090909092, 1360.0176854892211)]
[(17890.727272727272, 1003.3598822680386)]
[(19553.68181818182, 1026.0761809457433)]
[(14526.272727272728, 903.40308013829315)]
[(14494.40909090909, 912.70857020941651)]
[(24661.090909090908, 1243.4482253573158)]
[(24724.363636363636, 1329.0496093576605)]
[(34114.545454545456, 1115.9155023964968)]
[(39992.909090909088, 1687.9068553230979)]
[(14120.227272727272, 673.41627102548421)]
[(21316.68181818182, 1028.785179994323)]
[(35816.818181818184, 1501.5535438927736)]
[(23085.227272727272, 1054.4549555453386)]
[(25915.772727272728, 974.49463834545827)]
[(11674.863636363636, 785.30284439433706)]
[(17116.863636363636, 930.10542867400432)]
[(25983.727272727272, 1386.5647077560425)]
[(20654.863636363636, 1156.1278665390882)]
[(20704.590909090908, 1055.8783059228551)]
[(25422.68181818182, 1231.8568968014283)]
[(19067.545454545456, 987.81148209355092)]
[(23239.227272727272, 1159.4257874922318)]
[(43492.227272727272, 2088.0010896704412)]
[(13749.045454545454, 808.22864126075399)]
[(18336.772727272728, 969.74282105402517)]
[(21706.727272727272, 1251.9076637896624)]
[(19648.090909090908, 860.40667488358235)]
[(14203.0, 816.10542867400432)]
[(17156.227272727272, 842.15149249813771)]
[(22225.954545454544, 1054.1136469082398)]
[(25915.772727272728, 974.49463834545827)]
[(16829.31818181818, 949.75065966085958)]
[(25394.636363636364, 1196.6289351203225)]
[(20025.272727272728, 1128.2098286043513)]
[(24526.5, 1123.2597566626289)]
[(29114.636363636364, 1192.0683423389089)]
[(19649.863636363636, 956.49999062581492)]
[(35056.818181818184, 1448.8855258768256)]
[(27019.68181818182, 1320.469175176187)]
[(14988.045454545454, 769.72286951541901)]
[(21665.31818181818, 1053.6265284689989)]
[(19586.272727272728, 1017.3117117448287)]
[(17156.227272727272, 842.15149249813771)]
[(36391.272727272728, 1768.6608894521539)]
[(27557.454545454544, 1113.8348385637457)]
[(23387.272727272728, 1175.5023972771385)]
[(31025.409090909092, 1280.520860769532)]
[(32729.68181818182, 1633.0497194962068)]
[(21316.68181818182, 1028.785179994323)]
[(20223.363636363636, 939.68199862133372)]
[(21897.772727272728, 1253.8711164322767)]
[(30000.18181818182, 1224.5255639336326)]
[(16489.409090909092, 1620.3028748577292)]
[(22474.136363636364, 1356.4143541401083)]
[(19803.227272727272, 1140.3765085502105)]
[(24132.772727272728, 1030.1111605817621)]
[(31998.409090909092, 1131.6795122948561)]
[(13160.40909090909, 919.95988836071706)]
[(27908.545454545456, 1178.8475701483812)]
[(21524.636363636364, 949.88836136731231)]
[(33894.318181818184, 1359.3603720339861)]
