[(62184.727272727272, 2491.4588807062669)]
[(38279.545454545456, 2176.3247737451034)]
[(73419.909090909088, 3722.9795516620984)]
[(45517.818181818184, 2628.9862513867292)]
[(57142.272727272728, 3089.9774144996295)]
[(24991.409090909092, 1637.798021717505)]
[(36141.181818181816, 1643.9804890155792)]
[(42467.409090909088, 2390.4439322840085)]
[(31242.5, 1684.2288615378466)]
[(68631.181818181823, 3576.9278660687532)]
[(38711.909090909088, 1879.7716399431229)]
[(48101.045454545456, 2387.4141151146455)]
[(28845.909090909092, 1631.3811320391569)]
[(40923.681818181816, 2167.7969437620854)]
[(36093.590909090912, 2261.8669030341234)]
[(34693.318181818184, 2066.665053638545)]
[(34724.227272727272, 1993.417789535089)]
[(53325.5, 3065.313720020381)]
[(31833.409090909092, 1813.7602862661536)]
[(43113.772727272728, 2062.0117942311549)]
[(39505.0, 2215.2681951739573)]
[(42390.954545454544, 2493.5584673339672)]
[(35074.727272727272, 2258.9597594738007)]
[(51319.272727272728, 2492.1401997479525)]
[(66154.227272727279, 3072.9006149010224)]
[(35380.63636363636, 1831.8245136304336)]
[(51303.954545454544, 2219.8299760493364)]
[(75443.181818181823, 3311.3138301589274)]
[(49467.86363636364, 2904.5855286879973)]
[(42729.727272727272, 2436.4864810380068)]
[(62095.590909090912, 2367.5130526260896)]
[(45471.63636363636, 1919.7348230968821)]
[(59930.181818181816, 3084.0344523733311)]
[(27078.909090909092, 1342.0248749797995)]
[(54726.318181818184, 2605.5405732826753)]
[(29980.18181818182, 1485.4145439538088)]
[(33691.681818181816, 1982.4006242752075)]
[(70057.772727272721, 3502.0604053085499)]
[(62597.090909090912, 3619.485323407433)]
[(53430.5, 2176.293848156929)]
[(46529.681818181816, 2685.7085514610462)]
[(52502.272727272728, 2492.7886458526959)]
[(60157.63636363636, 3105.4542876807127)]
[(55870.909090909088, 2649.646810423244)]
[(52983.5, 2095.8353283296933)]
[(57745.909090909088, 2135.6661620573564)]
[(61248.590909090912, 2928.3176943930712)]
[(39229.909090909088, 2253.4339565147052)]
[(33259.727272727272, 2118.2314580028706)]
[(50088.045454545456, 2060.4346853061156)]
[(35724.227272727272, 1988.879254991358)]
[(47604.045454545456, 2328.965381243012)]
[(29792.772727272728, 1481.1863924590025)]
[(61578.818181818184, 2599.6303739547729)]
[(46444.5, 3175.4861318739977)]
[(60600.818181818184, 2976.8250338597732)]
[(62896.227272727272, 3165.8431177247653)]
[(40685.590909090912, 2324.7189560695128)]
[(49652.63636363636, 2801.6896286660976)]
[(47654.409090909088, 2415.372215476903)]
[(69595.272727272721, 3369.672114242207)]
[(34950.272727272728, 1883.890149365772)]
[(61455.727272727272, 2864.436473304575)]
[(27302.31818181818, 1577.3080373243852)]
[(73447.045454545456, 3710.3887925473127)]
[(33103.227272727272, 1949.8466820066626)]
[(22216.31818181818, 1592.7547441720963)]
[(69184.5, 3312.3309954188085)]
[(69766.727272727279, 3010.0233681852169)]
[(58661.86363636364, 3673.5376581170344)]
[(46620.227272727272, 2573.2184569293804)]
[(68213.772727272721, 3473.031506744298)]
[(34326.5, 1685.447686379606)]
[(44325.36363636364, 2071.1122197888112)]
[(41461.909090909088, 2066.8988269025631)]
[(46430.409090909088, 2571.4973754124208)]
[(46684.772727272728, 2234.7538255669856)]
[(67831.363636363632, 3522.6328907446427)]
[(57668.590909090912, 3291.6843865242872)]
[(54086.454545454544, 3363.178884267807)]
[(28152.590909090908, 1950.0764012228358)]
[(36107.63636363636, 2173.6103122776203)]
[(34242.772727272728, 1977.5416512380946)]
[(67346.409090909088, 2986.845793864944)]
[(69150.318181818177, 3329.9909850142217)]
[(63221.818181818184, 3154.4311210242186)]
[(69512.090909090912, 3279.2416540492663)]
[(39649.272727272728, 1756.7812360850248)]
[(42482.045454545456, 2284.7787497585468)]
[(48368.909090909088, 2973.5598757050252)]
[(33760.590909090912, 1840.0354201902044)]
[(59829.727272727272, 2310.9420247728176)]
[(60870.0, 3484.4964872707019)]
[(22309.409090909092, 1528.6188796758652)]
[(31098.31818181818, 1505.0767503868449)]
[(35365.36363636364, 2419.8035942749543)]
[(46361.272727272728, 1932.8578458699312)]
[(46638.909090909088, 2471.929023699327)]
[(34546.181818181816, 1873.4656905694442)]
[(54912.954545454544, 2886.0592664263463)]
[(55487.454545454544, 2265.5612231492996)]
[(73065.363636363632, 3881.3354595574465)]
[(36202.63636363636, 2054.7664774764667)]
[(55370.36363636364, 3037.1392014676876)]
[(36320.36363636364, 1959.435144608671)]
[(62436.86363636364, 3091.3912484103985)]
[(39502.318181818184, 2343.124222582037)]
[(42213.681818181816, 2565.0332338159733)]
[(55973.272727272728, 2678.6103427410126)]
[(53859.409090909088, 2293.8709570819683)]
[(34204.13636363636, 2136.4671786156568)]
[(60675.318181818184, 3778.098250898448)]
[(29926.18181818182, 2120.7410143071957)]
[(44994.909090909088, 2866.338454398242)]
[(53948.590909090912, 2292.2670867551456)]
[(48854.13636363636, 3300.7730787775731)]
[(30472.045454545456, 1815.1098928126421)]
[(49865.727272727272, 2468.6518627513537)]
[(38084.86363636364, 1876.981058456681)]
[(58888.090909090912, 2647.0533447048879)]
[(67917.727272727279, 3456.5919097120113)]
[(43076.272727272728, 2068.9237510941243)]
[(33332.545454545456, 1907.8059704628859)]
[(73523.590909090912, 3739.2310596270995)]
[(70302.227272727279, 3792.243142095479)]
[(55845.13636363636, 2425.073186104948)]
[(33457.63636363636, 1678.9894360412252)]
[(46525.590909090912, 2721.5481424006548)]
[(36683.5, 2138.3303955143147)]
[(62800.909090909088, 3572.0112060416827)]
[(29511.272727272728, 2051.7698027329011)]
[(65945.863636363632, 3529.9009148532696)]
[(33942.13636363636, 2040.5162677439776)]
[(30885.68181818182, 1488.5756818056107)]
[(51776.909090909088, 2528.7565321705556)]
[(48210.590909090912, 2647.6350771188736)]
[(48124.045454545456, 2063.1566057530317)]
[(49362.909090909088, 2358.2258362336593)]
[(27059.81818181818, 1697.0651272210207)]
[(61409.727272727272, 2774.3705680803819)]
[(58696.454545454544, 2867.214513020082)]
[(28592.31818181818, 1740.1314917477694)]
[(63709.272727272728, 3980.2031898065047)]
[(51041.818181818184, 2379.4553656361318)]
[(69874.681818181823, 3484.2623343792829)]
[(68750.090909090912, 3072.0634306127376)]
[(53274.045454545456, 2725.4381207010961)]
[(51008.409090909088, 2396.9934408773074)]
[(29971.409090909092, 1288.7334944009781)]
[(58371.818181818184, 3187.6418377702885)]
[(63104.86363636364, 3818.194971572269)]
[(54811.63636363636, 2679.008309624412)]
[(39385.590909090912, 1824.6123393015428)]
[(46067.181818181816, 2078.8796346187592)]
[(68934.363636363632, 2955.5456560741773)]
[(52797.13636363636, 2472.6890592249956)]
[(48310.818181818184, 2281.6176119067454)]
[(63336.181818181816, 2542.1401997479525)]
[(68584.181818181823, 3514.1529617959804)]
[(40025.954545454544, 1898.1976664608176)]
[(44503.454545454544, 2068.2954158782959)]
[(42888.727272727272, 2049.4077340906315)]
[(40098.272727272728, 2892.0309373031964)]
[(42260.727272727272, 1632.1194889545441)]
[(65578.363636363632, 2922.9693860790944)]
[(57885.772727272728, 3181.2552245638585)]
[(46158.045454545456, 2700.4096017642455)]
[(70175.636363636368, 3366.7942184101453)]
[(51471.090909090912, 2934.374083150517)]
[(32698.136363636364, 1995.7335248643701)]
[(62563.727272727272, 3992.252119584517)]
[(42532.090909090912, 1894.2994699261405)]
[(48182.272727272728, 2969.9783331047406)]
[(32530.863636363636, 2307.9230223027143)]
[(62964.181818181816, 3658.5503897016697)]
[(44333.772727272728, 2546.8151377656245)]
[(34725.545454545456, 2006.711656440388)]
[(42041.5, 2478.8293573964725)]
[(40563.227272727272, 1968.7551237994974)]
[(70752.454545454544, 3675.14844844558)]
[(17560.636363636364, 977.9960560907017)]
[(59314.409090909088, 2869.9259983951397)]
[(27121.727272727272, 1475.6549677306955)]
[(43903.63636363636, 2454.5992585528979)]
[(66219.0, 2480.4659905216909)]
[(40359.5, 2234.0560208450665)]
[(47021.13636363636, 2548.4697750806808)]
[(43022.909090909088, 2423.8760398734698)]
[(55735.181818181816, 2583.2846316424284)]
[(27513.590909090908, 1496.5647077560425)]
[(55503.5, 2944.1487976095891)]
[(39302.272727272728, 1691.043338472193)]
[(43183.818181818184, 2171.1506043564191)]
[(45710.590909090912, 2184.4359835386276)]
[(31461.5, 1481.2579194524071)]
[(64907.227272727272, 2943.9919036193328)]
[(36291.5, 2032.9725707335906)]
[(54323.681818181816, 2764.8516851230102)]
[(54362.13636363636, 3048.4326887455854)]
[(33307.272727272728, 1699.5718175714667)]
[(33876.0, 2004.8197307911787)]
[(29997.636363636364, 1592.1540889631617)]
[(56829.545454545456, 3054.4115491130137)]
[(56926.727272727272, 2296.0275815833697)]
[(37690.545454545456, 2327.1487671461973)]
[(46302.954545454544, 2535.1409285393629)]
[(64936.681818181816, 3145.6683296832171)]
[(43031.63636363636, 2034.9687861746008)]
[(46851.0, 2343.5341922586613)]
[(35176.772727272728, 2125.1017847169528)]
[(51072.0, 3097.9953085509214)]
[(65420.772727272728, 3162.9977152022448)]
[(33084.818181818184, 2238.1366846778178)]
[(66674.681818181823, 3689.307289784605)]
[(40011.681818181816, 2123.0626408945432)]
[(70168.772727272721, 3407.8123022751374)]
[(37070.318181818184, 2025.535380352627)]
[(58037.590909090912, 2145.0393945628948)]
[(35447.181818181816, 2283.9740587798033)]
[(59457.36363636364, 3228.2345442338424)]
[(32769.272727272728, 1973.4981838789854)]
[(55798.090909090912, 2954.9802499901166)]
[(56341.090909090912, 2382.3077982989225)]
[(49812.272727272728, 3252.6823595003648)]
[(62999.86363636364, 2357.6088546947999)]
[(48555.090909090912, 2823.0433993989773)]
[(35188.13636363636, 2116.7993504134092)]
[(30967.5, 2054.9973847866058)]
[(31250.636363636364, 1923.0450163321061)]
[(35758.227272727272, 2091.6122596263885)]
[(68689.318181818177, 4202.0139126452532)]
[(49997.454545454544, 1985.7486631003294)]
[(70533.727272727279, 3354.5695819854736)]
[(40183.0, 1634.9718114787881)]
[(50857.727272727272, 2911.3852470137858)]
[(69263.772727272721, 3500.5969925035129)]
[(26161.545454545456, 1613.0515567064285)]
[(66234.545454545456, 3638.3226178342647)]
[(26410.727272727272, 1480.1172721169212)]
[(60372.045454545456, 3222.8301166512751)]
[(64512.909090909088, 3686.2513603297148)]
[(39815.090909090912, 1999.4010835777628)]
[(35580.772727272728, 2155.1543889154086)]
[(33437.681818181816, 2062.8232458613134)]
[(39524.409090909088, 2161.4528793096542)]
[(38082.227272727272, 2557.7629928697238)]
[(48171.545454545456, 1921.6868119239807)]
[(22519.090909090908, 1444.7862087379801)]
[(35600.272727272728, 1958.357426404953)]
[(44647.545454545456, 2485.3826505487614)]
[(32371.863636363636, 2123.4386596788058)]
[(64526.227272727272, 2739.4536385644565)]
[(45169.318181818184, 2136.3165555108676)]
[(40869.0, 2214.9319693283601)]
[(46342.318181818184, 2378.1426860744305)]
[(46642.318181818184, 1986.1214363033121)]
[(60478.227272727272, 3354.0644593563948)]
[(70718.5, 3634.3594346805053)]
[(36653.818181818184, 1770.1894482265818)]
[(69809.454545454544, 2871.9373520721088)]
[(31719.909090909092, 1876.1573345444419)]
[(65688.772727272721, 3727.0778400572863)]
[(74292.545454545456, 3682.1854551055217)]
[(47735.681818181816, 2614.9216443950481)]
[(40337.954545454544, 2132.08802438866)]
[(76087.0, 3617.4046595746822)]
[(53285.954545454544, 2588.1177618828688)]
[(62955.318181818184, 2765.8890714103527)]
[(69026.318181818177, 2772.2192958593369)]
[(54773.681818181816, 2349.8508461930537)]
[(39399.36363636364, 2386.6585132642226)]
[(31414.727272727272, 1922.9158023487437)]
[(35388.0, 2013.4625551267104)]
[(31697.227272727272, 2074.9420247728176)]
[(48897.13636363636, 2577.5112154158678)]
[(32866.454545454544, 1393.0360388430681)]
[(57723.954545454544, 2485.1601208231664)]
[(55515.86363636364, 3053.5444679802113)]
[(59320.454545454544, 3179.2207839055495)]
[(66050.818181818177, 3641.6145373907957)]
[(63609.590909090912, 2694.4559350772338)]
[(48020.86363636364, 2534.3021765297108)]
[(52666.727272727272, 3088.995767853477)]
[(25256.18181818182, 1793.9922223199499)]
[(71606.818181818177, 3494.0125042741947)]
[(54788.545454545456, 3050.3139098340816)]
[(69568.954545454544, 2925.1791537566619)]
[(37077.818181818184, 1539.3971888802268)]
[(56914.63636363636, 2930.341050863266)]
[(60941.090909090912, 2318.5302178859711)]
[(37624.181818181816, 1988.1514432863755)]
[(61130.772727272728, 2725.8124616254458)]
[(29791.81818181818, 1815.452769171108)]
[(52151.63636363636, 3231.4498540054669)]
[(35174.181818181816, 2136.9237510941243)]
[(47330.772727272728, 2437.8593339161439)]
[(33385.090909090912, 2085.616313674233)]
[(54532.545454545456, 3788.6131594831295)]
[(23253.272727272728, 1681.618150884455)]
[(35130.409090909088, 2128.0492601936512)]
[(39837.818181818184, 2017.9531886360862)]
[(61294.909090909088, 3707.2959361076355)]
[(68283.454545454544, 3303.5927486419678)]
[(35658.590909090912, 2013.0078198584642)]
[(48868.909090909088, 2361.739636399529)]
[(38030.454545454544, 1880.9385097026825)]
[(28097.954545454544, 1918.3801337588918)]
[(69810.590909090912, 3402.4303125576539)]
[(40650.045454545456, 1971.9521598924291)]
[(67944.409090909088, 3660.1058200164275)]
[(42849.63636363636, 1955.7007620659742)]
[(33384.727272727272, 1585.5557607303965)]
[(76865.045454545456, 3728.5087595527821)]
[(71722.818181818177, 2474.7864290150728)]
[(43676.454545454544, 2017.2753846645355)]
[(54451.454545454544, 3574.6083461804824)]
[(42831.5, 1860.2667071277444)]
[(47636.681818181816, 1920.0902412262831)]
[(47356.63636363636, 2506.1496060761538)]
[(27623.68181818182, 1524.822756095366)]
[(66964.5, 2472.3998158086429)]
[(60610.954545454544, 3048.2994207143784)]
[(60350.954545454544, 2869.3521045879884)]
[(29674.772727272728, 1654.8634676391428)]
[(45461.86363636364, 2582.8066500425339)]
[(48838.318181818184, 1823.0245258157904)]
[(27577.68181818182, 1571.2525671720505)]
[(62882.63636363636, 2817.6419971205974)]
[(44914.227272727272, 2356.8963405760851)]
[(28349.954545454544, 1556.5404326807368)]
[(37396.045454545456, 2213.5473831458526)]
[(61769.909090909088, 2412.550708402287)]
[(44853.454545454544, 2124.2869281552053)]
[(42174.13636363636, 2369.6322111649947)]
[(41206.227272727272, 2103.6588624282317)]
[(66651.954545454544, 3675.509598482739)]
[(50694.181818181816, 2380.4864810380068)]
[(39670.045454545456, 1975.4776933626695)]
[(40562.0, 2291.6447529359298)]
[(54489.772727272728, 3038.2798488031735)]
[(63460.818181818184, 2812.5653076605363)]
[(37258.909090909088, 2166.5039954618974)]
[(56337.36363636364, 3244.0861379666762)]
[(46232.409090909088, 2904.8315742340956)]
[(63299.954545454544, 3313.8060313896699)]
[(52412.454545454544, 2924.2373000491748)]
[(66425.272727272721, 2671.1794232455168)]
[(39531.36363636364, 2168.7793988748031)]
[(47114.090909090912, 2184.2629225687547)]
[(63129.86363636364, 2444.1114909974012)]
[(29415.68181818182, 1443.39562115886)]
[(81136.409090909088, 3377.4392595832996)]
[(59804.090909090912, 3306.0990593650126)]
[(52959.772727272728, 2654.1698271036148)]
[(31990.636363636364, 2009.8319233981047)]
[(60645.454545454544, 2331.7307690490375)]
[(50462.045454545456, 2751.3417796546764)]
[(33189.818181818184, 2287.2694934064693)]
[(63271.909090909088, 3018.0157990672374)]
[(43111.681818181816, 2102.9190479300237)]
[(52415.909090909088, 3491.3993072943254)]
[(60336.86363636364, 3126.0369386998091)]
[(60913.0, 2042.7526374730196)]
[(34117.13636363636, 1594.0078995336187)]
[(65254.63636363636, 3835.1715354269199)]
[(40486.181818181816, 1701.1805012009361)]
[(45175.409090909088, 2867.8390636769209)]
[(65924.363636363632, 3088.9239713712172)]
[(38348.090909090912, 2497.0051741816783)]
[(62257.181818181816, 4067.3524350036273)]
[(33815.909090909088, 2499.6438343308187)]
[(53811.681818181816, 2666.6658128933473)]
[(26659.68181818182, 1695.295765042305)]
[(43682.318181818184, 2699.4901859218426)]
[(60722.090909090912, 3347.9154039729724)]
[(45591.727272727272, 2698.3415898409758)]
[(40758.909090909088, 2128.1331696076827)]
[(45141.5, 1975.6100427887657)]
[(71591.090909090912, 3737.4015241319485)]
[(68677.772727272721, 3049.9027520634913)]
[(52706.454545454544, 2865.8736636855388)]
[(38641.818181818184, 1984.628126653758)]
[(57583.454545454544, 3087.3913585489445)]
[(47112.36363636364, 1959.4354140975258)]
[(30234.909090909092, 2045.5650077082894)]
[(31360.409090909092, 2266.7331757003612)]
[(48107.090909090912, 2538.5123238346791)]
[(24545.363636363636, 1665.9597290104086)]
[(52342.772727272728, 2298.1712846864352)]
[(52410.36363636364, 2291.3951923196964)]
[(52517.590909090912, 2551.7616946372118)]
[(48636.954545454544, 2500.3115828579121)]
[(56924.36363636364, 2479.2298106063495)]
[(74088.318181818177, 3619.8643674958835)]
[(39153.318181818184, 1855.9398876103487)]
[(41647.181818181816, 2599.7654791962018)]
[(76019.181818181823, 3705.407795017416)]
[(53511.545454545456, 2173.8167851621456)]
[(34806.045454545456, 2007.9796805490148)]
[(50826.954545454544, 2694.5892031084409)]
[(40231.045454545456, 2431.7282827225599)]
[(52657.227272727272, 2804.1471197496762)]
[(64245.045454545456, 2924.6025041341782)]
[(40819.045454545456, 2450.1886397600174)]
[(42119.045454545456, 2665.3319936990738)]
[(55824.86363636364, 2645.0098773457789)]
[(61470.63636363636, 3316.2077828320589)]
[(51444.090909090912, 2389.6558371240444)]
[(41271.181818181816, 2192.2261057225141)]
[(28880.0, 1802.5348109115255)]
[(56723.5, 2487.0905411785297)]
[(34116.954545454544, 1927.7596371498976)]
[(62419.13636363636, 2768.0721878246827)]
[(55014.36363636364, 3128.7069040645251)]
[(34068.318181818184, 2286.0959731340408)]
[(71824.318181818177, 2651.2228906046262)]
[(46906.13636363636, 2516.0108756260438)]
[(42364.454545454544, 2577.8282489776611)]
[(64513.590909090912, 2720.9688963131471)]
[(40622.954545454544, 2871.0868667580867)]
[(64670.772727272728, 2487.2304597226057)]
[(66981.318181818177, 3153.0119348330932)]
[(28739.0, 1879.0437180995941)]
[(36920.86363636364, 2042.3196909536016)]
[(45585.818181818184, 2189.5609536604447)]
[(56721.318181818184, 3099.7067142508245)]
[(55427.590909090912, 3177.6153458573604)]
[(47069.5, 2249.6151255802674)]
[(34085.727272727272, 1977.0409622842615)]
[(23909.227272727272, 1786.4125169298866)]
[(44504.181818181816, 2611.0470738194203)]
[(37273.681818181816, 2031.855818846009)]
[(52737.818181818184, 2895.0153397646818)]
[(69843.636363636368, 3194.5701209631834)]
[(39325.86363636364, 2373.6346974914723)]
[(43192.727272727272, 2278.2232397686353)]
[(56772.5, 2075.9279949556699)]
[(56384.13636363636, 2433.6917353651738)]
[(35388.13636363636, 1733.0285798636351)]
[(49789.727272727272, 2212.4785322926259)]
[(58564.0, 3055.5242469527507)]
[(39586.86363636364, 1766.4106797196648)]
[(32681.545454545456, 1996.6174220930445)]
[(68044.181818181823, 2962.390519618988)]
[(46950.63636363636, 2144.7731279893355)]
[(42379.772727272728, 2514.651213635098)]
[(47136.954545454544, 2779.0877853631973)]
[(36340.13636363636, 1910.9422942616723)]
[(34043.090909090912, 2322.7551237994976)]
[(76176.727272727279, 4583.4770559614353)]
[(46092.13636363636, 2413.6948708079076)]
[(53445.545454545456, 2616.216429905458)]
[(27381.227272727272, 1901.2819250388579)]
[(46828.181818181816, 2401.6634062420239)]
[(54694.227272727272, 2024.8597932186995)]
[(39434.227272727272, 1836.9766247814352)]
[(39467.227272727272, 2100.5424901680512)]
[(36092.045454545456, 2198.7158206267791)]
[(63247.954545454544, 3820.5366598367691)]
[(36322.5, 2146.3512656580319)]
[(63548.454545454544, 3568.7469664920459)]
[(40596.090909090912, 2085.9112889983439)]
[(21453.863636363636, 1415.6366940520027)]
[(39089.545454545456, 2040.9438619830391)]
[(31723.772727272728, 1611.9653507796202)]
[(53509.5, 2164.9199665351348)]
[(54194.545454545456, 2739.8456040512433)]
[(63780.681818181816, 2135.7430413311176)]
[(48125.181818181816, 3163.5229487202382)]
[(66953.272727272721, 3005.5340329083529)]
[(24577.0, 1797.2703018730338)]
[(37369.454545454544, 1987.1096233237874)]
[(66455.545454545456, 2839.5585774725132)]
[(64548.090909090912, 2678.7827545946293)]
[(33685.5, 2033.9614068703218)]
[(46642.772727272728, 2878.0703506144609)]
[(29171.954545454544, 1804.4752867113459)]
[(40842.63636363636, 2301.122924349525)]
[(36784.86363636364, 1844.9725707335906)]
[(34859.772727272728, 1760.13619491187)]
[(46540.590909090912, 2746.7981623194432)]
[(29335.136363636364, 1644.104999834841)]
[(75771.636363636368, 3937.7620250528507)]
[(40425.681818181816, 2006.6659722436559)]
[(55597.13636363636, 2432.6008262742648)]
[(50661.681818181816, 2163.3406407724729)]
[(47930.227272727272, 2341.8067297176881)]
[(69054.5, 3325.6349177685652)]
[(48482.409090909088, 2276.1013254143977)]
[(43687.36363636364, 2152.1135976964779)]
[(77013.181818181823, 3342.9114296002822)]
[(40599.545454545456, 1746.0111451148987)]
[(27028.954545454544, 1543.6621572212739)]
[(73462.136363636368, 2942.3542417504573)]
[(55099.86363636364, 2990.0917597358875)]
[(72357.818181818177, 3984.6091054352846)]
[(66229.5, 3126.6041819940915)]
[(44419.954545454544, 2632.9087229967117)]
[(48095.86363636364, 2674.9065061590886)]
[(27230.590909090908, 1536.2350222847679)]
[(38538.13636363636, 1811.3052815090525)]
[(22097.31818181818, 1250.7669063156302)]
[(35509.318181818184, 2206.545625610785)]
[(36961.272727272728, 2275.5199726278133)]
[(38593.272727272728, 2105.8136497194118)]
[(42710.272727272728, 2128.0667254057798)]
[(46483.272727272728, 2398.6339687000623)]
[(35762.181818181816, 1875.4108695333655)]
[(21782.727272727272, 1440.8485988920386)]
[(38022.5, 2205.6645943359895)]
[(68239.227272727279, 3193.9263780225406)]
[(41733.409090909088, 2043.8306251655924)]
[(58596.63636363636, 2852.6976570866323)]
[(59451.545454545456, 2756.26589866118)]
[(68649.227272727279, 3330.4094424139371)]
[(49206.272727272728, 2632.8728247555819)]
[(35856.5, 1912.8852563879707)]
[(47622.727272727272, 2378.5413020740857)]
[(37422.681818181816, 1797.0875650861046)]
[(29403.363636363636, 1567.7895339944146)]
[(63884.86363636364, 3652.634838093411)]
[(45818.090909090912, 2516.2806572697377)]
[(48762.045454545456, 2165.6554574966431)]
[(30274.772727272728, 1891.2050457650964)]
[(35390.63636363636, 1911.2290513515472)]
[(31747.272727272728, 1708.2959548560057)]
[(31039.363636363636, 1773.332042910836)]
[(44128.181818181816, 2168.5222691405902)]
[(34223.954545454544, 1714.1840959462252)]
[(34175.954545454544, 1846.1277071887796)]
[(42598.63636363636, 2486.2378390268846)]
[(69066.136363636368, 2734.5820136178622)]
[(42343.36363636364, 2000.5512473799965)]
[(59562.86363636364, 2651.0499397732997)]
[(49563.318181818184, 2292.9823566891932)]
[(34387.045454545456, 1815.7164392796431)]
[(69489.909090909088, 2996.6904675960541)]
[(56247.318181818184, 2862.1421470967207)]
[(59893.181818181816, 2704.4766950824046)]
[(33262.545454545456, 1990.6880304813385)]
[(34956.86363636364, 1974.5414614243941)]
[(71294.409090909088, 3617.6281079053879)]
[(51372.818181818184, 2716.9623559388247)]
[(36467.681818181816, 2070.9602984515104)]
[(55015.454545454544, 3264.6801426627421)]
[(74426.454545454544, 4027.1669424013658)]
[(52965.772727272728, 2323.9854124567723)]
[(46570.36363636364, 2037.5904708775606)]
[(62466.409090909088, 3305.5662567290392)]
[(47226.13636363636, 2377.7371500730515)]
[(36742.045454545456, 2058.5509778911419)]
[(36169.590909090912, 2154.1766369667921)]
[(68956.227272727279, 3861.9917442690244)]
[(37463.272727272728, 2165.0601545680652)]
[(59079.5, 2433.1021643443542)]
[(50597.045454545456, 3460.7712415673518)]
[(44177.909090909088, 2372.0827822468495)]
[(64387.181818181816, 3829.5115458315067)]
[(43825.63636363636, 2115.6447529359298)]
[(52575.227272727272, 2672.6560269377446)]
[(41466.590909090912, 1993.2605159174311)]
[(54537.318181818184, 2815.4608280550351)]
[(63354.454545454544, 2699.9227528138595)]
[(32186.31818181818, 1587.2075320915742)]
[(60603.227272727272, 3008.4068459489131)]
[(53612.86363636364, 3219.3755711967297)]
[(26286.5, 1701.9641626856544)]
[(39036.409090909088, 2197.3966499025173)]
[(56643.818181818184, 2855.8241949298167)]
[(48592.86363636364, 2785.9180496497588)]
[(67282.454545454544, 2665.4507726105776)]
[(68368.863636363632, 3813.7176390886307)]
[(26739.272727272728, 1289.7519578933716)]
[(46371.63636363636, 2372.3162860220127)]
[(52007.045454545456, 2821.376110174439)]
[(55990.090909090912, 2814.3331021178851)]
[(33028.545454545456, 1812.3552095673301)]
[(35946.590909090912, 2766.7606963569469)]
[(44414.272727272728, 2549.0284205133266)]
[(24417.363636363636, 1367.3174436525865)]
[(56570.272727272728, 3360.9791720346971)]
[(31423.5, 2038.0517465201292)]
[(65984.5, 2974.7219321619382)]
[(34136.045454545456, 2277.7793191996489)]
[(61306.63636363636, 3431.0138821818614)]
[(32359.636363636364, 1841.5107256499205)]
[(42813.227272727272, 2597.087405735796)]
[(48228.545454545456, 2403.5257045355711)]
[(34444.5, 1898.544327378273)]
[(24059.863636363636, 1609.0912395065482)]
[(45929.454545454544, 2692.1259801171041)]
[(45103.272727272728, 2460.1558769616213)]
[(67624.318181818177, 2949.4073052514682)]
[(32430.727272727272, 1954.3533723571084)]
[(55875.318181818184, 2489.1025439717555)]
[(72277.727272727279, 4292.9900968725033)]
[(43249.86363636364, 1997.1770962693474)]
[(38959.181818181816, 2296.8670928478241)]
[(31501.090909090908, 2166.213833440434)]
[(60648.909090909088, 3163.1449333754454)]
[(37797.0, 2201.3869740854611)]
[(54521.045454545456, 2533.0700506622143)]
[(48155.545454545456, 2231.8524139144206)]
[(52079.545454545456, 2061.0561005202208)]
[(52703.045454545456, 2472.451501401988)]
[(67335.681818181823, 2842.7531272389674)]
[(33147.954545454544, 2217.3078779740767)]
[(41045.772727272728, 1707.8626287091863)]
[(52440.272727272728, 2819.0297187458386)]
[(37417.909090909088, 2248.4718817797575)]
[(33584.409090909088, 1923.5242961645126)]
[(51132.454545454544, 3485.1733726371417)]
[(38702.909090909088, 1698.205505067652)]
[(61537.045454545456, 2523.1903972950849)]
[(62933.909090909088, 2484.1606902642684)]
[(73111.636363636368, 2705.2091607397251)]
[(30178.545454545456, 1786.5940656228499)]
[(43980.0, 1981.9950882738287)]
[(48458.545454545456, 2419.6299943273716)]
[(58535.681818181816, 2949.3934652480211)]
[(40933.318181818184, 2229.1387117017398)]
[(34432.409090909088, 1555.6498849391937)]
[(63314.409090909088, 3170.2931498289108)]
[(28227.590909090908, 1562.7289013754237)]
[(52187.772727272728, 2757.2950667142868)]
[(56532.090909090912, 2939.0118246945467)]
[(33309.318181818184, 1814.7809665961699)]
[(54716.409090909088, 2523.4176301847806)]
[(55993.909090909088, 2118.681759595871)]
[(58688.181818181816, 2862.0224495801058)]
[(38619.727272727272, 1922.4743681062353)]
[(49207.681818181816, 2823.8418194922533)]
[(47836.0, 2707.4646126140246)]
[(65865.954545454544, 2939.9130769968033)]
[(57745.63636363636, 2481.6678399172697)]
[(74315.409090909088, 3514.9753874757075)]
[(36468.36363636364, 1827.820190093734)]
[(55242.13636363636, 2874.7723195227709)]
[(50625.454545454544, 2522.7783209193835)]
[(47741.0, 2968.122305696661)]
[(37977.181818181816, 2249.4531487985091)]
[(35126.909090909088, 2108.5686024535785)]
[(66682.863636363632, 3502.1620986353269)]
[(59388.954545454544, 2696.6831679669294)]
[(56346.0, 2663.260087078268)]
[(36666.63636363636, 1721.885715690526)]
[(42558.181818181816, 2697.5159185799685)]
[(22276.636363636364, 1396.4386292154138)]
[(49496.36363636364, 3004.3526740290904)]
[(40288.090909090912, 2221.08729559725)]
[(66616.954545454544, 3386.3972802704029)]
[(43016.454545454544, 1925.0301475850019)]
[(74647.318181818177, 3653.1784554286437)]
[(45872.63636363636, 2642.1001373204317)]
[(31390.363636363636, 1648.8391925638373)]
[(69331.590909090912, 3494.4989735971799)]
[(49877.318181818184, 2809.1555277976122)]
[(31457.454545454544, 1582.6847849000585)]
[(49215.318181818184, 2383.9444314241409)]
[(70061.818181818177, 3385.014800786972)]
[(34256.0, 1944.3716460358012)]
[(67055.272727272721, 2987.0852990367198)]
[(41589.227272727272, 2254.7425820285625)]
[(47106.5, 2104.8852563879705)]
[(36095.272727272728, 1794.5379463542592)]
[(60792.454545454544, 2728.6544592163777)]
[(61595.772727272728, 2647.8623100085692)]
[(61546.63636363636, 2445.7440700747752)]
[(67773.5, 3302.9744688705964)]
[(54054.545454545456, 2825.1744505925612)]
[(37357.954545454544, 2438.0847295956178)]
[(71956.636363636368, 3808.0200733921743)]
[(37064.454545454544, 2353.3715663606472)]
[(42909.818181818184, 2375.8807430375705)]
[(59388.272727272728, 2940.0479127493772)]
[(31020.909090909092, 2226.3855961777949)]
[(65707.954545454544, 2782.2848214561291)]
[(58450.0, 2310.8792549913578)]
[(43508.318181818184, 2231.8508461930537)]
[(47867.818181818184, 2338.6527813564649)]
[(59639.727272727272, 3204.6199693463063)]
[(53848.409090909088, 2425.792889714241)]
[(45592.5, 1712.0595851269636)]
[(28514.863636363636, 2217.5634399869227)]
[(65924.5, 2519.9394587711854)]
[(58475.454545454544, 2788.1856144558301)]
[(42218.86363636364, 1902.5688719424334)]
[(53407.545454545456, 2940.0813246640291)]
[(66405.318181818177, 3111.2936091314664)]
[(74512.181818181823, 3564.7344247211108)]
[(59815.272727272728, 3271.6645451242275)]
[(66899.681818181823, 2365.0344219099393)]
[(49590.909090909088, 2740.7137139277024)]
[(61032.409090909088, 2728.7023602507329)]
[(70627.090909090912, 3898.2009729688816)]
[(72002.045454545456, 3391.2231108817186)]
[(28480.727272727272, 1774.3048222064972)]
[(36916.318181818184, 1537.4281144684012)]
[(51081.545454545456, 2733.597341667522)]
[(34213.13636363636, 2039.0283103747802)]
[(56604.0, 2845.7038482969456)]
[(39077.954545454544, 1994.4400375864723)]
[(27779.31818181818, 1366.1647935238752)]
[(53286.36363636364, 3034.2987715981221)]
[(35342.227272727272, 1801.9887072498148)]
[(40992.090909090912, 1801.08026545698)]
[(76373.363636363632, 3796.5284416025333)]
[(58373.727272727272, 2850.6018550179219)]
[(43745.681818181816, 2767.1176822077146)]
[(41015.045454545456, 2265.3432372374969)]
[(35046.454545454544, 2154.3789456649261)]
[(53863.545454545456, 2580.9938205047088)]
[(66087.954545454544, 3323.4213655320082)]
[(35803.318181818184, 1855.8344097245824)]
[(44607.954545454544, 2732.651323773644)]
[(56543.045454545456, 2019.406545996666)]
[(47966.86363636364, 2538.0339626073837)]
[(42938.818181818184, 2549.8625794974241)]
[(27388.136363636364, 1704.1805808760903)]
[(33593.5, 1937.0559903816743)]
[(35338.86363636364, 1839.2271040027792)]
[(66684.227272727279, 2694.6466206095433)]
[(50061.090909090912, 2196.7602065909991)]
[(34990.045454545456, 1926.0835907134142)]
[(47050.681818181816, 2365.6507543325424)]
[(37891.045454545456, 1985.7506104490974)]
[(60603.545454545456, 2847.9578425884247)]
[(46930.5, 2013.9783823165026)]
[(35683.772727272728, 2249.5770105015149)]
[(27398.727272727272, 1625.7703417106109)]
[(38817.590909090912, 1802.4450102394278)]
[(52881.681818181816, 2374.5969315767288)]
[(50019.818181818184, 3221.299610528079)]
[(34419.727272727272, 1491.0291188413446)]
[(33610.227272727272, 1570.1972868334162)]
[(67596.045454545456, 3583.0747046145525)]
[(66785.863636363632, 3016.0832720127974)]
[(72104.863636363632, 3947.7671078443527)]
[(41320.86363636364, 2304.2220516746693)]
[(19393.363636363636, 1140.9228817007759)]
[(46562.090909090912, 2205.0930275050077)]
[(34372.227272727272, 1952.8865546204827)]
[(51937.36363636364, 2531.173691337759)]
[(31034.5, 1915.8485192168844)]
[(66780.5, 3607.707853133028)]
[(60592.772727272728, 2284.0562903339214)]
[(39956.909090909088, 2096.2428116798401)]
[(64067.0, 3455.8583660992708)]
[(45577.681818181816, 2181.3349088647151)]
[(48148.5, 2846.1631765907459)]
[(41529.454545454544, 2107.9115584871984)]
[(57272.045454545456, 3211.4111999490046)]
[(49882.545454545456, 2280.2236193960362)]
[(60736.090909090912, 2581.3350190032611)]
[(60829.0, 3402.1359863497996)]
[(55074.63636363636, 2271.7361213293943)]
[(48338.86363636364, 2249.0794569904156)]
[(33862.5, 2496.1864229223943)]
[(31344.090909090908, 1778.4251688393679)]
[(54736.272727272728, 2733.0814043391833)]
[(53952.227272727272, 2245.6885999224401)]
[(54376.681818181816, 2025.8995556939733)]
[(26259.454545454544, 1456.2735169909217)]
[(59209.727272727272, 3264.0719183358278)]
[(63922.0, 3075.1552583087573)]
[(72089.772727272721, 3219.8983183882451)]
[(66637.863636363632, 3209.6251318129625)]
[(60770.86363636364, 2722.3302361640062)]
[(50388.545454545456, 2358.5819034793162)]
[(53096.318181818184, 3299.8274405110965)]
[(62915.227272727272, 2600.3900298530407)]
[(67380.5, 3505.8728552189741)]
[(55966.13636363636, 3047.4388799558988)]
[(54130.272727272728, 2761.4199571609497)]
[(38953.727272727272, 1965.9732995250008)]
[(67526.045454545456, 2276.2693035927687)]
[(45914.090909090912, 2605.7627233808689)]
[(37383.727272727272, 2139.3283684903927)]
[(37966.045454545456, 1970.2141029292886)]
[(62851.181818181816, 2586.9169412309475)]
[(40838.86363636364, 2456.2211330695586)]
[(23057.136363636364, 1641.5642484534872)]
[(73020.818181818177, 4160.4219349731102)]
[(42153.227272727272, 2085.7461767738514)]
[(35584.409090909088, 2377.1894786899738)]
[(74235.681818181823, 3472.2163806936956)]
[(62361.818181818184, 2668.1219260692596)]
[(42841.5, 2902.891478061676)]
[(30729.81818181818, 1705.6943810419602)]
[(73011.772727272721, 3411.0025285048919)]
[(78116.045454545456, 4300.2193567861214)]
[(66949.409090909088, 2985.5021887150679)]
[(30315.545454545456, 1334.7461463104594)]
[(44992.63636363636, 2406.6166136264801)]
[(53858.318181818184, 3119.2271649295635)]
[(42559.590909090912, 1898.8745518272574)]
[(58332.909090909088, 2693.0284205133266)]
[(31157.136363636364, 1514.555191289295)]
[(66251.090909090912, 3551.2117572047496)]
[(50423.772727272728, 2158.9886275746608)]
[(47880.590909090912, 2125.7127648591995)]
[(45342.045454545456, 2792.4817778739061)]
[(54913.727272727272, 2842.5451967716217)]
[(68821.636363636368, 3447.8476615385575)]
[(54625.545454545456, 2287.0734555938029)]
[(26811.772727272728, 1677.4136253486979)]
[(31876.090909090908, 1624.7826936678453)]
[(36723.909090909088, 1610.5994179032066)]
[(31857.045454545456, 2051.3781067349696)]
[(40025.818181818184, 2545.2311088388615)]
[(22925.272727272728, 1276.2006917650049)]
[(56957.454545454544, 2790.6276978145947)]
[(31007.454545454544, 1580.2514587532389)]
[(50753.818181818184, 2832.6356465599752)]
[(42058.909090909088, 2257.6661620573564)]
[(32384.68181818182, 1726.2026391137731)]
[(47737.954545454544, 2696.6034227392888)]
[(57026.5, 3357.0747046145525)]
[(59228.0, 3068.9056976925244)]
[(62230.63636363636, 3659.1462316079574)]
[(52731.318181818184, 2561.2937684817748)]
[(54603.5, 3013.3707578940825)]
[(32100.363636363636, 1566.1181907220321)]
[(32817.36363636364, 1620.7550136609511)]
[(35545.909090909088, 2057.6579438231206)]
[(46037.0, 2377.1554176590657)]
[(59100.590909090912, 3151.5979907837782)]
[(69689.363636363632, 3098.2707119638271)]
[(65628.454545454544, 2966.207403204658)]
[(76250.727272727279, 4541.3219991814003)]
[(43969.86363636364, 2111.5946350639515)]
[(34695.13636363636, 1854.2805471311915)]
[(30792.590909090908, 2012.6234234896574)]
[(64598.681818181816, 2953.0209615338931)]
[(59120.0, 3109.8214391144838)]
[(31095.81818181818, 1988.3540214733644)]
[(41525.5, 2591.1939123652196)]
[(43273.590909090912, 2823.376110174439)]
[(39409.0, 2377.306040763855)]
[(41493.590909090912, 1765.7725585482337)]
[(28079.863636363636, 1579.6411277272484)]
[(56004.409090909088, 2291.7528272867203)]
[(24775.636363636364, 1775.0717777338896)]
[(64280.0, 3352.5282213254409)]
[(70648.409090909088, 4242.806331341917)]
[(59228.409090909088, 3096.7075531807814)]
[(28237.954545454544, 1984.8783363862472)]
[(70467.545454545456, 3313.3686511950059)]
[(42519.090909090912, 2277.6476188898087)]
[(28073.954545454544, 1944.6067175323312)]
[(39931.909090909088, 2000.983005805449)]
[(45134.090909090912, 2647.2342442815952)]
[(49141.772727272728, 2293.791591481729)]
[(67386.363636363632, 2670.9027216000991)]
[(69814.409090909088, 3547.438340978189)]
[(41988.63636363636, 2405.5912301323629)]
[(61027.181818181816, 2477.8786363384938)]
[(52754.545454545456, 2038.9246696992354)]
[(32431.863636363636, 1919.232835910537)]
[(54248.772727272728, 2456.2420032132754)]
[(46275.954545454544, 2152.7848612937059)]
[(38921.86363636364, 2246.3123913244767)]
[(64936.909090909088, 3039.2274344184184)]
[(28839.68181818182, 1270.5986586484041)]
[(69761.909090909088, 3287.3298869999971)]
[(68128.772727272721, 3219.6099935770035)]
[(27079.5, 1781.5053733695638)]
[(46649.045454545456, 2351.0840500159698)]
[(40105.36363636364, 2653.3893010616302)]
[(61516.909090909088, 2692.2101590199904)]
[(72259.0, 3243.1351474198427)]
[(33404.318181818184, 1687.5286197012122)]
[(35159.409090909088, 1884.0262833508577)]
[(33314.727272727272, 1586.0488805662501)]
[(46811.818181818184, 2777.210618322546)]
[(30275.090909090908, 1462.1676594777541)]
[(42056.181818181816, 1990.2878467603164)]
[(32300.772727272728, 1697.9962763677943)]
[(42315.86363636364, 2401.3035544373774)]
[(78046.136363636368, 3755.6637366576629)]
[(50928.409090909088, 2287.4194673950024)]
[(45512.86363636364, 2021.383459015326)]
[(26763.31818181818, 1686.3416390527379)]
[(38355.227272727272, 2254.8856360153718)]
[(38344.954545454544, 2135.7439599362287)]
[(38412.545454545456, 2046.2900635979393)]
[(58978.909090909088, 3235.1297951394863)]
[(51675.954545454544, 2217.0781587579036)]
[(40017.36363636364, 2371.1639053821564)]
[(31831.727272727272, 1738.7970234372399)]
[(47398.409090909088, 2099.7836427363482)]
[(42686.5, 2187.4074646017766)]
[(57699.13636363636, 2425.1387117017398)]
[(29179.454545454544, 1644.5767105492678)]
[(51428.772727272728, 1977.6594014059413)]
[(64242.545454545456, 3769.7985724102368)]
[(35865.090909090912, 2127.4304414445705)]
[(45233.5, 2047.8344097245824)]
[(43514.909090909088, 2898.9179699746046)]
[(66966.863636363632, 2993.7419633756986)]
[(41351.954545454544, 2289.9617864977231)]
[(28780.409090909092, 1508.8006978576834)]
[(36337.5, 2182.5875252485275)]
[(52655.63636363636, 2845.4659108465366)]
[(42189.5, 1967.6125291152434)]
[(57835.909090909088, 2474.9383503523741)]
[(58125.045454545456, 2659.5036462978883)]
[(46406.86363636364, 2556.5031869953327)]
[(52683.5, 2658.236650932919)]
[(49210.5, 2344.9377012361178)]
[(45323.454545454544, 1799.954376730052)]
[(70792.681818181823, 3554.2230312065644)]
[(56559.090909090912, 2435.5568996126003)]
[(44358.86363636364, 2146.1842060847716)]
[(36464.727272727272, 1705.181419806047)]
[(31947.772727272728, 1724.4191674427552)]
[(31341.454545454544, 1896.5915792963722)]
[(31178.954545454544, 1979.0775096416473)]
[(43479.5, 2209.1471994248304)]
[(58329.545454545456, 3375.1944021311674)]
[(30804.636363636364, 2092.1772860830479)]
[(39324.454545454544, 2362.8501174016433)]
[(51587.590909090912, 3129.5948553410444)]
[(35702.86363636364, 2099.4827761541715)]
[(38713.36363636364, 1833.3418288664384)]
[(32283.909090909092, 1685.4029207879846)]
[(34793.954545454544, 1853.5060224858198)]
[(61134.772727272728, 3026.7856205485082)]
[(40159.772727272728, 2373.7046567635102)]
[(59024.545454545456, 2924.7056058320131)]
[(55827.36363636364, 2943.7898644100537)]
[(51305.818181818184, 2378.4321989796376)]
[(57858.727272727272, 2246.1224650469694)]
[(56550.727272727272, 2366.6256403272801)]
[(59642.272727272728, 2864.4730206619611)]
[(33299.727272727272, 1482.6636452674866)]
[(49135.36363636364, 2376.143874168396)]
[(46480.045454545456, 2742.5744444998827)]
[(34107.0, 1948.7633420337331)]
[(26848.454545454544, 1397.2046661376953)]
[(73125.227272727279, 4147.2768539623785)]
[(73215.681818181823, 3095.1666119857268)]
[(55058.86363636364, 3407.0662168914623)]
[(56276.227272727272, 2487.2193755344911)]
[(55293.63636363636, 2415.233485026793)]
[(55640.590909090912, 2659.9425942139192)]
[(52697.272727272728, 2960.4765357320957)]
[(45970.090909090912, 2396.3190418373456)]
[(64805.318181818184, 2883.3426982597871)]
[(61124.227272727272, 2886.7370703978972)]
[(28868.727272727272, 2098.0454756346617)]
[(68115.409090909088, 3470.381762407043)]
[(67908.909090909088, 2751.7957556681199)]
[(48667.36363636364, 2585.8380349332638)]
[(67776.909090909088, 2549.0684829408474)]
[(61404.545454545456, 2591.8496580990877)]
[(53701.727272727272, 2276.9464584480634)]
[(57745.63636363636, 2481.6678399172697)]
[(56452.318181818184, 2853.770023009994)]
[(73380.454545454544, 3783.8823716857219)]
[(41694.409090909088, 2284.3303955143147)]
[(49215.681818181816, 2415.8467921452088)]
[(50998.454545454544, 2453.0177159526133)]
[(26902.772727272728, 1479.4838541095908)]
[(57070.590909090912, 2729.3934652480211)]
[(42810.0, 2165.2905229004946)]
[(38551.272727272728, 2265.6756785241041)]
[(55473.181818181816, 3179.2180280902171)]
[(68643.863636363632, 3433.0514582829042)]
[(60312.5, 2593.8115430203352)]
[(25157.68181818182, 1771.9374012838709)]
[(44643.045454545456, 3034.7739973826842)]
[(62539.772727272728, 2436.2794691757722)]
[(38789.86363636364, 1854.6397498195822)]
[(49882.545454545456, 2280.2236193960362)]
[(38238.227272727272, 2505.7532069141216)]
[(36726.090909090912, 2208.2780608047137)]
[(27416.363636363636, 1550.0397437269037)]
[(60099.86363636364, 1970.2733576406133)]
[(49259.181818181816, 2950.8366570255971)]
[(28829.31818181818, 1587.6080954399977)]
[(19886.454545454544, 1091.6214456774971)]
[(61553.818181818184, 3048.1499857035551)]
[(43038.5, 1801.9770840839906)]
[(52099.36363636364, 2924.9043994600124)]
[(43154.090909090912, 2743.3451845862651)]
[(51622.909090909088, 2341.9459991455078)]
[(46732.954545454544, 2066.3290972818027)]
[(40841.0, 1824.9073146256533)]
[(68926.636363636368, 3858.2856908494778)]
[(43264.36363636364, 2567.4472575404429)]
[(32323.772727272728, 1886.710358207876)]
[(54252.409090909088, 2827.6332399086518)]
[(25243.909090909092, 1670.4138151623986)]
[(69284.0, 3193.0286407904191)]
[(39208.590909090912, 1926.4752867113459)]
[(32910.590909090912, 1902.8244339552793)]
[(36986.318181818184, 2080.4318193522367)]
[(55150.727272727272, 1722.5089681148529)]
[(51366.909090909088, 2399.2316478165712)]
