0.658223212378
0.38556498453
0.385910839153
0.385702969463
0.385702969463
0.385702969463
0.385702969463
0.385702969463
0.385702969463
0.385702969463
0.385702969463
0.385702969463
0.385702969463
0.385702969463
0.385702969463
0.385702969463
0.385702969463
0.385702969463
0.385702969463
0.385702969463
0.385702969463
0.385702969463
0.385702969463
0.385702969463
0.385702969463
0.385702969463
0.385702969463
0.385702969463
0.385702969463
0.385702969463
0.385702969463
0.385702969463
0.385702969463
0.385702969463
0.385702969463
0.385702969463
0.385702969463
0.385702969463
0.385702969463
0.385702969463
0.385702969463
0.385702969463
0.385702969463
0.385702969463
0.385702969463
0.385702969463
0.385702969463
0.385702969463
0.385702969463
0.385702969463
0.385702969463
0.385702969463
0.385702969463
0.385702969463
0.385702969463
0.385702969463
0.385702969463
0.385702969463
0.385702969463
0.385702969463
0.385702969463
0.385702969463
0.385702969463
0.385702969463
0.385702969463
0.385702969463
0.385702969463
0.385702969463
0.385702969463
0.385702969463
0.385702969463
0.385702969463
0.385702969463
0.385702969463
0.385702969463
0.385702969463
0.385702969463
0.385702969463
0.385702969463
0.385702969463
0.385702969463
0.385702969463
0.385702969463
0.385702969463
0.385702969463
0.385702969463
0.385702969463
0.385702969463
0.385702969463
0.385702969463
0.385702969463
0.385702969463
0.385702969463
0.385702969463
0.385702969463
0.385702969463
0.385702969463
0.385702969463
0.385702969463
