82.7682341454
58.8144321871
56.637365123
56.6375533602
56.637553368
56.637553368
56.637553368
56.637553368
56.637553368
56.637553368
56.637553368
56.637553368
56.637553368
56.637553368
56.637553368
56.637553368
56.637553368
56.637553368
56.637553368
56.637553368
56.637553368
56.637553368
56.637553368
56.637553368
56.637553368
56.637553368
56.637553368
56.637553368
56.637553368
56.637553368
56.637553368
56.637553368
56.637553368
56.637553368
56.637553368
56.637553368
56.637553368
56.637553368
56.637553368
56.637553368
56.637553368
56.637553368
56.637553368
56.637553368
56.637553368
56.637553368
56.637553368
56.637553368
56.637553368
56.637553368
56.637553368
56.637553368
56.637553368
56.637553368
56.637553368
56.637553368
56.637553368
56.637553368
56.637553368
56.637553368
56.637553368
56.637553368
56.637553368
56.637553368
56.637553368
56.637553368
56.637553368
56.637553368
56.637553368
56.637553368
56.637553368
56.637553368
56.637553368
56.637553368
56.637553368
56.637553368
56.637553368
56.637553368
56.637553368
56.637553368
56.637553368
56.637553368
56.637553368
56.637553368
56.637553368
56.637553368
56.637553368
56.637553368
56.637553368
56.637553368
56.637553368
56.637553368
56.637553368
56.637553368
56.637553368
56.637553368
56.637553368
56.637553368
56.637553368
56.637553368
