0.316562804379
0.316074271971
0.314393597464
0.314393597464
0.314393597464
0.314393597464
0.314393597464
0.314393597464
0.314393597464
0.314393597464
0.314393597464
0.314393597464
0.314393597464
0.314393597464
0.314393597464
0.314393597464
0.314393597464
0.314393597464
0.314393597464
0.314393597464
0.314393597464
0.314393597464
0.314393597464
0.314393597464
0.314393597464
0.314393597464
0.314393597464
0.314393597464
0.314393597464
0.314393597464
0.314393597464
0.314393597464
0.314393597464
0.314393597464
0.314393597464
0.314393597464
0.314393597464
0.314393597464
0.314393597464
0.314393597464
0.314393597464
0.314393597464
0.314393597464
0.314393597464
0.314393597464
0.314393597464
0.314393597464
0.314393597464
0.314393597464
0.314393597464
0.314393597464
0.314393597464
0.314393597464
0.314393597464
0.314393597464
0.314393597464
0.314393597464
0.314393597464
0.314393597464
0.314393597464
0.314393597464
0.314393597464
0.314393597464
0.314393597464
0.314393597464
0.314393597464
0.314393597464
0.314393597464
0.314393597464
0.314393597464
0.314393597464
0.314393597464
0.314393597464
0.314393597464
0.314393597464
0.314393597464
0.314393597464
0.314393597464
0.314393597464
0.314393597464
0.314393597464
0.314393597464
0.314393597464
0.314393597464
0.314393597464
0.314393597464
0.314393597464
0.314393597464
0.314393597464
0.314393597464
0.314393597464
0.314393597464
0.314393597464
0.314393597464
0.314393597464
0.314393597464
0.314393597464
0.314393597464
0.314393597464
