86.3333795663
27.2440531157
27.2413041799
27.2413042438
27.2413042438
27.2413042438
27.2413042438
27.2413042438
27.2413042438
27.2413042438
27.2413042438
27.2413042438
27.2413042438
27.2413042438
27.2413042438
27.2413042438
27.2413042438
27.2413042438
27.2413042438
27.2413042438
27.2413042438
27.2413042438
27.2413042438
27.2413042438
27.2413042438
27.2413042438
27.2413042438
27.2413042438
27.2413042438
27.2413042438
27.2413042438
27.2413042438
27.2413042438
27.2413042438
27.2413042438
27.2413042438
27.2413042438
27.2413042438
27.2413042438
27.2413042438
27.2413042438
27.2413042438
27.2413042438
27.2413042438
27.2413042438
27.2413042438
27.2413042438
27.2413042438
27.2413042438
27.2413042438
27.2413042438
27.2413042438
27.2413042438
27.2413042438
27.2413042438
27.2413042438
27.2413042438
27.2413042438
27.2413042438
27.2413042438
27.2413042438
27.2413042438
27.2413042438
27.2413042438
27.2413042438
27.2413042438
27.2413042438
27.2413042438
27.2413042438
27.2413042438
27.2413042438
27.2413042438
27.2413042438
27.2413042438
27.2413042438
27.2413042438
27.2413042438
27.2413042438
27.2413042438
27.2413042438
27.2413042438
27.2413042438
27.2413042438
27.2413042438
27.2413042438
27.2413042438
27.2413042438
27.2413042438
27.2413042438
27.2413042438
27.2413042438
27.2413042438
27.2413042438
27.2413042438
27.2413042438
27.2413042438
27.2413042438
27.2413042438
27.2413042438
27.2413042438
