0.240110891932
0.239971326839
0.240064299353
0.240064299353
0.240064299353
0.240064299353
0.240064299353
0.240064299353
0.240064299353
0.240064299353
0.240064299353
0.240064299353
0.240064299353
0.240064299353
0.240064299353
0.240064299353
0.240064299353
0.240064299353
0.240064299353
0.240064299353
0.240064299353
0.240064299353
0.240064299353
0.240064299353
0.240064299353
0.240064299353
0.240064299353
0.240064299353
0.240064299353
0.240064299353
0.240064299353
0.240064299353
0.240064299353
0.240064299353
0.240064299353
0.240064299353
0.240064299353
0.240064299353
0.240064299353
0.240064299353
0.240064299353
0.240064299353
0.240064299353
0.240064299353
0.240064299353
0.240064299353
0.240064299353
0.240064299353
0.240064299353
0.240064299353
0.240064299353
0.240064299353
0.240064299353
0.240064299353
0.240064299353
0.240064299353
0.240064299353
0.240064299353
0.240064299353
0.240064299353
0.240064299353
0.240064299353
0.240064299353
0.240064299353
0.240064299353
0.240064299353
0.240064299353
0.240064299353
0.240064299353
0.240064299353
0.240064299353
0.240064299353
0.240064299353
0.240064299353
0.240064299353
0.240064299353
0.240064299353
0.240064299353
0.240064299353
0.240064299353
0.240064299353
0.240064299353
0.240064299353
0.240064299353
0.240064299353
0.240064299353
0.240064299353
0.240064299353
0.240064299353
0.240064299353
0.240064299353
0.240064299353
0.240064299353
0.240064299353
0.240064299353
0.240064299353
0.240064299353
0.240064299353
0.240064299353
