71.7855541245
97.9417656426
97.9399358531
97.9399357571
97.9399357571
97.9399357571
97.9399357571
97.9399357571
97.9399357571
97.9399357571
97.9399357571
97.9399357571
97.9399357571
97.9399357571
97.9399357571
97.9399357571
97.9399357571
97.9399357571
97.9399357571
97.9399357571
97.9399357571
97.9399357571
97.9399357571
97.9399357571
97.9399357571
97.9399357571
97.9399357571
97.9399357571
97.9399357571
97.9399357571
97.9399357571
97.9399357571
97.9399357571
97.9399357571
97.9399357571
97.9399357571
97.9399357571
97.9399357571
97.9399357571
97.9399357571
97.9399357571
97.9399357571
97.9399357571
97.9399357571
97.9399357571
97.9399357571
97.9399357571
97.9399357571
97.9399357571
97.9399357571
97.9399357571
97.9399357571
97.9399357571
97.9399357571
97.9399357571
97.9399357571
97.9399357571
97.9399357571
97.9399357571
97.9399357571
97.9399357571
97.9399357571
97.9399357571
97.9399357571
97.9399357571
97.9399357571
97.9399357571
97.9399357571
97.9399357571
97.9399357571
97.9399357571
97.9399357571
97.9399357571
97.9399357571
97.9399357571
97.9399357571
97.9399357571
97.9399357571
97.9399357571
97.9399357571
97.9399357571
97.9399357571
97.9399357571
97.9399357571
97.9399357571
97.9399357571
97.9399357571
97.9399357571
97.9399357571
97.9399357571
97.9399357571
97.9399357571
97.9399357571
97.9399357571
97.9399357571
97.9399357571
97.9399357571
97.9399357571
97.9399357571
97.9399357571
