0.147925410078
0.147887002505
0.14571779559
0.14571779559
0.14571779559
0.14571779559
0.14571779559
0.14571779559
0.14571779559
0.14571779559
0.14571779559
0.14571779559
0.14571779559
0.14571779559
0.14571779559
0.14571779559
0.14571779559
0.14571779559
0.14571779559
0.14571779559
0.14571779559
0.14571779559
0.14571779559
0.14571779559
0.14571779559
0.14571779559
0.14571779559
0.14571779559
0.14571779559
0.14571779559
0.14571779559
0.14571779559
0.14571779559
0.14571779559
0.14571779559
0.14571779559
0.14571779559
0.14571779559
0.14571779559
0.14571779559
0.14571779559
0.14571779559
0.14571779559
0.14571779559
0.14571779559
0.14571779559
0.14571779559
0.14571779559
0.14571779559
0.14571779559
0.14571779559
0.14571779559
0.14571779559
0.14571779559
0.14571779559
0.14571779559
0.14571779559
0.14571779559
0.14571779559
0.14571779559
0.14571779559
0.14571779559
0.14571779559
0.14571779559
0.14571779559
0.14571779559
0.14571779559
0.14571779559
0.14571779559
0.14571779559
0.14571779559
0.14571779559
0.14571779559
0.14571779559
0.14571779559
0.14571779559
0.14571779559
0.14571779559
0.14571779559
0.14571779559
0.14571779559
0.14571779559
0.14571779559
0.14571779559
0.14571779559
0.14571779559
0.14571779559
0.14571779559
0.14571779559
0.14571779559
0.14571779559
0.14571779559
0.14571779559
0.14571779559
0.14571779559
0.14571779559
0.14571779559
0.14571779559
0.14571779559
