0.465803526686
0.221362643623
0.0800403886421
0.228319900716
0.228319900716
0.228319900716
0.228319900716
0.228319900716
0.228319900716
0.228319900716
0.228319900716
0.228319900716
0.228319900716
0.228319900716
0.228319900716
0.228319900716
0.228319900716
0.228319900716
0.228319900716
0.228319900716
0.228319900716
0.228319900716
0.228319900716
0.228319900716
0.228319900716
0.228319900716
0.228319900716
0.228319900716
0.228319900716
0.228319900716
0.228319900716
0.228319900716
0.228319900716
0.228319900716
0.228319900716
0.228319900716
0.228319900716
0.228319900716
0.228319900716
0.228319900716
0.228319900716
0.228319900716
0.228319900716
0.228319900716
0.228319900716
0.228319900716
0.228319900716
0.228319900716
0.228319900716
0.228319900716
0.228319900716
0.228319900716
0.228319900716
0.228319900716
0.228319900716
0.228319900716
0.228319900716
0.228319900716
0.228319900716
0.228319900716
0.228319900716
0.228319900716
0.228319900716
0.228319900716
0.228319900716
0.228319900716
0.228319900716
0.228319900716
0.228319900716
0.228319900716
0.228319900716
0.228319900716
0.228319900716
0.228319900716
0.228319900716
0.228319900716
0.228319900716
0.228319900716
0.228319900716
0.228319900716
0.228319900716
0.228319900716
0.228319900716
0.228319900716
0.228319900716
0.228319900716
0.228319900716
0.228319900716
0.228319900716
0.228319900716
0.228319900716
0.228319900716
0.228319900716
0.228319900716
0.228319900716
0.228319900716
0.228319900716
0.228319900716
0.228319900716
