2.61367801306
3.63560539486
3.63328419594
3.63326368042
3.63326368042
3.63326368042
3.63326368042
3.63326368042
3.63326368042
3.63326368042
3.63326368042
3.63326368042
3.63326368042
3.63326368042
3.63326368042
3.63326368042
3.63326368042
3.63326368042
3.63326368042
3.63326368042
3.63326368042
3.63326368042
3.63326368042
3.63326368042
3.63326368042
3.63326368042
3.63326368042
3.63326368042
3.63326368042
3.63326368042
3.63326368042
3.63326368042
3.63326368042
3.63326368042
3.63326368042
3.63326368042
3.63326368042
3.63326368042
3.63326368042
3.63326368042
3.63326368042
3.63326368042
3.63326368042
3.63326368042
3.63326368042
3.63326368042
3.63326368042
3.63326368042
3.63326368042
3.63326368042
3.63326368042
3.63326368042
3.63326368042
3.63326368042
3.63326368042
3.63326368042
3.63326368042
3.63326368042
3.63326368042
3.63326368042
3.63326368042
3.63326368042
3.63326368042
3.63326368042
3.63326368042
3.63326368042
3.63326368042
3.63326368042
3.63326368042
3.63326368042
3.63326368042
3.63326368042
3.63326368042
3.63326368042
3.63326368042
3.63326368042
3.63326368042
3.63326368042
3.63326368042
3.63326368042
3.63326368042
3.63326368042
3.63326368042
3.63326368042
3.63326368042
3.63326368042
3.63326368042
3.63326368042
3.63326368042
3.63326368042
3.63326368042
3.63326368042
3.63326368042
3.63326368042
3.63326368042
3.63326368042
3.63326368042
3.63326368042
3.63326368042
3.63326368042
