0.00479669817307
0.0116108778004
-0.0237424308518
-0.0237424308518
-0.0237424308518
-0.0237424308518
-0.0237424308518
-0.0237424308518
-0.0237424308518
-0.0237424308518
-0.0237424308518
-0.0237424308518
-0.0237424308518
-0.0237424308518
-0.0237424308518
-0.0237424308518
-0.0237424308518
-0.0237424308518
-0.0237424308518
-0.0237424308518
-0.0237424308518
-0.0237424308518
-0.0237424308518
-0.0237424308518
-0.0237424308518
-0.0237424308518
-0.0237424308518
-0.0237424308518
-0.0237424308518
-0.0237424308518
-0.0237424308518
-0.0237424308518
-0.0237424308518
-0.0237424308518
-0.0237424308518
-0.0237424308518
-0.0237424308518
-0.0237424308518
-0.0237424308518
-0.0237424308518
-0.0237424308518
-0.0237424308518
-0.0237424308518
-0.0237424308518
-0.0237424308518
-0.0237424308518
-0.0237424308518
-0.0237424308518
-0.0237424308518
-0.0237424308518
-0.0237424308518
-0.0237424308518
-0.0237424308518
-0.0237424308518
-0.0237424308518
-0.0237424308518
-0.0237424308518
-0.0237424308518
-0.0237424308518
-0.0237424308518
-0.0237424308518
-0.0237424308518
-0.0237424308518
-0.0237424308518
-0.0237424308518
-0.0237424308518
-0.0237424308518
-0.0237424308518
-0.0237424308518
-0.0237424308518
-0.0237424308518
-0.0237424308518
-0.0237424308518
-0.0237424308518
-0.0237424308518
-0.0237424308518
-0.0237424308518
-0.0237424308518
-0.0237424308518
-0.0237424308518
-0.0237424308518
-0.0237424308518
-0.0237424308518
-0.0237424308518
-0.0237424308518
-0.0237424308518
-0.0237424308518
-0.0237424308518
-0.0237424308518
-0.0237424308518
-0.0237424308518
-0.0237424308518
-0.0237424308518
-0.0237424308518
-0.0237424308518
-0.0237424308518
-0.0237424308518
-0.0237424308518
-0.0237424308518
