12.2760216747
60.3778311251
55.0575875696
54.8365635512
54.8365391206
54.8365387203
54.8365387203
54.8365387203
54.8365387203
54.8365387203
54.8365387203
54.8365387203
54.8365387203
54.8365387203
54.8365387203
54.8365387203
54.8365387203
54.8365387203
54.8365387203
54.8365387203
54.8365387203
54.8365387203
54.8365387203
54.8365387203
54.8365387203
54.8365387203
54.8365387203
54.8365387203
54.8365387203
54.8365387203
54.8365387203
54.8365387203
54.8365387203
54.8365387203
54.8365387203
54.8365387203
54.8365387203
54.8365387203
54.8365387203
54.8365387203
54.8365387203
54.8365387203
54.8365387203
54.8365387203
54.8365387203
54.8365387203
54.8365387203
54.8365387203
54.8365387203
54.8365387203
54.8365387203
54.8365387203
54.8365387203
54.8365387203
54.8365387203
54.8365387203
54.8365387203
54.8365387203
54.8365387203
54.8365387203
54.8365387203
54.8365387203
54.8365387203
54.8365387203
54.8365387203
54.8365387203
54.8365387203
54.8365387203
54.8365387203
54.8365387203
54.8365387203
54.8365387203
54.8365387203
54.8365387203
54.8365387203
54.8365387203
54.8365387203
54.8365387203
54.8365387203
54.8365387203
54.8365387203
54.8365387203
54.8365387203
54.8365387203
54.8365387203
54.8365387203
54.8365387203
54.8365387203
54.8365387203
54.8365387203
54.8365387203
54.8365387203
54.8365387203
54.8365387203
54.8365387203
54.8365387203
54.8365387203
54.8365387203
54.8365387203
54.8365387203
