0.367864182552
0.368391122532
0.369789562717
0.369789562717
0.369789562717
0.369789562717
0.369789562717
0.369789562717
0.369789562717
0.369789562717
0.369789562717
0.369789562717
0.369789562717
0.369789562717
0.369789562717
0.369789562717
0.369789562717
0.369789562717
0.369789562717
0.369789562717
0.369789562717
0.369789562717
0.369789562717
0.369789562717
0.369789562717
0.369789562717
0.369789562717
0.369789562717
0.369789562717
0.369789562717
0.369789562717
0.369789562717
0.369789562717
0.369789562717
0.369789562717
0.369789562717
0.369789562717
0.369789562717
0.369789562717
0.369789562717
0.369789562717
0.369789562717
0.369789562717
0.369789562717
0.369789562717
0.369789562717
0.369789562717
0.369789562717
0.369789562717
0.369789562717
0.369789562717
0.369789562717
0.369789562717
0.369789562717
0.369789562717
0.369789562717
0.369789562717
0.369789562717
0.369789562717
0.369789562717
0.369789562717
0.369789562717
0.369789562717
0.369789562717
0.369789562717
0.369789562717
0.369789562717
0.369789562717
0.369789562717
0.369789562717
0.369789562717
0.369789562717
0.369789562717
0.369789562717
0.369789562717
0.369789562717
0.369789562717
0.369789562717
0.369789562717
0.369789562717
0.369789562717
0.369789562717
0.369789562717
0.369789562717
0.369789562717
0.369789562717
0.369789562717
0.369789562717
0.369789562717
0.369789562717
0.369789562717
0.369789562717
0.369789562717
0.369789562717
0.369789562717
0.369789562717
0.369789562717
0.369789562717
0.369789562717
