0.0788626075745
0.00613737600126
0.00613737600126
0.00613737600126
0.00613737600126
0.00613737600126
0.00613737600126
0.00613737600126
0.00613737600126
0.00613737600126
0.00613737600126
0.00613737600126
0.00613737600126
0.00613737600126
0.00613737600126
0.00613737600126
0.00613737600126
0.00613737600126
0.00613737600126
0.00613737600126
0.00613737600126
0.00613737600126
0.00613737600126
0.00613737600126
0.00613737600126
0.00613737600126
0.00613737600126
0.00613737600126
0.00613737600126
0.00613737600126
0.00613737600126
0.00613737600126
0.00613737600126
0.00613737600126
0.00613737600126
0.00613737600126
0.00613737600126
0.00613737600126
0.00613737600126
0.00613737600126
0.00613737600126
0.00613737600126
0.00613737600126
0.00613737600126
0.00613737600126
0.00613737600126
0.00613737600126
0.00613737600126
0.00613737600126
0.00613737600126
0.00613737600126
0.00613737600126
0.00613737600126
0.00613737600126
0.00613737600126
0.00613737600126
0.00613737600126
0.00613737600126
0.00613737600126
0.00613737600126
0.00613737600126
0.00613737600126
0.00613737600126
0.00613737600126
0.00613737600126
0.00613737600126
0.00613737600126
0.00613737600126
0.00613737600126
0.00613737600126
0.00613737600126
0.00613737600126
0.00613737600126
0.00613737600126
0.00613737600126
0.00613737600126
0.00613737600126
0.00613737600126
0.00613737600126
0.00613737600126
0.00613737600126
0.00613737600126
0.00613737600126
0.00613737600126
0.00613737600126
0.00613737600126
0.00613737600126
0.00613737600126
0.00613737600126
0.00613737600126
0.00613737600126
0.00613737600126
0.00613737600126
0.00613737600126
0.00613737600126
0.00613737600126
0.00613737600126
0.00613737600126
0.00613737600126
