56.6893310105
56.8755372094
56.8800511724
56.8800511724
56.8800511724
56.8800511724
56.8800511724
56.8800511724
56.8800511724
56.8800511724
56.8800511724
56.8800511724
56.8800511724
56.8800511724
56.8800511724
56.8800511724
56.8800511724
56.8800511724
56.8800511724
56.8800511724
56.8800511724
56.8800511724
56.8800511724
56.8800511724
56.8800511724
56.8800511724
56.8800511724
56.8800511724
56.8800511724
56.8800511724
56.8800511724
56.8800511724
56.8800511724
56.8800511724
56.8800511724
56.8800511724
56.8800511724
56.8800511724
56.8800511724
56.8800511724
56.8800511724
56.8800511724
56.8800511724
56.8800511724
56.8800511724
56.8800511724
56.8800511724
56.8800511724
56.8800511724
56.8800511724
56.8800511724
56.8800511724
56.8800511724
56.8800511724
56.8800511724
56.8800511724
56.8800511724
56.8800511724
56.8800511724
56.8800511724
56.8800511724
56.8800511724
56.8800511724
56.8800511724
56.8800511724
56.8800511724
56.8800511724
56.8800511724
56.8800511724
56.8800511724
56.8800511724
56.8800511724
56.8800511724
56.8800511724
56.8800511724
56.8800511724
56.8800511724
56.8800511724
56.8800511724
56.8800511724
56.8800511724
56.8800511724
56.8800511724
56.8800511724
56.8800511724
56.8800511724
56.8800511724
56.8800511724
56.8800511724
56.8800511724
56.8800511724
56.8800511724
56.8800511724
56.8800511724
56.8800511724
56.8800511724
56.8800511724
56.8800511724
56.8800511724
56.8800511724
