84.0433045777
8.9985950251
21.1529759128
21.9770404976
22.0162592505
22.0162592505
22.0162592505
22.0162592505
22.0162592505
22.0162592505
22.0162592505
22.0162592505
22.0162592505
22.0162592505
22.0162592505
22.0162592505
22.0162592505
22.0162592505
22.0162592505
22.0162592505
22.0162592505
22.0162592505
22.0162592505
22.0162592505
22.0162592505
22.0162592505
22.0162592505
22.0162592505
22.0162592505
22.0162592505
22.0162592505
22.0162592505
22.0162592505
22.0162592505
22.0162592505
22.0162592505
22.0162592505
22.0162592505
22.0162592505
22.0162592505
22.0162592505
22.0162592505
22.0162592505
22.0162592505
22.0162592505
22.0162592505
22.0162592505
22.0162592505
22.0162592505
22.0162592505
22.0162592505
22.0162592505
22.0162592505
22.0162592505
22.0162592505
22.0162592505
22.0162592505
22.0162592505
22.0162592505
22.0162592505
22.0162592505
22.0162592505
22.0162592505
22.0162592505
22.0162592505
22.0162592505
22.0162592505
22.0162592505
22.0162592505
22.0162592505
22.0162592505
22.0162592505
22.0162592505
22.0162592505
22.0162592505
22.0162592505
22.0162592505
22.0162592505
22.0162592505
22.0162592505
22.0162592505
22.0162592505
22.0162592505
22.0162592505
22.0162592505
22.0162592505
22.0162592505
22.0162592505
22.0162592505
22.0162592505
22.0162592505
22.0162592505
22.0162592505
22.0162592505
22.0162592505
22.0162592505
22.0162592505
22.0162592505
22.0162592505
22.0162592505
