0.232398053216
0.718283639027
0.447084441837
0.209125223185
0.209125223185
0.20948998037
0.20948998037
0.20948998037
0.20948998037
0.20948998037
0.20948998037
0.20948998037
0.20948998037
0.20948998037
0.20948998037
0.20948998037
0.20948998037
0.20948998037
0.20948998037
0.20948998037
0.20948998037
0.20948998037
0.20948998037
0.20948998037
0.20948998037
0.20948998037
0.20948998037
0.20948998037
0.20948998037
0.20948998037
0.20948998037
0.20948998037
0.20948998037
0.20948998037
0.20948998037
0.20948998037
0.20948998037
0.20948998037
0.20948998037
0.20948998037
0.20948998037
0.20948998037
0.20948998037
0.20948998037
0.20948998037
0.20948998037
0.20948998037
0.20948998037
0.20948998037
0.20948998037
0.20948998037
0.20948998037
0.20948998037
0.20948998037
0.20948998037
0.20948998037
0.20948998037
0.20948998037
0.20948998037
0.20948998037
0.20948998037
0.20948998037
0.20948998037
0.20948998037
0.20948998037
0.20948998037
0.20948998037
0.20948998037
0.20948998037
0.20948998037
0.20948998037
0.20948998037
0.20948998037
0.20948998037
0.20948998037
0.20948998037
0.20948998037
0.20948998037
0.20948998037
0.20948998037
0.20948998037
0.20948998037
0.20948998037
0.20948998037
0.20948998037
0.20948998037
0.20948998037
0.20948998037
0.20948998037
0.20948998037
0.20948998037
0.20948998037
0.20948998037
0.20948998037
0.20948998037
0.20948998037
0.20948998037
0.20948998037
0.20948998037
