0.441841285778
0.439672078863
0.439672078863
0.439672078863
0.439672078863
0.439672078863
0.439672078863
0.439672078863
0.439672078863
0.439672078863
0.439672078863
0.439672078863
0.439672078863
0.439672078863
0.439672078863
0.439672078863
0.439672078863
0.439672078863
0.439672078863
0.439672078863
0.439672078863
0.439672078863
0.439672078863
0.439672078863
0.439672078863
0.439672078863
0.439672078863
0.439672078863
0.439672078863
0.439672078863
0.439672078863
0.439672078863
0.439672078863
0.439672078863
0.439672078863
0.439672078863
0.439672078863
0.439672078863
0.439672078863
0.439672078863
0.439672078863
0.439672078863
0.439672078863
0.439672078863
0.439672078863
0.439672078863
0.439672078863
0.439672078863
0.439672078863
0.439672078863
0.439672078863
0.439672078863
0.439672078863
0.439672078863
0.439672078863
0.439672078863
0.439672078863
0.439672078863
0.439672078863
0.439672078863
0.439672078863
0.439672078863
0.439672078863
0.439672078863
0.439672078863
0.439672078863
0.439672078863
0.439672078863
0.439672078863
0.439672078863
0.439672078863
0.439672078863
0.439672078863
0.439672078863
0.439672078863
0.439672078863
0.439672078863
0.439672078863
0.439672078863
0.439672078863
0.439672078863
0.439672078863
0.439672078863
0.439672078863
0.439672078863
0.439672078863
0.439672078863
0.439672078863
0.439672078863
0.439672078863
0.439672078863
0.439672078863
0.439672078863
0.439672078863
0.439672078863
0.439672078863
0.439672078863
0.439672078863
0.439672078863
