0.00800399294936
0.00850988491093
0.00800818568678
0.00800818568678
0.00800818568678
0.00800818568678
0.00800818568678
0.00800818568678
0.00800818568678
0.00800818568678
0.00800818568678
0.00800818568678
0.00800818568678
0.00800818568678
0.00800818568678
0.00800818568678
0.00800818568678
0.00800818568678
0.00800818568678
0.00800818568678
0.00800818568678
0.00800818568678
0.00800818568678
0.00800818568678
0.00800818568678
0.00800818568678
0.00800818568678
0.00800818568678
0.00800818568678
0.00800818568678
0.00800818568678
0.00800818568678
0.00800818568678
0.00800818568678
0.00800818568678
0.00800818568678
0.00800818568678
0.00800818568678
0.00800818568678
0.00800818568678
0.00800818568678
0.00800818568678
0.00800818568678
0.00800818568678
0.00800818568678
0.00800818568678
0.00800818568678
0.00800818568678
0.00800818568678
0.00800818568678
0.00800818568678
0.00800818568678
0.00800818568678
0.00800818568678
0.00800818568678
0.00800818568678
0.00800818568678
0.00800818568678
0.00800818568678
0.00800818568678
0.00800818568678
0.00800818568678
0.00800818568678
0.00800818568678
0.00800818568678
0.00800818568678
0.00800818568678
0.00800818568678
0.00800818568678
0.00800818568678
0.00800818568678
0.00800818568678
0.00800818568678
0.00800818568678
0.00800818568678
0.00800818568678
0.00800818568678
0.00800818568678
0.00800818568678
0.00800818568678
0.00800818568678
0.00800818568678
0.00800818568678
0.00800818568678
0.00800818568678
0.00800818568678
0.00800818568678
0.00800818568678
0.00800818568678
0.00800818568678
0.00800818568678
0.00800818568678
0.00800818568678
0.00800818568678
0.00800818568678
0.00800818568678
0.00800818568678
0.00800818568678
0.00800818568678
