90.15145868
89.2726368464
89.2727850427
89.2727850613
89.2727850613
89.2727850613
89.2727850613
89.2727850613
89.2727850613
89.2727850613
89.2727850613
89.2727850613
89.2727850613
89.2727850613
89.2727850613
89.2727850613
89.2727850613
89.2727850613
89.2727850613
89.2727850613
89.2727850613
89.2727850613
89.2727850613
89.2727850613
89.2727850613
89.2727850613
89.2727850613
89.2727850613
89.2727850613
89.2727850613
89.2727850613
89.2727850613
89.2727850613
89.2727850613
89.2727850613
89.2727850613
89.2727850613
89.2727850613
89.2727850613
89.2727850613
89.2727850613
89.2727850613
89.2727850613
89.2727850613
89.2727850613
89.2727850613
89.2727850613
89.2727850613
89.2727850613
89.2727850613
89.2727850613
89.2727850613
89.2727850613
89.2727850613
89.2727850613
89.2727850613
89.2727850613
89.2727850613
89.2727850613
89.2727850613
89.2727850613
89.2727850613
89.2727850613
89.2727850613
89.2727850613
89.2727850613
89.2727850613
89.2727850613
89.2727850613
89.2727850613
89.2727850613
89.2727850613
89.2727850613
89.2727850613
89.2727850613
89.2727850613
89.2727850613
89.2727850613
89.2727850613
89.2727850613
89.2727850613
89.2727850613
89.2727850613
89.2727850613
89.2727850613
89.2727850613
89.2727850613
89.2727850613
89.2727850613
89.2727850613
89.2727850613
89.2727850613
89.2727850613
89.2727850613
89.2727850613
89.2727850613
89.2727850613
89.2727850613
89.2727850613
89.2727850613
