0.33631967824
0.336225551771
0.335926968488
0.335926968488
0.335926968488
0.335926968488
0.335926968488
0.335926968488
0.335926968488
0.335926968488
0.335926968488
0.335926968488
0.335926968488
0.335926968488
0.335926968488
0.335926968488
0.335926968488
0.335926968488
0.335926968488
0.335926968488
0.335926968488
0.335926968488
0.335926968488
0.335926968488
0.335926968488
0.335926968488
0.335926968488
0.335926968488
0.335926968488
0.335926968488
0.335926968488
0.335926968488
0.335926968488
0.335926968488
0.335926968488
0.335926968488
0.335926968488
0.335926968488
0.335926968488
0.335926968488
0.335926968488
0.335926968488
0.335926968488
0.335926968488
0.335926968488
0.335926968488
0.335926968488
0.335926968488
0.335926968488
0.335926968488
0.335926968488
0.335926968488
0.335926968488
0.335926968488
0.335926968488
0.335926968488
0.335926968488
0.335926968488
0.335926968488
0.335926968488
0.335926968488
0.335926968488
0.335926968488
0.335926968488
0.335926968488
0.335926968488
0.335926968488
0.335926968488
0.335926968488
0.335926968488
0.335926968488
0.335926968488
0.335926968488
0.335926968488
0.335926968488
0.335926968488
0.335926968488
0.335926968488
0.335926968488
0.335926968488
0.335926968488
0.335926968488
0.335926968488
0.335926968488
0.335926968488
0.335926968488
0.335926968488
0.335926968488
0.335926968488
0.335926968488
0.335926968488
0.335926968488
0.335926968488
0.335926968488
0.335926968488
0.335926968488
0.335926968488
0.335926968488
0.335926968488
