0.0268274027793
0.107267026785
-0.057241242935
-0.0579043837146
-0.0579043837146
-0.0579043837146
-0.0579043837146
-0.0579043837146
-0.0579043837146
-0.0579043837146
-0.0579043837146
-0.0579043837146
-0.0579043837146
-0.0579043837146
-0.0579043837146
-0.0579043837146
-0.0579043837146
-0.0579043837146
-0.0579043837146
-0.0579043837146
-0.0579043837146
-0.0579043837146
-0.0579043837146
-0.0579043837146
-0.0579043837146
-0.0579043837146
-0.0579043837146
-0.0579043837146
-0.0579043837146
-0.0579043837146
-0.0579043837146
-0.0579043837146
-0.0579043837146
-0.0579043837146
-0.0579043837146
-0.0579043837146
-0.0579043837146
-0.0579043837146
-0.0579043837146
-0.0579043837146
-0.0579043837146
-0.0579043837146
-0.0579043837146
-0.0579043837146
-0.0579043837146
-0.0579043837146
-0.0579043837146
-0.0579043837146
-0.0579043837146
-0.0579043837146
-0.0579043837146
-0.0579043837146
-0.0579043837146
-0.0579043837146
-0.0579043837146
-0.0579043837146
-0.0579043837146
-0.0579043837146
-0.0579043837146
-0.0579043837146
-0.0579043837146
-0.0579043837146
-0.0579043837146
-0.0579043837146
-0.0579043837146
-0.0579043837146
-0.0579043837146
-0.0579043837146
-0.0579043837146
-0.0579043837146
-0.0579043837146
-0.0579043837146
-0.0579043837146
-0.0579043837146
-0.0579043837146
-0.0579043837146
-0.0579043837146
-0.0579043837146
-0.0579043837146
-0.0579043837146
-0.0579043837146
-0.0579043837146
-0.0579043837146
-0.0579043837146
-0.0579043837146
-0.0579043837146
-0.0579043837146
-0.0579043837146
-0.0579043837146
-0.0579043837146
-0.0579043837146
-0.0579043837146
-0.0579043837146
-0.0579043837146
-0.0579043837146
-0.0579043837146
-0.0579043837146
-0.0579043837146
-0.0579043837146
