73.2809926175
21.1556954814
22.5533419157
22.6108230148
22.6108306384
22.6108306384
22.6108306384
22.6108306384
22.6108306384
22.6108306384
22.6108306384
22.6108306384
22.6108306384
22.6108306384
22.6108306384
22.6108306384
22.6108306384
22.6108306384
22.6108306384
22.6108306384
22.6108306384
22.6108306384
22.6108306384
22.6108306384
22.6108306384
22.6108306384
22.6108306384
22.6108306384
22.6108306384
22.6108306384
22.6108306384
22.6108306384
22.6108306384
22.6108306384
22.6108306384
22.6108306384
22.6108306384
22.6108306384
22.6108306384
22.6108306384
22.6108306384
22.6108306384
22.6108306384
22.6108306384
22.6108306384
22.6108306384
22.6108306384
22.6108306384
22.6108306384
22.6108306384
22.6108306384
22.6108306384
22.6108306384
22.6108306384
22.6108306384
22.6108306384
22.6108306384
22.6108306384
22.6108306384
22.6108306384
22.6108306384
22.6108306384
22.6108306384
22.6108306384
22.6108306384
22.6108306384
22.6108306384
22.6108306384
22.6108306384
22.6108306384
22.6108306384
22.6108306384
22.6108306384
22.6108306384
22.6108306384
22.6108306384
22.6108306384
22.6108306384
22.6108306384
22.6108306384
22.6108306384
22.6108306384
22.6108306384
22.6108306384
22.6108306384
22.6108306384
22.6108306384
22.6108306384
22.6108306384
22.6108306384
22.6108306384
22.6108306384
22.6108306384
22.6108306384
22.6108306384
22.6108306384
22.6108306384
22.6108306384
22.6108306384
22.6108306384
