-0.0172908134178
-0.00288942724679
0.00520682529717
0.00520682529717
0.00520682529717
0.00520682529717
0.00520682529717
0.00520682529717
0.00520682529717
0.00520682529717
0.00520682529717
0.00520682529717
0.00520682529717
0.00520682529717
0.00520682529717
0.00520682529717
0.00520682529717
0.00520682529717
0.00520682529717
0.00520682529717
0.00520682529717
0.00520682529717
0.00520682529717
0.00520682529717
0.00520682529717
0.00520682529717
0.00520682529717
0.00520682529717
0.00520682529717
0.00520682529717
0.00520682529717
0.00520682529717
0.00520682529717
0.00520682529717
0.00520682529717
0.00520682529717
0.00520682529717
0.00520682529717
0.00520682529717
0.00520682529717
0.00520682529717
0.00520682529717
0.00520682529717
0.00520682529717
0.00520682529717
0.00520682529717
0.00520682529717
0.00520682529717
0.00520682529717
0.00520682529717
0.00520682529717
0.00520682529717
0.00520682529717
0.00520682529717
0.00520682529717
0.00520682529717
0.00520682529717
0.00520682529717
0.00520682529717
0.00520682529717
0.00520682529717
0.00520682529717
0.00520682529717
0.00520682529717
0.00520682529717
0.00520682529717
0.00520682529717
0.00520682529717
0.00520682529717
0.00520682529717
0.00520682529717
0.00520682529717
0.00520682529717
0.00520682529717
0.00520682529717
0.00520682529717
0.00520682529717
0.00520682529717
0.00520682529717
0.00520682529717
0.00520682529717
0.00520682529717
0.00520682529717
0.00520682529717
0.00520682529717
0.00520682529717
0.00520682529717
0.00520682529717
0.00520682529717
0.00520682529717
0.00520682529717
0.00520682529717
0.00520682529717
0.00520682529717
0.00520682529717
0.00520682529717
0.00520682529717
0.00520682529717
0.00520682529717
