0.279982509748
0.279612692539
0.279982509748
0.279982509748
0.279982509748
0.279982509748
0.279982509748
0.279982509748
0.279982509748
0.279982509748
0.279982509748
0.279982509748
0.279982509748
0.279982509748
0.279982509748
0.279982509748
0.279982509748
0.279982509748
0.279982509748
0.279982509748
0.279982509748
0.279982509748
0.279982509748
0.279982509748
0.279982509748
0.279982509748
0.279982509748
0.279982509748
0.279982509748
0.279982509748
0.279982509748
0.279982509748
0.279982509748
0.279982509748
0.279982509748
0.279982509748
0.279982509748
0.279982509748
0.279982509748
0.279982509748
0.279982509748
0.279982509748
0.279982509748
0.279982509748
0.279982509748
0.279982509748
0.279982509748
0.279982509748
0.279982509748
0.279982509748
0.279982509748
0.279982509748
0.279982509748
0.279982509748
0.279982509748
0.279982509748
0.279982509748
0.279982509748
0.279982509748
0.279982509748
0.279982509748
0.279982509748
0.279982509748
0.279982509748
0.279982509748
0.279982509748
0.279982509748
0.279982509748
0.279982509748
0.279982509748
0.279982509748
0.279982509748
0.279982509748
0.279982509748
0.279982509748
0.279982509748
0.279982509748
0.279982509748
0.279982509748
0.279982509748
0.279982509748
0.279982509748
0.279982509748
0.279982509748
0.279982509748
0.279982509748
0.279982509748
0.279982509748
0.279982509748
0.279982509748
0.279982509748
0.279982509748
0.279982509748
0.279982509748
0.279982509748
0.279982509748
0.279982509748
0.279982509748
0.279982509748
