24.3089009061
64.7969628805
64.8019539412
64.8019534798
64.8019534798
64.8019534798
64.8019534798
64.8019534798
64.8019534798
64.8019534798
64.8019534798
64.8019534798
64.8019534798
64.8019534798
64.8019534798
64.8019534798
64.8019534798
64.8019534798
64.8019534798
64.8019534798
64.8019534798
64.8019534798
64.8019534798
64.8019534798
64.8019534798
64.8019534798
64.8019534798
64.8019534798
64.8019534798
64.8019534798
64.8019534798
64.8019534798
64.8019534798
64.8019534798
64.8019534798
64.8019534798
64.8019534798
64.8019534798
64.8019534798
64.8019534798
64.8019534798
64.8019534798
64.8019534798
64.8019534798
64.8019534798
64.8019534798
64.8019534798
64.8019534798
64.8019534798
64.8019534798
64.8019534798
64.8019534798
64.8019534798
64.8019534798
64.8019534798
64.8019534798
64.8019534798
64.8019534798
64.8019534798
64.8019534798
64.8019534798
64.8019534798
64.8019534798
64.8019534798
64.8019534798
64.8019534798
64.8019534798
64.8019534798
64.8019534798
64.8019534798
64.8019534798
64.8019534798
64.8019534798
64.8019534798
64.8019534798
64.8019534798
64.8019534798
64.8019534798
64.8019534798
64.8019534798
64.8019534798
64.8019534798
64.8019534798
64.8019534798
64.8019534798
64.8019534798
64.8019534798
64.8019534798
64.8019534798
64.8019534798
64.8019534798
64.8019534798
64.8019534798
64.8019534798
64.8019534798
64.8019534798
64.8019534798
64.8019534798
64.8019534798
64.8019534798
