47.251032999
94.3511448744
94.3493016932
94.3494270558
94.3494270558
94.3494270558
94.3494270558
94.3494270558
94.3494270558
94.3494270558
94.3494270558
94.3494270558
94.3494270558
94.3494270558
94.3494270558
94.3494270558
94.3494270558
94.3494270558
94.3494270558
94.3494270558
94.3494270558
94.3494270558
94.3494270558
94.3494270558
94.3494270558
94.3494270558
94.3494270558
94.3494270558
94.3494270558
94.3494270558
94.3494270558
94.3494270558
94.3494270558
94.3494270558
94.3494270558
94.3494270558
94.3494270558
94.3494270558
94.3494270558
94.3494270558
94.3494270558
94.3494270558
94.3494270558
94.3494270558
94.3494270558
94.3494270558
94.3494270558
94.3494270558
94.3494270558
94.3494270558
94.3494270558
94.3494270558
94.3494270558
94.3494270558
94.3494270558
94.3494270558
94.3494270558
94.3494270558
94.3494270558
94.3494270558
94.3494270558
94.3494270558
94.3494270558
94.3494270558
94.3494270558
94.3494270558
94.3494270558
94.3494270558
94.3494270558
94.3494270558
94.3494270558
94.3494270558
94.3494270558
94.3494270558
94.3494270558
94.3494270558
94.3494270558
94.3494270558
94.3494270558
94.3494270558
94.3494270558
94.3494270558
94.3494270558
94.3494270558
94.3494270558
94.3494270558
94.3494270558
94.3494270558
94.3494270558
94.3494270558
94.3494270558
94.3494270558
94.3494270558
94.3494270558
94.3494270558
94.3494270558
94.3494270558
94.3494270558
94.3494270558
94.3494270558
