0.201383556874
0.203064231382
0.201383556874
0.201383556874
0.201383556874
0.201383556874
0.201383556874
0.201383556874
0.201383556874
0.201383556874
0.201383556874
0.201383556874
0.201383556874
0.201383556874
0.201383556874
0.201383556874
0.201383556874
0.201383556874
0.201383556874
0.201383556874
0.201383556874
0.201383556874
0.201383556874
0.201383556874
0.201383556874
0.201383556874
0.201383556874
0.201383556874
0.201383556874
0.201383556874
0.201383556874
0.201383556874
0.201383556874
0.201383556874
0.201383556874
0.201383556874
0.201383556874
0.201383556874
0.201383556874
0.201383556874
0.201383556874
0.201383556874
0.201383556874
0.201383556874
0.201383556874
0.201383556874
0.201383556874
0.201383556874
0.201383556874
0.201383556874
0.201383556874
0.201383556874
0.201383556874
0.201383556874
0.201383556874
0.201383556874
0.201383556874
0.201383556874
0.201383556874
0.201383556874
0.201383556874
0.201383556874
0.201383556874
0.201383556874
0.201383556874
0.201383556874
0.201383556874
0.201383556874
0.201383556874
0.201383556874
0.201383556874
0.201383556874
0.201383556874
0.201383556874
0.201383556874
0.201383556874
0.201383556874
0.201383556874
0.201383556874
0.201383556874
0.201383556874
0.201383556874
0.201383556874
0.201383556874
0.201383556874
0.201383556874
0.201383556874
0.201383556874
0.201383556874
0.201383556874
0.201383556874
0.201383556874
0.201383556874
0.201383556874
0.201383556874
0.201383556874
0.201383556874
0.201383556874
0.201383556874
