43.8621722746
19.886032935
19.886032935
19.886032935
19.886032935
19.886032935
19.886032935
19.886032935
19.886032935
19.886032935
19.886032935
19.886032935
19.886032935
19.886032935
19.886032935
19.886032935
19.886032935
19.886032935
19.886032935
19.886032935
19.886032935
19.886032935
19.886032935
19.886032935
19.886032935
19.886032935
19.886032935
19.886032935
19.886032935
19.886032935
19.886032935
19.886032935
19.886032935
19.886032935
19.886032935
19.886032935
19.886032935
19.886032935
19.886032935
19.886032935
19.886032935
19.886032935
19.886032935
19.886032935
19.886032935
19.886032935
19.886032935
19.886032935
19.886032935
19.886032935
19.886032935
19.886032935
19.886032935
19.886032935
19.886032935
19.886032935
19.886032935
19.886032935
19.886032935
19.886032935
19.886032935
19.886032935
19.886032935
19.886032935
19.886032935
19.886032935
19.886032935
19.886032935
19.886032935
19.886032935
19.886032935
19.886032935
19.886032935
19.886032935
19.886032935
19.886032935
19.886032935
19.886032935
19.886032935
19.886032935
19.886032935
19.886032935
19.886032935
19.886032935
19.886032935
19.886032935
19.886032935
19.886032935
19.886032935
19.886032935
19.886032935
19.886032935
19.886032935
19.886032935
19.886032935
19.886032935
19.886032935
19.886032935
19.886032935
19.886032935
