0.0780277415724
0.0780277415724
0.0780277415724
0.0780277415724
0.0780277415724
0.0780277415724
0.0780277415724
0.0780277415724
0.0780277415724
0.0780277415724
0.0780277415724
0.0780277415724
0.0780277415724
0.0780277415724
0.0780277415724
0.0780277415724
0.0780277415724
0.0780277415724
0.0780277415724
0.0780277415724
0.0780277415724
0.0780277415724
0.0780277415724
0.0780277415724
0.0780277415724
0.0780277415724
0.0780277415724
0.0780277415724
0.0780277415724
0.0780277415724
0.0780277415724
0.0780277415724
0.0780277415724
0.0780277415724
0.0780277415724
0.0780277415724
0.0780277415724
0.0780277415724
0.0780277415724
0.0780277415724
0.0780277415724
0.0780277415724
0.0780277415724
0.0780277415724
0.0780277415724
0.0780277415724
0.0780277415724
0.0780277415724
0.0780277415724
0.0780277415724
0.0780277415724
0.0780277415724
0.0780277415724
0.0780277415724
0.0780277415724
0.0780277415724
0.0780277415724
0.0780277415724
0.0780277415724
0.0780277415724
0.0780277415724
0.0780277415724
0.0780277415724
0.0780277415724
0.0780277415724
0.0780277415724
0.0780277415724
0.0780277415724
0.0780277415724
0.0780277415724
0.0780277415724
0.0780277415724
0.0780277415724
0.0780277415724
0.0780277415724
0.0780277415724
0.0780277415724
0.0780277415724
0.0780277415724
0.0780277415724
0.0780277415724
0.0780277415724
0.0780277415724
0.0780277415724
0.0780277415724
0.0780277415724
0.0780277415724
0.0780277415724
0.0780277415724
0.0780277415724
0.0780277415724
0.0780277415724
0.0780277415724
0.0780277415724
0.0780277415724
0.0780277415724
0.0780277415724
0.0780277415724
0.0780277415724
