0.123014181026
0.123014181026
0.123502713434
0.123502713434
0.123502713434
0.123502713434
0.123502713434
0.123502713434
0.123502713434
0.123502713434
0.123502713434
0.123502713434
0.123502713434
0.123502713434
0.123502713434
0.123502713434
0.123502713434
0.123502713434
0.123502713434
0.123502713434
0.123502713434
0.123502713434
0.123502713434
0.123502713434
0.123502713434
0.123502713434
0.123502713434
0.123502713434
0.123502713434
0.123502713434
0.123502713434
0.123502713434
0.123502713434
0.123502713434
0.123502713434
0.123502713434
0.123502713434
0.123502713434
0.123502713434
0.123502713434
0.123502713434
0.123502713434
0.123502713434
0.123502713434
0.123502713434
0.123502713434
0.123502713434
0.123502713434
0.123502713434
0.123502713434
0.123502713434
0.123502713434
0.123502713434
0.123502713434
0.123502713434
0.123502713434
0.123502713434
0.123502713434
0.123502713434
0.123502713434
0.123502713434
0.123502713434
0.123502713434
0.123502713434
0.123502713434
0.123502713434
0.123502713434
0.123502713434
0.123502713434
0.123502713434
0.123502713434
0.123502713434
0.123502713434
0.123502713434
0.123502713434
0.123502713434
0.123502713434
0.123502713434
0.123502713434
0.123502713434
0.123502713434
0.123502713434
0.123502713434
0.123502713434
0.123502713434
0.123502713434
0.123502713434
0.123502713434
0.123502713434
0.123502713434
0.123502713434
0.123502713434
0.123502713434
0.123502713434
0.123502713434
0.123502713434
0.123502713434
0.123502713434
0.123502713434
