5.22857100347
65.0043809002
65.0043809002
65.0043809002
65.0043809002
65.0043809002
65.0043809002
65.0043809002
65.0043809002
65.0043809002
65.0043809002
65.0043809002
65.0043809002
65.0043809002
65.0043809002
65.0043809002
65.0043809002
65.0043809002
65.0043809002
65.0043809002
65.0043809002
65.0043809002
65.0043809002
65.0043809002
65.0043809002
65.0043809002
65.0043809002
65.0043809002
65.0043809002
65.0043809002
65.0043809002
65.0043809002
65.0043809002
65.0043809002
65.0043809002
65.0043809002
65.0043809002
65.0043809002
65.0043809002
65.0043809002
65.0043809002
65.0043809002
65.0043809002
65.0043809002
65.0043809002
65.0043809002
65.0043809002
65.0043809002
65.0043809002
65.0043809002
65.0043809002
65.0043809002
65.0043809002
65.0043809002
65.0043809002
65.0043809002
65.0043809002
65.0043809002
65.0043809002
65.0043809002
65.0043809002
65.0043809002
65.0043809002
65.0043809002
65.0043809002
65.0043809002
65.0043809002
65.0043809002
65.0043809002
65.0043809002
65.0043809002
65.0043809002
65.0043809002
65.0043809002
65.0043809002
65.0043809002
65.0043809002
65.0043809002
65.0043809002
65.0043809002
65.0043809002
65.0043809002
65.0043809002
65.0043809002
65.0043809002
65.0043809002
65.0043809002
65.0043809002
65.0043809002
65.0043809002
65.0043809002
65.0043809002
65.0043809002
65.0043809002
65.0043809002
65.0043809002
65.0043809002
65.0043809002
65.0043809002
65.0043809002
