60.0687939392
3.79348772673
3.78091672009
3.78080374869
3.78080374869
3.78080374869
3.78080374869
3.78080374869
3.78080374869
3.78080374869
3.78080374869
3.78080374869
3.78080374869
3.78080374869
3.78080374869
3.78080374869
3.78080374869
3.78080374869
3.78080374869
3.78080374869
3.78080374869
3.78080374869
3.78080374869
3.78080374869
3.78080374869
3.78080374869
3.78080374869
3.78080374869
3.78080374869
3.78080374869
3.78080374869
3.78080374869
3.78080374869
3.78080374869
3.78080374869
3.78080374869
3.78080374869
3.78080374869
3.78080374869
3.78080374869
3.78080374869
3.78080374869
3.78080374869
3.78080374869
3.78080374869
3.78080374869
3.78080374869
3.78080374869
3.78080374869
3.78080374869
3.78080374869
3.78080374869
3.78080374869
3.78080374869
3.78080374869
3.78080374869
3.78080374869
3.78080374869
3.78080374869
3.78080374869
3.78080374869
3.78080374869
3.78080374869
3.78080374869
3.78080374869
3.78080374869
3.78080374869
3.78080374869
3.78080374869
3.78080374869
3.78080374869
3.78080374869
3.78080374869
3.78080374869
3.78080374869
3.78080374869
3.78080374869
3.78080374869
3.78080374869
3.78080374869
3.78080374869
3.78080374869
3.78080374869
3.78080374869
3.78080374869
3.78080374869
3.78080374869
3.78080374869
3.78080374869
3.78080374869
3.78080374869
3.78080374869
3.78080374869
3.78080374869
3.78080374869
3.78080374869
3.78080374869
3.78080374869
3.78080374869
3.78080374869
