0.011245398528
0.00355686453706
0.014041383952
0.014041383952
0.014041383952
0.014041383952
0.014041383952
0.014041383952
0.014041383952
0.014041383952
0.014041383952
0.014041383952
0.014041383952
0.014041383952
0.014041383952
0.014041383952
0.014041383952
0.014041383952
0.014041383952
0.014041383952
0.014041383952
0.014041383952
0.014041383952
0.014041383952
0.014041383952
0.014041383952
0.014041383952
0.014041383952
0.014041383952
0.014041383952
0.014041383952
0.014041383952
0.014041383952
0.014041383952
0.014041383952
0.014041383952
0.014041383952
0.014041383952
0.014041383952
0.014041383952
0.014041383952
0.014041383952
0.014041383952
0.014041383952
0.014041383952
0.014041383952
0.014041383952
0.014041383952
0.014041383952
0.014041383952
0.014041383952
0.014041383952
0.014041383952
0.014041383952
0.014041383952
0.014041383952
0.014041383952
0.014041383952
0.014041383952
0.014041383952
0.014041383952
0.014041383952
0.014041383952
0.014041383952
0.014041383952
0.014041383952
0.014041383952
0.014041383952
0.014041383952
0.014041383952
0.014041383952
0.014041383952
0.014041383952
0.014041383952
0.014041383952
0.014041383952
0.014041383952
0.014041383952
0.014041383952
0.014041383952
0.014041383952
0.014041383952
0.014041383952
0.014041383952
0.014041383952
0.014041383952
0.014041383952
0.014041383952
0.014041383952
0.014041383952
0.014041383952
0.014041383952
0.014041383952
0.014041383952
0.014041383952
0.014041383952
0.014041383952
0.014041383952
0.014041383952
