63.8575691438
61.7157723884
61.710283296
61.7102976836
61.7102976836
61.7102976836
61.7102976836
61.7102976836
61.7102976836
61.7102976836
61.7102976836
61.7102976836
61.7102976836
61.7102976836
61.7102976836
61.7102976836
61.7102976836
61.7102976836
61.7102976836
61.7102976836
61.7102976836
61.7102976836
61.7102976836
61.7102976836
61.7102976836
61.7102976836
61.7102976836
61.7102976836
61.7102976836
61.7102976836
61.7102976836
61.7102976836
61.7102976836
61.7102976836
61.7102976836
61.7102976836
61.7102976836
61.7102976836
61.7102976836
61.7102976836
61.7102976836
61.7102976836
61.7102976836
61.7102976836
61.7102976836
61.7102976836
61.7102976836
61.7102976836
61.7102976836
61.7102976836
61.7102976836
61.7102976836
61.7102976836
61.7102976836
61.7102976836
61.7102976836
61.7102976836
61.7102976836
61.7102976836
61.7102976836
61.7102976836
61.7102976836
61.7102976836
61.7102976836
61.7102976836
61.7102976836
61.7102976836
61.7102976836
61.7102976836
61.7102976836
61.7102976836
61.7102976836
61.7102976836
61.7102976836
61.7102976836
61.7102976836
61.7102976836
61.7102976836
61.7102976836
61.7102976836
61.7102976836
61.7102976836
61.7102976836
61.7102976836
61.7102976836
61.7102976836
61.7102976836
61.7102976836
61.7102976836
61.7102976836
61.7102976836
61.7102976836
61.7102976836
61.7102976836
61.7102976836
61.7102976836
61.7102976836
61.7102976836
61.7102976836
61.7102976836
