34.3543633203
36.2533921569
36.2533484951
36.2533484936
36.2533484936
36.2533484936
36.2533484936
36.2533484936
36.2533484936
36.2533484936
36.2533484936
36.2533484936
36.2533484936
36.2533484936
36.2533484936
36.2533484936
36.2533484936
36.2533484936
36.2533484936
36.2533484936
36.2533484936
36.2533484936
36.2533484936
36.2533484936
36.2533484936
36.2533484936
36.2533484936
36.2533484936
36.2533484936
36.2533484936
36.2533484936
36.2533484936
36.2533484936
36.2533484936
36.2533484936
36.2533484936
36.2533484936
36.2533484936
36.2533484936
36.2533484936
36.2533484936
36.2533484936
36.2533484936
36.2533484936
36.2533484936
36.2533484936
36.2533484936
36.2533484936
36.2533484936
36.2533484936
36.2533484936
36.2533484936
36.2533484936
36.2533484936
36.2533484936
36.2533484936
36.2533484936
36.2533484936
36.2533484936
36.2533484936
36.2533484936
36.2533484936
36.2533484936
36.2533484936
36.2533484936
36.2533484936
36.2533484936
36.2533484936
36.2533484936
36.2533484936
36.2533484936
36.2533484936
36.2533484936
36.2533484936
36.2533484936
36.2533484936
36.2533484936
36.2533484936
36.2533484936
36.2533484936
36.2533484936
36.2533484936
36.2533484936
36.2533484936
36.2533484936
36.2533484936
36.2533484936
36.2533484936
36.2533484936
36.2533484936
36.2533484936
36.2533484936
36.2533484936
36.2533484936
36.2533484936
36.2533484936
36.2533484936
36.2533484936
36.2533484936
36.2533484936
