53.3258421046
49.531530998
49.531530998
49.531530998
49.531530998
49.531530998
49.531530998
49.531530998
49.531530998
49.531530998
49.531530998
49.531530998
49.531530998
49.531530998
49.531530998
49.531530998
49.531530998
49.531530998
49.531530998
49.531530998
49.531530998
49.531530998
49.531530998
49.531530998
49.531530998
49.531530998
49.531530998
49.531530998
49.531530998
49.531530998
49.531530998
49.531530998
49.531530998
49.531530998
49.531530998
49.531530998
49.531530998
49.531530998
49.531530998
49.531530998
49.531530998
49.531530998
49.531530998
49.531530998
49.531530998
49.531530998
49.531530998
49.531530998
49.531530998
49.531530998
49.531530998
49.531530998
49.531530998
49.531530998
49.531530998
49.531530998
49.531530998
49.531530998
49.531530998
49.531530998
49.531530998
49.531530998
49.531530998
49.531530998
49.531530998
49.531530998
49.531530998
49.531530998
49.531530998
49.531530998
49.531530998
49.531530998
49.531530998
49.531530998
49.531530998
49.531530998
49.531530998
49.531530998
49.531530998
49.531530998
49.531530998
49.531530998
49.531530998
49.531530998
49.531530998
49.531530998
49.531530998
49.531530998
49.531530998
49.531530998
49.531530998
49.531530998
49.531530998
49.531530998
49.531530998
49.531530998
49.531530998
49.531530998
49.531530998
49.531530998
