61.9306286365
30.5727645237
30.577870968
30.5778737372
30.5778737372
30.5778737372
30.5778737372
30.5778737372
30.5778737372
30.5778737372
30.5778737372
30.5778737372
30.5778737372
30.5778737372
30.5778737372
30.5778737372
30.5778737372
30.5778737372
30.5778737372
30.5778737372
30.5778737372
30.5778737372
30.5778737372
30.5778737372
30.5778737372
30.5778737372
30.5778737372
30.5778737372
30.5778737372
30.5778737372
30.5778737372
30.5778737372
30.5778737372
30.5778737372
30.5778737372
30.5778737372
30.5778737372
30.5778737372
30.5778737372
30.5778737372
30.5778737372
30.5778737372
30.5778737372
30.5778737372
30.5778737372
30.5778737372
30.5778737372
30.5778737372
30.5778737372
30.5778737372
30.5778737372
30.5778737372
30.5778737372
30.5778737372
30.5778737372
30.5778737372
30.5778737372
30.5778737372
30.5778737372
30.5778737372
30.5778737372
30.5778737372
30.5778737372
30.5778737372
30.5778737372
30.5778737372
30.5778737372
30.5778737372
30.5778737372
30.5778737372
30.5778737372
30.5778737372
30.5778737372
30.5778737372
30.5778737372
30.5778737372
30.5778737372
30.5778737372
30.5778737372
30.5778737372
30.5778737372
30.5778737372
30.5778737372
30.5778737372
30.5778737372
30.5778737372
30.5778737372
30.5778737372
30.5778737372
30.5778737372
30.5778737372
30.5778737372
30.5778737372
30.5778737372
30.5778737372
30.5778737372
30.5778737372
30.5778737372
30.5778737372
30.5778737372
