92.5176989697
8.8416181375
8.94219831157
8.94224672534
8.94224672534
8.94224672534
8.94224672534
8.94224672534
8.94224672534
8.94224672534
8.94224672534
8.94224672534
8.94224672534
8.94224672534
8.94224672534
8.94224672534
8.94224672534
8.94224672534
8.94224672534
8.94224672534
8.94224672534
8.94224672534
8.94224672534
8.94224672534
8.94224672534
8.94224672534
8.94224672534
8.94224672534
8.94224672534
8.94224672534
8.94224672534
8.94224672534
8.94224672534
8.94224672534
8.94224672534
8.94224672534
8.94224672534
8.94224672534
8.94224672534
8.94224672534
8.94224672534
8.94224672534
8.94224672534
8.94224672534
8.94224672534
8.94224672534
8.94224672534
8.94224672534
8.94224672534
8.94224672534
8.94224672534
8.94224672534
8.94224672534
8.94224672534
8.94224672534
8.94224672534
8.94224672534
8.94224672534
8.94224672534
8.94224672534
8.94224672534
8.94224672534
8.94224672534
8.94224672534
8.94224672534
8.94224672534
8.94224672534
8.94224672534
8.94224672534
8.94224672534
8.94224672534
8.94224672534
8.94224672534
8.94224672534
8.94224672534
8.94224672534
8.94224672534
8.94224672534
8.94224672534
8.94224672534
8.94224672534
8.94224672534
8.94224672534
8.94224672534
8.94224672534
8.94224672534
8.94224672534
8.94224672534
8.94224672534
8.94224672534
8.94224672534
8.94224672534
8.94224672534
8.94224672534
8.94224672534
8.94224672534
8.94224672534
8.94224672534
8.94224672534
8.94224672534
