0.0278553119939
0.0314613666659
0.029535986501
0.029535986501
0.029535986501
0.029535986501
0.029535986501
0.029535986501
0.029535986501
0.029535986501
0.029535986501
0.029535986501
0.029535986501
0.029535986501
0.029535986501
0.029535986501
0.029535986501
0.029535986501
0.029535986501
0.029535986501
0.029535986501
0.029535986501
0.029535986501
0.029535986501
0.029535986501
0.029535986501
0.029535986501
0.029535986501
0.029535986501
0.029535986501
0.029535986501
0.029535986501
0.029535986501
0.029535986501
0.029535986501
0.029535986501
0.029535986501
0.029535986501
0.029535986501
0.029535986501
0.029535986501
0.029535986501
0.029535986501
0.029535986501
0.029535986501
0.029535986501
0.029535986501
0.029535986501
0.029535986501
0.029535986501
0.029535986501
0.029535986501
0.029535986501
0.029535986501
0.029535986501
0.029535986501
0.029535986501
0.029535986501
0.029535986501
0.029535986501
0.029535986501
0.029535986501
0.029535986501
0.029535986501
0.029535986501
0.029535986501
0.029535986501
0.029535986501
0.029535986501
0.029535986501
0.029535986501
0.029535986501
0.029535986501
0.029535986501
0.029535986501
0.029535986501
0.029535986501
0.029535986501
0.029535986501
0.029535986501
0.029535986501
0.029535986501
0.029535986501
0.029535986501
0.029535986501
0.029535986501
0.029535986501
0.029535986501
0.029535986501
0.029535986501
0.029535986501
0.029535986501
0.029535986501
0.029535986501
0.029535986501
0.029535986501
0.029535986501
0.029535986501
0.029535986501
