0.425767325635
0.697805719169
0.697805719169
0.697805719169
0.697805719169
0.697805719169
0.697805719169
0.697805719169
0.697805719169
0.697805719169
0.697805719169
0.697805719169
0.697805719169
0.697805719169
0.697805719169
0.697805719169
0.697805719169
0.697805719169
0.697805719169
0.697805719169
0.697805719169
0.697805719169
0.697805719169
0.697805719169
0.697805719169
0.697805719169
0.697805719169
0.697805719169
0.697805719169
0.697805719169
0.697805719169
0.697805719169
0.697805719169
0.697805719169
0.697805719169
0.697805719169
0.697805719169
0.697805719169
0.697805719169
0.697805719169
0.697805719169
0.697805719169
0.697805719169
0.697805719169
0.697805719169
0.697805719169
0.697805719169
0.697805719169
0.697805719169
0.697805719169
0.697805719169
0.697805719169
0.697805719169
0.697805719169
0.697805719169
0.697805719169
0.697805719169
0.697805719169
0.697805719169
0.697805719169
0.697805719169
0.697805719169
0.697805719169
0.697805719169
0.697805719169
0.697805719169
0.697805719169
0.697805719169
0.697805719169
0.697805719169
0.697805719169
0.697805719169
0.697805719169
0.697805719169
0.697805719169
0.697805719169
0.697805719169
0.697805719169
0.697805719169
0.697805719169
0.697805719169
0.697805719169
0.697805719169
0.697805719169
0.697805719169
0.697805719169
0.697805719169
0.697805719169
0.697805719169
0.697805719169
0.697805719169
0.697805719169
0.697805719169
0.697805719169
0.697805719169
0.697805719169
0.697805719169
0.697805719169
0.697805719169
