24.5106937257
72.6378281033
72.6425337964
72.6425341011
72.6425341011
72.6425341011
72.6425341011
72.6425341011
72.6425341011
72.6425341011
72.6425341011
72.6425341011
72.6425341011
72.6425341011
72.6425341011
72.6425341011
72.6425341011
72.6425341011
72.6425341011
72.6425341011
72.6425341011
72.6425341011
72.6425341011
72.6425341011
72.6425341011
72.6425341011
72.6425341011
72.6425341011
72.6425341011
72.6425341011
72.6425341011
72.6425341011
72.6425341011
72.6425341011
72.6425341011
72.6425341011
72.6425341011
72.6425341011
72.6425341011
72.6425341011
72.6425341011
72.6425341011
72.6425341011
72.6425341011
72.6425341011
72.6425341011
72.6425341011
72.6425341011
72.6425341011
72.6425341011
72.6425341011
72.6425341011
72.6425341011
72.6425341011
72.6425341011
72.6425341011
72.6425341011
72.6425341011
72.6425341011
72.6425341011
72.6425341011
72.6425341011
72.6425341011
72.6425341011
72.6425341011
72.6425341011
72.6425341011
72.6425341011
72.6425341011
72.6425341011
72.6425341011
72.6425341011
72.6425341011
72.6425341011
72.6425341011
72.6425341011
72.6425341011
72.6425341011
72.6425341011
72.6425341011
72.6425341011
72.6425341011
72.6425341011
72.6425341011
72.6425341011
72.6425341011
72.6425341011
72.6425341011
72.6425341011
72.6425341011
72.6425341011
72.6425341011
72.6425341011
72.6425341011
72.6425341011
72.6425341011
72.6425341011
72.6425341011
72.6425341011
72.6425341011
