-0.0170078788951
-0.0173012077944
-0.0175602071727
-0.0175602071727
-0.0175602071727
-0.0175602071727
-0.0175602071727
-0.0175602071727
-0.0175602071727
-0.0175602071727
-0.0175602071727
-0.0175602071727
-0.0175602071727
-0.0175602071727
-0.0175602071727
-0.0175602071727
-0.0175602071727
-0.0175602071727
-0.0175602071727
-0.0175602071727
-0.0175602071727
-0.0175602071727
-0.0175602071727
-0.0175602071727
-0.0175602071727
-0.0175602071727
-0.0175602071727
-0.0175602071727
-0.0175602071727
-0.0175602071727
-0.0175602071727
-0.0175602071727
-0.0175602071727
-0.0175602071727
-0.0175602071727
-0.0175602071727
-0.0175602071727
-0.0175602071727
-0.0175602071727
-0.0175602071727
-0.0175602071727
-0.0175602071727
-0.0175602071727
-0.0175602071727
-0.0175602071727
-0.0175602071727
-0.0175602071727
-0.0175602071727
-0.0175602071727
-0.0175602071727
-0.0175602071727
-0.0175602071727
-0.0175602071727
-0.0175602071727
-0.0175602071727
-0.0175602071727
-0.0175602071727
-0.0175602071727
-0.0175602071727
-0.0175602071727
-0.0175602071727
-0.0175602071727
-0.0175602071727
-0.0175602071727
-0.0175602071727
-0.0175602071727
-0.0175602071727
-0.0175602071727
-0.0175602071727
-0.0175602071727
-0.0175602071727
-0.0175602071727
-0.0175602071727
-0.0175602071727
-0.0175602071727
-0.0175602071727
-0.0175602071727
-0.0175602071727
-0.0175602071727
-0.0175602071727
-0.0175602071727
-0.0175602071727
-0.0175602071727
-0.0175602071727
-0.0175602071727
-0.0175602071727
-0.0175602071727
-0.0175602071727
-0.0175602071727
-0.0175602071727
-0.0175602071727
-0.0175602071727
-0.0175602071727
-0.0175602071727
-0.0175602071727
-0.0175602071727
-0.0175602071727
-0.0175602071727
-0.0175602071727
