87.1119742893
52.6911714064
52.6967766323
52.6967773169
52.6967773169
52.6967773169
52.6967773169
52.6967773169
52.6967773169
52.6967773169
52.6967773169
52.6967773169
52.6967773169
52.6967773169
52.6967773169
52.6967773169
52.6967773169
52.6967773169
52.6967773169
52.6967773169
52.6967773169
52.6967773169
52.6967773169
52.6967773169
52.6967773169
52.6967773169
52.6967773169
52.6967773169
52.6967773169
52.6967773169
52.6967773169
52.6967773169
52.6967773169
52.6967773169
52.6967773169
52.6967773169
52.6967773169
52.6967773169
52.6967773169
52.6967773169
52.6967773169
52.6967773169
52.6967773169
52.6967773169
52.6967773169
52.6967773169
52.6967773169
52.6967773169
52.6967773169
52.6967773169
52.6967773169
52.6967773169
52.6967773169
52.6967773169
52.6967773169
52.6967773169
52.6967773169
52.6967773169
52.6967773169
52.6967773169
52.6967773169
52.6967773169
52.6967773169
52.6967773169
52.6967773169
52.6967773169
52.6967773169
52.6967773169
52.6967773169
52.6967773169
52.6967773169
52.6967773169
52.6967773169
52.6967773169
52.6967773169
52.6967773169
52.6967773169
52.6967773169
52.6967773169
52.6967773169
52.6967773169
52.6967773169
52.6967773169
52.6967773169
52.6967773169
52.6967773169
52.6967773169
52.6967773169
52.6967773169
52.6967773169
52.6967773169
52.6967773169
52.6967773169
52.6967773169
52.6967773169
52.6967773169
52.6967773169
52.6967773169
52.6967773169
52.6967773169
