31.4669042223
66.4903352606
66.4964870093
66.4964870093
66.4964870093
66.4964870093
66.4964870093
66.4964870093
66.4964870093
66.4964870093
66.4964870093
66.4964870093
66.4964870093
66.4964870093
66.4964870093
66.4964870093
66.4964870093
66.4964870093
66.4964870093
66.4964870093
66.4964870093
66.4964870093
66.4964870093
66.4964870093
66.4964870093
66.4964870093
66.4964870093
66.4964870093
66.4964870093
66.4964870093
66.4964870093
66.4964870093
66.4964870093
66.4964870093
66.4964870093
66.4964870093
66.4964870093
66.4964870093
66.4964870093
66.4964870093
66.4964870093
66.4964870093
66.4964870093
66.4964870093
66.4964870093
66.4964870093
66.4964870093
66.4964870093
66.4964870093
66.4964870093
66.4964870093
66.4964870093
66.4964870093
66.4964870093
66.4964870093
66.4964870093
66.4964870093
66.4964870093
66.4964870093
66.4964870093
66.4964870093
66.4964870093
66.4964870093
66.4964870093
66.4964870093
66.4964870093
66.4964870093
66.4964870093
66.4964870093
66.4964870093
66.4964870093
66.4964870093
66.4964870093
66.4964870093
66.4964870093
66.4964870093
66.4964870093
66.4964870093
66.4964870093
66.4964870093
66.4964870093
66.4964870093
66.4964870093
66.4964870093
66.4964870093
66.4964870093
66.4964870093
66.4964870093
66.4964870093
66.4964870093
66.4964870093
66.4964870093
66.4964870093
66.4964870093
66.4964870093
66.4964870093
66.4964870093
66.4964870093
66.4964870093
66.4964870093
