21.8786538209
35.901673486
35.9041365826
35.9041365826
35.9041365826
35.9041365826
35.9041365826
35.9041365826
35.9041365826
35.9041365826
35.9041365826
35.9041365826
35.9041365826
35.9041365826
35.9041365826
35.9041365826
35.9041365826
35.9041365826
35.9041365826
35.9041365826
35.9041365826
35.9041365826
35.9041365826
35.9041365826
35.9041365826
35.9041365826
35.9041365826
35.9041365826
35.9041365826
35.9041365826
35.9041365826
35.9041365826
35.9041365826
35.9041365826
35.9041365826
35.9041365826
35.9041365826
35.9041365826
35.9041365826
35.9041365826
35.9041365826
35.9041365826
35.9041365826
35.9041365826
35.9041365826
35.9041365826
35.9041365826
35.9041365826
35.9041365826
35.9041365826
35.9041365826
35.9041365826
35.9041365826
35.9041365826
35.9041365826
35.9041365826
35.9041365826
35.9041365826
35.9041365826
35.9041365826
35.9041365826
35.9041365826
35.9041365826
35.9041365826
35.9041365826
35.9041365826
35.9041365826
35.9041365826
35.9041365826
35.9041365826
35.9041365826
35.9041365826
35.9041365826
35.9041365826
35.9041365826
35.9041365826
35.9041365826
35.9041365826
35.9041365826
35.9041365826
35.9041365826
35.9041365826
35.9041365826
35.9041365826
35.9041365826
35.9041365826
35.9041365826
35.9041365826
35.9041365826
35.9041365826
35.9041365826
35.9041365826
35.9041365826
35.9041365826
35.9041365826
35.9041365826
35.9041365826
35.9041365826
35.9041365826
35.9041365826
