0.00267367881512
0.00398079406858
0.00309029856515
0.00309029856515
0.00309029856515
0.00309029856515
0.00309029856515
0.00309029856515
0.00309029856515
0.00309029856515
0.00309029856515
0.00309029856515
0.00309029856515
0.00309029856515
0.00309029856515
0.00309029856515
0.00309029856515
0.00309029856515
0.00309029856515
0.00309029856515
0.00309029856515
0.00309029856515
0.00309029856515
0.00309029856515
0.00309029856515
0.00309029856515
0.00309029856515
0.00309029856515
0.00309029856515
0.00309029856515
0.00309029856515
0.00309029856515
0.00309029856515
0.00309029856515
0.00309029856515
0.00309029856515
0.00309029856515
0.00309029856515
0.00309029856515
0.00309029856515
0.00309029856515
0.00309029856515
0.00309029856515
0.00309029856515
0.00309029856515
0.00309029856515
0.00309029856515
0.00309029856515
0.00309029856515
0.00309029856515
0.00309029856515
0.00309029856515
0.00309029856515
0.00309029856515
0.00309029856515
0.00309029856515
0.00309029856515
0.00309029856515
0.00309029856515
0.00309029856515
0.00309029856515
0.00309029856515
0.00309029856515
0.00309029856515
0.00309029856515
0.00309029856515
0.00309029856515
0.00309029856515
0.00309029856515
0.00309029856515
0.00309029856515
0.00309029856515
0.00309029856515
0.00309029856515
0.00309029856515
0.00309029856515
0.00309029856515
0.00309029856515
0.00309029856515
0.00309029856515
0.00309029856515
0.00309029856515
0.00309029856515
0.00309029856515
0.00309029856515
0.00309029856515
0.00309029856515
0.00309029856515
0.00309029856515
0.00309029856515
0.00309029856515
0.00309029856515
0.00309029856515
0.00309029856515
0.00309029856515
0.00309029856515
0.00309029856515
0.00309029856515
0.00309029856515
