7.09404759392
41.3731920193
41.3582564218
41.3582530968
41.3582530968
41.3582530968
41.3582530968
41.3582530968
41.3582530968
41.3582530968
41.3582530968
41.3582530968
41.3582530968
41.3582530968
41.3582530968
41.3582530968
41.3582530968
41.3582530968
41.3582530968
41.3582530968
41.3582530968
41.3582530968
41.3582530968
41.3582530968
41.3582530968
41.3582530968
41.3582530968
41.3582530968
41.3582530968
41.3582530968
41.3582530968
41.3582530968
41.3582530968
41.3582530968
41.3582530968
41.3582530968
41.3582530968
41.3582530968
41.3582530968
41.3582530968
41.3582530968
41.3582530968
41.3582530968
41.3582530968
41.3582530968
41.3582530968
41.3582530968
41.3582530968
41.3582530968
41.3582530968
41.3582530968
41.3582530968
41.3582530968
41.3582530968
41.3582530968
41.3582530968
41.3582530968
41.3582530968
41.3582530968
41.3582530968
41.3582530968
41.3582530968
41.3582530968
41.3582530968
41.3582530968
41.3582530968
41.3582530968
41.3582530968
41.3582530968
41.3582530968
41.3582530968
41.3582530968
41.3582530968
41.3582530968
41.3582530968
41.3582530968
41.3582530968
41.3582530968
41.3582530968
41.3582530968
41.3582530968
41.3582530968
41.3582530968
41.3582530968
41.3582530968
41.3582530968
41.3582530968
41.3582530968
41.3582530968
41.3582530968
41.3582530968
41.3582530968
41.3582530968
41.3582530968
41.3582530968
41.3582530968
41.3582530968
41.3582530968
41.3582530968
41.3582530968
