0.356686466706
0.357100212252
0.470528003039
0.470528003039
0.470528003039
0.470528003039
0.470528003039
0.470528003039
0.470528003039
0.470528003039
0.470528003039
0.470528003039
0.470528003039
0.470528003039
0.470528003039
0.470528003039
0.470528003039
0.470528003039
0.470528003039
0.470528003039
0.470528003039
0.470528003039
0.470528003039
0.470528003039
0.470528003039
0.470528003039
0.470528003039
0.470528003039
0.470528003039
0.470528003039
0.470528003039
0.470528003039
0.470528003039
0.470528003039
0.470528003039
0.470528003039
0.470528003039
0.470528003039
0.470528003039
0.470528003039
0.470528003039
0.470528003039
0.470528003039
0.470528003039
0.470528003039
0.470528003039
0.470528003039
0.470528003039
0.470528003039
0.470528003039
0.470528003039
0.470528003039
0.470528003039
0.470528003039
0.470528003039
0.470528003039
0.470528003039
0.470528003039
0.470528003039
0.470528003039
0.470528003039
0.470528003039
0.470528003039
0.470528003039
0.470528003039
0.470528003039
0.470528003039
0.470528003039
0.470528003039
0.470528003039
0.470528003039
0.470528003039
0.470528003039
0.470528003039
0.470528003039
0.470528003039
0.470528003039
0.470528003039
0.470528003039
0.470528003039
0.470528003039
0.470528003039
0.470528003039
0.470528003039
0.470528003039
0.470528003039
0.470528003039
0.470528003039
0.470528003039
0.470528003039
0.470528003039
0.470528003039
0.470528003039
0.470528003039
0.470528003039
0.470528003039
0.470528003039
0.470528003039
0.470528003039
