87.8308536585
1.65513232373
11.737497329
13.4647942219
13.2675376023
13.2597475444
13.2597475444
13.2597475444
13.2597475444
13.2597475444
13.2597475444
13.2597475444
13.2597475444
13.2597475444
13.2597475444
13.2597475444
13.2597475444
13.2597475444
13.2597475444
13.2597475444
13.2597475444
13.2597475444
13.2597475444
13.2597475444
13.2597475444
13.2597475444
13.2597475444
13.2597475444
13.2597475444
13.2597475444
13.2597475444
13.2597475444
13.2597475444
13.2597475444
13.2597475444
13.2597475444
13.2597475444
13.2597475444
13.2597475444
13.2597475444
13.2597475444
13.2597475444
13.2597475444
13.2597475444
13.2597475444
13.2597475444
13.2597475444
13.2597475444
13.2597475444
13.2597475444
13.2597475444
13.2597475444
13.2597475444
13.2597475444
13.2597475444
13.2597475444
13.2597475444
13.2597475444
13.2597475444
13.2597475444
13.2597475444
13.2597475444
13.2597475444
13.2597475444
13.2597475444
13.2597475444
13.2597475444
13.2597475444
13.2597475444
13.2597475444
13.2597475444
13.2597475444
13.2597475444
13.2597475444
13.2597475444
13.2597475444
13.2597475444
13.2597475444
13.2597475444
13.2597475444
13.2597475444
13.2597475444
13.2597475444
13.2597475444
13.2597475444
13.2597475444
13.2597475444
13.2597475444
13.2597475444
13.2597475444
13.2597475444
13.2597475444
13.2597475444
13.2597475444
13.2597475444
13.2597475444
13.2597475444
13.2597475444
13.2597475444
13.2597475444
