0.203010768339
0.554004001088
-0.131270492365
0.439727523124
0.202775540476
0.202775540476
0.202775540476
0.202775540476
0.202775540476
0.202775540476
0.202775540476
0.202775540476
0.202775540476
0.202775540476
0.202775540476
0.202775540476
0.202775540476
0.202775540476
0.202775540476
0.202775540476
0.202775540476
0.202775540476
0.202775540476
0.202775540476
0.202775540476
0.202775540476
0.202775540476
0.202775540476
0.202775540476
0.202775540476
0.202775540476
0.202775540476
0.202775540476
0.202775540476
0.202775540476
0.202775540476
0.202775540476
0.202775540476
0.202775540476
0.202775540476
0.202775540476
0.202775540476
0.202775540476
0.202775540476
0.202775540476
0.202775540476
0.202775540476
0.202775540476
0.202775540476
0.202775540476
0.202775540476
0.202775540476
0.202775540476
0.202775540476
0.202775540476
0.202775540476
0.202775540476
0.202775540476
0.202775540476
0.202775540476
0.202775540476
0.202775540476
0.202775540476
0.202775540476
0.202775540476
0.202775540476
0.202775540476
0.202775540476
0.202775540476
0.202775540476
0.202775540476
0.202775540476
0.202775540476
0.202775540476
0.202775540476
0.202775540476
0.202775540476
0.202775540476
0.202775540476
0.202775540476
0.202775540476
0.202775540476
0.202775540476
0.202775540476
0.202775540476
0.202775540476
0.202775540476
0.202775540476
0.202775540476
0.202775540476
0.202775540476
0.202775540476
0.202775540476
0.202775540476
0.202775540476
0.202775540476
0.202775540476
0.202775540476
0.202775540476
