71.3415864517
93.6043145275
93.5882170396
93.588222822
93.588222822
93.588222822
93.588222822
93.588222822
93.588222822
93.588222822
93.588222822
93.588222822
93.588222822
93.588222822
93.588222822
93.588222822
93.588222822
93.588222822
93.588222822
93.588222822
93.588222822
93.588222822
93.588222822
93.588222822
93.588222822
93.588222822
93.588222822
93.588222822
93.588222822
93.588222822
93.588222822
93.588222822
93.588222822
93.588222822
93.588222822
93.588222822
93.588222822
93.588222822
93.588222822
93.588222822
93.588222822
93.588222822
93.588222822
93.588222822
93.588222822
93.588222822
93.588222822
93.588222822
93.588222822
93.588222822
93.588222822
93.588222822
93.588222822
93.588222822
93.588222822
93.588222822
93.588222822
93.588222822
93.588222822
93.588222822
93.588222822
93.588222822
93.588222822
93.588222822
93.588222822
93.588222822
93.588222822
93.588222822
93.588222822
93.588222822
93.588222822
93.588222822
93.588222822
93.588222822
93.588222822
93.588222822
93.588222822
93.588222822
93.588222822
93.588222822
93.588222822
93.588222822
93.588222822
93.588222822
93.588222822
93.588222822
93.588222822
93.588222822
93.588222822
93.588222822
93.588222822
93.588222822
93.588222822
93.588222822
93.588222822
93.588222822
93.588222822
93.588222822
93.588222822
93.588222822
