0.104005679615
0.107613499774
-0.112544453233
-0.112544453233
-0.112544453233
-0.112544453233
-0.112544453233
-0.112544453233
-0.112544453233
-0.112544453233
-0.112544453233
-0.112544453233
-0.112544453233
-0.112544453233
-0.112544453233
-0.112544453233
-0.112544453233
-0.112544453233
-0.112544453233
-0.112544453233
-0.112544453233
-0.112544453233
-0.112544453233
-0.112544453233
-0.112544453233
-0.112544453233
-0.112544453233
-0.112544453233
-0.112544453233
-0.112544453233
-0.112544453233
-0.112544453233
-0.112544453233
-0.112544453233
-0.112544453233
-0.112544453233
-0.112544453233
-0.112544453233
-0.112544453233
-0.112544453233
-0.112544453233
-0.112544453233
-0.112544453233
-0.112544453233
-0.112544453233
-0.112544453233
-0.112544453233
-0.112544453233
-0.112544453233
-0.112544453233
-0.112544453233
-0.112544453233
-0.112544453233
-0.112544453233
-0.112544453233
-0.112544453233
-0.112544453233
-0.112544453233
-0.112544453233
-0.112544453233
-0.112544453233
-0.112544453233
-0.112544453233
-0.112544453233
-0.112544453233
-0.112544453233
-0.112544453233
-0.112544453233
-0.112544453233
-0.112544453233
-0.112544453233
-0.112544453233
-0.112544453233
-0.112544453233
-0.112544453233
-0.112544453233
-0.112544453233
-0.112544453233
-0.112544453233
-0.112544453233
-0.112544453233
-0.112544453233
-0.112544453233
-0.112544453233
-0.112544453233
-0.112544453233
-0.112544453233
-0.112544453233
-0.112544453233
-0.112544453233
-0.112544453233
-0.112544453233
-0.112544453233
-0.112544453233
-0.112544453233
-0.112544453233
-0.112544453233
-0.112544453233
-0.112544453233
