52.2974377828
5.75014101655
5.80611910842
5.80920011395
5.80920011395
5.80920011395
5.80920011395
5.80920011395
5.80920011395
5.80920011395
5.80920011395
5.80920011395
5.80920011395
5.80920011395
5.80920011395
5.80920011395
5.80920011395
5.80920011395
5.80920011395
5.80920011395
5.80920011395
5.80920011395
5.80920011395
5.80920011395
5.80920011395
5.80920011395
5.80920011395
5.80920011395
5.80920011395
5.80920011395
5.80920011395
5.80920011395
5.80920011395
5.80920011395
5.80920011395
5.80920011395
5.80920011395
5.80920011395
5.80920011395
5.80920011395
5.80920011395
5.80920011395
5.80920011395
5.80920011395
5.80920011395
5.80920011395
5.80920011395
5.80920011395
5.80920011395
5.80920011395
5.80920011395
5.80920011395
5.80920011395
5.80920011395
5.80920011395
5.80920011395
5.80920011395
5.80920011395
5.80920011395
5.80920011395
5.80920011395
5.80920011395
5.80920011395
5.80920011395
5.80920011395
5.80920011395
5.80920011395
5.80920011395
5.80920011395
5.80920011395
5.80920011395
5.80920011395
5.80920011395
5.80920011395
5.80920011395
5.80920011395
5.80920011395
5.80920011395
5.80920011395
5.80920011395
5.80920011395
5.80920011395
5.80920011395
5.80920011395
5.80920011395
5.80920011395
5.80920011395
5.80920011395
5.80920011395
5.80920011395
5.80920011395
5.80920011395
5.80920011395
5.80920011395
5.80920011395
5.80920011395
5.80920011395
5.80920011395
5.80920011395
5.80920011395
