0.00918037693651
0.00869184452893
0.00918037693651
0.00918037693651
0.00918037693651
0.00918037693651
0.00918037693651
0.00918037693651
0.00918037693651
0.00918037693651
0.00918037693651
0.00918037693651
0.00918037693651
0.00918037693651
0.00918037693651
0.00918037693651
0.00918037693651
0.00918037693651
0.00918037693651
0.00918037693651
0.00918037693651
0.00918037693651
0.00918037693651
0.00918037693651
0.00918037693651
0.00918037693651
0.00918037693651
0.00918037693651
0.00918037693651
0.00918037693651
0.00918037693651
0.00918037693651
0.00918037693651
0.00918037693651
0.00918037693651
0.00918037693651
0.00918037693651
0.00918037693651
0.00918037693651
0.00918037693651
0.00918037693651
0.00918037693651
0.00918037693651
0.00918037693651
0.00918037693651
0.00918037693651
0.00918037693651
0.00918037693651
0.00918037693651
0.00918037693651
0.00918037693651
0.00918037693651
0.00918037693651
0.00918037693651
0.00918037693651
0.00918037693651
0.00918037693651
0.00918037693651
0.00918037693651
0.00918037693651
0.00918037693651
0.00918037693651
0.00918037693651
0.00918037693651
0.00918037693651
0.00918037693651
0.00918037693651
0.00918037693651
0.00918037693651
0.00918037693651
0.00918037693651
0.00918037693651
0.00918037693651
0.00918037693651
0.00918037693651
0.00918037693651
0.00918037693651
0.00918037693651
0.00918037693651
0.00918037693651
0.00918037693651
0.00918037693651
0.00918037693651
0.00918037693651
0.00918037693651
0.00918037693651
0.00918037693651
0.00918037693651
0.00918037693651
0.00918037693651
0.00918037693651
0.00918037693651
0.00918037693651
0.00918037693651
0.00918037693651
0.00918037693651
0.00918037693651
0.00918037693651
0.00918037693651
