74.1487436547
23.8316720899
23.8316720899
23.8316720899
23.8316720899
23.8316720899
23.8316720899
23.8316720899
23.8316720899
23.8316720899
23.8316720899
23.8316720899
23.8316720899
23.8316720899
23.8316720899
23.8316720899
23.8316720899
23.8316720899
23.8316720899
23.8316720899
23.8316720899
23.8316720899
23.8316720899
23.8316720899
23.8316720899
23.8316720899
23.8316720899
23.8316720899
23.8316720899
23.8316720899
23.8316720899
23.8316720899
23.8316720899
23.8316720899
23.8316720899
23.8316720899
23.8316720899
23.8316720899
23.8316720899
23.8316720899
23.8316720899
23.8316720899
23.8316720899
23.8316720899
23.8316720899
23.8316720899
23.8316720899
23.8316720899
23.8316720899
23.8316720899
23.8316720899
23.8316720899
23.8316720899
23.8316720899
23.8316720899
23.8316720899
23.8316720899
23.8316720899
23.8316720899
23.8316720899
23.8316720899
23.8316720899
23.8316720899
23.8316720899
23.8316720899
23.8316720899
23.8316720899
23.8316720899
23.8316720899
23.8316720899
23.8316720899
23.8316720899
23.8316720899
23.8316720899
23.8316720899
23.8316720899
23.8316720899
23.8316720899
23.8316720899
23.8316720899
23.8316720899
23.8316720899
23.8316720899
23.8316720899
23.8316720899
23.8316720899
23.8316720899
23.8316720899
23.8316720899
23.8316720899
23.8316720899
23.8316720899
23.8316720899
23.8316720899
23.8316720899
23.8316720899
23.8316720899
23.8316720899
23.8316720899
23.8316720899
