38.8782621597
82.8429285706
82.8182984726
82.8183017172
82.8183017172
82.8183017172
82.8183017172
82.8183017172
82.8183017172
82.8183017172
82.8183017172
82.8183017172
82.8183017172
82.8183017172
82.8183017172
82.8183017172
82.8183017172
82.8183017172
82.8183017172
82.8183017172
82.8183017172
82.8183017172
82.8183017172
82.8183017172
82.8183017172
82.8183017172
82.8183017172
82.8183017172
82.8183017172
82.8183017172
82.8183017172
82.8183017172
82.8183017172
82.8183017172
82.8183017172
82.8183017172
82.8183017172
82.8183017172
82.8183017172
82.8183017172
82.8183017172
82.8183017172
82.8183017172
82.8183017172
82.8183017172
82.8183017172
82.8183017172
82.8183017172
82.8183017172
82.8183017172
82.8183017172
82.8183017172
82.8183017172
82.8183017172
82.8183017172
82.8183017172
82.8183017172
82.8183017172
82.8183017172
82.8183017172
82.8183017172
82.8183017172
82.8183017172
82.8183017172
82.8183017172
82.8183017172
82.8183017172
82.8183017172
82.8183017172
82.8183017172
82.8183017172
82.8183017172
82.8183017172
82.8183017172
82.8183017172
82.8183017172
82.8183017172
82.8183017172
82.8183017172
82.8183017172
82.8183017172
82.8183017172
82.8183017172
82.8183017172
82.8183017172
82.8183017172
82.8183017172
82.8183017172
82.8183017172
82.8183017172
82.8183017172
82.8183017172
82.8183017172
82.8183017172
82.8183017172
82.8183017172
82.8183017172
82.8183017172
82.8183017172
82.8183017172
