0.111414990939
0.113095665446
0.113622605427
0.113622605427
0.113622605427
0.113622605427
0.113622605427
0.113622605427
0.113622605427
0.113622605427
0.113622605427
0.113622605427
0.113622605427
0.113622605427
0.113622605427
0.113622605427
0.113622605427
0.113622605427
0.113622605427
0.113622605427
0.113622605427
0.113622605427
0.113622605427
0.113622605427
0.113622605427
0.113622605427
0.113622605427
0.113622605427
0.113622605427
0.113622605427
0.113622605427
0.113622605427
0.113622605427
0.113622605427
0.113622605427
0.113622605427
0.113622605427
0.113622605427
0.113622605427
0.113622605427
0.113622605427
0.113622605427
0.113622605427
0.113622605427
0.113622605427
0.113622605427
0.113622605427
0.113622605427
0.113622605427
0.113622605427
0.113622605427
0.113622605427
0.113622605427
0.113622605427
0.113622605427
0.113622605427
0.113622605427
0.113622605427
0.113622605427
0.113622605427
0.113622605427
0.113622605427
0.113622605427
0.113622605427
0.113622605427
0.113622605427
0.113622605427
0.113622605427
0.113622605427
0.113622605427
0.113622605427
0.113622605427
0.113622605427
0.113622605427
0.113622605427
0.113622605427
0.113622605427
0.113622605427
0.113622605427
0.113622605427
0.113622605427
0.113622605427
0.113622605427
0.113622605427
0.113622605427
0.113622605427
0.113622605427
0.113622605427
0.113622605427
0.113622605427
0.113622605427
0.113622605427
0.113622605427
0.113622605427
0.113622605427
0.113622605427
0.113622605427
0.113622605427
0.113622605427
