0.284442555022
0.284304570089
0.28423552521
0.28423552521
0.28423552521
0.28423552521
0.28423552521
0.28423552521
0.28423552521
0.28423552521
0.28423552521
0.28423552521
0.28423552521
0.28423552521
0.28423552521
0.28423552521
0.28423552521
0.28423552521
0.28423552521
0.28423552521
0.28423552521
0.28423552521
0.28423552521
0.28423552521
0.28423552521
0.28423552521
0.28423552521
0.28423552521
0.28423552521
0.28423552521
0.28423552521
0.28423552521
0.28423552521
0.28423552521
0.28423552521
0.28423552521
0.28423552521
0.28423552521
0.28423552521
0.28423552521
0.28423552521
0.28423552521
0.28423552521
0.28423552521
0.28423552521
0.28423552521
0.28423552521
0.28423552521
0.28423552521
0.28423552521
0.28423552521
0.28423552521
0.28423552521
0.28423552521
0.28423552521
0.28423552521
0.28423552521
0.28423552521
0.28423552521
0.28423552521
0.28423552521
0.28423552521
0.28423552521
0.28423552521
0.28423552521
0.28423552521
0.28423552521
0.28423552521
0.28423552521
0.28423552521
0.28423552521
0.28423552521
0.28423552521
0.28423552521
0.28423552521
0.28423552521
0.28423552521
0.28423552521
0.28423552521
0.28423552521
0.28423552521
0.28423552521
0.28423552521
0.28423552521
0.28423552521
0.28423552521
0.28423552521
0.28423552521
0.28423552521
0.28423552521
0.28423552521
0.28423552521
0.28423552521
0.28423552521
0.28423552521
0.28423552521
0.28423552521
0.28423552521
0.28423552521
