27.3584086393
66.8975641931
66.8993827957
66.8993828271
66.8993828271
66.8993828271
66.8993828271
66.8993828271
66.8993828271
66.8993828271
66.8993828271
66.8993828271
66.8993828271
66.8993828271
66.8993828271
66.8993828271
66.8993828271
66.8993828271
66.8993828271
66.8993828271
66.8993828271
66.8993828271
66.8993828271
66.8993828271
66.8993828271
66.8993828271
66.8993828271
66.8993828271
66.8993828271
66.8993828271
66.8993828271
66.8993828271
66.8993828271
66.8993828271
66.8993828271
66.8993828271
66.8993828271
66.8993828271
66.8993828271
66.8993828271
66.8993828271
66.8993828271
66.8993828271
66.8993828271
66.8993828271
66.8993828271
66.8993828271
66.8993828271
66.8993828271
66.8993828271
66.8993828271
66.8993828271
66.8993828271
66.8993828271
66.8993828271
66.8993828271
66.8993828271
66.8993828271
66.8993828271
66.8993828271
66.8993828271
66.8993828271
66.8993828271
66.8993828271
66.8993828271
66.8993828271
66.8993828271
66.8993828271
66.8993828271
66.8993828271
66.8993828271
66.8993828271
66.8993828271
66.8993828271
66.8993828271
66.8993828271
66.8993828271
66.8993828271
66.8993828271
66.8993828271
66.8993828271
66.8993828271
66.8993828271
66.8993828271
66.8993828271
66.8993828271
66.8993828271
66.8993828271
66.8993828271
66.8993828271
66.8993828271
66.8993828271
66.8993828271
66.8993828271
66.8993828271
66.8993828271
66.8993828271
66.8993828271
66.8993828271
66.8993828271
