98.8037215173
86.6568970742
86.6714977785
86.6715028831
86.6715028831
86.6715028831
86.6715028831
86.6715028831
86.6715028831
86.6715028831
86.6715028831
86.6715028831
86.6715028831
86.6715028831
86.6715028831
86.6715028831
86.6715028831
86.6715028831
86.6715028831
86.6715028831
86.6715028831
86.6715028831
86.6715028831
86.6715028831
86.6715028831
86.6715028831
86.6715028831
86.6715028831
86.6715028831
86.6715028831
86.6715028831
86.6715028831
86.6715028831
86.6715028831
86.6715028831
86.6715028831
86.6715028831
86.6715028831
86.6715028831
86.6715028831
86.6715028831
86.6715028831
86.6715028831
86.6715028831
86.6715028831
86.6715028831
86.6715028831
86.6715028831
86.6715028831
86.6715028831
86.6715028831
86.6715028831
86.6715028831
86.6715028831
86.6715028831
86.6715028831
86.6715028831
86.6715028831
86.6715028831
86.6715028831
86.6715028831
86.6715028831
86.6715028831
86.6715028831
86.6715028831
86.6715028831
86.6715028831
86.6715028831
86.6715028831
86.6715028831
86.6715028831
86.6715028831
86.6715028831
86.6715028831
86.6715028831
86.6715028831
86.6715028831
86.6715028831
86.6715028831
86.6715028831
86.6715028831
86.6715028831
86.6715028831
86.6715028831
86.6715028831
86.6715028831
86.6715028831
86.6715028831
86.6715028831
86.6715028831
86.6715028831
86.6715028831
86.6715028831
86.6715028831
86.6715028831
86.6715028831
86.6715028831
86.6715028831
86.6715028831
86.6715028831
