0.389113190466
0.388586250486
0.389113190466
0.389113190466
0.389113190466
0.389113190466
0.389113190466
0.389113190466
0.389113190466
0.389113190466
0.389113190466
0.389113190466
0.389113190466
0.389113190466
0.389113190466
0.389113190466
0.389113190466
0.389113190466
0.389113190466
0.389113190466
0.389113190466
0.389113190466
0.389113190466
0.389113190466
0.389113190466
0.389113190466
0.389113190466
0.389113190466
0.389113190466
0.389113190466
0.389113190466
0.389113190466
0.389113190466
0.389113190466
0.389113190466
0.389113190466
0.389113190466
0.389113190466
0.389113190466
0.389113190466
0.389113190466
0.389113190466
0.389113190466
0.389113190466
0.389113190466
0.389113190466
0.389113190466
0.389113190466
0.389113190466
0.389113190466
0.389113190466
0.389113190466
0.389113190466
0.389113190466
0.389113190466
0.389113190466
0.389113190466
0.389113190466
0.389113190466
0.389113190466
0.389113190466
0.389113190466
0.389113190466
0.389113190466
0.389113190466
0.389113190466
0.389113190466
0.389113190466
0.389113190466
0.389113190466
0.389113190466
0.389113190466
0.389113190466
0.389113190466
0.389113190466
0.389113190466
0.389113190466
0.389113190466
0.389113190466
0.389113190466
0.389113190466
0.389113190466
0.389113190466
0.389113190466
0.389113190466
0.389113190466
0.389113190466
0.389113190466
0.389113190466
0.389113190466
0.389113190466
0.389113190466
0.389113190466
0.389113190466
0.389113190466
0.389113190466
0.389113190466
0.389113190466
0.389113190466
