0.272794669937
0.272796215581
0.272241750986
0.272241750986
0.272241750986
0.272241750986
0.272241750986
0.272241750986
0.272241750986
0.272241750986
0.272241750986
0.272241750986
0.272241750986
0.272241750986
0.272241750986
0.272241750986
0.272241750986
0.272241750986
0.272241750986
0.272241750986
0.272241750986
0.272241750986
0.272241750986
0.272241750986
0.272241750986
0.272241750986
0.272241750986
0.272241750986
0.272241750986
0.272241750986
0.272241750986
0.272241750986
0.272241750986
0.272241750986
0.272241750986
0.272241750986
0.272241750986
0.272241750986
0.272241750986
0.272241750986
0.272241750986
0.272241750986
0.272241750986
0.272241750986
0.272241750986
0.272241750986
0.272241750986
0.272241750986
0.272241750986
0.272241750986
0.272241750986
0.272241750986
0.272241750986
0.272241750986
0.272241750986
0.272241750986
0.272241750986
0.272241750986
0.272241750986
0.272241750986
0.272241750986
0.272241750986
0.272241750986
0.272241750986
0.272241750986
0.272241750986
0.272241750986
0.272241750986
0.272241750986
0.272241750986
0.272241750986
0.272241750986
0.272241750986
0.272241750986
0.272241750986
0.272241750986
0.272241750986
0.272241750986
0.272241750986
0.272241750986
0.272241750986
0.272241750986
0.272241750986
0.272241750986
0.272241750986
0.272241750986
0.272241750986
0.272241750986
0.272241750986
0.272241750986
0.272241750986
0.272241750986
0.272241750986
0.272241750986
0.272241750986
0.272241750986
0.272241750986
0.272241750986
0.272241750986
