0.438634449541
0.440803656456
0.440803656456
0.440803656456
0.440803656456
0.440803656456
0.440803656456
0.440803656456
0.440803656456
0.440803656456
0.440803656456
0.440803656456
0.440803656456
0.440803656456
0.440803656456
0.440803656456
0.440803656456
0.440803656456
0.440803656456
0.440803656456
0.440803656456
0.440803656456
0.440803656456
0.440803656456
0.440803656456
0.440803656456
0.440803656456
0.440803656456
0.440803656456
0.440803656456
0.440803656456
0.440803656456
0.440803656456
0.440803656456
0.440803656456
0.440803656456
0.440803656456
0.440803656456
0.440803656456
0.440803656456
0.440803656456
0.440803656456
0.440803656456
0.440803656456
0.440803656456
0.440803656456
0.440803656456
0.440803656456
0.440803656456
0.440803656456
0.440803656456
0.440803656456
0.440803656456
0.440803656456
0.440803656456
0.440803656456
0.440803656456
0.440803656456
0.440803656456
0.440803656456
0.440803656456
0.440803656456
0.440803656456
0.440803656456
0.440803656456
0.440803656456
0.440803656456
0.440803656456
0.440803656456
0.440803656456
0.440803656456
0.440803656456
0.440803656456
0.440803656456
0.440803656456
0.440803656456
0.440803656456
0.440803656456
0.440803656456
0.440803656456
0.440803656456
0.440803656456
0.440803656456
0.440803656456
0.440803656456
0.440803656456
0.440803656456
0.440803656456
0.440803656456
0.440803656456
0.440803656456
0.440803656456
0.440803656456
0.440803656456
0.440803656456
0.440803656456
0.440803656456
0.440803656456
0.440803656456
