55.0270187894
62.3500148827
62.3447198514
62.3447198514
62.3447198514
62.3447198514
62.3447198514
62.3447198514
62.3447198514
62.3447198514
62.3447198514
62.3447198514
62.3447198514
62.3447198514
62.3447198514
62.3447198514
62.3447198514
62.3447198514
62.3447198514
62.3447198514
62.3447198514
62.3447198514
62.3447198514
62.3447198514
62.3447198514
62.3447198514
62.3447198514
62.3447198514
62.3447198514
62.3447198514
62.3447198514
62.3447198514
62.3447198514
62.3447198514
62.3447198514
62.3447198514
62.3447198514
62.3447198514
62.3447198514
62.3447198514
62.3447198514
62.3447198514
62.3447198514
62.3447198514
62.3447198514
62.3447198514
62.3447198514
62.3447198514
62.3447198514
62.3447198514
62.3447198514
62.3447198514
62.3447198514
62.3447198514
62.3447198514
62.3447198514
62.3447198514
62.3447198514
62.3447198514
62.3447198514
62.3447198514
62.3447198514
62.3447198514
62.3447198514
62.3447198514
62.3447198514
62.3447198514
62.3447198514
62.3447198514
62.3447198514
62.3447198514
62.3447198514
62.3447198514
62.3447198514
62.3447198514
62.3447198514
62.3447198514
62.3447198514
62.3447198514
62.3447198514
62.3447198514
62.3447198514
62.3447198514
62.3447198514
62.3447198514
62.3447198514
62.3447198514
62.3447198514
62.3447198514
62.3447198514
62.3447198514
62.3447198514
62.3447198514
62.3447198514
62.3447198514
62.3447198514
62.3447198514
62.3447198514
62.3447198514
62.3447198514
