0.213768568252
0.451447371075
0.214102576691
0.214355280876
0.214355280876
0.214355280876
0.214355280876
0.214355280876
0.214355280876
0.214355280876
0.214355280876
0.214355280876
0.214355280876
0.214355280876
0.214355280876
0.214355280876
0.214355280876
0.214355280876
0.214355280876
0.214355280876
0.214355280876
0.214355280876
0.214355280876
0.214355280876
0.214355280876
0.214355280876
0.214355280876
0.214355280876
0.214355280876
0.214355280876
0.214355280876
0.214355280876
0.214355280876
0.214355280876
0.214355280876
0.214355280876
0.214355280876
0.214355280876
0.214355280876
0.214355280876
0.214355280876
0.214355280876
0.214355280876
0.214355280876
0.214355280876
0.214355280876
0.214355280876
0.214355280876
0.214355280876
0.214355280876
0.214355280876
0.214355280876
0.214355280876
0.214355280876
0.214355280876
0.214355280876
0.214355280876
0.214355280876
0.214355280876
0.214355280876
0.214355280876
0.214355280876
0.214355280876
0.214355280876
0.214355280876
0.214355280876
0.214355280876
0.214355280876
0.214355280876
0.214355280876
0.214355280876
0.214355280876
0.214355280876
0.214355280876
0.214355280876
0.214355280876
0.214355280876
0.214355280876
0.214355280876
0.214355280876
0.214355280876
0.214355280876
0.214355280876
0.214355280876
0.214355280876
0.214355280876
0.214355280876
0.214355280876
0.214355280876
0.214355280876
0.214355280876
0.214355280876
0.214355280876
0.214355280876
0.214355280876
0.214355280876
0.214355280876
0.214355280876
0.214355280876
