17.7186162364
9.51023739735
9.5043021733
9.50430466709
9.50430466709
9.50430466709
9.50430466709
9.50430466709
9.50430466709
9.50430466709
9.50430466709
9.50430466709
9.50430466709
9.50430466709
9.50430466709
9.50430466709
9.50430466709
9.50430466709
9.50430466709
9.50430466709
9.50430466709
9.50430466709
9.50430466709
9.50430466709
9.50430466709
9.50430466709
9.50430466709
9.50430466709
9.50430466709
9.50430466709
9.50430466709
9.50430466709
9.50430466709
9.50430466709
9.50430466709
9.50430466709
9.50430466709
9.50430466709
9.50430466709
9.50430466709
9.50430466709
9.50430466709
9.50430466709
9.50430466709
9.50430466709
9.50430466709
9.50430466709
9.50430466709
9.50430466709
9.50430466709
9.50430466709
9.50430466709
9.50430466709
9.50430466709
9.50430466709
9.50430466709
9.50430466709
9.50430466709
9.50430466709
9.50430466709
9.50430466709
9.50430466709
9.50430466709
9.50430466709
9.50430466709
9.50430466709
9.50430466709
9.50430466709
9.50430466709
9.50430466709
9.50430466709
9.50430466709
9.50430466709
9.50430466709
9.50430466709
9.50430466709
9.50430466709
9.50430466709
9.50430466709
9.50430466709
9.50430466709
9.50430466709
9.50430466709
9.50430466709
9.50430466709
9.50430466709
9.50430466709
9.50430466709
9.50430466709
9.50430466709
9.50430466709
9.50430466709
9.50430466709
9.50430466709
9.50430466709
9.50430466709
9.50430466709
9.50430466709
9.50430466709
9.50430466709
