63.5289282949
85.6314600156
85.631464273
85.6314642726
85.6314642726
85.6314642726
85.6314642726
85.6314642726
85.6314642726
85.6314642726
85.6314642726
85.6314642726
85.6314642726
85.6314642726
85.6314642726
85.6314642726
85.6314642726
85.6314642726
85.6314642726
85.6314642726
85.6314642726
85.6314642726
85.6314642726
85.6314642726
85.6314642726
85.6314642726
85.6314642726
85.6314642726
85.6314642726
85.6314642726
85.6314642726
85.6314642726
85.6314642726
85.6314642726
85.6314642726
85.6314642726
85.6314642726
85.6314642726
85.6314642726
85.6314642726
85.6314642726
85.6314642726
85.6314642726
85.6314642726
85.6314642726
85.6314642726
85.6314642726
85.6314642726
85.6314642726
85.6314642726
85.6314642726
85.6314642726
85.6314642726
85.6314642726
85.6314642726
85.6314642726
85.6314642726
85.6314642726
85.6314642726
85.6314642726
85.6314642726
85.6314642726
85.6314642726
85.6314642726
85.6314642726
85.6314642726
85.6314642726
85.6314642726
85.6314642726
85.6314642726
85.6314642726
85.6314642726
85.6314642726
85.6314642726
85.6314642726
85.6314642726
85.6314642726
85.6314642726
85.6314642726
85.6314642726
85.6314642726
85.6314642726
85.6314642726
85.6314642726
85.6314642726
85.6314642726
85.6314642726
85.6314642726
85.6314642726
85.6314642726
85.6314642726
85.6314642726
85.6314642726
85.6314642726
85.6314642726
85.6314642726
85.6314642726
85.6314642726
85.6314642726
85.6314642726
