0.303364608752
0.303364030897
0.303709920036
0.303709920036
0.303709920036
0.303709920036
0.303709920036
0.303709920036
0.303709920036
0.303709920036
0.303709920036
0.303709920036
0.303709920036
0.303709920036
0.303709920036
0.303709920036
0.303709920036
0.303709920036
0.303709920036
0.303709920036
0.303709920036
0.303709920036
0.303709920036
0.303709920036
0.303709920036
0.303709920036
0.303709920036
0.303709920036
0.303709920036
0.303709920036
0.303709920036
0.303709920036
0.303709920036
0.303709920036
0.303709920036
0.303709920036
0.303709920036
0.303709920036
0.303709920036
0.303709920036
0.303709920036
0.303709920036
0.303709920036
0.303709920036
0.303709920036
0.303709920036
0.303709920036
0.303709920036
0.303709920036
0.303709920036
0.303709920036
0.303709920036
0.303709920036
0.303709920036
0.303709920036
0.303709920036
0.303709920036
0.303709920036
0.303709920036
0.303709920036
0.303709920036
0.303709920036
0.303709920036
0.303709920036
0.303709920036
0.303709920036
0.303709920036
0.303709920036
0.303709920036
0.303709920036
0.303709920036
0.303709920036
0.303709920036
0.303709920036
0.303709920036
0.303709920036
0.303709920036
0.303709920036
0.303709920036
0.303709920036
0.303709920036
0.303709920036
0.303709920036
0.303709920036
0.303709920036
0.303709920036
0.303709920036
0.303709920036
0.303709920036
0.303709920036
0.303709920036
0.303709920036
0.303709920036
0.303709920036
0.303709920036
0.303709920036
0.303709920036
0.303709920036
0.303709920036
