30.1032418038
46.2840336869
46.286875789
46.286875789
46.286875789
46.286875789
46.286875789
46.286875789
46.286875789
46.286875789
46.286875789
46.286875789
46.286875789
46.286875789
46.286875789
46.286875789
46.286875789
46.286875789
46.286875789
46.286875789
46.286875789
46.286875789
46.286875789
46.286875789
46.286875789
46.286875789
46.286875789
46.286875789
46.286875789
46.286875789
46.286875789
46.286875789
46.286875789
46.286875789
46.286875789
46.286875789
46.286875789
46.286875789
46.286875789
46.286875789
46.286875789
46.286875789
46.286875789
46.286875789
46.286875789
46.286875789
46.286875789
46.286875789
46.286875789
46.286875789
46.286875789
46.286875789
46.286875789
46.286875789
46.286875789
46.286875789
46.286875789
46.286875789
46.286875789
46.286875789
46.286875789
46.286875789
46.286875789
46.286875789
46.286875789
46.286875789
46.286875789
46.286875789
46.286875789
46.286875789
46.286875789
46.286875789
46.286875789
46.286875789
46.286875789
46.286875789
46.286875789
46.286875789
46.286875789
46.286875789
46.286875789
46.286875789
46.286875789
46.286875789
46.286875789
46.286875789
46.286875789
46.286875789
46.286875789
46.286875789
46.286875789
46.286875789
46.286875789
46.286875789
46.286875789
46.286875789
46.286875789
46.286875789
46.286875789
46.286875789
