0.275022521129
0.275024066772
0.274469602177
0.274469602177
0.274469602177
0.274469602177
0.274469602177
0.274469602177
0.274469602177
0.274469602177
0.274469602177
0.274469602177
0.274469602177
0.274469602177
0.274469602177
0.274469602177
0.274469602177
0.274469602177
0.274469602177
0.274469602177
0.274469602177
0.274469602177
0.274469602177
0.274469602177
0.274469602177
0.274469602177
0.274469602177
0.274469602177
0.274469602177
0.274469602177
0.274469602177
0.274469602177
0.274469602177
0.274469602177
0.274469602177
0.274469602177
0.274469602177
0.274469602177
0.274469602177
0.274469602177
0.274469602177
0.274469602177
0.274469602177
0.274469602177
0.274469602177
0.274469602177
0.274469602177
0.274469602177
0.274469602177
0.274469602177
0.274469602177
0.274469602177
0.274469602177
0.274469602177
0.274469602177
0.274469602177
0.274469602177
0.274469602177
0.274469602177
0.274469602177
0.274469602177
0.274469602177
0.274469602177
0.274469602177
0.274469602177
0.274469602177
0.274469602177
0.274469602177
0.274469602177
0.274469602177
0.274469602177
0.274469602177
0.274469602177
0.274469602177
0.274469602177
0.274469602177
0.274469602177
0.274469602177
0.274469602177
0.274469602177
0.274469602177
0.274469602177
0.274469602177
0.274469602177
0.274469602177
0.274469602177
0.274469602177
0.274469602177
0.274469602177
0.274469602177
0.274469602177
0.274469602177
0.274469602177
0.274469602177
0.274469602177
0.274469602177
0.274469602177
0.274469602177
0.274469602177
