12.2898031259
2.76452414873
2.76452414873
2.76452414873
2.76452414873
2.76452414873
2.76452414873
2.76452414873
2.76452414873
2.76452414873
2.76452414873
2.76452414873
2.76452414873
2.76452414873
2.76452414873
2.76452414873
2.76452414873
2.76452414873
2.76452414873
2.76452414873
2.76452414873
2.76452414873
2.76452414873
2.76452414873
2.76452414873
2.76452414873
2.76452414873
2.76452414873
2.76452414873
2.76452414873
2.76452414873
2.76452414873
2.76452414873
2.76452414873
2.76452414873
2.76452414873
2.76452414873
2.76452414873
2.76452414873
2.76452414873
2.76452414873
2.76452414873
2.76452414873
2.76452414873
2.76452414873
2.76452414873
2.76452414873
2.76452414873
2.76452414873
2.76452414873
2.76452414873
2.76452414873
2.76452414873
2.76452414873
2.76452414873
2.76452414873
2.76452414873
2.76452414873
2.76452414873
2.76452414873
2.76452414873
2.76452414873
2.76452414873
2.76452414873
2.76452414873
2.76452414873
2.76452414873
2.76452414873
2.76452414873
2.76452414873
2.76452414873
2.76452414873
2.76452414873
2.76452414873
2.76452414873
2.76452414873
2.76452414873
2.76452414873
2.76452414873
2.76452414873
2.76452414873
2.76452414873
2.76452414873
2.76452414873
2.76452414873
2.76452414873
2.76452414873
2.76452414873
2.76452414873
2.76452414873
2.76452414873
2.76452414873
2.76452414873
2.76452414873
2.76452414873
2.76452414873
2.76452414873
2.76452414873
2.76452414873
2.76452414873
