0.147068300722
0.360915492998
0.361754689342
0.360341776069
0.360341776069
0.360341776069
0.360341776069
0.360341776069
0.360341776069
0.360341776069
0.360341776069
0.360341776069
0.360341776069
0.360341776069
0.360341776069
0.360341776069
0.360341776069
0.360341776069
0.360341776069
0.360341776069
0.360341776069
0.360341776069
0.360341776069
0.360341776069
0.360341776069
0.360341776069
0.360341776069
0.360341776069
0.360341776069
0.360341776069
0.360341776069
0.360341776069
0.360341776069
0.360341776069
0.360341776069
0.360341776069
0.360341776069
0.360341776069
0.360341776069
0.360341776069
0.360341776069
0.360341776069
0.360341776069
0.360341776069
0.360341776069
0.360341776069
0.360341776069
0.360341776069
0.360341776069
0.360341776069
0.360341776069
0.360341776069
0.360341776069
0.360341776069
0.360341776069
0.360341776069
0.360341776069
0.360341776069
0.360341776069
0.360341776069
0.360341776069
0.360341776069
0.360341776069
0.360341776069
0.360341776069
0.360341776069
0.360341776069
0.360341776069
0.360341776069
0.360341776069
0.360341776069
0.360341776069
0.360341776069
0.360341776069
0.360341776069
0.360341776069
0.360341776069
0.360341776069
0.360341776069
0.360341776069
0.360341776069
0.360341776069
0.360341776069
0.360341776069
0.360341776069
0.360341776069
0.360341776069
0.360341776069
0.360341776069
0.360341776069
0.360341776069
0.360341776069
0.360341776069
0.360341776069
0.360341776069
0.360341776069
0.360341776069
0.360341776069
0.360341776069
