0.000858887639028
0.0049396912756
0.244247035878
0.244247035878
0.244247035878
0.244247035878
0.244247035878
0.244247035878
0.244247035878
0.244247035878
0.244247035878
0.244247035878
0.244247035878
0.244247035878
0.244247035878
0.244247035878
0.244247035878
0.244247035878
0.244247035878
0.244247035878
0.244247035878
0.244247035878
0.244247035878
0.244247035878
0.244247035878
0.244247035878
0.244247035878
0.244247035878
0.244247035878
0.244247035878
0.244247035878
0.244247035878
0.244247035878
0.244247035878
0.244247035878
0.244247035878
0.244247035878
0.244247035878
0.244247035878
0.244247035878
0.244247035878
0.244247035878
0.244247035878
0.244247035878
0.244247035878
0.244247035878
0.244247035878
0.244247035878
0.244247035878
0.244247035878
0.244247035878
0.244247035878
0.244247035878
0.244247035878
0.244247035878
0.244247035878
0.244247035878
0.244247035878
0.244247035878
0.244247035878
0.244247035878
0.244247035878
0.244247035878
0.244247035878
0.244247035878
0.244247035878
0.244247035878
0.244247035878
0.244247035878
0.244247035878
0.244247035878
0.244247035878
0.244247035878
0.244247035878
0.244247035878
0.244247035878
0.244247035878
0.244247035878
0.244247035878
0.244247035878
0.244247035878
0.244247035878
0.244247035878
0.244247035878
0.244247035878
0.244247035878
0.244247035878
0.244247035878
0.244247035878
0.244247035878
0.244247035878
0.244247035878
0.244247035878
0.244247035878
0.244247035878
0.244247035878
0.244247035878
0.244247035878
0.244247035878
