78.7837425631
18.508259358
23.983689133
24.3569193778
24.3568832585
24.3568832585
24.3568832585
24.3568832585
24.3568832585
24.3568832585
24.3568832585
24.3568832585
24.3568832585
24.3568832585
24.3568832585
24.3568832585
24.3568832585
24.3568832585
24.3568832585
24.3568832585
24.3568832585
24.3568832585
24.3568832585
24.3568832585
24.3568832585
24.3568832585
24.3568832585
24.3568832585
24.3568832585
24.3568832585
24.3568832585
24.3568832585
24.3568832585
24.3568832585
24.3568832585
24.3568832585
24.3568832585
24.3568832585
24.3568832585
24.3568832585
24.3568832585
24.3568832585
24.3568832585
24.3568832585
24.3568832585
24.3568832585
24.3568832585
24.3568832585
24.3568832585
24.3568832585
24.3568832585
24.3568832585
24.3568832585
24.3568832585
24.3568832585
24.3568832585
24.3568832585
24.3568832585
24.3568832585
24.3568832585
24.3568832585
24.3568832585
24.3568832585
24.3568832585
24.3568832585
24.3568832585
24.3568832585
24.3568832585
24.3568832585
24.3568832585
24.3568832585
24.3568832585
24.3568832585
24.3568832585
24.3568832585
24.3568832585
24.3568832585
24.3568832585
24.3568832585
24.3568832585
24.3568832585
24.3568832585
24.3568832585
24.3568832585
24.3568832585
24.3568832585
24.3568832585
24.3568832585
24.3568832585
24.3568832585
24.3568832585
24.3568832585
24.3568832585
24.3568832585
24.3568832585
24.3568832585
24.3568832585
24.3568832585
24.3568832585
24.3568832585
