71.5123153839
65.1159681377
65.1172992427
65.1172993507
65.1172993507
65.1172993507
65.1172993507
65.1172993507
65.1172993507
65.1172993507
65.1172993507
65.1172993507
65.1172993507
65.1172993507
65.1172993507
65.1172993507
65.1172993507
65.1172993507
65.1172993507
65.1172993507
65.1172993507
65.1172993507
65.1172993507
65.1172993507
65.1172993507
65.1172993507
65.1172993507
65.1172993507
65.1172993507
65.1172993507
65.1172993507
65.1172993507
65.1172993507
65.1172993507
65.1172993507
65.1172993507
65.1172993507
65.1172993507
65.1172993507
65.1172993507
65.1172993507
65.1172993507
65.1172993507
65.1172993507
65.1172993507
65.1172993507
65.1172993507
65.1172993507
65.1172993507
65.1172993507
65.1172993507
65.1172993507
65.1172993507
65.1172993507
65.1172993507
65.1172993507
65.1172993507
65.1172993507
65.1172993507
65.1172993507
65.1172993507
65.1172993507
65.1172993507
65.1172993507
65.1172993507
65.1172993507
65.1172993507
65.1172993507
65.1172993507
65.1172993507
65.1172993507
65.1172993507
65.1172993507
65.1172993507
65.1172993507
65.1172993507
65.1172993507
65.1172993507
65.1172993507
65.1172993507
65.1172993507
65.1172993507
65.1172993507
65.1172993507
65.1172993507
65.1172993507
65.1172993507
65.1172993507
65.1172993507
65.1172993507
65.1172993507
65.1172993507
65.1172993507
65.1172993507
65.1172993507
65.1172993507
65.1172993507
65.1172993507
65.1172993507
65.1172993507
