0.132719303295
0.132230770888
0.132230770888
0.132230770888
0.132230770888
0.132230770888
0.132230770888
0.132230770888
0.132230770888
0.132230770888
0.132230770888
0.132230770888
0.132230770888
0.132230770888
0.132230770888
0.132230770888
0.132230770888
0.132230770888
0.132230770888
0.132230770888
0.132230770888
0.132230770888
0.132230770888
0.132230770888
0.132230770888
0.132230770888
0.132230770888
0.132230770888
0.132230770888
0.132230770888
0.132230770888
0.132230770888
0.132230770888
0.132230770888
0.132230770888
0.132230770888
0.132230770888
0.132230770888
0.132230770888
0.132230770888
0.132230770888
0.132230770888
0.132230770888
0.132230770888
0.132230770888
0.132230770888
0.132230770888
0.132230770888
0.132230770888
0.132230770888
0.132230770888
0.132230770888
0.132230770888
0.132230770888
0.132230770888
0.132230770888
0.132230770888
0.132230770888
0.132230770888
0.132230770888
0.132230770888
0.132230770888
0.132230770888
0.132230770888
0.132230770888
0.132230770888
0.132230770888
0.132230770888
0.132230770888
0.132230770888
0.132230770888
0.132230770888
0.132230770888
0.132230770888
0.132230770888
0.132230770888
0.132230770888
0.132230770888
0.132230770888
0.132230770888
0.132230770888
0.132230770888
0.132230770888
0.132230770888
0.132230770888
0.132230770888
0.132230770888
0.132230770888
0.132230770888
0.132230770888
0.132230770888
0.132230770888
0.132230770888
0.132230770888
0.132230770888
0.132230770888
0.132230770888
0.132230770888
0.132230770888
