13.7757442851
95.9695731629
96.0156201872
96.0155786752
96.0155786752
96.0155786752
96.0155786752
96.0155786752
96.0155786752
96.0155786752
96.0155786752
96.0155786752
96.0155786752
96.0155786752
96.0155786752
96.0155786752
96.0155786752
96.0155786752
96.0155786752
96.0155786752
96.0155786752
96.0155786752
96.0155786752
96.0155786752
96.0155786752
96.0155786752
96.0155786752
96.0155786752
96.0155786752
96.0155786752
96.0155786752
96.0155786752
96.0155786752
96.0155786752
96.0155786752
96.0155786752
96.0155786752
96.0155786752
96.0155786752
96.0155786752
96.0155786752
96.0155786752
96.0155786752
96.0155786752
96.0155786752
96.0155786752
96.0155786752
96.0155786752
96.0155786752
96.0155786752
96.0155786752
96.0155786752
96.0155786752
96.0155786752
96.0155786752
96.0155786752
96.0155786752
96.0155786752
96.0155786752
96.0155786752
96.0155786752
96.0155786752
96.0155786752
96.0155786752
96.0155786752
96.0155786752
96.0155786752
96.0155786752
96.0155786752
96.0155786752
96.0155786752
96.0155786752
96.0155786752
96.0155786752
96.0155786752
96.0155786752
96.0155786752
96.0155786752
96.0155786752
96.0155786752
96.0155786752
96.0155786752
96.0155786752
96.0155786752
96.0155786752
96.0155786752
96.0155786752
96.0155786752
96.0155786752
96.0155786752
96.0155786752
96.0155786752
96.0155786752
96.0155786752
96.0155786752
96.0155786752
96.0155786752
96.0155786752
96.0155786752
96.0155786752
