0.565375800879
78.8133820937
78.9842732972
78.9839867657
78.9839867657
78.9839867657
78.9839867657
78.9839867657
78.9839867657
78.9839867657
78.9839867657
78.9839867657
78.9839867657
78.9839867657
78.9839867657
78.9839867657
78.9839867657
78.9839867657
78.9839867657
78.9839867657
78.9839867657
78.9839867657
78.9839867657
78.9839867657
78.9839867657
78.9839867657
78.9839867657
78.9839867657
78.9839867657
78.9839867657
78.9839867657
78.9839867657
78.9839867657
78.9839867657
78.9839867657
78.9839867657
78.9839867657
78.9839867657
78.9839867657
78.9839867657
78.9839867657
78.9839867657
78.9839867657
78.9839867657
78.9839867657
78.9839867657
78.9839867657
78.9839867657
78.9839867657
78.9839867657
78.9839867657
78.9839867657
78.9839867657
78.9839867657
78.9839867657
78.9839867657
78.9839867657
78.9839867657
78.9839867657
78.9839867657
78.9839867657
78.9839867657
78.9839867657
78.9839867657
78.9839867657
78.9839867657
78.9839867657
78.9839867657
78.9839867657
78.9839867657
78.9839867657
78.9839867657
78.9839867657
78.9839867657
78.9839867657
78.9839867657
78.9839867657
78.9839867657
78.9839867657
78.9839867657
78.9839867657
78.9839867657
78.9839867657
78.9839867657
78.9839867657
78.9839867657
78.9839867657
78.9839867657
78.9839867657
78.9839867657
78.9839867657
78.9839867657
78.9839867657
78.9839867657
78.9839867657
78.9839867657
78.9839867657
78.9839867657
78.9839867657
78.9839867657
