37.6975065378
21.8928902814
21.8903165923
21.8903165923
21.8903165923
21.8903165923
21.8903165923
21.8903165923
21.8903165923
21.8903165923
21.8903165923
21.8903165923
21.8903165923
21.8903165923
21.8903165923
21.8903165923
21.8903165923
21.8903165923
21.8903165923
21.8903165923
21.8903165923
21.8903165923
21.8903165923
21.8903165923
21.8903165923
21.8903165923
21.8903165923
21.8903165923
21.8903165923
21.8903165923
21.8903165923
21.8903165923
21.8903165923
21.8903165923
21.8903165923
21.8903165923
21.8903165923
21.8903165923
21.8903165923
21.8903165923
21.8903165923
21.8903165923
21.8903165923
21.8903165923
21.8903165923
21.8903165923
21.8903165923
21.8903165923
21.8903165923
21.8903165923
21.8903165923
21.8903165923
21.8903165923
21.8903165923
21.8903165923
21.8903165923
21.8903165923
21.8903165923
21.8903165923
21.8903165923
21.8903165923
21.8903165923
21.8903165923
21.8903165923
21.8903165923
21.8903165923
21.8903165923
21.8903165923
21.8903165923
21.8903165923
21.8903165923
21.8903165923
21.8903165923
21.8903165923
21.8903165923
21.8903165923
21.8903165923
21.8903165923
21.8903165923
21.8903165923
21.8903165923
21.8903165923
21.8903165923
21.8903165923
21.8903165923
21.8903165923
21.8903165923
21.8903165923
21.8903165923
21.8903165923
21.8903165923
21.8903165923
21.8903165923
21.8903165923
21.8903165923
21.8903165923
21.8903165923
21.8903165923
21.8903165923
21.8903165923
