0.0643576058132
0.0648845457934
0.0643576058132
0.0643576058132
0.0643576058132
0.0643576058132
0.0643576058132
0.0643576058132
0.0643576058132
0.0643576058132
0.0643576058132
0.0643576058132
0.0643576058132
0.0643576058132
0.0643576058132
0.0643576058132
0.0643576058132
0.0643576058132
0.0643576058132
0.0643576058132
0.0643576058132
0.0643576058132
0.0643576058132
0.0643576058132
0.0643576058132
0.0643576058132
0.0643576058132
0.0643576058132
0.0643576058132
0.0643576058132
0.0643576058132
0.0643576058132
0.0643576058132
0.0643576058132
0.0643576058132
0.0643576058132
0.0643576058132
0.0643576058132
0.0643576058132
0.0643576058132
0.0643576058132
0.0643576058132
0.0643576058132
0.0643576058132
0.0643576058132
0.0643576058132
0.0643576058132
0.0643576058132
0.0643576058132
0.0643576058132
0.0643576058132
0.0643576058132
0.0643576058132
0.0643576058132
0.0643576058132
0.0643576058132
0.0643576058132
0.0643576058132
0.0643576058132
0.0643576058132
0.0643576058132
0.0643576058132
0.0643576058132
0.0643576058132
0.0643576058132
0.0643576058132
0.0643576058132
0.0643576058132
0.0643576058132
0.0643576058132
0.0643576058132
0.0643576058132
0.0643576058132
0.0643576058132
0.0643576058132
0.0643576058132
0.0643576058132
0.0643576058132
0.0643576058132
0.0643576058132
0.0643576058132
0.0643576058132
0.0643576058132
0.0643576058132
0.0643576058132
0.0643576058132
0.0643576058132
0.0643576058132
0.0643576058132
0.0643576058132
0.0643576058132
0.0643576058132
0.0643576058132
0.0643576058132
0.0643576058132
0.0643576058132
0.0643576058132
0.0643576058132
0.0643576058132
