0.160246762587
0.162172142752
0.15856608808
0.15856608808
0.15856608808
0.15856608808
0.15856608808
0.15856608808
0.15856608808
0.15856608808
0.15856608808
0.15856608808
0.15856608808
0.15856608808
0.15856608808
0.15856608808
0.15856608808
0.15856608808
0.15856608808
0.15856608808
0.15856608808
0.15856608808
0.15856608808
0.15856608808
0.15856608808
0.15856608808
0.15856608808
0.15856608808
0.15856608808
0.15856608808
0.15856608808
0.15856608808
0.15856608808
0.15856608808
0.15856608808
0.15856608808
0.15856608808
0.15856608808
0.15856608808
0.15856608808
0.15856608808
0.15856608808
0.15856608808
0.15856608808
0.15856608808
0.15856608808
0.15856608808
0.15856608808
0.15856608808
0.15856608808
0.15856608808
0.15856608808
0.15856608808
0.15856608808
0.15856608808
0.15856608808
0.15856608808
0.15856608808
0.15856608808
0.15856608808
0.15856608808
0.15856608808
0.15856608808
0.15856608808
0.15856608808
0.15856608808
0.15856608808
0.15856608808
0.15856608808
0.15856608808
0.15856608808
0.15856608808
0.15856608808
0.15856608808
0.15856608808
0.15856608808
0.15856608808
0.15856608808
0.15856608808
0.15856608808
0.15856608808
0.15856608808
0.15856608808
0.15856608808
0.15856608808
0.15856608808
0.15856608808
0.15856608808
0.15856608808
0.15856608808
0.15856608808
0.15856608808
0.15856608808
0.15856608808
0.15856608808
0.15856608808
0.15856608808
0.15856608808
0.15856608808
