-0.0110603187814
-0.0110603187814
0.00796865451014
0.00796865451014
0.00796865451014
0.00796865451014
0.00796865451014
0.00796865451014
0.00796865451014
0.00796865451014
0.00796865451014
0.00796865451014
0.00796865451014
0.00796865451014
0.00796865451014
0.00796865451014
0.00796865451014
0.00796865451014
0.00796865451014
0.00796865451014
0.00796865451014
0.00796865451014
0.00796865451014
0.00796865451014
0.00796865451014
0.00796865451014
0.00796865451014
0.00796865451014
0.00796865451014
0.00796865451014
0.00796865451014
0.00796865451014
0.00796865451014
0.00796865451014
0.00796865451014
0.00796865451014
0.00796865451014
0.00796865451014
0.00796865451014
0.00796865451014
0.00796865451014
0.00796865451014
0.00796865451014
0.00796865451014
0.00796865451014
0.00796865451014
0.00796865451014
0.00796865451014
0.00796865451014
0.00796865451014
0.00796865451014
0.00796865451014
0.00796865451014
0.00796865451014
0.00796865451014
0.00796865451014
0.00796865451014
0.00796865451014
0.00796865451014
0.00796865451014
0.00796865451014
0.00796865451014
0.00796865451014
0.00796865451014
0.00796865451014
0.00796865451014
0.00796865451014
0.00796865451014
0.00796865451014
0.00796865451014
0.00796865451014
0.00796865451014
0.00796865451014
0.00796865451014
0.00796865451014
0.00796865451014
0.00796865451014
0.00796865451014
0.00796865451014
0.00796865451014
0.00796865451014
0.00796865451014
0.00796865451014
0.00796865451014
0.00796865451014
0.00796865451014
0.00796865451014
0.00796865451014
0.00796865451014
0.00796865451014
0.00796865451014
0.00796865451014
0.00796865451014
0.00796865451014
0.00796865451014
0.00796865451014
0.00796865451014
0.00796865451014
0.00796865451014
