0.381789047697
0.515113914074
0.382203526408
0.382274221648
0.382274221648
0.382274221648
0.382274221648
0.382274221648
0.382274221648
0.382274221648
0.382274221648
0.382274221648
0.382274221648
0.382274221648
0.382274221648
0.382274221648
0.382274221648
0.382274221648
0.382274221648
0.382274221648
0.382274221648
0.382274221648
0.382274221648
0.382274221648
0.382274221648
0.382274221648
0.382274221648
0.382274221648
0.382274221648
0.382274221648
0.382274221648
0.382274221648
0.382274221648
0.382274221648
0.382274221648
0.382274221648
0.382274221648
0.382274221648
0.382274221648
0.382274221648
0.382274221648
0.382274221648
0.382274221648
0.382274221648
0.382274221648
0.382274221648
0.382274221648
0.382274221648
0.382274221648
0.382274221648
0.382274221648
0.382274221648
0.382274221648
0.382274221648
0.382274221648
0.382274221648
0.382274221648
0.382274221648
0.382274221648
0.382274221648
0.382274221648
0.382274221648
0.382274221648
0.382274221648
0.382274221648
0.382274221648
0.382274221648
0.382274221648
0.382274221648
0.382274221648
0.382274221648
0.382274221648
0.382274221648
0.382274221648
0.382274221648
0.382274221648
0.382274221648
0.382274221648
0.382274221648
0.382274221648
0.382274221648
0.382274221648
0.382274221648
0.382274221648
0.382274221648
0.382274221648
0.382274221648
0.382274221648
0.382274221648
0.382274221648
0.382274221648
0.382274221648
0.382274221648
0.382274221648
0.382274221648
0.382274221648
0.382274221648
0.382274221648
0.382274221648
