52.6651593769
38.0140932769
38.0140932769
38.0140932769
38.0140932769
38.0140932769
38.0140932769
38.0140932769
38.0140932769
38.0140932769
38.0140932769
38.0140932769
38.0140932769
38.0140932769
38.0140932769
38.0140932769
38.0140932769
38.0140932769
38.0140932769
38.0140932769
38.0140932769
38.0140932769
38.0140932769
38.0140932769
38.0140932769
38.0140932769
38.0140932769
38.0140932769
38.0140932769
38.0140932769
38.0140932769
38.0140932769
38.0140932769
38.0140932769
38.0140932769
38.0140932769
38.0140932769
38.0140932769
38.0140932769
38.0140932769
38.0140932769
38.0140932769
38.0140932769
38.0140932769
38.0140932769
38.0140932769
38.0140932769
38.0140932769
38.0140932769
38.0140932769
38.0140932769
38.0140932769
38.0140932769
38.0140932769
38.0140932769
38.0140932769
38.0140932769
38.0140932769
38.0140932769
38.0140932769
38.0140932769
38.0140932769
38.0140932769
38.0140932769
38.0140932769
38.0140932769
38.0140932769
38.0140932769
38.0140932769
38.0140932769
38.0140932769
38.0140932769
38.0140932769
38.0140932769
38.0140932769
38.0140932769
38.0140932769
38.0140932769
38.0140932769
38.0140932769
38.0140932769
38.0140932769
38.0140932769
38.0140932769
38.0140932769
38.0140932769
38.0140932769
38.0140932769
38.0140932769
38.0140932769
38.0140932769
38.0140932769
38.0140932769
38.0140932769
38.0140932769
38.0140932769
38.0140932769
38.0140932769
38.0140932769
38.0140932769
