0.267183619791
0.267183619791
0.267183619791
0.267183619791
0.267183619791
0.267183619791
0.267183619791
0.267183619791
0.267183619791
0.267183619791
0.267183619791
0.267183619791
0.267183619791
0.267183619791
0.267183619791
0.267183619791
0.267183619791
0.267183619791
0.267183619791
0.267183619791
0.267183619791
0.267183619791
0.267183619791
0.267183619791
0.267183619791
0.267183619791
0.267183619791
0.267183619791
0.267183619791
0.267183619791
0.267183619791
0.267183619791
0.267183619791
0.267183619791
0.267183619791
0.267183619791
0.267183619791
0.267183619791
0.267183619791
0.267183619791
0.267183619791
0.267183619791
0.267183619791
0.267183619791
0.267183619791
0.267183619791
0.267183619791
0.267183619791
0.267183619791
0.267183619791
0.267183619791
0.267183619791
0.267183619791
0.267183619791
0.267183619791
0.267183619791
0.267183619791
0.267183619791
0.267183619791
0.267183619791
0.267183619791
0.267183619791
0.267183619791
0.267183619791
0.267183619791
0.267183619791
0.267183619791
0.267183619791
0.267183619791
0.267183619791
0.267183619791
0.267183619791
0.267183619791
0.267183619791
0.267183619791
0.267183619791
0.267183619791
0.267183619791
0.267183619791
0.267183619791
0.267183619791
0.267183619791
0.267183619791
0.267183619791
0.267183619791
0.267183619791
0.267183619791
0.267183619791
0.267183619791
0.267183619791
0.267183619791
0.267183619791
0.267183619791
0.267183619791
0.267183619791
0.267183619791
0.267183619791
0.267183619791
0.267183619791
