0.122129144251
0.122656084231
0.122617676659
0.122617676659
0.122617676659
0.122617676659
0.122617676659
0.122617676659
0.122617676659
0.122617676659
0.122617676659
0.122617676659
0.122617676659
0.122617676659
0.122617676659
0.122617676659
0.122617676659
0.122617676659
0.122617676659
0.122617676659
0.122617676659
0.122617676659
0.122617676659
0.122617676659
0.122617676659
0.122617676659
0.122617676659
0.122617676659
0.122617676659
0.122617676659
0.122617676659
0.122617676659
0.122617676659
0.122617676659
0.122617676659
0.122617676659
0.122617676659
0.122617676659
0.122617676659
0.122617676659
0.122617676659
0.122617676659
0.122617676659
0.122617676659
0.122617676659
0.122617676659
0.122617676659
0.122617676659
0.122617676659
0.122617676659
0.122617676659
0.122617676659
0.122617676659
0.122617676659
0.122617676659
0.122617676659
0.122617676659
0.122617676659
0.122617676659
0.122617676659
0.122617676659
0.122617676659
0.122617676659
0.122617676659
0.122617676659
0.122617676659
0.122617676659
0.122617676659
0.122617676659
0.122617676659
0.122617676659
0.122617676659
0.122617676659
0.122617676659
0.122617676659
0.122617676659
0.122617676659
0.122617676659
0.122617676659
0.122617676659
0.122617676659
0.122617676659
0.122617676659
0.122617676659
0.122617676659
0.122617676659
0.122617676659
0.122617676659
0.122617676659
0.122617676659
0.122617676659
0.122617676659
0.122617676659
0.122617676659
0.122617676659
0.122617676659
0.122617676659
0.122617676659
0.122617676659
