78.2303399253
58.7563289719
58.7597495169
58.7597495497
58.7597495497
58.7597495497
58.7597495497
58.7597495497
58.7597495497
58.7597495497
58.7597495497
58.7597495497
58.7597495497
58.7597495497
58.7597495497
58.7597495497
58.7597495497
58.7597495497
58.7597495497
58.7597495497
58.7597495497
58.7597495497
58.7597495497
58.7597495497
58.7597495497
58.7597495497
58.7597495497
58.7597495497
58.7597495497
58.7597495497
58.7597495497
58.7597495497
58.7597495497
58.7597495497
58.7597495497
58.7597495497
58.7597495497
58.7597495497
58.7597495497
58.7597495497
58.7597495497
58.7597495497
58.7597495497
58.7597495497
58.7597495497
58.7597495497
58.7597495497
58.7597495497
58.7597495497
58.7597495497
58.7597495497
58.7597495497
58.7597495497
58.7597495497
58.7597495497
58.7597495497
58.7597495497
58.7597495497
58.7597495497
58.7597495497
58.7597495497
58.7597495497
58.7597495497
58.7597495497
58.7597495497
58.7597495497
58.7597495497
58.7597495497
58.7597495497
58.7597495497
58.7597495497
58.7597495497
58.7597495497
58.7597495497
58.7597495497
58.7597495497
58.7597495497
58.7597495497
58.7597495497
58.7597495497
58.7597495497
58.7597495497
58.7597495497
58.7597495497
58.7597495497
58.7597495497
58.7597495497
58.7597495497
58.7597495497
58.7597495497
58.7597495497
58.7597495497
58.7597495497
58.7597495497
58.7597495497
58.7597495497
58.7597495497
58.7597495497
58.7597495497
58.7597495497
