0.456279018572
0.454880578387
0.454880578387
0.454880578387
0.454880578387
0.454880578387
0.454880578387
0.454880578387
0.454880578387
0.454880578387
0.454880578387
0.454880578387
0.454880578387
0.454880578387
0.454880578387
0.454880578387
0.454880578387
0.454880578387
0.454880578387
0.454880578387
0.454880578387
0.454880578387
0.454880578387
0.454880578387
0.454880578387
0.454880578387
0.454880578387
0.454880578387
0.454880578387
0.454880578387
0.454880578387
0.454880578387
0.454880578387
0.454880578387
0.454880578387
0.454880578387
0.454880578387
0.454880578387
0.454880578387
0.454880578387
0.454880578387
0.454880578387
0.454880578387
0.454880578387
0.454880578387
0.454880578387
0.454880578387
0.454880578387
0.454880578387
0.454880578387
0.454880578387
0.454880578387
0.454880578387
0.454880578387
0.454880578387
0.454880578387
0.454880578387
0.454880578387
0.454880578387
0.454880578387
0.454880578387
0.454880578387
0.454880578387
0.454880578387
0.454880578387
0.454880578387
0.454880578387
0.454880578387
0.454880578387
0.454880578387
0.454880578387
0.454880578387
0.454880578387
0.454880578387
0.454880578387
0.454880578387
0.454880578387
0.454880578387
0.454880578387
0.454880578387
0.454880578387
0.454880578387
0.454880578387
0.454880578387
0.454880578387
0.454880578387
0.454880578387
0.454880578387
0.454880578387
0.454880578387
0.454880578387
0.454880578387
0.454880578387
0.454880578387
0.454880578387
0.454880578387
0.454880578387
0.454880578387
0.454880578387
