85.0936640146
84.6884509288
84.68826204
84.68826204
84.68826204
84.68826204
84.68826204
84.68826204
84.68826204
84.68826204
84.68826204
84.68826204
84.68826204
84.68826204
84.68826204
84.68826204
84.68826204
84.68826204
84.68826204
84.68826204
84.68826204
84.68826204
84.68826204
84.68826204
84.68826204
84.68826204
84.68826204
84.68826204
84.68826204
84.68826204
84.68826204
84.68826204
84.68826204
84.68826204
84.68826204
84.68826204
84.68826204
84.68826204
84.68826204
84.68826204
84.68826204
84.68826204
84.68826204
84.68826204
84.68826204
84.68826204
84.68826204
84.68826204
84.68826204
84.68826204
84.68826204
84.68826204
84.68826204
84.68826204
84.68826204
84.68826204
84.68826204
84.68826204
84.68826204
84.68826204
84.68826204
84.68826204
84.68826204
84.68826204
84.68826204
84.68826204
84.68826204
84.68826204
84.68826204
84.68826204
84.68826204
84.68826204
84.68826204
84.68826204
84.68826204
84.68826204
84.68826204
84.68826204
84.68826204
84.68826204
84.68826204
84.68826204
84.68826204
84.68826204
84.68826204
84.68826204
84.68826204
84.68826204
84.68826204
84.68826204
84.68826204
84.68826204
84.68826204
84.68826204
84.68826204
84.68826204
84.68826204
84.68826204
84.68826204
84.68826204
