0.643665883358
0.371146218299
0.486630381933
0.643665883358
0.643665883358
0.643665883358
0.643665883358
0.643665883358
0.643665883358
0.643665883358
0.643665883358
0.643665883358
0.643665883358
0.643665883358
0.643665883358
0.643665883358
0.643665883358
0.643665883358
0.643665883358
0.643665883358
0.643665883358
0.643665883358
0.643665883358
0.643665883358
0.643665883358
0.643665883358
0.643665883358
0.643665883358
0.643665883358
0.643665883358
0.643665883358
0.643665883358
0.643665883358
0.643665883358
0.643665883358
0.643665883358
0.643665883358
0.643665883358
0.643665883358
0.643665883358
0.643665883358
0.643665883358
0.643665883358
0.643665883358
0.643665883358
0.643665883358
0.643665883358
0.643665883358
0.643665883358
0.643665883358
0.643665883358
0.643665883358
0.643665883358
0.643665883358
0.643665883358
0.643665883358
0.643665883358
0.643665883358
0.643665883358
0.643665883358
0.643665883358
0.643665883358
0.643665883358
0.643665883358
0.643665883358
0.643665883358
0.643665883358
0.643665883358
0.643665883358
0.643665883358
0.643665883358
0.643665883358
0.643665883358
0.643665883358
0.643665883358
0.643665883358
0.643665883358
0.643665883358
0.643665883358
0.643665883358
0.643665883358
0.643665883358
0.643665883358
0.643665883358
0.643665883358
0.643665883358
0.643665883358
0.643665883358
0.643665883358
0.643665883358
0.643665883358
0.643665883358
0.643665883358
0.643665883358
0.643665883358
0.643665883358
0.643665883358
0.643665883358
0.643665883358
