27.1404766809
80.0758524627
84.8844960886
84.7456655418
84.7500258067
84.7500258067
84.7500258067
84.7500258067
84.7500258067
84.7500258067
84.7500258067
84.7500258067
84.7500258067
84.7500258067
84.7500258067
84.7500258067
84.7500258067
84.7500258067
84.7500258067
84.7500258067
84.7500258067
84.7500258067
84.7500258067
84.7500258067
84.7500258067
84.7500258067
84.7500258067
84.7500258067
84.7500258067
84.7500258067
84.7500258067
84.7500258067
84.7500258067
84.7500258067
84.7500258067
84.7500258067
84.7500258067
84.7500258067
84.7500258067
84.7500258067
84.7500258067
84.7500258067
84.7500258067
84.7500258067
84.7500258067
84.7500258067
84.7500258067
84.7500258067
84.7500258067
84.7500258067
84.7500258067
84.7500258067
84.7500258067
84.7500258067
84.7500258067
84.7500258067
84.7500258067
84.7500258067
84.7500258067
84.7500258067
84.7500258067
84.7500258067
84.7500258067
84.7500258067
84.7500258067
84.7500258067
84.7500258067
84.7500258067
84.7500258067
84.7500258067
84.7500258067
84.7500258067
84.7500258067
84.7500258067
84.7500258067
84.7500258067
84.7500258067
84.7500258067
84.7500258067
84.7500258067
84.7500258067
84.7500258067
84.7500258067
84.7500258067
84.7500258067
84.7500258067
84.7500258067
84.7500258067
84.7500258067
84.7500258067
84.7500258067
84.7500258067
84.7500258067
84.7500258067
84.7500258067
84.7500258067
84.7500258067
84.7500258067
84.7500258067
84.7500258067
