13.9750010665
21.7337618896
21.7394713405
21.7394689416
21.7394689416
21.7394689416
21.7394689416
21.7394689416
21.7394689416
21.7394689416
21.7394689416
21.7394689416
21.7394689416
21.7394689416
21.7394689416
21.7394689416
21.7394689416
21.7394689416
21.7394689416
21.7394689416
21.7394689416
21.7394689416
21.7394689416
21.7394689416
21.7394689416
21.7394689416
21.7394689416
21.7394689416
21.7394689416
21.7394689416
21.7394689416
21.7394689416
21.7394689416
21.7394689416
21.7394689416
21.7394689416
21.7394689416
21.7394689416
21.7394689416
21.7394689416
21.7394689416
21.7394689416
21.7394689416
21.7394689416
21.7394689416
21.7394689416
21.7394689416
21.7394689416
21.7394689416
21.7394689416
21.7394689416
21.7394689416
21.7394689416
21.7394689416
21.7394689416
21.7394689416
21.7394689416
21.7394689416
21.7394689416
21.7394689416
21.7394689416
21.7394689416
21.7394689416
21.7394689416
21.7394689416
21.7394689416
21.7394689416
21.7394689416
21.7394689416
21.7394689416
21.7394689416
21.7394689416
21.7394689416
21.7394689416
21.7394689416
21.7394689416
21.7394689416
21.7394689416
21.7394689416
21.7394689416
21.7394689416
21.7394689416
21.7394689416
21.7394689416
21.7394689416
21.7394689416
21.7394689416
21.7394689416
21.7394689416
21.7394689416
21.7394689416
21.7394689416
21.7394689416
21.7394689416
21.7394689416
21.7394689416
21.7394689416
21.7394689416
21.7394689416
21.7394689416
