0.203804800928
0.201597186441
0.203277860948
0.203277860948
0.203277860948
0.203277860948
0.203277860948
0.203277860948
0.203277860948
0.203277860948
0.203277860948
0.203277860948
0.203277860948
0.203277860948
0.203277860948
0.203277860948
0.203277860948
0.203277860948
0.203277860948
0.203277860948
0.203277860948
0.203277860948
0.203277860948
0.203277860948
0.203277860948
0.203277860948
0.203277860948
0.203277860948
0.203277860948
0.203277860948
0.203277860948
0.203277860948
0.203277860948
0.203277860948
0.203277860948
0.203277860948
0.203277860948
0.203277860948
0.203277860948
0.203277860948
0.203277860948
0.203277860948
0.203277860948
0.203277860948
0.203277860948
0.203277860948
0.203277860948
0.203277860948
0.203277860948
0.203277860948
0.203277860948
0.203277860948
0.203277860948
0.203277860948
0.203277860948
0.203277860948
0.203277860948
0.203277860948
0.203277860948
0.203277860948
0.203277860948
0.203277860948
0.203277860948
0.203277860948
0.203277860948
0.203277860948
0.203277860948
0.203277860948
0.203277860948
0.203277860948
0.203277860948
0.203277860948
0.203277860948
0.203277860948
0.203277860948
0.203277860948
0.203277860948
0.203277860948
0.203277860948
0.203277860948
0.203277860948
0.203277860948
0.203277860948
0.203277860948
0.203277860948
0.203277860948
0.203277860948
0.203277860948
0.203277860948
0.203277860948
0.203277860948
0.203277860948
0.203277860948
0.203277860948
0.203277860948
0.203277860948
0.203277860948
0.203277860948
0.203277860948
