96.9014811782
37.4826018629
37.4830552793
37.4830552323
37.4830552323
37.4830552323
37.4830552323
37.4830552323
37.4830552323
37.4830552323
37.4830552323
37.4830552323
37.4830552323
37.4830552323
37.4830552323
37.4830552323
37.4830552323
37.4830552323
37.4830552323
37.4830552323
37.4830552323
37.4830552323
37.4830552323
37.4830552323
37.4830552323
37.4830552323
37.4830552323
37.4830552323
37.4830552323
37.4830552323
37.4830552323
37.4830552323
37.4830552323
37.4830552323
37.4830552323
37.4830552323
37.4830552323
37.4830552323
37.4830552323
37.4830552323
37.4830552323
37.4830552323
37.4830552323
37.4830552323
37.4830552323
37.4830552323
37.4830552323
37.4830552323
37.4830552323
37.4830552323
37.4830552323
37.4830552323
37.4830552323
37.4830552323
37.4830552323
37.4830552323
37.4830552323
37.4830552323
37.4830552323
37.4830552323
37.4830552323
37.4830552323
37.4830552323
37.4830552323
37.4830552323
37.4830552323
37.4830552323
37.4830552323
37.4830552323
37.4830552323
37.4830552323
37.4830552323
37.4830552323
37.4830552323
37.4830552323
37.4830552323
37.4830552323
37.4830552323
37.4830552323
37.4830552323
37.4830552323
37.4830552323
37.4830552323
37.4830552323
37.4830552323
37.4830552323
37.4830552323
37.4830552323
37.4830552323
37.4830552323
37.4830552323
37.4830552323
37.4830552323
37.4830552323
37.4830552323
37.4830552323
37.4830552323
37.4830552323
37.4830552323
37.4830552323
