43.3683166067
22.4823780388
21.4648155307
21.4175910143
21.4176103587
21.4176103587
21.4176103587
21.4176103587
21.4176103587
21.4176103587
21.4176103587
21.4176103587
21.4176103587
21.4176103587
21.4176103587
21.4176103587
21.4176103587
21.4176103587
21.4176103587
21.4176103587
21.4176103587
21.4176103587
21.4176103587
21.4176103587
21.4176103587
21.4176103587
21.4176103587
21.4176103587
21.4176103587
21.4176103587
21.4176103587
21.4176103587
21.4176103587
21.4176103587
21.4176103587
21.4176103587
21.4176103587
21.4176103587
21.4176103587
21.4176103587
21.4176103587
21.4176103587
21.4176103587
21.4176103587
21.4176103587
21.4176103587
21.4176103587
21.4176103587
21.4176103587
21.4176103587
21.4176103587
21.4176103587
21.4176103587
21.4176103587
21.4176103587
21.4176103587
21.4176103587
21.4176103587
21.4176103587
21.4176103587
21.4176103587
21.4176103587
21.4176103587
21.4176103587
21.4176103587
21.4176103587
21.4176103587
21.4176103587
21.4176103587
21.4176103587
21.4176103587
21.4176103587
21.4176103587
21.4176103587
21.4176103587
21.4176103587
21.4176103587
21.4176103587
21.4176103587
21.4176103587
21.4176103587
21.4176103587
21.4176103587
21.4176103587
21.4176103587
21.4176103587
21.4176103587
21.4176103587
21.4176103587
21.4176103587
21.4176103587
21.4176103587
21.4176103587
21.4176103587
21.4176103587
21.4176103587
21.4176103587
21.4176103587
21.4176103587
21.4176103587
