0.230882434643
-0.0339864458321
0.230505641888
0.231096484482
0.231096484482
0.231096484482
0.231096484482
0.231096484482
0.231096484482
0.231096484482
0.231096484482
0.231096484482
0.231096484482
0.231096484482
0.231096484482
0.231096484482
0.231096484482
0.231096484482
0.231096484482
0.231096484482
0.231096484482
0.231096484482
0.231096484482
0.231096484482
0.231096484482
0.231096484482
0.231096484482
0.231096484482
0.231096484482
0.231096484482
0.231096484482
0.231096484482
0.231096484482
0.231096484482
0.231096484482
0.231096484482
0.231096484482
0.231096484482
0.231096484482
0.231096484482
0.231096484482
0.231096484482
0.231096484482
0.231096484482
0.231096484482
0.231096484482
0.231096484482
0.231096484482
0.231096484482
0.231096484482
0.231096484482
0.231096484482
0.231096484482
0.231096484482
0.231096484482
0.231096484482
0.231096484482
0.231096484482
0.231096484482
0.231096484482
0.231096484482
0.231096484482
0.231096484482
0.231096484482
0.231096484482
0.231096484482
0.231096484482
0.231096484482
0.231096484482
0.231096484482
0.231096484482
0.231096484482
0.231096484482
0.231096484482
0.231096484482
0.231096484482
0.231096484482
0.231096484482
0.231096484482
0.231096484482
0.231096484482
0.231096484482
0.231096484482
0.231096484482
0.231096484482
0.231096484482
0.231096484482
0.231096484482
0.231096484482
0.231096484482
0.231096484482
0.231096484482
0.231096484482
0.231096484482
0.231096484482
0.231096484482
0.231096484482
0.231096484482
0.231096484482
