13.7506495892
63.9377934605
68.3687976643
68.0758062762
68.0758408986
68.0758408986
68.0758408986
68.0758408986
68.0758408986
68.0758408986
68.0758408986
68.0758408986
68.0758408986
68.0758408986
68.0758408986
68.0758408986
68.0758408986
68.0758408986
68.0758408986
68.0758408986
68.0758408986
68.0758408986
68.0758408986
68.0758408986
68.0758408986
68.0758408986
68.0758408986
68.0758408986
68.0758408986
68.0758408986
68.0758408986
68.0758408986
68.0758408986
68.0758408986
68.0758408986
68.0758408986
68.0758408986
68.0758408986
68.0758408986
68.0758408986
68.0758408986
68.0758408986
68.0758408986
68.0758408986
68.0758408986
68.0758408986
68.0758408986
68.0758408986
68.0758408986
68.0758408986
68.0758408986
68.0758408986
68.0758408986
68.0758408986
68.0758408986
68.0758408986
68.0758408986
68.0758408986
68.0758408986
68.0758408986
68.0758408986
68.0758408986
68.0758408986
68.0758408986
68.0758408986
68.0758408986
68.0758408986
68.0758408986
68.0758408986
68.0758408986
68.0758408986
68.0758408986
68.0758408986
68.0758408986
68.0758408986
68.0758408986
68.0758408986
68.0758408986
68.0758408986
68.0758408986
68.0758408986
68.0758408986
68.0758408986
68.0758408986
68.0758408986
68.0758408986
68.0758408986
68.0758408986
68.0758408986
68.0758408986
68.0758408986
68.0758408986
68.0758408986
68.0758408986
68.0758408986
68.0758408986
68.0758408986
68.0758408986
68.0758408986
68.0758408986
