7.01335854764
91.8669404137
99.5605627892
99.0373807624
98.9391012016
98.9461578629
98.9465618229
98.9465159152
98.9465159152
98.9465159152
98.9465159152
98.9465159152
98.9465159152
98.9465159152
98.9465159152
98.9465159152
98.9465159152
98.9465159152
98.9465159152
98.9465159152
98.9465159152
98.9465159152
98.9465159152
98.9465159152
98.9465159152
98.9465159152
98.9465159152
98.9465159152
98.9465159152
98.9465159152
98.9465159152
98.9465159152
98.9465159152
98.9465159152
98.9465159152
98.9465159152
98.9465159152
98.9465159152
98.9465159152
98.9465159152
98.9465159152
98.9465159152
98.9465159152
98.9465159152
98.9465159152
98.9465159152
98.9465159152
98.9465159152
98.9465159152
98.9465159152
98.9465159152
98.9465159152
98.9465159152
98.9465159152
98.9465159152
98.9465159152
98.9465159152
98.9465159152
98.9465159152
98.9465159152
98.9465159152
98.9465159152
98.9465159152
98.9465159152
98.9465159152
98.9465159152
98.9465159152
98.9465159152
98.9465159152
98.9465159152
98.9465159152
98.9465159152
98.9465159152
98.9465159152
98.9465159152
98.9465159152
98.9465159152
98.9465159152
98.9465159152
98.9465159152
98.9465159152
98.9465159152
98.9465159152
98.9465159152
98.9465159152
98.9465159152
98.9465159152
98.9465159152
98.9465159152
98.9465159152
98.9465159152
98.9465159152
98.9465159152
98.9465159152
98.9465159152
98.9465159152
98.9465159152
98.9465159152
98.9465159152
98.9465159152
