41.9294338327
18.7905439328
18.6319311453
18.6328700103
18.6328711552
18.6328711551
18.6328711551
18.6328711551
18.6328711551
18.6328711551
18.6328711551
18.6328711551
18.6328711551
18.6328711551
18.6328711551
18.6328711551
18.6328711551
18.6328711551
18.6328711551
18.6328711551
18.6328711551
18.6328711551
18.6328711551
18.6328711551
18.6328711551
18.6328711551
18.6328711551
18.6328711551
18.6328711551
18.6328711551
18.6328711551
18.6328711551
18.6328711551
18.6328711551
18.6328711551
18.6328711551
18.6328711551
18.6328711551
18.6328711551
18.6328711551
18.6328711551
18.6328711551
18.6328711551
18.6328711551
18.6328711551
18.6328711551
18.6328711551
18.6328711551
18.6328711551
18.6328711551
18.6328711551
18.6328711551
18.6328711551
18.6328711551
18.6328711551
18.6328711551
18.6328711551
18.6328711551
18.6328711551
18.6328711551
18.6328711551
18.6328711551
18.6328711551
18.6328711551
18.6328711551
18.6328711551
18.6328711551
18.6328711551
18.6328711551
18.6328711551
18.6328711551
18.6328711551
18.6328711551
18.6328711551
18.6328711551
18.6328711551
18.6328711551
18.6328711551
18.6328711551
18.6328711551
18.6328711551
18.6328711551
18.6328711551
18.6328711551
18.6328711551
18.6328711551
18.6328711551
18.6328711551
18.6328711551
18.6328711551
18.6328711551
18.6328711551
18.6328711551
18.6328711551
18.6328711551
18.6328711551
18.6328711551
18.6328711551
18.6328711551
18.6328711551
