0.009304610714
-0.011259831426
0.0124170749581
0.00631985735179
0.00668606552097
-0.0127669568939
-0.125797882804
-0.124900676959
0.00690938077423
-0.0127669568939
0.00680254428318
0.0107812984016
0.00681546288538
0.00926764634736
0.00679781259296
-0.126474567458
0.00653679040608
0.0116520699761
0.00668606552097
0.00656898633355
0.00691969427936
-0.011259831426
0.00938993235542
0.00631985735179
-0.124900676959
0.00653679040608
0.00631985735179
-0.0127669568939
0.007020770494
0.00631985735179
-0.0127669568939
0.0123083216366
0.0110188252252
0.00672333444827
-0.011259831426
0.0122720312222
-0.125940797656
0.00646203298103
0.00646203298103
-0.126474567458
-0.0127669568939
-0.125940797656
-0.0127669568939
0.0109958996112
0.00683502184224
0.00691969427936
-0.126474567458
-0.125940797656
0.00691969427936
0.00691969427936
-0.125580154901
-0.126008716177
0.00653212923902
-0.0127669568939
-0.0127669568939
-0.126010217161
0.0115787557579
-0.011259831426
0.00653679040608
0.00653679040608
-0.0127669568939
-0.0127669568939
0.00631985735179
0.0115787557579
0.00691969427936
0.00661146787666
-0.011259831426
-0.0127669568939
0.00653679040608
-0.362253064176
-0.00483355400747
0.00646203298103
-0.0127669568939
-0.362609998267
-0.126474567458
-0.125914725467
-0.0127669568939
0.0115787557579
0.00609463184852
0.00677205159066
-0.0122961741498
0.00631985735179
0.00677066248646
-0.011259831426
-0.011259831426
-0.126474567458
-0.125845028135
-0.0127669568939
-0.126474567458
0.00653679040608
0.00638719547305
0.00938993235542
0.00642462424545
0.00644450681004
0.00648169125751
0.0115576216089
0.00691969427936
-0.011259831426
-0.0127669568939
