58.2854454706
28.7650614235
24.9777851381
25.4494170716
25.4492749099
25.4492749099
25.4492749099
25.4492749099
25.4492749099
25.4492749099
25.4492749099
25.4492749099
25.4492749099
25.4492749099
25.4492749099
25.4492749099
25.4492749099
25.4492749099
25.4492749099
25.4492749099
25.4492749099
25.4492749099
25.4492749099
25.4492749099
25.4492749099
25.4492749099
25.4492749099
25.4492749099
25.4492749099
25.4492749099
25.4492749099
25.4492749099
25.4492749099
25.4492749099
25.4492749099
25.4492749099
25.4492749099
25.4492749099
25.4492749099
25.4492749099
25.4492749099
25.4492749099
25.4492749099
25.4492749099
25.4492749099
25.4492749099
25.4492749099
25.4492749099
25.4492749099
25.4492749099
25.4492749099
25.4492749099
25.4492749099
25.4492749099
25.4492749099
25.4492749099
25.4492749099
25.4492749099
25.4492749099
25.4492749099
25.4492749099
25.4492749099
25.4492749099
25.4492749099
25.4492749099
25.4492749099
25.4492749099
25.4492749099
25.4492749099
25.4492749099
25.4492749099
25.4492749099
25.4492749099
25.4492749099
25.4492749099
25.4492749099
25.4492749099
25.4492749099
25.4492749099
25.4492749099
25.4492749099
25.4492749099
25.4492749099
25.4492749099
25.4492749099
25.4492749099
25.4492749099
25.4492749099
25.4492749099
25.4492749099
25.4492749099
25.4492749099
25.4492749099
25.4492749099
25.4492749099
25.4492749099
25.4492749099
25.4492749099
25.4492749099
25.4492749099
