2.91754561991
30.7498903156
32.3101446306
32.1523008836
32.1608974811
32.1618389435
32.1618636824
32.1618610816
32.1618609383
32.1618609454
32.1618609456
32.1618609456
32.1618609456
32.1618609456
32.1618609456
32.1618609456
32.1618609456
32.1618609456
32.1618609456
32.1618609456
32.1618609456
32.1618609456
32.1618609456
32.1618609456
32.1618609456
32.1618609456
32.1618609456
32.1618609456
32.1618609456
32.1618609456
32.1618609456
32.1618609456
32.1618609456
32.1618609456
32.1618609456
32.1618609456
32.1618609456
32.1618609456
32.1618609456
32.1618609456
32.1618609456
32.1618609456
32.1618609456
32.1618609456
32.1618609456
32.1618609456
32.1618609456
32.1618609456
32.1618609456
32.1618609456
32.1618609456
32.1618609456
32.1618609456
32.1618609456
32.1618609456
32.1618609456
32.1618609456
32.1618609456
32.1618609456
32.1618609456
32.1618609456
32.1618609456
32.1618609456
32.1618609456
32.1618609456
32.1618609456
32.1618609456
32.1618609456
32.1618609456
32.1618609456
32.1618609456
32.1618609456
32.1618609456
32.1618609456
32.1618609456
32.1618609456
32.1618609456
32.1618609456
32.1618609456
32.1618609456
32.1618609456
32.1618609456
32.1618609456
32.1618609456
32.1618609456
32.1618609456
32.1618609456
32.1618609456
32.1618609456
32.1618609456
32.1618609456
32.1618609456
32.1618609456
32.1618609456
32.1618609456
32.1618609456
32.1618609456
32.1618609456
32.1618609456
32.1618609456
