0.0131063910966
0.0156144400209
0.0267052731527
0.0266308900661
0.023858423615
0.00861239037028
0.0258704728461
0.026657848667
0.023901370215
0.023858423615
0.0262825606052
0.0238146102278
0.0156144400209
0.0267052731527
0.023858423615
0.0258793545264
0.026657848667
-0.0612885799044
0.0266308900661
0.0267052731527
0.0116342359161
0.0267052731527
0.0156144400209
0.0131063910966
0.0266308900661
0.0129245569066
0.0258704728461
0.0267052731527
0.0262825606052
0.0131063910966
0.0267052731527
0.023858423615
0.0267052731527
0.023858423615
0.0107478109066
0.026657848667
0.0270382356775
0.0267052731527
0.0266308900661
0.0116342359161
0.0270382356775
0.026657848667
0.0267052731527
0.0156144400209
0.0238146102278
0.0266308900661
0.023901370215
0.0266308900661
0.0267052731527
0.023901370215
0.0156144400209
0.023901370215
0.0270382356775
0.0266308900661
0.023858423615
0.0238146102278
0.0270382356775
0.0270382356775
0.0129245569066
0.0156144400209
0.023858423615
0.0262825606052
0.023901370215
0.0267052731527
0.0267052731527
0.0262825606052
0.0238146102278
0.0262825606052
0.0266308900661
-0.0612885799044
0.023858423615
0.026657848667
0.0266308900661
0.0266308900661
0.0278224800555
0.0266308900661
0.0266308900661
0.0262825606052
0.0129245569066
0.0131063910966
0.0262825606052
0.0238146102278
0.0266308900661
0.0238146102278
0.0266308900661
0.0238146102278
-0.075722741757
-0.0751759823219
0.026657848667
0.026657848667
0.0267052731527
0.023858423615
0.026657848667
0.023858423615
0.0262825606052
0.0238146102278
0.0262825606052
0.0266308900661
0.0266308900661
