97.0030818984
80.6906087554
84.2626057984
85.0494139092
85.0448753677
85.0451354312
85.0451223911
85.0451218155
85.0451218307
85.0451218305
85.0451218305
85.0451218305
85.0451218305
85.0451218305
85.0451218305
85.0451218305
85.0451218305
85.0451218305
85.0451218305
85.0451218305
85.0451218305
85.0451218305
85.0451218305
85.0451218305
85.0451218305
85.0451218305
85.0451218305
85.0451218305
85.0451218305
85.0451218305
85.0451218305
85.0451218305
85.0451218305
85.0451218305
85.0451218305
85.0451218305
85.0451218305
85.0451218305
85.0451218305
85.0451218305
85.0451218305
85.0451218305
85.0451218305
85.0451218305
85.0451218305
85.0451218305
85.0451218305
85.0451218305
85.0451218305
85.0451218305
85.0451218305
85.0451218305
85.0451218305
85.0451218305
85.0451218305
85.0451218305
85.0451218305
85.0451218305
85.0451218305
85.0451218305
85.0451218305
85.0451218305
85.0451218305
85.0451218305
85.0451218305
85.0451218305
85.0451218305
85.0451218305
85.0451218305
85.0451218305
85.0451218305
85.0451218305
85.0451218305
85.0451218305
85.0451218305
85.0451218305
85.0451218305
85.0451218305
85.0451218305
85.0451218305
85.0451218305
85.0451218305
85.0451218305
85.0451218305
85.0451218305
85.0451218305
85.0451218305
85.0451218305
85.0451218305
85.0451218305
85.0451218305
85.0451218305
85.0451218305
85.0451218305
85.0451218305
85.0451218305
85.0451218305
85.0451218305
85.0451218305
85.0451218305
