-0.288947604414
0.0802251540407
0.0802251540407
0.0802251540407
0.0802251540407
0.0605385028674
-0.43758405058
0.0620456283353
0.0605385028674
0.0620456283353
0.0605385028674
0.0605385028674
0.0802251540407
-0.052635337895
0.0796253171131
0.0826100704753
0.0798422501674
0.0802251540407
0.0802251540407
0.0798422501674
0.0620456283353
0.0796253171131
0.0796253171131
-0.291096798115
-0.052635337895
0.0796253171131
0.0605385028674
0.0802251540407
-0.288947604414
0.0796253171131
0.0796253171131
0.0620456283353
0.0796253171131
-0.0531691076967
-0.288947604414
0.0620456283353
0.0798422501674
0.0796253171131
0.0605385028674
-0.288947604414
0.0802251540407
0.0796253171131
0.0620456283353
0.0605385028674
-0.051595217198
0.0802251540407
-0.43758405058
0.0605385028674
0.0620456283353
0.0848842155192
0.0620456283353
0.0620456283353
0.0796253171131
-0.43758405058
0.0620456283353
-0.0531691076967
-0.052635337895
0.0796253171131
0.0605385028674
0.0802251540407
0.0826100704753
0.0605385028674
0.0620456283353
-0.052635337895
-0.051595217198
-0.0531691076967
0.0620456283353
0.0843242849865
0.0620456283353
-0.288947604414
0.0802251540407
0.0796253171131
0.0802251540407
-0.052635337895
0.0796253171131
0.0802251540407
-0.051595217198
-0.051595217198
0.0605385028674
-0.052635337895
0.0848842155192
0.0802251540407
0.0605385028674
0.0848842155192
0.0605385028674
0.0796253171131
-0.0531691076967
-0.052635337895
0.0620456283353
-0.0531691076967
0.0620456283353
-0.0531691076967
0.0802251540407
-0.052635337895
0.0796253171131
0.0796253171131
0.0798422501674
-0.0531691076967
0.0620456283353
