0.592547379986
0.592547379986
-0.0847000152164
0.106797379986
0.0832720893602
-0.064602449199
0.0966610673457
-0.0644562740944
0.0818410053859
-0.249633053244
0.0841064663812
-0.0846141603386
-0.248688252198
0.320374571854
0.0835921561054
-0.248230717997
-0.064602449199
0.0818357326085
0.0952864238107
0.0837537213285
-0.0841715584941
0.0811586951954
0.0836320753797
-0.0645398094929
0.0838495668647
0.0815786839051
0.0839844611475
-0.0649635582736
0.0965354158783
0.0768918026865
-0.249520271277
-0.0649635582736
0.0817046002915
0.106647704418
0.0837537213285
0.0816217723258
-0.0649635582736
0.0839802083942
0.0832858339252
0.0767579063018
-0.183252475679
-0.0843348593963
-0.249633053244
0.0815786839051
0.0815071444609
0.0839929540003
-0.0841715584941
0.0837537213285
-0.0643726979867
0.0834655188265
0.321165388514
0.0813981518556
0.081239612041
-0.183169314786
0.0835921561054
0.0838538876859
0.0817418790036
0.0817418790036
0.0815786839051
-0.183521817515
0.320327979275
0.0819614617191
0.0818410053859
0.0811586951954
-0.249015419631
0.0813926852078
-0.183198529542
0.0767579063018
0.0770330872911
0.0837493626378
0.076796464235
0.0815786839051
-0.248866520181
0.081239612041
-0.0645328052444
-0.064602449199
0.081239612041
-0.248230717997
0.0832858339252
-0.183414158476
0.0811138909277
0.0811138909277
0.0817046002915
0.0815071444609
0.0817046002915
0.0813266648195
0.0815786839051
0.0815786839051
0.0837537213285
0.081447231984
-0.0843348593963
0.0767579063018
0.0833889641444
0.0811138909277
0.081447231984
0.0832858339252
0.0841148403034
0.0767579063018
0.0770330872911
