3.80545065364
99.3985367302
99.4131439196
99.4131466813
99.4131466814
99.4131466814
99.4131466814
99.4131466814
99.4131466814
99.4131466814
99.4131466814
99.4131466814
99.4131466814
99.4131466814
99.4131466814
99.4131466814
99.4131466814
99.4131466814
99.4131466814
99.4131466814
99.4131466814
99.4131466814
99.4131466814
99.4131466814
99.4131466814
99.4131466814
99.4131466814
99.4131466814
99.4131466814
99.4131466814
99.4131466814
99.4131466814
99.4131466814
99.4131466814
99.4131466814
99.4131466814
99.4131466814
99.4131466814
99.4131466814
99.4131466814
99.4131466814
99.4131466814
99.4131466814
99.4131466814
99.4131466814
99.4131466814
99.4131466814
99.4131466814
99.4131466814
99.4131466814
99.4131466814
99.4131466814
99.4131466814
99.4131466814
99.4131466814
99.4131466814
99.4131466814
99.4131466814
99.4131466814
99.4131466814
99.4131466814
99.4131466814
99.4131466814
99.4131466814
99.4131466814
99.4131466814
99.4131466814
99.4131466814
99.4131466814
99.4131466814
99.4131466814
99.4131466814
99.4131466814
99.4131466814
99.4131466814
99.4131466814
99.4131466814
99.4131466814
99.4131466814
99.4131466814
99.4131466814
99.4131466814
99.4131466814
99.4131466814
99.4131466814
99.4131466814
99.4131466814
99.4131466814
99.4131466814
99.4131466814
99.4131466814
99.4131466814
99.4131466814
99.4131466814
99.4131466814
99.4131466814
99.4131466814
99.4131466814
99.4131466814
99.4131466814
