0.00272823639282
0.00226981863558
0.001513556656
0.00133631264753
0.00187885548971
-0.00218972653068
-0.0012294129589
0.00225975445386
0.00286209487134
0.00302909516535
0.00134230413962
0.0031656992935
0.00177297743202
0.00241937131835
0.00218897169417
0.00279622359226
0.00186832512231
0.00223959046501
0.00162257363859
0.00265424418975
0.00265424418975
0.00161173194968
0.00297380558937
0.00162257363859
-0.0025490752112
0.0017942555889
0.00268206834112
-0.00241292302331
0.00132511785427
0.00304744214662
0.00199385768881
0.0017942555889
0.00196264388068
0.00270979989963
0.00196264388068
0.00202334247936
0.0019103706061
0.00304744214662
0.00130268647013
0.00275834599176
0.00285615666804
0.00216864022105
0.00279622359226
0.00187885548971
0.00300149712729
-0.0016641960267
0.002729823833
0.00129144982721
0.00286209487134
0.00287146228051
0.00174096330165
0.00274884948975
0.00267248428898
0.00196264388068
0.0031656992935
0.00184722625703
0.00161173194968
0.00287427042788
0.00219911939572
0.00106003481183
0.00188937317756
0.00203530217196
0.00301070683877
0.00177297743202
0.00281980938795
0.0025566099354
0.0031656992935
0.00301070683877
0.00279622359226
0.00295529238483
0.00228991147837
0.00162257363859
0.00229994018121
0.00265424418975
-0.00267538664927
0.00199385768881
0.00203530217196
-0.00223021236064
0.00241937131835
-0.0015292093177
0.0031656992935
0.00200456156605
0.00174096330165
0.00212783239496
0.00280157560348
0.00310223640834
0.00281980938795
0.00236981229115
0.00203530217196
0.00265424418975
0.00216864022105
0.00280157560348
0.00234990734072
0.00263403760144
0.002729823833
0.00239958246541
0.00270979989963
0.00222949061581
0.00201395710962
