0.635273293252
0.364188955903
0.635273293252
0.635273293252
0.635273293252
0.477829801436
0.635273293252
0.635273293252
-0.245811546803
0.635273293252
0.363148835206
0.635273293252
0.635273293252
-0.0217998774793
0.635273293252
0.635273293252
0.635273293252
0.635273293252
0.635273293252
0.635273293252
0.496009327142
0.495409490214
0.635273293252
-0.301390399879
0.363148835206
0.495409490214
0.635273293252
0.635273293252
0.635273293252
0.635273293252
0.364188955903
0.498394243576
0.635273293252
-0.207306128274
0.496009327142
0.495409490214
0.635273293252
0.635273293252
-0.273879868126
0.635273293252
0.496009327142
0.477829801436
0.635273293252
-0.0413604178641
0.635273293252
0.635273293252
0.476322675968
0.477829801436
0.496009327142
0.496009327142
0.635273293252
0.635273293252
0.362615065404
0.635273293252
0.635273293252
0.635273293252
0.635273293252
-0.273879868126
-0.0413604178641
0.498394243576
0.635273293252
0.635273293252
0.635273293252
-0.245811546803
0.635273293252
-0.0217998774793
-0.0413604178641
0.635273293252
0.635273293252
0.364188955903
0.635273293252
0.635273293252
0.635273293252
0.495409490214
0.498394243576
0.635273293252
0.635273293252
-0.273879868126
0.635273293252
0.635273293252
0.635273293252
0.635273293252
0.495409490214
0.477829801436
-0.273879868126
0.635273293252
0.498394243576
0.362615065404
0.495626423268
0.635273293252
0.635273293252
0.363148835206
0.362615065404
0.477829801436
-0.206140606915
0.477829801436
-0.0217998774793
0.635273293252
-0.241682111838
