8.03452815966
95.4699370461
122.844455359
116.416588242
116.416588242
116.416588242
116.416588242
116.416588242
116.416588242
116.416588242
116.416588242
116.416588242
116.416588242
116.416588242
116.416588242
116.416588242
116.416588242
116.416588242
116.416588242
116.416588242
116.416588242
116.416588242
116.416588242
116.416588242
116.416588242
116.416588242
116.416588242
116.416588242
116.416588242
116.416588242
116.416588242
116.416588242
116.416588242
116.416588242
116.416588242
116.416588242
116.416588242
116.416588242
116.416588242
116.416588242
116.416588242
116.416588242
116.416588242
116.416588242
116.416588242
116.416588242
116.416588242
116.416588242
116.416588242
116.416588242
116.416588242
116.416588242
116.416588242
116.416588242
116.416588242
116.416588242
116.416588242
116.416588242
116.416588242
116.416588242
116.416588242
116.416588242
116.416588242
116.416588242
116.416588242
116.416588242
116.416588242
116.416588242
116.416588242
116.416588242
116.416588242
116.416588242
116.416588242
116.416588242
116.416588242
116.416588242
116.416588242
116.416588242
116.416588242
116.416588242
116.416588242
116.416588242
116.416588242
116.416588242
116.416588242
116.416588242
116.416588242
116.416588242
116.416588242
116.416588242
116.416588242
116.416588242
116.416588242
116.416588242
116.416588242
116.416588242
116.416588242
116.416588242
116.416588242
116.416588242
