75.8873190346
39.8318051078
40.5790331073
40.4152116991
40.3845161271
40.3845039132
40.384505552
40.384505552
40.384505552
40.384505552
40.384505552
40.384505552
40.384505552
40.384505552
40.384505552
40.384505552
40.384505552
40.384505552
40.384505552
40.384505552
40.384505552
40.384505552
40.384505552
40.384505552
40.384505552
40.384505552
40.384505552
40.384505552
40.384505552
40.384505552
40.384505552
40.384505552
40.384505552
40.384505552
40.384505552
40.384505552
40.384505552
40.384505552
40.384505552
40.384505552
40.384505552
40.384505552
40.384505552
40.384505552
40.384505552
40.384505552
40.384505552
40.384505552
40.384505552
40.384505552
40.384505552
40.384505552
40.384505552
40.384505552
40.384505552
40.384505552
40.384505552
40.384505552
40.384505552
40.384505552
40.384505552
40.384505552
40.384505552
40.384505552
40.384505552
40.384505552
40.384505552
40.384505552
40.384505552
40.384505552
40.384505552
40.384505552
40.384505552
40.384505552
40.384505552
40.384505552
40.384505552
40.384505552
40.384505552
40.384505552
40.384505552
40.384505552
40.384505552
40.384505552
40.384505552
40.384505552
40.384505552
40.384505552
40.384505552
40.384505552
40.384505552
40.384505552
40.384505552
40.384505552
40.384505552
40.384505552
40.384505552
40.384505552
40.384505552
40.384505552
