-0.00932110255897
0.0528520231153
0.929807428205
-0.00705339882903
-0.00944082354305
0.929807428205
0.929807428205
0.0206542668265
0.929807428205
0.00854045987941
0.929807428205
0.929807428205
0.0206542668265
0.929807428205
0.00274279624829
0.929807428205
0.929807428205
0.929807428205
0.929807428205
0.929807428205
-0.00912051555578
0.00854045987941
0.929807428205
-0.00944082354305
0.929807428205
0.929807428205
0.929807428205
0.929807428205
-0.0322288099311
0.929807428205
0.929807428205
0.00274279624829
0.0206542668265
0.929807428205
0.929807428205
0.0445200718834
-0.009520376247
0.0206542668265
0.0528520231153
0.929807428205
0.929807428205
-0.00938767240722
0.929807428205
0.929807428205
0.929807428205
0.929807428205
-0.00944082354305
0.929807428205
-0.00925438678822
0.929807428205
-0.00685626492593
0.929807428205
0.0445200718834
0.929807428205
0.0206542668265
0.0775640643339
0.929807428205
0.929807428205
-0.00882391837316
0.00854045987941
0.0206542668265
0.0445200718834
-0.00784511228736
0.929807428205
0.929807428205
0.929807428205
0.929807428205
0.0487225881496
-0.00863367011189
0.0487225881496
0.929807428205
0.929807428205
-0.00908023941405
0.929807428205
0.0528520231153
-0.00924102608113
-0.00685626492593
0.929807428205
-0.00897710218153
0.929807428205
-0.00897710218153
0.929807428205
0.929807428205
0.929807428205
0.929807428205
0.0872280066784
0.929807428205
-0.0069268110463
0.929807428205
0.929807428205
0.929807428205
0.929807428205
0.929807428205
0.0528520231153
0.0775640643339
0.929807428205
0.929807428205
0.929807428205
0.929807428205
