22.5042052784
18.007800881
16.745277709
16.7343102876
16.7342135315
16.7342148183
16.7342148308
16.7342148308
16.7342148308
16.7342148308
16.7342148308
16.7342148308
16.7342148308
16.7342148308
16.7342148308
16.7342148308
16.7342148308
16.7342148308
16.7342148308
16.7342148308
16.7342148308
16.7342148308
16.7342148308
16.7342148308
16.7342148308
16.7342148308
16.7342148308
16.7342148308
16.7342148308
16.7342148308
16.7342148308
16.7342148308
16.7342148308
16.7342148308
16.7342148308
16.7342148308
16.7342148308
16.7342148308
16.7342148308
16.7342148308
16.7342148308
16.7342148308
16.7342148308
16.7342148308
16.7342148308
16.7342148308
16.7342148308
16.7342148308
16.7342148308
16.7342148308
16.7342148308
16.7342148308
16.7342148308
16.7342148308
16.7342148308
16.7342148308
16.7342148308
16.7342148308
16.7342148308
16.7342148308
16.7342148308
16.7342148308
16.7342148308
16.7342148308
16.7342148308
16.7342148308
16.7342148308
16.7342148308
16.7342148308
16.7342148308
16.7342148308
16.7342148308
16.7342148308
16.7342148308
16.7342148308
16.7342148308
16.7342148308
16.7342148308
16.7342148308
16.7342148308
16.7342148308
16.7342148308
16.7342148308
16.7342148308
16.7342148308
16.7342148308
16.7342148308
16.7342148308
16.7342148308
16.7342148308
16.7342148308
16.7342148308
16.7342148308
16.7342148308
16.7342148308
16.7342148308
16.7342148308
16.7342148308
16.7342148308
16.7342148308
