-0.0172633234087
0.944517349773
0.944517349773
0.944517349773
0.944517349773
0.944517349773
0.944517349773
0.944517349773
0.944517349773
0.0174527178157
0.944517349773
0.035364188394
0.035364188394
-0.0222137083944
0.944517349773
0.00526909802439
0.063432509717
0.00607625145554
0.944517349773
0.00607625145554
0.944517349773
0.0675619446827
0.944517349773
0.0232503814468
-0.0174532638834
0.944517349773
0.00564311934168
0.0592299934508
0.00607625145554
0.944517349773
0.0592299934508
-0.0320550436423
0.035364188394
0.063432509717
0.944517349773
0.944517349773
0.944517349773
0.0078536566415
0.0078536566415
0.944517349773
0.035364188394
0.944517349773
0.944517349773
0.944517349773
0.0592299934508
0.944517349773
0.944517349773
0.00564311934168
-0.0265587880411
0.944517349773
0.0078536566415
0.00607625145554
0.944517349773
0.944517349773
0.944517349773
-0.0174532638834
-0.0172384085933
0.944517349773
0.0174527178157
0.0232503814468
0.944517349773
0.0078536566415
0.944517349773
0.0078536566415
0.0592299934508
0.944517349773
0.944517349773
0.944517349773
-0.0320550436423
0.00564311934168
0.944517349773
0.035364188394
-0.0172384085933
0.944517349773
0.944517349773
0.944517349773
0.0078536566415
-0.0222137083944
0.944517349773
0.0078536566415
0.063432509717
-0.0222137083944
0.035364188394
0.944517349773
0.035364188394
0.944517349773
0.0078536566415
0.0232503814468
0.944517349773
0.944517349773
0.944517349773
0.944517349773
0.944517349773
0.944517349773
0.944517349773
-0.0222137083944
0.0174527178157
0.0078536566415
0.0592299934508
