66.6810186028
52.8538413312
57.286745286
57.286745286
57.286745286
57.286745286
57.286745286
57.286745286
57.286745286
57.286745286
57.286745286
57.286745286
57.286745286
57.286745286
57.286745286
57.286745286
57.286745286
57.286745286
57.286745286
57.286745286
57.286745286
57.286745286
57.286745286
57.286745286
57.286745286
57.286745286
57.286745286
57.286745286
57.286745286
57.286745286
57.286745286
57.286745286
57.286745286
57.286745286
57.286745286
57.286745286
57.286745286
57.286745286
57.286745286
57.286745286
57.286745286
57.286745286
57.286745286
57.286745286
57.286745286
57.286745286
57.286745286
57.286745286
57.286745286
57.286745286
57.286745286
57.286745286
57.286745286
57.286745286
57.286745286
57.286745286
57.286745286
57.286745286
57.286745286
57.286745286
57.286745286
57.286745286
57.286745286
57.286745286
57.286745286
57.286745286
57.286745286
57.286745286
57.286745286
57.286745286
57.286745286
57.286745286
57.286745286
57.286745286
57.286745286
57.286745286
57.286745286
57.286745286
57.286745286
57.286745286
57.286745286
57.286745286
57.286745286
57.286745286
57.286745286
57.286745286
57.286745286
57.286745286
57.286745286
57.286745286
57.286745286
57.286745286
57.286745286
57.286745286
57.286745286
57.286745286
57.286745286
57.286745286
57.286745286
57.286745286
