-0.210728664627
0.026623722589
0.138757442654
-0.359365110793
0.1578442569
0.0250498320903
0.138757442654
0.026623722589
0.0250498320903
0.0255836018919
0.0250498320903
0.138757442654
0.0250498320903
-0.210728664627
0.026623722589
0.026623722589
0.0250498320903
-0.210728664627
0.0255836018919
0.1578442569
0.0255836018919
0.026623722589
0.138757442654
0.138757442654
0.0250498320903
-0.210728664627
0.026623722589
-0.210728664627
-0.210728664627
0.0255836018919
-0.210728664627
-0.213134719756
-0.359365110793
0.0250498320903
0.0250498320903
-0.212877858329
0.0255836018919
0.140264568122
0.0250498320903
0.0255836018919
0.0255836018919
0.140264568122
0.0255836018919
0.0250498320903
0.0250498320903
0.1578442569
0.138757442654
0.026623722589
0.0250498320903
0.0255836018919
0.0250498320903
0.0250498320903
0.0255836018919
0.026623722589
0.138757442654
0.140264568122
0.138757442654
0.026623722589
0.0250498320903
0.138757442654
-0.210728664627
0.140264568122
0.026623722589
0.160829010262
0.0250498320903
0.026623722589
-0.359365110793
0.0250498320903
0.0250498320903
0.138757442654
0.026623722589
0.026623722589
0.138757442654
0.140264568122
-0.210728664627
0.0255836018919
0.026623722589
0.140264568122
0.158444093828
0.1578442569
0.138757442654
0.026623722589
0.0255836018919
0.0255836018919
0.0250498320903
0.0255836018919
0.026623722589
-0.210728664627
0.0255836018919
0.0255836018919
0.0250498320903
0.026623722589
0.0250498320903
0.0255836018919
0.138757442654
0.026623722589
0.0250498320903
0.140264568122
0.026623722589
