0.594836268197
-0.0621673858837
0.543998602108
0.455572302086
0.594836268197
0.594836268197
0.594836268197
0.460210229415
0.594836268197
-0.290451088125
0.460231363565
-0.0817974429198
0.455572302086
0.594836268197
0.594836268197
0.455189398213
0.594836268197
0.594836268197
-0.326430700129
0.594836268197
0.594836268197
0.454972465158
-0.0817974429198
0.594836268197
0.435885650913
0.594836268197
0.459671433032
0.594836268197
0.455189398213
-0.290451088125
0.594836268197
0.455189398213
0.594836268197
0.594836268197
0.594836268197
0.594836268197
0.594836268197
0.455572302086
-0.34360483012
0.454972465158
0.594836268197
0.594836268197
0.594836268197
-0.24774315333
0.594836268197
0.594836268197
0.457957218521
-0.062236902535
0.594836268197
0.454972465158
-0.282119136893
0.323751930847
0.594836268197
0.459671433032
0.594836268197
0.455572302086
0.594836268197
0.594836268197
0.594836268197
-0.24774315333
0.459671433032
0.594836268197
0.594836268197
0.455189398213
0.454972465158
0.594836268197
0.457957218521
0.594836268197
0.594836268197
0.460231363565
0.594836268197
0.460231363565
0.594836268197
0.594836268197
0.455572302086
0.459671433032
0.594836268197
0.455572302086
0.594836268197
0.437392776381
0.455189398213
0.45966346998
0.455572302086
0.543998602108
0.0863995436309
0.594836268197
0.594836268197
0.594836268197
0.594836268197
0.594836268197
0.594836268197
-0.246577631971
0.594836268197
0.594836268197
-0.0817974429198
0.594836268197
0.594836268197
0.459671433032
0.594836268197
