25.8345569429
94.5481227825
109.596477396
107.316027211
107.275696857
107.276632951
107.276632951
107.276632951
107.276632951
107.276632951
107.276632951
107.276632951
107.276632951
107.276632951
107.276632951
107.276632951
107.276632951
107.276632951
107.276632951
107.276632951
107.276632951
107.276632951
107.276632951
107.276632951
107.276632951
107.276632951
107.276632951
107.276632951
107.276632951
107.276632951
107.276632951
107.276632951
107.276632951
107.276632951
107.276632951
107.276632951
107.276632951
107.276632951
107.276632951
107.276632951
107.276632951
107.276632951
107.276632951
107.276632951
107.276632951
107.276632951
107.276632951
107.276632951
107.276632951
107.276632951
107.276632951
107.276632951
107.276632951
107.276632951
107.276632951
107.276632951
107.276632951
107.276632951
107.276632951
107.276632951
107.276632951
107.276632951
107.276632951
107.276632951
107.276632951
107.276632951
107.276632951
107.276632951
107.276632951
107.276632951
107.276632951
107.276632951
107.276632951
107.276632951
107.276632951
107.276632951
107.276632951
107.276632951
107.276632951
107.276632951
107.276632951
107.276632951
107.276632951
107.276632951
107.276632951
107.276632951
107.276632951
107.276632951
107.276632951
107.276632951
107.276632951
107.276632951
107.276632951
107.276632951
107.276632951
107.276632951
107.276632951
107.276632951
107.276632951
107.276632951
