33.7563649172
12.6242994033
12.6242994033
12.6242994033
12.6242994033
12.6242994033
12.6242994033
12.6242994033
12.6242994033
12.6242994033
12.6242994033
12.6242994033
12.6242994033
12.6242994033
12.6242994033
12.6242994033
12.6242994033
12.6242994033
12.6242994033
12.6242994033
12.6242994033
12.6242994033
12.6242994033
12.6242994033
12.6242994033
12.6242994033
12.6242994033
12.6242994033
12.6242994033
12.6242994033
12.6242994033
12.6242994033
12.6242994033
12.6242994033
12.6242994033
12.6242994033
12.6242994033
12.6242994033
12.6242994033
12.6242994033
12.6242994033
12.6242994033
12.6242994033
12.6242994033
12.6242994033
12.6242994033
12.6242994033
12.6242994033
12.6242994033
12.6242994033
12.6242994033
12.6242994033
12.6242994033
12.6242994033
12.6242994033
12.6242994033
12.6242994033
12.6242994033
12.6242994033
12.6242994033
12.6242994033
12.6242994033
12.6242994033
12.6242994033
12.6242994033
12.6242994033
12.6242994033
12.6242994033
12.6242994033
12.6242994033
12.6242994033
12.6242994033
12.6242994033
12.6242994033
12.6242994033
12.6242994033
12.6242994033
12.6242994033
12.6242994033
12.6242994033
12.6242994033
12.6242994033
12.6242994033
12.6242994033
12.6242994033
12.6242994033
12.6242994033
12.6242994033
12.6242994033
12.6242994033
12.6242994033
12.6242994033
12.6242994033
12.6242994033
12.6242994033
12.6242994033
12.6242994033
12.6242994033
12.6242994033
12.6242994033
