0.750907925657
0.750907925657
-0.0248379838715
0.239474436599
0.0741889871768
0.750907925657
-0.090327706527
-0.0912349314859
0.0938347549252
0.0740256862747
0.240196278279
-0.126198815916
-0.0974411309469
0.235157009906
0.0740256862747
0.241637221083
-0.0905059745103
-0.101466310356
-0.0974411309469
0.750907925657
-0.0976844566473
-0.0917088081663
0.0735119914846
0.0740256862747
-0.0247840117679
-0.0911597256056
0.241646379596
0.239474436599
0.479823588308
0.750907925657
-0.0912725075733
-0.0914601199922
-0.0974411309469
0.750907925657
-0.0913100657757
-0.0977560611012
-0.0913100657757
-0.09087027702
0.0938347549252
0.239867690132
-0.0976486290047
0.0900679159458
-0.0250536128046
-0.09087027702
-0.0898212659958
0.235164698906
0.0896567132418
0.235157009906
0.235157009906
0.0740256862747
0.478249697809
0.0742742145404
0.240201551057
0.2398514146
0.0736605304546
-0.0917088081663
-0.0905059745103
0.235275292535
-0.0251612718443
-0.0912349314859
-0.126523525011
0.235512031229
-0.0898000389449
-0.090895939769
0.750907925657
0.0934802572883
-0.0913100657757
0.0937580964719
-0.09087027702
-0.0904912118611
-0.0248087691154
-0.00668243578887
-0.0916714958699
-0.0976055240835
0.750907925657
0.242353499671
-0.0905059745103
-0.0905059745103
0.0938347549252
-0.0916714958699
-0.0897065726628
-0.0905059745103
0.0733559179162
-0.0912725075733
-0.0912851613514
-0.0897830532298
-0.0977202673421
0.0737463853324
0.0741036775275
-0.0916714958699
0.239096902035
0.235393632962
-0.0251074552611
-0.126227576332
0.750907925657
-0.09087027702
-0.0911597256056
0.239867690132
-0.0914226332016
