15.1849323991
66.139300163
74.8203215219
73.7110918061
73.7110918061
73.7110918061
73.7110918061
73.7110918061
73.7110918061
73.7110918061
73.7110918061
73.7110918061
73.7110918061
73.7110918061
73.7110918061
73.7110918061
73.7110918061
73.7110918061
73.7110918061
73.7110918061
73.7110918061
73.7110918061
73.7110918061
73.7110918061
73.7110918061
73.7110918061
73.7110918061
73.7110918061
73.7110918061
73.7110918061
73.7110918061
73.7110918061
73.7110918061
73.7110918061
73.7110918061
73.7110918061
73.7110918061
73.7110918061
73.7110918061
73.7110918061
73.7110918061
73.7110918061
73.7110918061
73.7110918061
73.7110918061
73.7110918061
73.7110918061
73.7110918061
73.7110918061
73.7110918061
73.7110918061
73.7110918061
73.7110918061
73.7110918061
73.7110918061
73.7110918061
73.7110918061
73.7110918061
73.7110918061
73.7110918061
73.7110918061
73.7110918061
73.7110918061
73.7110918061
73.7110918061
73.7110918061
73.7110918061
73.7110918061
73.7110918061
73.7110918061
73.7110918061
73.7110918061
73.7110918061
73.7110918061
73.7110918061
73.7110918061
73.7110918061
73.7110918061
73.7110918061
73.7110918061
73.7110918061
73.7110918061
73.7110918061
73.7110918061
73.7110918061
73.7110918061
73.7110918061
73.7110918061
73.7110918061
73.7110918061
73.7110918061
73.7110918061
73.7110918061
73.7110918061
73.7110918061
73.7110918061
73.7110918061
73.7110918061
73.7110918061
73.7110918061
