0.644093142491
0.13298751564
0.644093142491
0.644093142491
0.50482917638
-0.0129800282408
0.644093142491
0.644093142491
0.373008805142
0.644093142491
0.50482917638
0.644093142491
0.644093142491
0.644093142491
0.644093142491
0.135656417925
0.644093142491
0.644093142491
0.644093142491
0.644093142491
-0.0129800282408
0.504229339453
0.644093142491
-0.197320757676
0.373008805142
0.644093142491
0.644093142491
0.644093142491
0.644093142491
0.509488237859
0.644093142491
-0.20815022138
0.504229339453
0.371434914643
0.644093142491
0.644093142491
0.371434914643
0.644093142491
0.644093142491
0.50482917638
0.485142525207
-0.0129800282408
0.133507224224
0.135656417925
0.644093142491
0.644093142491
0.644093142491
0.507214092815
0.371968684445
-0.0129800282408
0.504446272507
0.644093142491
0.373008805142
0.486649650675
0.371968684445
0.485142525207
0.50482917638
0.133507224224
0.644093142491
0.504446272507
0.644093142491
0.133507224224
-0.236991697565
0.504229339453
0.371434914643
0.644093142491
0.644093142491
0.644093142491
-0.198486279036
-0.20815022138
0.644093142491
0.644093142491
0.644093142491
0.644093142491
0.644093142491
0.644093142491
0.644093142491
0.644093142491
0.644093142491
0.485142525207
0.644093142491
0.644093142491
0.373008805142
0.644093142491
0.644093142491
0.644093142491
-0.282971489466
0.644093142491
0.644093142491
0.504229339453
0.485142525207
0.504229339453
0.644093142491
0.644093142491
0.644093142491
0.644093142491
0.644093142491
0.644093142491
0.644093142491
