-0.0131257200384
0.870326853236
-0.0509401150893
0.213253682505
0.870326853236
-0.0388263081422
-0.0149605030854
0.870326853236
0.870326853236
0.870326853236
0.870326853236
0.0289129530693
0.599242515887
-0.0567377787204
0.35974093497
0.870326853236
0.0277474317097
0.870326853236
0.0277474317097
0.870326853236
0.19369314212
0.870326853236
0.870326853236
0.870326853236
0.19369314212
0.870326853236
0.870326853236
0.361890128671
0.870326853236
0.870326853236
-0.0663368398946
0.870326853236
0.870326853236
-0.0916437604195
0.870326853236
-0.0107579868191
0.0180834893652
0.35974093497
0.870326853236
0.870326853236
0.0289129530693
0.870326853236
-0.0509401150893
-0.0914289051294
0.870326853236
0.0277474317097
0.870326853236
0.870326853236
0.870326853236
-0.0509401150893
0.870326853236
0.870326853236
-0.0689213985118
-0.0685473771945
-0.0066285518534
0.870326853236
-0.0964042049305
0.870326853236
0.870326853236
0.870326853236
0.870326853236
0.870326853236
0.213253682505
0.870326853236
0.870326853236
0.870326853236
0.213253682505
0.870326853236
-0.0681142450806
0.870326853236
0.870326853236
0.870326853236
0.870326853236
0.0180834893652
0.0277474317097
0.870326853236
0.213253682505
0.870326853236
0.870326853236
-0.0916437604195
0.19369314212
0.870326853236
0.870326853236
-0.0107579868191
-0.0685473771945
0.870326853236
0.870326853236
0.870326853236
0.870326853236
0.870326853236
-0.0685473771945
0.0277474317097
-0.0107579868191
0.870326853236
0.870326853236
0.870326853236
0.870326853236
0.19369314212
0.0180834893652
