0.1941909191
0.543677026382
0.702627643666
0.562763840628
0.702627643666
0.429969415818
-0.206525517713
0.430503185619
0.563363677555
0.702627643666
0.54518415185
0.543677026382
-0.17845719639
0.431543306316
0.702627643666
0.192041725399
0.702627643666
0.1941909191
0.702627643666
0.702627643666
0.431543306316
0.54518415185
0.702627643666
-0.182659712656
-0.182659712656
0.702627643666
0.702627643666
0.431543306316
0.702627643666
0.702627643666
0.702627643666
-0.17845719639
0.702627643666
0.54518415185
0.562763840628
0.702627643666
0.0259939325494
0.192041725399
0.702627643666
0.702627643666
0.431543306316
0.54518415185
0.702627643666
0.543677026382
-0.149615720205
0.702627643666
0.702627643666
0.192041725399
0.702627643666
0.702627643666
0.702627643666
0.429969415818
0.702627643666
-0.224436988291
0.562980773682
-0.149615720205
-0.149615720205
0.702627643666
0.702627643666
0.702627643666
0.192041725399
0.192041725399
0.702627643666
0.702627643666
0.702627643666
0.702627643666
0.702627643666
0.702627643666
0.702627643666
0.562763840628
0.702627643666
0.702627643666
0.702627643666
0.702627643666
0.543677026382
-0.17845719639
0.702627643666
0.702627643666
0.430503185619
0.1941909191
-0.139951777861
-0.17845719639
0.702627643666
-0.174327761424
0.702627643666
0.543677026382
0.192041725399
-0.224436988291
0.702627643666
-0.138786256501
0.54518415185
0.702627643666
0.702627643666
0.702627643666
0.543677026382
0.431543306316
0.702627643666
-0.182659712656
0.702627643666
