40.9028113439
76.1637544889
72.0560179026
72.2192497191
72.2238157636
72.2237093262
72.2237051803
72.2237048504
72.2237048738
72.2237048735
72.2237048735
72.2237048735
72.2237048735
72.2237048735
72.2237048735
72.2237048735
72.2237048735
72.2237048735
72.2237048735
72.2237048735
72.2237048735
72.2237048735
72.2237048735
72.2237048735
72.2237048735
72.2237048735
72.2237048735
72.2237048735
72.2237048735
72.2237048735
72.2237048735
72.2237048735
72.2237048735
72.2237048735
72.2237048735
72.2237048735
72.2237048735
72.2237048735
72.2237048735
72.2237048735
72.2237048735
72.2237048735
72.2237048735
72.2237048735
72.2237048735
72.2237048735
72.2237048735
72.2237048735
72.2237048735
72.2237048735
72.2237048735
72.2237048735
72.2237048735
72.2237048735
72.2237048735
72.2237048735
72.2237048735
72.2237048735
72.2237048735
72.2237048735
72.2237048735
72.2237048735
72.2237048735
72.2237048735
72.2237048735
72.2237048735
72.2237048735
72.2237048735
72.2237048735
72.2237048735
72.2237048735
72.2237048735
72.2237048735
72.2237048735
72.2237048735
72.2237048735
72.2237048735
72.2237048735
72.2237048735
72.2237048735
72.2237048735
72.2237048735
72.2237048735
72.2237048735
72.2237048735
72.2237048735
72.2237048735
72.2237048735
72.2237048735
72.2237048735
72.2237048735
72.2237048735
72.2237048735
72.2237048735
72.2237048735
72.2237048735
72.2237048735
72.2237048735
72.2237048735
72.2237048735
