0.248827580594
0.125512409542
0.149858122194
0.238119361463
0.240627410387
0.248914340582
-0.22397369774
0.251670819034
-0.226122891441
0.236647206283
0.240627410387
0.238119361463
0.248827580594
0.252051206044
0.238119361463
0.251718243519
-0.372610143906
0.251718243519
0.248914340582
0.251718243519
0.16139474922
0.251718243519
0.248827580594
0.252051206044
0.240627410387
0.248914340582
0.240627410387
0.248827580594
0.248827580594
0.248871393982
0.248914340582
0.252051206044
0.250883443213
-0.392170684291
0.250892324893
0.251718243519
0.252051206044
0.248827580594
0.238119361463
0.252051206044
0.251670819034
0.233625360737
0.251718243519
0.252051206044
0.235760781273
0.252051206044
0.240627410387
0.251670819034
0.16139474922
0.252051206044
0.248827580594
0.248871393982
0.248827580594
0.248871393982
0.238119361463
0.248827580594
0.248914340582
0.240627410387
0.149836988045
0.252051206044
0.237937527273
0.235760781273
0.248827580594
0.248871393982
0.144599223788
0.237937527273
0.235760781273
0.252051206044
0.248914340582
0.248914340582
-0.372610143906
0.251718243519
0.251643860433
0.252051206044
0.252051206044
0.248914340582
0.248914340582
0.248914340582
0.252051206044
0.251718243519
0.248827580594
0.248914340582
0.252051206044
0.252051206044
0.252051206044
0.251718243519
0.251643860433
0.240627410387
0.251670819034
0.240627410387
0.250883443213
0.252051206044
0.248914340582
0.252051206044
0.248827580594
0.251718243519
0.252051206044
0.248827580594
0.240627410387
