0.286270302691
0.301674302452
0.197207073558
-0.342547587883
0.17513550595
0.17513550595
0.176642631418
0.194222320196
0.0614278953856
0.17513550595
0.194222320196
0.19443925325
-0.174350601332
-0.176499795033
0.194822157123
-0.342547587883
0.287560623681
0.0619616651873
0.197207073558
0.0614278953856
0.0619616651873
0.17513550595
0.0614278953856
0.17513550595
0.199481218602
0.17513550595
0.194822157123
0.194822157123
0.194822157123
0.199460084453
0.197207073558
0.194222320196
0.17513550595
0.176642631418
0.211017845628
0.176642631418
0.194222320196
0.19443925325
0.194222320196
0.0619616651873
0.0619616651873
0.0619616651873
0.197207073558
0.0630017858843
0.17513550595
0.198921288069
0.194822157123
-0.542869281856
0.194822157123
0.194822157123
0.194822157123
0.194222320196
0.194222320196
0.19443925325
0.0619616651873
-0.174350601332
0.194222320196
0.0619616651873
0.287560623681
0.19443925325
0.0619616651873
0.176642631418
-0.342547587883
-0.174350601332
0.194822157123
0.0630017858843
0.176642631418
0.194222320196
0.194822157123
0.194222320196
0.17513550595
0.194222320196
-0.507327776933
0.198921288069
0.19443925325
0.194822157123
0.194822157123
0.17513550595
-0.174350601332
0.17513550595
0.194222320196
0.17513550595
0.19443925325
0.17513550595
0.17513550595
0.0614278953856
0.194222320196
0.19443925325
0.194222320196
0.194822157123
0.17513550595
0.194222320196
0.0619616651873
0.19443925325
0.287560623681
-0.507327776933
0.194822157123
0.17513550595
0.176642631418
