44.9660297824
3.55784393943
2.26952066709
2.23162671717
2.22856631004
2.22847386026
2.22848140716
2.22848140808
2.22848140808
2.22848140808
2.22848140808
2.22848140808
2.22848140808
2.22848140808
2.22848140808
2.22848140808
2.22848140808
2.22848140808
2.22848140808
2.22848140808
2.22848140808
2.22848140808
2.22848140808
2.22848140808
2.22848140808
2.22848140808
2.22848140808
2.22848140808
2.22848140808
2.22848140808
2.22848140808
2.22848140808
2.22848140808
2.22848140808
2.22848140808
2.22848140808
2.22848140808
2.22848140808
2.22848140808
2.22848140808
2.22848140808
2.22848140808
2.22848140808
2.22848140808
2.22848140808
2.22848140808
2.22848140808
2.22848140808
2.22848140808
2.22848140808
2.22848140808
2.22848140808
2.22848140808
2.22848140808
2.22848140808
2.22848140808
2.22848140808
2.22848140808
2.22848140808
2.22848140808
2.22848140808
2.22848140808
2.22848140808
2.22848140808
2.22848140808
2.22848140808
2.22848140808
2.22848140808
2.22848140808
2.22848140808
2.22848140808
2.22848140808
2.22848140808
2.22848140808
2.22848140808
2.22848140808
2.22848140808
2.22848140808
2.22848140808
2.22848140808
2.22848140808
2.22848140808
2.22848140808
2.22848140808
2.22848140808
2.22848140808
2.22848140808
2.22848140808
2.22848140808
2.22848140808
2.22848140808
2.22848140808
2.22848140808
2.22848140808
2.22848140808
2.22848140808
2.22848140808
2.22848140808
2.22848140808
2.22848140808
