0.24040036943
0.232388229727
-0.117097877555
-0.117931857563
-0.117097877555
0.119999673043
-0.119247071256
-0.119247071256
-0.117097877555
-0.285294864106
-0.117097877555
-0.119247071256
0.118680619163
-0.285294864106
-0.117097877555
-0.285294864106
-0.265734323721
-0.265734323721
-0.119372800367
0.119281893032
-0.265734323721
0.120254509661
-0.124316730289
0.119166038879
0.120254509661
-0.117097877555
0.119214388964
-0.117097877555
-0.460904516861
-0.10454746563
-0.117097877555
0.232388229727
0.118818604096
-0.119247071256
0.119960577393
0.120254509661
-0.119247071256
0.233895355195
-0.117097877555
-0.265922160044
-0.117097877555
-0.119701388514
-0.11976677984
-0.12441206874
0.118680619163
-0.105798320029
-0.117097877555
-0.117097877555
0.120254509661
-0.117097877555
-0.265734323721
-0.119247071256
-0.117097877555
-0.285294864106
0.119169156236
-0.460904516861
-0.117097877555
-0.119247071256
-0.119247071256
-0.119247071256
-0.119247071256
-0.117358966111
0.11902531983
-0.265734323721
0.118611574283
0.118680619163
-0.117097877555
0.118680619163
-0.119247071256
-0.119247071256
0.120254509661
-0.119247071256
-0.11792269905
-0.120094642048
-0.10454746563
-0.285294864106
-0.117097877555
0.118680619163
-0.451240574516
-0.265734323721
-0.117097877555
-0.119247071256
0.119026473786
-0.451240574516
-0.265734323721
0.119344896922
-0.119247071256
-0.119247071256
-0.117097877555
-0.117097877555
0.12383435868
0.118680619163
-0.124324393322
0.11991386586
-0.119247071256
0.120254509661
-0.119247071256
-0.117097877555
-0.119247071256
