0.738975188452
0.738975188452
0.467890851102
0.466316960604
-0.103604233075
0.467890851102
0.738975188452
0.466316960604
0.738975188452
0.738975188452
0.738975188452
0.738975188452
0.738975188452
0.738975188452
0.599111385414
0.738975188452
0.738975188452
0.738975188452
0.738975188452
0.738975188452
0.738975188452
0.466316960604
0.228389270185
0.738975188452
0.738975188452
0.738975188452
0.228389270185
0.738975188452
0.228389270185
0.0819020177201
0.738975188452
0.230538463886
0.738975188452
0.738975188452
0.738975188452
0.466850730405
0.466316960604
-0.170177972927
0.466850730405
0.738975188452
0.738975188452
0.738975188452
0.738975188452
0.738975188452
0.0819020177201
0.580024571168
0.738975188452
0.738975188452
0.738975188452
-0.102438711715
0.467890851102
0.738975188452
0.738975188452
0.466850730405
0.466850730405
0.466316960604
0.738975188452
0.738975188452
0.738975188452
0.738975188452
0.466316960604
0.228389270185
0.738975188452
0.738975188452
0.738975188452
0.0623414773353
0.466316960604
0.466316960604
0.738975188452
0.467890851102
0.738975188452
0.738975188452
0.738975188452
0.580024571168
0.228389270185
0.738975188452
0.738975188452
-0.137980216638
0.738975188452
0.738975188452
0.738975188452
0.738975188452
0.738975188452
0.230538463886
0.738975188452
0.230538463886
0.738975188452
0.230538463886
0.738975188452
0.738975188452
0.738975188452
0.467890851102
0.738975188452
0.738975188452
-0.102438711715
0.738975188452
0.228389270185
0.738975188452
0.738975188452
