46.316000691
46.4994149249
46.4995834507
46.4995834507
46.4995834507
46.4995834507
46.4995834507
46.4995834507
46.4995834507
46.4995834507
46.4995834507
46.4995834507
46.4995834507
46.4995834507
46.4995834507
46.4995834507
46.4995834507
46.4995834507
46.4995834507
46.4995834507
46.4995834507
46.4995834507
46.4995834507
46.4995834507
46.4995834507
46.4995834507
46.4995834507
46.4995834507
46.4995834507
46.4995834507
46.4995834507
46.4995834507
46.4995834507
46.4995834507
46.4995834507
46.4995834507
46.4995834507
46.4995834507
46.4995834507
46.4995834507
46.4995834507
46.4995834507
46.4995834507
46.4995834507
46.4995834507
46.4995834507
46.4995834507
46.4995834507
46.4995834507
46.4995834507
46.4995834507
46.4995834507
46.4995834507
46.4995834507
46.4995834507
46.4995834507
46.4995834507
46.4995834507
46.4995834507
46.4995834507
46.4995834507
46.4995834507
46.4995834507
46.4995834507
46.4995834507
46.4995834507
46.4995834507
46.4995834507
46.4995834507
46.4995834507
46.4995834507
46.4995834507
46.4995834507
46.4995834507
46.4995834507
46.4995834507
46.4995834507
46.4995834507
46.4995834507
46.4995834507
46.4995834507
46.4995834507
46.4995834507
46.4995834507
46.4995834507
46.4995834507
46.4995834507
46.4995834507
46.4995834507
46.4995834507
46.4995834507
46.4995834507
46.4995834507
46.4995834507
46.4995834507
46.4995834507
46.4995834507
46.4995834507
46.4995834507
46.4995834507
