33.8974128041
54.3817019655
48.0912023075
46.7661409168
46.7664497943
46.7664326528
46.7664338979
46.7664338979
46.7664338979
46.7664338979
46.7664338979
46.7664338979
46.7664338979
46.7664338979
46.7664338979
46.7664338979
46.7664338979
46.7664338979
46.7664338979
46.7664338979
46.7664338979
46.7664338979
46.7664338979
46.7664338979
46.7664338979
46.7664338979
46.7664338979
46.7664338979
46.7664338979
46.7664338979
46.7664338979
46.7664338979
46.7664338979
46.7664338979
46.7664338979
46.7664338979
46.7664338979
46.7664338979
46.7664338979
46.7664338979
46.7664338979
46.7664338979
46.7664338979
46.7664338979
46.7664338979
46.7664338979
46.7664338979
46.7664338979
46.7664338979
46.7664338979
46.7664338979
46.7664338979
46.7664338979
46.7664338979
46.7664338979
46.7664338979
46.7664338979
46.7664338979
46.7664338979
46.7664338979
46.7664338979
46.7664338979
46.7664338979
46.7664338979
46.7664338979
46.7664338979
46.7664338979
46.7664338979
46.7664338979
46.7664338979
46.7664338979
46.7664338979
46.7664338979
46.7664338979
46.7664338979
46.7664338979
46.7664338979
46.7664338979
46.7664338979
46.7664338979
46.7664338979
46.7664338979
46.7664338979
46.7664338979
46.7664338979
46.7664338979
46.7664338979
46.7664338979
46.7664338979
46.7664338979
46.7664338979
46.7664338979
46.7664338979
46.7664338979
46.7664338979
46.7664338979
46.7664338979
46.7664338979
46.7664338979
46.7664338979
