0.302430421535
0.393878567103
0.406058941415
0.393878567103
0.406058941415
0.406102754802
0.40894960434
0.306529552481
0.406145701402
0.406102754802
0.406145701402
0.406145701402
0.307068348865
0.406102754802
0.406102754802
0.406058941415
0.408875221253
0.406145701402
0.406145701402
0.406145701402
0.390856721557
0.406102754802
0.406145701402
0.320955751282
0.306529552481
0.409282566864
0.406058941415
0.406145701402
-0.443592968676
0.406145701402
0.40894960434
0.406058941415
0.395350722283
0.406058941415
0.406058941415
-0.399719512521
0.31862611004
0.406058941415
0.397858771208
0.406102754802
0.406102754802
0.397858771208
0.302430421535
0.388972324609
0.170610050297
0.40894960434
0.406058941415
0.406102754802
0.395350722283
0.395350722283
0.397858771208
0.406102754802
0.40894960434
0.395168888093
0.390856721557
0.409282566864
-0.0688915306208
0.306529552481
0.406058941415
0.393878567103
0.1695699296
0.406102754802
0.392992142093
0.406145701402
0.406145701402
0.406102754802
0.395168888093
0.406102754802
0.406145701402
0.406058941415
0.408902179854
0.390856721557
0.406102754802
0.40894960434
0.397858771208
-0.410548976225
0.409282566864
0.406102754802
-0.400885033881
0.397858771208
0.406145701402
0.408902179854
0.395350722283
0.406145701402
0.406058941415
0.397858771208
0.406102754802
0.30652158943
0.406145701402
0.406102754802
0.406058941415
-0.410548976225
0.406102754802
0.406145701402
0.406145701402
-0.410548976225
0.397858771208
0.406058941415
0.31862611004
