87.6093729198
31.9391351339
36.9888795628
36.9888795628
36.9888795628
36.9888795628
36.9888795628
36.9888795628
36.9888795628
36.9888795628
36.9888795628
36.9888795628
36.9888795628
36.9888795628
36.9888795628
36.9888795628
36.9888795628
36.9888795628
36.9888795628
36.9888795628
36.9888795628
36.9888795628
36.9888795628
36.9888795628
36.9888795628
36.9888795628
36.9888795628
36.9888795628
36.9888795628
36.9888795628
36.9888795628
36.9888795628
36.9888795628
36.9888795628
36.9888795628
36.9888795628
36.9888795628
36.9888795628
36.9888795628
36.9888795628
36.9888795628
36.9888795628
36.9888795628
36.9888795628
36.9888795628
36.9888795628
36.9888795628
36.9888795628
36.9888795628
36.9888795628
36.9888795628
36.9888795628
36.9888795628
36.9888795628
36.9888795628
36.9888795628
36.9888795628
36.9888795628
36.9888795628
36.9888795628
36.9888795628
36.9888795628
36.9888795628
36.9888795628
36.9888795628
36.9888795628
36.9888795628
36.9888795628
36.9888795628
36.9888795628
36.9888795628
36.9888795628
36.9888795628
36.9888795628
36.9888795628
36.9888795628
36.9888795628
36.9888795628
36.9888795628
36.9888795628
36.9888795628
36.9888795628
36.9888795628
36.9888795628
36.9888795628
36.9888795628
36.9888795628
36.9888795628
36.9888795628
36.9888795628
36.9888795628
36.9888795628
36.9888795628
36.9888795628
36.9888795628
36.9888795628
36.9888795628
36.9888795628
36.9888795628
36.9888795628
