0.388998012732
0.661122470779
0.661122470779
0.661122470779
0.661122470779
0.00420239280582
0.661122470779
0.151968586563
0.661122470779
0.00404930004682
0.503678978962
0.661122470779
0.661122470779
0.661122470779
0.52125866774
0.661122470779
0.150536552512
0.661122470779
-0.0155112403379
0.390038133429
0.661122470779
0.661122470779
0.390038133429
0.661122470779
0.661122470779
0.152555299187
0.524243421103
0.661122470779
0.389290062904
0.00404930004682
0.661122470779
-0.114594223994
0.661122470779
0.521858504668
0.502171853495
0.388998012732
0.661122470779
0.661122470779
0.661122470779
0.661122470779
0.152689931096
0.661122470779
0.661122470779
0.52125866774
0.661122470779
0.521858504668
0.661122470779
0.52125866774
0.661122470779
0.388998012732
0.661122470779
0.152685746213
0.661122470779
0.661122470779
0.38846424293
0.389443272784
0.151968586563
0.503678978962
0.661122470779
0.661122470779
0.661122470779
0.526517566146
0.00404930004682
0.503678978962
0.661122470779
0.661122470779
0.145379244027
0.00404930004682
0.661122470779
0.502171853495
-0.0155112403379
-0.0155112403379
-0.0155112403379
0.661122470779
0.661122470779
0.150016843928
0.661122470779
0.661122470779
0.661122470779
0.661122470779
0.661122470779
0.661122470779
0.00404930004682
-0.0155112403379
0.661122470779
-0.181456950748
0.661122470779
0.661122470779
0.145489837657
0.661122470779
0.661122470779
0.661122470779
0.661122470779
0.38846424293
0.661122470779
0.152689931096
0.38846424293
0.150536552512
0.661122470779
