81.9484139262
31.4800089446
31.4800089446
31.4800089446
31.4800089446
31.4800089446
31.4800089446
31.4800089446
31.4800089446
31.4800089446
31.4800089446
31.4800089446
31.4800089446
31.4800089446
31.4800089446
31.4800089446
31.4800089446
31.4800089446
31.4800089446
31.4800089446
31.4800089446
31.4800089446
31.4800089446
31.4800089446
31.4800089446
31.4800089446
31.4800089446
31.4800089446
31.4800089446
31.4800089446
31.4800089446
31.4800089446
31.4800089446
31.4800089446
31.4800089446
31.4800089446
31.4800089446
31.4800089446
31.4800089446
31.4800089446
31.4800089446
31.4800089446
31.4800089446
31.4800089446
31.4800089446
31.4800089446
31.4800089446
31.4800089446
31.4800089446
31.4800089446
31.4800089446
31.4800089446
31.4800089446
31.4800089446
31.4800089446
31.4800089446
31.4800089446
31.4800089446
31.4800089446
31.4800089446
31.4800089446
31.4800089446
31.4800089446
31.4800089446
31.4800089446
31.4800089446
31.4800089446
31.4800089446
31.4800089446
31.4800089446
31.4800089446
31.4800089446
31.4800089446
31.4800089446
31.4800089446
31.4800089446
31.4800089446
31.4800089446
31.4800089446
31.4800089446
31.4800089446
31.4800089446
31.4800089446
31.4800089446
31.4800089446
31.4800089446
31.4800089446
31.4800089446
31.4800089446
31.4800089446
31.4800089446
31.4800089446
31.4800089446
31.4800089446
31.4800089446
31.4800089446
31.4800089446
31.4800089446
31.4800089446
31.4800089446
