0.820001831111
0.820001831111
0.162928660379
0.311565106545
-0.0322415327607
-0.141753927255
0.820001831111
0.820001831111
0.162928660379
0.820001831111
-0.0322415327607
0.820001831111
0.143368119994
0.820001831111
-0.0214120690566
-0.0610830089451
-0.0569535739793
-0.141968782545
0.309415912844
0.548917493761
-0.0214120690566
0.820001831111
0.548917493761
0.820001831111
0.311565106545
0.311565106545
-0.0569535739793
0.820001831111
-0.0214120690566
0.820001831111
-0.0225775904162
0.143368119994
0.143368119994
0.820001831111
0.143368119994
0.820001831111
0.309415912844
0.820001831111
-0.11887239932
0.820001831111
-0.107062800846
-0.141753927255
0.143368119994
0.820001831111
0.820001831111
0.311565106545
0.820001831111
0.820001831111
-0.119246420638
0.820001831111
0.820001831111
0.143368119994
-0.11887239932
0.820001831111
-0.0891513302681
0.820001831111
0.820001831111
-0.0322415327607
0.820001831111
-0.0569535739793
0.820001831111
-0.0214120690566
-0.0610830089451
0.309415912844
0.820001831111
-0.0214120690566
0.820001831111
0.820001831111
0.820001831111
-0.146729227056
-0.141753927255
0.820001831111
0.820001831111
0.311565106545
-0.119246420638
0.820001831111
-0.101265137215
0.311565106545
-0.107062800846
0.820001831111
0.309415912844
-0.0652855252113
0.309415912844
0.820001831111
0.143368119994
0.820001831111
-0.0214120690566
0.820001831111
0.143368119994
0.820001831111
-0.0322415327607
0.820001831111
0.820001831111
0.820001831111
0.820001831111
0.548917493761
0.820001831111
0.820001831111
-0.11887239932
