10.5810705623
29.576475028
35.3910713438
35.3319096114
35.3422938857
35.3438677646
35.3438110355
35.3438156949
35.343816151
35.3438161108
35.3438161108
35.3438161108
35.3438161108
35.3438161108
35.3438161108
35.3438161108
35.3438161108
35.3438161108
35.3438161108
35.3438161108
35.3438161108
35.3438161108
35.3438161108
35.3438161108
35.3438161108
35.3438161108
35.3438161108
35.3438161108
35.3438161108
35.3438161108
35.3438161108
35.3438161108
35.3438161108
35.3438161108
35.3438161108
35.3438161108
35.3438161108
35.3438161108
35.3438161108
35.3438161108
35.3438161108
35.3438161108
35.3438161108
35.3438161108
35.3438161108
35.3438161108
35.3438161108
35.3438161108
35.3438161108
35.3438161108
35.3438161108
35.3438161108
35.3438161108
35.3438161108
35.3438161108
35.3438161108
35.3438161108
35.3438161108
35.3438161108
35.3438161108
35.3438161108
35.3438161108
35.3438161108
35.3438161108
35.3438161108
35.3438161108
35.3438161108
35.3438161108
35.3438161108
35.3438161108
35.3438161108
35.3438161108
35.3438161108
35.3438161108
35.3438161108
35.3438161108
35.3438161108
35.3438161108
35.3438161108
35.3438161108
35.3438161108
35.3438161108
35.3438161108
35.3438161108
35.3438161108
35.3438161108
35.3438161108
35.3438161108
35.3438161108
35.3438161108
35.3438161108
35.3438161108
35.3438161108
35.3438161108
35.3438161108
35.3438161108
35.3438161108
35.3438161108
35.3438161108
35.3438161108
