40.1175673865
88.4696164085
88.4696164085
88.4696164085
88.4696164085
88.4696164085
88.4696164085
88.4696164085
88.4696164085
88.4696164085
88.4696164085
88.4696164085
88.4696164085
88.4696164085
88.4696164085
88.4696164085
88.4696164085
88.4696164085
88.4696164085
88.4696164085
88.4696164085
88.4696164085
88.4696164085
88.4696164085
88.4696164085
88.4696164085
88.4696164085
88.4696164085
88.4696164085
88.4696164085
88.4696164085
88.4696164085
88.4696164085
88.4696164085
88.4696164085
88.4696164085
88.4696164085
88.4696164085
88.4696164085
88.4696164085
88.4696164085
88.4696164085
88.4696164085
88.4696164085
88.4696164085
88.4696164085
88.4696164085
88.4696164085
88.4696164085
88.4696164085
88.4696164085
88.4696164085
88.4696164085
88.4696164085
88.4696164085
88.4696164085
88.4696164085
88.4696164085
88.4696164085
88.4696164085
88.4696164085
88.4696164085
88.4696164085
88.4696164085
88.4696164085
88.4696164085
88.4696164085
88.4696164085
88.4696164085
88.4696164085
88.4696164085
88.4696164085
88.4696164085
88.4696164085
88.4696164085
88.4696164085
88.4696164085
88.4696164085
88.4696164085
88.4696164085
88.4696164085
88.4696164085
88.4696164085
88.4696164085
88.4696164085
88.4696164085
88.4696164085
88.4696164085
88.4696164085
88.4696164085
88.4696164085
88.4696164085
88.4696164085
88.4696164085
88.4696164085
88.4696164085
88.4696164085
88.4696164085
88.4696164085
88.4696164085
