0.863002410962
0.863002410962
-0.0139529941276
-0.0758718194687
0.352416492695
0.863002410962
0.863002410962
0.863002410962
0.863002410962
0.863002410962
0.352416492695
0.352416492695
0.354565686396
0.863002410962
0.863002410962
0.863002410962
0.863002410962
0.863002410962
0.205929240231
0.186368699846
-0.0582645573635
0.0215885107951
0.863002410962
-0.0222849453596
0.863002410962
0.863002410962
0.0204229894355
0.863002410962
-0.0222849453596
0.863002410962
0.863002410962
0.186368699846
0.205929240231
0.863002410962
0.010759047091
-0.0222849453596
0.863002410962
-0.0640622209947
0.186368699846
0.186368699846
0.863002410962
-0.0989682026938
0.863002410962
0.863002410962
0.863002410962
0.863002410962
0.863002410962
0.863002410962
0.186368699846
0.863002410962
0.863002410962
0.863002410962
-0.0582645573635
0.863002410962
0.863002410962
0.0204229894355
0.010759047091
-0.0989682026938
0.590877952916
0.863002410962
0.863002410962
0.863002410962
0.863002410962
0.863002410962
0.0215885107951
0.863002410962
-0.076245840786
0.352416492695
0.863002410962
0.863002410962
0.0204229894355
0.0215885107951
0.863002410962
-0.114375050286
0.863002410962
0.205929240231
0.186368699846
0.010759047091
0.205929240231
0.186368699846
0.863002410962
0.863002410962
0.863002410962
0.186368699846
0.186368699846
0.863002410962
-0.0640622209947
0.205929240231
0.863002410962
-0.0754386873548
0.205929240231
0.863002410962
0.863002410962
0.010759047091
0.863002410962
0.186368699846
0.863002410962
0.863002410962
0.863002410962
