70.8548518979
64.951710808
64.9304693797
64.9304826983
64.9304826763
64.9304826763
64.9304826763
64.9304826763
64.9304826763
64.9304826763
64.9304826763
64.9304826763
64.9304826763
64.9304826763
64.9304826763
64.9304826763
64.9304826763
64.9304826763
64.9304826763
64.9304826763
64.9304826763
64.9304826763
64.9304826763
64.9304826763
64.9304826763
64.9304826763
64.9304826763
64.9304826763
64.9304826763
64.9304826763
64.9304826763
64.9304826763
64.9304826763
64.9304826763
64.9304826763
64.9304826763
64.9304826763
64.9304826763
64.9304826763
64.9304826763
64.9304826763
64.9304826763
64.9304826763
64.9304826763
64.9304826763
64.9304826763
64.9304826763
64.9304826763
64.9304826763
64.9304826763
64.9304826763
64.9304826763
64.9304826763
64.9304826763
64.9304826763
64.9304826763
64.9304826763
64.9304826763
64.9304826763
64.9304826763
64.9304826763
64.9304826763
64.9304826763
64.9304826763
64.9304826763
64.9304826763
64.9304826763
64.9304826763
64.9304826763
64.9304826763
64.9304826763
64.9304826763
64.9304826763
64.9304826763
64.9304826763
64.9304826763
64.9304826763
64.9304826763
64.9304826763
64.9304826763
64.9304826763
64.9304826763
64.9304826763
64.9304826763
64.9304826763
64.9304826763
64.9304826763
64.9304826763
64.9304826763
64.9304826763
64.9304826763
64.9304826763
64.9304826763
64.9304826763
64.9304826763
64.9304826763
64.9304826763
64.9304826763
64.9304826763
64.9304826763
