-0.0113877112941
0.014153143557
0.0142744347787
-0.0110107332923
0.228530931262
-0.0085086482214
-0.00862617466393
0.227387549916
0.228663786292
0.228846580574
0.0142957777642
0.227318505037
0.00390822481131
0.3411480183
0.228706603797
0.228706603797
-0.157041411715
-0.0110107332923
0.227732250583
-0.00922492680933
0.014153143557
-0.00910810645152
-0.00852139382754
0.0141461021965
-0.00839094680154
0.227318505037
-0.00838676191833
-0.00863047409498
0.228846580574
0.228778525568
-0.0087478808932
-0.00839094680154
0.0141601919536
-0.00903608339528
-0.0106605968358
0.22800738423
-0.00903608339528
-0.00852139382754
-0.00903608339528
0.228731835939
0.227983246246
-0.00921576829654
0.22800738423
-0.0111034503661
-0.156874300208
-0.00909905664014
-0.0110598490867
-0.00852139382754
0.227733404539
-0.0087784827379
0.228434652733
-0.0087478808932
-0.0158699910899
0.228120374538
-0.00865203535706
-0.0109229183166
0.227871423988
-0.0113429070264
-0.0109229183166
-0.0087478808932
-0.157027392967
0.227387549916
-0.0109229183166
0.228846580574
-0.0110598490867
0.227387549916
-0.0109229183166
-0.00923410345331
0.227733404539
0.228530931262
-0.00910810645152
0.228524256243
0.228667508147
0.228366579769
-0.00903608339528
0.22787608699
-0.15721522929
-0.157048405735
-0.00852139382754
-0.0087478808932
-0.00852139382754
-0.0105401405026
0.227387549916
-0.00877409801218
-0.00886952684203
-0.0087478808932
0.227983246246
0.227525534849
-0.00865203535706
0.227732250583
0.228735745076
0.228530931262
-0.00862617466393
-0.157104051421
0.228961440415
0.0141601919536
-0.0085086482214
0.0049098336385
-0.0087478808932
