48.577764766
67.85353584
67.8383158427
67.8392189684
67.8391700038
67.839164482
67.8391650157
67.8391650157
67.8391650157
67.8391650157
67.8391650157
67.8391650157
67.8391650157
67.8391650157
67.8391650157
67.8391650157
67.8391650157
67.8391650157
67.8391650157
67.8391650157
67.8391650157
67.8391650157
67.8391650157
67.8391650157
67.8391650157
67.8391650157
67.8391650157
67.8391650157
67.8391650157
67.8391650157
67.8391650157
67.8391650157
67.8391650157
67.8391650157
67.8391650157
67.8391650157
67.8391650157
67.8391650157
67.8391650157
67.8391650157
67.8391650157
67.8391650157
67.8391650157
67.8391650157
67.8391650157
67.8391650157
67.8391650157
67.8391650157
67.8391650157
67.8391650157
67.8391650157
67.8391650157
67.8391650157
67.8391650157
67.8391650157
67.8391650157
67.8391650157
67.8391650157
67.8391650157
67.8391650157
67.8391650157
67.8391650157
67.8391650157
67.8391650157
67.8391650157
67.8391650157
67.8391650157
67.8391650157
67.8391650157
67.8391650157
67.8391650157
67.8391650157
67.8391650157
67.8391650157
67.8391650157
67.8391650157
67.8391650157
67.8391650157
67.8391650157
67.8391650157
67.8391650157
67.8391650157
67.8391650157
67.8391650157
67.8391650157
67.8391650157
67.8391650157
67.8391650157
67.8391650157
67.8391650157
67.8391650157
67.8391650157
67.8391650157
67.8391650157
67.8391650157
67.8391650157
67.8391650157
67.8391650157
67.8391650157
67.8391650157
