90.6053666472
9.7664706423
10.2629789732
10.3206793403
10.3208082612
10.3208031779
10.3208031778
10.3208031778
10.3208031778
10.3208031778
10.3208031778
10.3208031778
10.3208031778
10.3208031778
10.3208031778
10.3208031778
10.3208031778
10.3208031778
10.3208031778
10.3208031778
10.3208031778
10.3208031778
10.3208031778
10.3208031778
10.3208031778
10.3208031778
10.3208031778
10.3208031778
10.3208031778
10.3208031778
10.3208031778
10.3208031778
10.3208031778
10.3208031778
10.3208031778
10.3208031778
10.3208031778
10.3208031778
10.3208031778
10.3208031778
10.3208031778
10.3208031778
10.3208031778
10.3208031778
10.3208031778
10.3208031778
10.3208031778
10.3208031778
10.3208031778
10.3208031778
10.3208031778
10.3208031778
10.3208031778
10.3208031778
10.3208031778
10.3208031778
10.3208031778
10.3208031778
10.3208031778
10.3208031778
10.3208031778
10.3208031778
10.3208031778
10.3208031778
10.3208031778
10.3208031778
10.3208031778
10.3208031778
10.3208031778
10.3208031778
10.3208031778
10.3208031778
10.3208031778
10.3208031778
10.3208031778
10.3208031778
10.3208031778
10.3208031778
10.3208031778
10.3208031778
10.3208031778
10.3208031778
10.3208031778
10.3208031778
10.3208031778
10.3208031778
10.3208031778
10.3208031778
10.3208031778
10.3208031778
10.3208031778
10.3208031778
10.3208031778
10.3208031778
10.3208031778
10.3208031778
10.3208031778
10.3208031778
10.3208031778
10.3208031778
