71.8410990623
60.3363955196
60.898186557
60.8264759088
60.8264759088
60.8264759088
60.8264759088
60.8264759088
60.8264759088
60.8264759088
60.8264759088
60.8264759088
60.8264759088
60.8264759088
60.8264759088
60.8264759088
60.8264759088
60.8264759088
60.8264759088
60.8264759088
60.8264759088
60.8264759088
60.8264759088
60.8264759088
60.8264759088
60.8264759088
60.8264759088
60.8264759088
60.8264759088
60.8264759088
60.8264759088
60.8264759088
60.8264759088
60.8264759088
60.8264759088
60.8264759088
60.8264759088
60.8264759088
60.8264759088
60.8264759088
60.8264759088
60.8264759088
60.8264759088
60.8264759088
60.8264759088
60.8264759088
60.8264759088
60.8264759088
60.8264759088
60.8264759088
60.8264759088
60.8264759088
60.8264759088
60.8264759088
60.8264759088
60.8264759088
60.8264759088
60.8264759088
60.8264759088
60.8264759088
60.8264759088
60.8264759088
60.8264759088
60.8264759088
60.8264759088
60.8264759088
60.8264759088
60.8264759088
60.8264759088
60.8264759088
60.8264759088
60.8264759088
60.8264759088
60.8264759088
60.8264759088
60.8264759088
60.8264759088
60.8264759088
60.8264759088
60.8264759088
60.8264759088
60.8264759088
60.8264759088
60.8264759088
60.8264759088
60.8264759088
60.8264759088
60.8264759088
60.8264759088
60.8264759088
60.8264759088
60.8264759088
60.8264759088
60.8264759088
60.8264759088
60.8264759088
60.8264759088
60.8264759088
60.8264759088
60.8264759088
