5.44076277853
89.7404670053
96.0488304284
95.6924554256
95.6858052396
95.6859114334
95.685911309
95.685911309
95.685911309
95.685911309
95.685911309
95.685911309
95.685911309
95.685911309
95.685911309
95.685911309
95.685911309
95.685911309
95.685911309
95.685911309
95.685911309
95.685911309
95.685911309
95.685911309
95.685911309
95.685911309
95.685911309
95.685911309
95.685911309
95.685911309
95.685911309
95.685911309
95.685911309
95.685911309
95.685911309
95.685911309
95.685911309
95.685911309
95.685911309
95.685911309
95.685911309
95.685911309
95.685911309
95.685911309
95.685911309
95.685911309
95.685911309
95.685911309
95.685911309
95.685911309
95.685911309
95.685911309
95.685911309
95.685911309
95.685911309
95.685911309
95.685911309
95.685911309
95.685911309
95.685911309
95.685911309
95.685911309
95.685911309
95.685911309
95.685911309
95.685911309
95.685911309
95.685911309
95.685911309
95.685911309
95.685911309
95.685911309
95.685911309
95.685911309
95.685911309
95.685911309
95.685911309
95.685911309
95.685911309
95.685911309
95.685911309
95.685911309
95.685911309
95.685911309
95.685911309
95.685911309
95.685911309
95.685911309
95.685911309
95.685911309
95.685911309
95.685911309
95.685911309
95.685911309
95.685911309
95.685911309
95.685911309
95.685911309
95.685911309
95.685911309
