0.171451822518
-0.0683557574114
0.170696147446
0.171118859993
0.171451822518
0.170284059686
0.171118859993
0.171451822518
0.0639998402614
0.171451822518
0.0692587386675
0.168228197068
0.170696147446
0.168272010455
0.171118859993
0.171118859993
0.157338143747
-0.0672206940497
0.170696147446
0.170292941367
0.171118859993
0.064599677189
0.171044476906
0.171071435507
0.168272010455
0.170284059686
0.171118859993
0.168314957055
0.171071435507
0.168314957055
0.160028026861
0.170696147446
0.157338143747
0.171451822518
0.171071435507
0.170696147446
0.171044476906
0.171451822518
0.171451822518
0.168228197068
0.171044476906
0.0642167733157
0.171118859993
0.171451822518
0.171451822518
0.171071435507
0.156047822757
0.170284059686
0.171451822518
0.171451822518
0.169971140732
0.171071435507
0.170284059686
0.171071435507
0.168228197068
0.170284059686
0.0449130260157
0.168272010455
0.0686908450834
0.157338143747
0.170696147446
0.170284059686
0.168272010455
0.155161397747
0.171071435507
0.171118859993
0.168228197068
0.171451822518
0.171118859993
0.171451822518
0.170292941367
0.153025977211
0.171071435507
0.170284059686
0.168272010455
0.171451822518
0.157519977937
0.171451822518
0.168228197068
0.171071435507
0.171071435507
0.171451822518
0.171071435507
0.168272010455
0.157338143747
0.171451822518
0.157338143747
0.171044476906
0.171071435507
0.168228197068
0.168272010455
0.064599677189
0.171071435507
0.171044476906
0.168314957055
0.170696147446
0.171071435507
0.170696147446
0.171118859993
