6.58036886464
87.6227224659
94.1009126955
93.7137567669
93.713789498
93.7137894962
93.7137894962
93.7137894962
93.7137894962
93.7137894962
93.7137894962
93.7137894962
93.7137894962
93.7137894962
93.7137894962
93.7137894962
93.7137894962
93.7137894962
93.7137894962
93.7137894962
93.7137894962
93.7137894962
93.7137894962
93.7137894962
93.7137894962
93.7137894962
93.7137894962
93.7137894962
93.7137894962
93.7137894962
93.7137894962
93.7137894962
93.7137894962
93.7137894962
93.7137894962
93.7137894962
93.7137894962
93.7137894962
93.7137894962
93.7137894962
93.7137894962
93.7137894962
93.7137894962
93.7137894962
93.7137894962
93.7137894962
93.7137894962
93.7137894962
93.7137894962
93.7137894962
93.7137894962
93.7137894962
93.7137894962
93.7137894962
93.7137894962
93.7137894962
93.7137894962
93.7137894962
93.7137894962
93.7137894962
93.7137894962
93.7137894962
93.7137894962
93.7137894962
93.7137894962
93.7137894962
93.7137894962
93.7137894962
93.7137894962
93.7137894962
93.7137894962
93.7137894962
93.7137894962
93.7137894962
93.7137894962
93.7137894962
93.7137894962
93.7137894962
93.7137894962
93.7137894962
93.7137894962
93.7137894962
93.7137894962
93.7137894962
93.7137894962
93.7137894962
93.7137894962
93.7137894962
93.7137894962
93.7137894962
93.7137894962
93.7137894962
93.7137894962
93.7137894962
93.7137894962
93.7137894962
93.7137894962
93.7137894962
93.7137894962
93.7137894962
