66.9168236175
21.6842406327
21.6842406327
21.6842406327
21.6842406327
21.6842406327
21.6842406327
21.6842406327
21.6842406327
21.6842406327
21.6842406327
21.6842406327
21.6842406327
21.6842406327
21.6842406327
21.6842406327
21.6842406327
21.6842406327
21.6842406327
21.6842406327
21.6842406327
21.6842406327
21.6842406327
21.6842406327
21.6842406327
21.6842406327
21.6842406327
21.6842406327
21.6842406327
21.6842406327
21.6842406327
21.6842406327
21.6842406327
21.6842406327
21.6842406327
21.6842406327
21.6842406327
21.6842406327
21.6842406327
21.6842406327
21.6842406327
21.6842406327
21.6842406327
21.6842406327
21.6842406327
21.6842406327
21.6842406327
21.6842406327
21.6842406327
21.6842406327
21.6842406327
21.6842406327
21.6842406327
21.6842406327
21.6842406327
21.6842406327
21.6842406327
21.6842406327
21.6842406327
21.6842406327
21.6842406327
21.6842406327
21.6842406327
21.6842406327
21.6842406327
21.6842406327
21.6842406327
21.6842406327
21.6842406327
21.6842406327
21.6842406327
21.6842406327
21.6842406327
21.6842406327
21.6842406327
21.6842406327
21.6842406327
21.6842406327
21.6842406327
21.6842406327
21.6842406327
21.6842406327
21.6842406327
21.6842406327
21.6842406327
21.6842406327
21.6842406327
21.6842406327
21.6842406327
21.6842406327
21.6842406327
21.6842406327
21.6842406327
21.6842406327
21.6842406327
21.6842406327
21.6842406327
21.6842406327
21.6842406327
21.6842406327
