0.674703207495
0.674703207495
0.163597580644
0.674703207495
0.166136035904
0.402530399363
0.674703207495
0.16366297197
0.403364033528
0.674703207495
0.163897706513
0.402870799621
0.674703207495
0.166005394374
0.163314522705
0.165909548838
0.674703207495
0.674703207495
-0.167289166194
-0.166074890487
0.674703207495
0.16614878151
0.402846316591
0.402462575326
0.163897706513
0.158952291744
0.674703207495
0.163597580644
0.163269718437
0.163314522705
0.674703207495
0.159047630196
0.16365755212
0.403324937878
0.16365755212
0.0171922692357
0.16626648293
0.674703207495
0.403504010305
-0.00193050362112
0.163860427801
0.0173588495187
0.16366297197
0.16339543955
0.674703207495
0.674703207495
-0.167100657931
0.163548512717
0.674703207495
0.674703207495
-0.167489879513
0.674703207495
0.16554932328
0.166031255067
0.674703207495
0.165787902889
-0.00254418770698
0.674703207495
0.403618870146
0.674703207495
0.674703207495
0.402554531324
0.163597580644
0.674703207495
0.0176300367636
0.163772232305
0.163734511414
0.163986282144
0.515752590211
0.515752590211
0.165432502922
0.674703207495
0.166031255067
0.674703207495
0.402955902406
0.165905190147
-0.16706290229
0.16366297197
-0.101013487277
0.16366297197
0.166005394374
0.40338926567
0.163996832895
0.403618870146
0.013945558151
-0.101013487277
0.402578749449
0.674703207495
0.402389680315
0.163269718437
0.158913733811
0.16554932328
-0.166987336917
0.534839404457
0.674703207495
0.188824677128
-0.166074890487
0.16554932328
0.16556289129
