29.9654306957
10.0824938524
10.0664354112
10.0664441566
10.0664441552
10.0664441552
10.0664441552
10.0664441552
10.0664441552
10.0664441552
10.0664441552
10.0664441552
10.0664441552
10.0664441552
10.0664441552
10.0664441552
10.0664441552
10.0664441552
10.0664441552
10.0664441552
10.0664441552
10.0664441552
10.0664441552
10.0664441552
10.0664441552
10.0664441552
10.0664441552
10.0664441552
10.0664441552
10.0664441552
10.0664441552
10.0664441552
10.0664441552
10.0664441552
10.0664441552
10.0664441552
10.0664441552
10.0664441552
10.0664441552
10.0664441552
10.0664441552
10.0664441552
10.0664441552
10.0664441552
10.0664441552
10.0664441552
10.0664441552
10.0664441552
10.0664441552
10.0664441552
10.0664441552
10.0664441552
10.0664441552
10.0664441552
10.0664441552
10.0664441552
10.0664441552
10.0664441552
10.0664441552
10.0664441552
10.0664441552
10.0664441552
10.0664441552
10.0664441552
10.0664441552
10.0664441552
10.0664441552
10.0664441552
10.0664441552
10.0664441552
10.0664441552
10.0664441552
10.0664441552
10.0664441552
10.0664441552
10.0664441552
10.0664441552
10.0664441552
10.0664441552
10.0664441552
10.0664441552
10.0664441552
10.0664441552
10.0664441552
10.0664441552
10.0664441552
10.0664441552
10.0664441552
10.0664441552
10.0664441552
10.0664441552
10.0664441552
10.0664441552
10.0664441552
10.0664441552
10.0664441552
10.0664441552
10.0664441552
10.0664441552
10.0664441552
