94.9558246453
78.8962515787
78.9627865147
78.9628155064
78.9628154944
78.9628154944
78.9628154944
78.9628154944
78.9628154944
78.9628154944
78.9628154944
78.9628154944
78.9628154944
78.9628154944
78.9628154944
78.9628154944
78.9628154944
78.9628154944
78.9628154944
78.9628154944
78.9628154944
78.9628154944
78.9628154944
78.9628154944
78.9628154944
78.9628154944
78.9628154944
78.9628154944
78.9628154944
78.9628154944
78.9628154944
78.9628154944
78.9628154944
78.9628154944
78.9628154944
78.9628154944
78.9628154944
78.9628154944
78.9628154944
78.9628154944
78.9628154944
78.9628154944
78.9628154944
78.9628154944
78.9628154944
78.9628154944
78.9628154944
78.9628154944
78.9628154944
78.9628154944
78.9628154944
78.9628154944
78.9628154944
78.9628154944
78.9628154944
78.9628154944
78.9628154944
78.9628154944
78.9628154944
78.9628154944
78.9628154944
78.9628154944
78.9628154944
78.9628154944
78.9628154944
78.9628154944
78.9628154944
78.9628154944
78.9628154944
78.9628154944
78.9628154944
78.9628154944
78.9628154944
78.9628154944
78.9628154944
78.9628154944
78.9628154944
78.9628154944
78.9628154944
78.9628154944
78.9628154944
78.9628154944
78.9628154944
78.9628154944
78.9628154944
78.9628154944
78.9628154944
78.9628154944
78.9628154944
78.9628154944
78.9628154944
78.9628154944
78.9628154944
78.9628154944
78.9628154944
78.9628154944
78.9628154944
78.9628154944
78.9628154944
78.9628154944
