0.246774166194
0.245267040726
0.371425450217
0.267338608334
0.371398491616
0.368626025165
0.371805837228
0.371805837228
-0.448025705862
0.360382041571
0.371472874703
0.360382041571
0.371398491616
0.371050162156
0.371472874703
0.371050162156
0.368668971765
0.371472874703
0.371398491616
0.371805837228
0.371050162156
0.371398491616
0.371398491616
0.246774166194
0.357692158457
0.371805837228
0.371425450217
0.368668971765
0.356401837466
0.371472874703
0.371472874703
0.368582211778
0.371472874703
0.355515412457
0.371050162156
0.371472874703
0.368668971765
0.371472874703
0.357692158457
0.132093199963
0.371472874703
0.132093199963
0.371805837228
0.371425450217
0.368582211778
0.371398491616
0.371425450217
0.371398491616
0.371425450217
0.371398491616
0.368582211778
0.371398491616
0.269591619228
0.371805837228
0.371425450217
0.368582211778
0.371472874703
0.368626025165
0.371398491616
-0.104219066556
0.371805837228
0.269591619228
0.370646956077
0.370638074396
0.264953691899
-0.272416053107
0.371472874703
0.370638074396
0.368582211778
0.371050162156
0.357873992647
0.371472874703
0.269052822845
0.368582211778
0.368582211778
0.371425450217
0.371472874703
0.368582211778
0.371472874703
0.371398491616
0.360382041571
0.371425450217
0.371472874703
0.371050162156
0.371398491616
0.371425450217
0.371398491616
0.371805837228
0.371425450217
0.371425450217
0.371425450217
0.371472874703
0.132093199963
0.368668971765
0.371425450217
0.371398491616
0.368626025165
0.371472874703
0.371472874703
