39.5284041154
97.9975942094
98.0269676779
98.0260412504
98.0260219646
98.0260222991
98.0260222992
98.0260222992
98.0260222992
98.0260222992
98.0260222992
98.0260222992
98.0260222992
98.0260222992
98.0260222992
98.0260222992
98.0260222992
98.0260222992
98.0260222992
98.0260222992
98.0260222992
98.0260222992
98.0260222992
98.0260222992
98.0260222992
98.0260222992
98.0260222992
98.0260222992
98.0260222992
98.0260222992
98.0260222992
98.0260222992
98.0260222992
98.0260222992
98.0260222992
98.0260222992
98.0260222992
98.0260222992
98.0260222992
98.0260222992
98.0260222992
98.0260222992
98.0260222992
98.0260222992
98.0260222992
98.0260222992
98.0260222992
98.0260222992
98.0260222992
98.0260222992
98.0260222992
98.0260222992
98.0260222992
98.0260222992
98.0260222992
98.0260222992
98.0260222992
98.0260222992
98.0260222992
98.0260222992
98.0260222992
98.0260222992
98.0260222992
98.0260222992
98.0260222992
98.0260222992
98.0260222992
98.0260222992
98.0260222992
98.0260222992
98.0260222992
98.0260222992
98.0260222992
98.0260222992
98.0260222992
98.0260222992
98.0260222992
98.0260222992
98.0260222992
98.0260222992
98.0260222992
98.0260222992
98.0260222992
98.0260222992
98.0260222992
98.0260222992
98.0260222992
98.0260222992
98.0260222992
98.0260222992
98.0260222992
98.0260222992
98.0260222992
98.0260222992
98.0260222992
98.0260222992
98.0260222992
98.0260222992
98.0260222992
98.0260222992
