48.399573127
44.3816043466
44.3906040656
44.3906126795
44.3906126745
44.3906126745
44.3906126745
44.3906126745
44.3906126745
44.3906126745
44.3906126745
44.3906126745
44.3906126745
44.3906126745
44.3906126745
44.3906126745
44.3906126745
44.3906126745
44.3906126745
44.3906126745
44.3906126745
44.3906126745
44.3906126745
44.3906126745
44.3906126745
44.3906126745
44.3906126745
44.3906126745
44.3906126745
44.3906126745
44.3906126745
44.3906126745
44.3906126745
44.3906126745
44.3906126745
44.3906126745
44.3906126745
44.3906126745
44.3906126745
44.3906126745
44.3906126745
44.3906126745
44.3906126745
44.3906126745
44.3906126745
44.3906126745
44.3906126745
44.3906126745
44.3906126745
44.3906126745
44.3906126745
44.3906126745
44.3906126745
44.3906126745
44.3906126745
44.3906126745
44.3906126745
44.3906126745
44.3906126745
44.3906126745
44.3906126745
44.3906126745
44.3906126745
44.3906126745
44.3906126745
44.3906126745
44.3906126745
44.3906126745
44.3906126745
44.3906126745
44.3906126745
44.3906126745
44.3906126745
44.3906126745
44.3906126745
44.3906126745
44.3906126745
44.3906126745
44.3906126745
44.3906126745
44.3906126745
44.3906126745
44.3906126745
44.3906126745
44.3906126745
44.3906126745
44.3906126745
44.3906126745
44.3906126745
44.3906126745
44.3906126745
44.3906126745
44.3906126745
44.3906126745
44.3906126745
44.3906126745
44.3906126745
44.3906126745
44.3906126745
44.3906126745
