0.308899459434
0.303661695176
0.17166860731
0.170798225487
0.171462966697
0.171263471603
0.171306097504
0.17166860731
0.171263471603
0.172186324247
-0.0674054769757
0.171333121648
0.171423587387
0.172010651712
0.171418373404
-0.0650416733771
-0.0656193361897
0.171211971034
-0.332191196558
0.171423587387
-0.0656283860011
-0.0651464542135
0.17169309034
0.171462966697
-0.0679079908436
0.171898764293
0.170936665727
0.171211971034
-0.0676291965635
0.171260867171
0.171263471603
0.171352690083
-0.0652943775617
-0.0651464542135
0.171211971034
-0.0673172814798
0.171280806607
-0.0656283860011
0.17184630022
-0.0652681604428
-0.0720115705399
0.171624463123
0.172211556389
-0.233870435958
-0.0649112263511
0.171462966697
0.172258246019
-0.233356741168
-0.0652681604428
-0.0655563629448
-0.0676566104115
0.171211971034
-0.0652681604428
0.171351144439
0.171333121648
0.172100517064
-0.0653898063916
0.172147228597
-0.332436040247
0.171898764293
0.171624463123
0.171260867171
0.171468544236
0.1710052553
0.171421839678
-0.0422245017853
-0.399091235609
0.172283668149
0.170729145631
-0.233193440265
0.172050416822
-0.0672800027677
-0.332191196558
-0.0649070414679
-0.0650416733771
-0.0674431978662
0.170913387751
-0.0650416733771
-0.0649112263511
0.170798225487
-0.0721300790847
0.170729145631
0.17169309034
0.171280806607
0.171468544236
-0.0652681604428
-0.065303151375
0.171351144439
-0.0673893901837
-0.0651464542135
-0.0650374206238
0.172186324247
0.171306097504
0.171331620664
-0.0526120547382
0.171216625804
0.172215465527
0.17166860731
-0.042360087596
