50.4302196973
9.89842925131
9.82766393021
9.8253287969
9.82532839041
9.82532839046
9.82532839046
9.82532839046
9.82532839046
9.82532839046
9.82532839046
9.82532839046
9.82532839046
9.82532839046
9.82532839046
9.82532839046
9.82532839046
9.82532839046
9.82532839046
9.82532839046
9.82532839046
9.82532839046
9.82532839046
9.82532839046
9.82532839046
9.82532839046
9.82532839046
9.82532839046
9.82532839046
9.82532839046
9.82532839046
9.82532839046
9.82532839046
9.82532839046
9.82532839046
9.82532839046
9.82532839046
9.82532839046
9.82532839046
9.82532839046
9.82532839046
9.82532839046
9.82532839046
9.82532839046
9.82532839046
9.82532839046
9.82532839046
9.82532839046
9.82532839046
9.82532839046
9.82532839046
9.82532839046
9.82532839046
9.82532839046
9.82532839046
9.82532839046
9.82532839046
9.82532839046
9.82532839046
9.82532839046
9.82532839046
9.82532839046
9.82532839046
9.82532839046
9.82532839046
9.82532839046
9.82532839046
9.82532839046
9.82532839046
9.82532839046
9.82532839046
9.82532839046
9.82532839046
9.82532839046
9.82532839046
9.82532839046
9.82532839046
9.82532839046
9.82532839046
9.82532839046
9.82532839046
9.82532839046
9.82532839046
9.82532839046
9.82532839046
9.82532839046
9.82532839046
9.82532839046
9.82532839046
9.82532839046
9.82532839046
9.82532839046
9.82532839046
9.82532839046
9.82532839046
9.82532839046
9.82532839046
9.82532839046
9.82532839046
9.82532839046
