0.849208044679
0.849208044679
-0.032845609345
-0.0329001384
-0.00300060193744
0.000694594938654
-0.0319043539304
-0.0284045888555
-0.0330090453902
-0.0283239692906
-0.0278449820689
-0.0282383672501
-0.0284948151209
-0.0282383672501
-0.0284045888555
-0.0278334858855
-0.0278334858855
-0.0278947590592
-0.028523243094
-0.0279274573101
-0.0283239692906
-0.0341907084957
-0.00303531919217
-0.0328728801764
-0.0283716926567
-0.0280753276862
-0.027919490877
-0.0278986968939
-0.00307002014007
-0.0284330047753
-0.0283524767362
-0.0393751740279
-0.0280710577052
-0.0283716926567
-0.0601741063507
-0.0284614075029
-0.02792346665
-0.0281812327102
-0.0031930852644
-0.0394768302348
-0.00316619133407
-0.0279274573101
-0.0327637211159
-0.0282234059888
-0.0693913186679
-0.0327363997653
0.849208044679
-0.0328183258969
-0.0278161280503
-0.0278334858855
-0.0284330047753
-0.0278986968939
0.00655401624308
-0.0283524767362
-0.0279274573101
-0.031986953005
-0.0317940430036
-0.0282383672501
-0.0284379194986
-0.0360529348564
-0.0284948151209
-0.0280710577052
-0.0318767953765
-0.0282383672501
-0.0277473604108
-0.0360793116427
-0.0283524767362
-0.0283761597344
-0.0284948151209
-0.0328183258969
-0.0328183258969
-0.0711097759792
-0.0277473604108
-0.0283239692906
-0.0394007107644
-0.0319318997139
-0.0278334858855
-0.0392984935177
-0.0278334858855
0.00674066626866
-0.0282383672501
-0.0278334858855
-0.0341907084957
-0.0328183258969
-0.028523243094
-0.028099737513
-0.0342557968686
-0.02792346665
-0.0282383672501
-0.0282669145569
-0.0317664332791
-0.0280423644862
-0.0328183258969
-0.027956204268
-0.0278908359179
-0.02786992301
0.0733542688253
-0.0284045888555
-0.0284290861226
