3.26456194171
44.7408646541
46.0995166172
46.0658518715
46.0669843333
46.0669847389
46.0669847601
46.0669847578
46.0669847578
46.0669847578
46.0669847578
46.0669847578
46.0669847578
46.0669847578
46.0669847578
46.0669847578
46.0669847578
46.0669847578
46.0669847578
46.0669847578
46.0669847578
46.0669847578
46.0669847578
46.0669847578
46.0669847578
46.0669847578
46.0669847578
46.0669847578
46.0669847578
46.0669847578
46.0669847578
46.0669847578
46.0669847578
46.0669847578
46.0669847578
46.0669847578
46.0669847578
46.0669847578
46.0669847578
46.0669847578
46.0669847578
46.0669847578
46.0669847578
46.0669847578
46.0669847578
46.0669847578
46.0669847578
46.0669847578
46.0669847578
46.0669847578
46.0669847578
46.0669847578
46.0669847578
46.0669847578
46.0669847578
46.0669847578
46.0669847578
46.0669847578
46.0669847578
46.0669847578
46.0669847578
46.0669847578
46.0669847578
46.0669847578
46.0669847578
46.0669847578
46.0669847578
46.0669847578
46.0669847578
46.0669847578
46.0669847578
46.0669847578
46.0669847578
46.0669847578
46.0669847578
46.0669847578
46.0669847578
46.0669847578
46.0669847578
46.0669847578
46.0669847578
46.0669847578
46.0669847578
46.0669847578
46.0669847578
46.0669847578
46.0669847578
46.0669847578
46.0669847578
46.0669847578
46.0669847578
46.0669847578
46.0669847578
46.0669847578
46.0669847578
46.0669847578
46.0669847578
46.0669847578
46.0669847578
46.0669847578
