0.194945187737
0.19490137435
-0.0421214072664
-0.0405475167677
0.0906309628411
-0.0415876374647
-0.0421214072664
0.0908899505977
0.073419890325
0.0910450259814
-0.0268482295082
-0.0405475167677
-0.0421214072664
0.091272854471
-0.0405475167677
-0.0405475167677
-0.0421214072664
-0.0421214072664
-0.42653635015
0.0908899505977
-0.041501572952
0.0906472597087
-0.0405475167677
-0.0415257109362
-0.0408881605694
-0.0416118555894
-0.0416328701927
-0.446096890535
-0.0416585495531
0.0936577709057
-0.0416555559852
-0.0415876374647
-0.0416555559852
-0.041432876388
0.0730933287656
-0.0421214072664
-0.277899903984
-0.280049097685
0.0794314889822
-0.0415876374647
-0.041501572952
-0.0417278104616
-0.0405475167677
-0.446096890535
-0.0421214072664
-0.26647661894
-0.0421214072664
-0.0416585495531
-0.0405475167677
-0.280049097685
0.0906730175434
-0.0421214072664
-0.0421214072664
0.0730933287656
-0.0405475167677
-0.0421214072664
-0.0413200703228
-0.0415876374647
0.0936690899893
-0.0415876374647
-0.0421214072664
-0.0411423774133
-0.0421214072664
0.0716679259801
-0.280049097685
-0.278291829008
-0.0415668379549
0.0716100919955
-0.0405475167677
-0.0409097202988
-0.42653635015
0.0911252117823
-0.278743060636
0.0735826636275
0.091272854471
-0.280503414943
-0.0421904521456
-0.42653635015
-0.0415876374647
-0.278617063634
-0.0413750195003
-0.0405475167677
0.091272854471
0.0907942411228
0.0733383770019
-0.0421214072664
0.0908348514492
-0.0416102307331
-0.278617063634
-0.280896668477
-0.545209088947
-0.0415876374647
-0.0417948917296
-0.277899903984
-0.0415615652754
-0.280049097685
-0.42653635015
0.0908852894307
-0.280770947363
