88.516552758
13.5639586326
13.5628639903
13.5627991265
13.5627991469
13.5627991465
13.5627991465
13.5627991465
13.5627991465
13.5627991465
13.5627991465
13.5627991465
13.5627991465
13.5627991465
13.5627991465
13.5627991465
13.5627991465
13.5627991465
13.5627991465
13.5627991465
13.5627991465
13.5627991465
13.5627991465
13.5627991465
13.5627991465
13.5627991465
13.5627991465
13.5627991465
13.5627991465
13.5627991465
13.5627991465
13.5627991465
13.5627991465
13.5627991465
13.5627991465
13.5627991465
13.5627991465
13.5627991465
13.5627991465
13.5627991465
13.5627991465
13.5627991465
13.5627991465
13.5627991465
13.5627991465
13.5627991465
13.5627991465
13.5627991465
13.5627991465
13.5627991465
13.5627991465
13.5627991465
13.5627991465
13.5627991465
13.5627991465
13.5627991465
13.5627991465
13.5627991465
13.5627991465
13.5627991465
13.5627991465
13.5627991465
13.5627991465
13.5627991465
13.5627991465
13.5627991465
13.5627991465
13.5627991465
13.5627991465
13.5627991465
13.5627991465
13.5627991465
13.5627991465
13.5627991465
13.5627991465
13.5627991465
13.5627991465
13.5627991465
13.5627991465
13.5627991465
13.5627991465
13.5627991465
13.5627991465
13.5627991465
13.5627991465
13.5627991465
13.5627991465
13.5627991465
13.5627991465
13.5627991465
13.5627991465
13.5627991465
13.5627991465
13.5627991465
13.5627991465
13.5627991465
13.5627991465
13.5627991465
13.5627991465
13.5627991465
