4.58754961901
88.2483865463
88.3144039978
88.3143938125
88.3143938125
88.3143938125
88.3143938125
88.3143938125
88.3143938125
88.3143938125
88.3143938125
88.3143938125
88.3143938125
88.3143938125
88.3143938125
88.3143938125
88.3143938125
88.3143938125
88.3143938125
88.3143938125
88.3143938125
88.3143938125
88.3143938125
88.3143938125
88.3143938125
88.3143938125
88.3143938125
88.3143938125
88.3143938125
88.3143938125
88.3143938125
88.3143938125
88.3143938125
88.3143938125
88.3143938125
88.3143938125
88.3143938125
88.3143938125
88.3143938125
88.3143938125
88.3143938125
88.3143938125
88.3143938125
88.3143938125
88.3143938125
88.3143938125
88.3143938125
88.3143938125
88.3143938125
88.3143938125
88.3143938125
88.3143938125
88.3143938125
88.3143938125
88.3143938125
88.3143938125
88.3143938125
88.3143938125
88.3143938125
88.3143938125
88.3143938125
88.3143938125
88.3143938125
88.3143938125
88.3143938125
88.3143938125
88.3143938125
88.3143938125
88.3143938125
88.3143938125
88.3143938125
88.3143938125
88.3143938125
88.3143938125
88.3143938125
88.3143938125
88.3143938125
88.3143938125
88.3143938125
88.3143938125
88.3143938125
88.3143938125
88.3143938125
88.3143938125
88.3143938125
88.3143938125
88.3143938125
88.3143938125
88.3143938125
88.3143938125
88.3143938125
88.3143938125
88.3143938125
88.3143938125
88.3143938125
88.3143938125
88.3143938125
88.3143938125
88.3143938125
88.3143938125
