22.0225588863
67.9791720648
67.9425283207
67.9457510752
67.9458251638
67.945828088
67.945828089
67.945828089
67.945828089
67.945828089
67.945828089
67.945828089
67.945828089
67.945828089
67.945828089
67.945828089
67.945828089
67.945828089
67.945828089
67.945828089
67.945828089
67.945828089
67.945828089
67.945828089
67.945828089
67.945828089
67.945828089
67.945828089
67.945828089
67.945828089
67.945828089
67.945828089
67.945828089
67.945828089
67.945828089
67.945828089
67.945828089
67.945828089
67.945828089
67.945828089
67.945828089
67.945828089
67.945828089
67.945828089
67.945828089
67.945828089
67.945828089
67.945828089
67.945828089
67.945828089
67.945828089
67.945828089
67.945828089
67.945828089
67.945828089
67.945828089
67.945828089
67.945828089
67.945828089
67.945828089
67.945828089
67.945828089
67.945828089
67.945828089
67.945828089
67.945828089
67.945828089
67.945828089
67.945828089
67.945828089
67.945828089
67.945828089
67.945828089
67.945828089
67.945828089
67.945828089
67.945828089
67.945828089
67.945828089
67.945828089
67.945828089
67.945828089
67.945828089
67.945828089
67.945828089
67.945828089
67.945828089
67.945828089
67.945828089
67.945828089
67.945828089
67.945828089
67.945828089
67.945828089
67.945828089
67.945828089
67.945828089
67.945828089
67.945828089
67.945828089
