52.015258767
55.1953733688
55.2001371812
55.2010801085
55.2009302276
55.2009302276
55.2009302276
55.2009302276
55.2009302276
55.2009302276
55.2009302276
55.2009302276
55.2009302276
55.2009302276
55.2009302276
55.2009302276
55.2009302276
55.2009302276
55.2009302276
55.2009302276
55.2009302276
55.2009302276
55.2009302276
55.2009302276
55.2009302276
55.2009302276
55.2009302276
55.2009302276
55.2009302276
55.2009302276
55.2009302276
55.2009302276
55.2009302276
55.2009302276
55.2009302276
55.2009302276
55.2009302276
55.2009302276
55.2009302276
55.2009302276
55.2009302276
55.2009302276
55.2009302276
55.2009302276
55.2009302276
55.2009302276
55.2009302276
55.2009302276
55.2009302276
55.2009302276
55.2009302276
55.2009302276
55.2009302276
55.2009302276
55.2009302276
55.2009302276
55.2009302276
55.2009302276
55.2009302276
55.2009302276
55.2009302276
55.2009302276
55.2009302276
55.2009302276
55.2009302276
55.2009302276
55.2009302276
55.2009302276
55.2009302276
55.2009302276
55.2009302276
55.2009302276
55.2009302276
55.2009302276
55.2009302276
55.2009302276
55.2009302276
55.2009302276
55.2009302276
55.2009302276
55.2009302276
55.2009302276
55.2009302276
55.2009302276
55.2009302276
55.2009302276
55.2009302276
55.2009302276
55.2009302276
55.2009302276
55.2009302276
55.2009302276
55.2009302276
55.2009302276
55.2009302276
55.2009302276
55.2009302276
55.2009302276
55.2009302276
55.2009302276
