-0.09952762349
0.809625537889
0.299039619622
0.809625537889
0.152552367157
0.132991826772
0.809625537889
0.809625537889
0.809625537889
-0.0673298672012
0.809625537889
0.809625537889
0.809625537889
0.809625537889
0.809625537889
0.809625537889
0.809625537889
0.809625537889
0.299039619622
0.809625537889
0.537501079842
0.299039619622
0.809625537889
-0.111641430437
0.301188813323
0.132991826772
-0.117439094068
-0.128815560428
0.537501079842
0.809625537889
0.809625537889
0.301188813323
-0.0426178259825
0.809625537889
0.809625537889
0.809625537889
0.809625537889
0.536967310041
0.809625537889
0.809625537889
-0.0317883622785
0.809625537889
0.538541200539
-0.129248692542
0.538541200539
0.809625537889
0.809625537889
0.537501079842
0.809625537889
0.809625537889
0.301188813323
0.538541200539
-0.129248692542
0.809625537889
0.809625537889
0.809625537889
0.301188813323
-0.129248692542
0.809625537889
0.809625537889
-0.0714593021669
0.809625537889
-0.117439094068
0.809625537889
0.809625537889
0.809625537889
0.809625537889
0.809625537889
0.299039619622
0.809625537889
0.809625537889
-0.0714593021669
0.809625537889
0.299039619622
0.809625537889
0.809625537889
0.538541200539
0.152552367157
0.809625537889
0.536967310041
0.809625537889
0.809625537889
-0.0317883622785
0.809625537889
0.809625537889
0.809625537889
-0.111641430437
0.809625537889
0.809625537889
0.809625537889
0.809625537889
0.299039619622
0.538541200539
0.809625537889
0.809625537889
0.809625537889
0.809625537889
0.809625537889
-0.0317883622785
