0.508580740485
-0.00971603743384
0.667531357768
0.159094633203
0.667531357768
0.667531357768
0.527884487785
-0.269132335363
0.396447020419
-0.00910235334798
-0.217755998553
0.667531357768
0.667531357768
-0.209424047321
0.667531357768
0.52766755473
0.667531357768
0.39487312992
0.667531357768
0.527884487785
0.667531357768
0.530652308092
0.395406899722
0.667531357768
0.667531357768
0.667531357768
0.667531357768
0.159094633203
-0.217755998553
0.667531357768
0.667531357768
-0.259533274188
0.156945439502
0.156945439502
0.667531357768
0.667531357768
-0.24162180361
0.395406899722
0.396447020419
0.667531357768
-0.173882542399
0.667531357768
0.159094633203
0.52766755473
0.667531357768
0.667531357768
0.667531357768
-0.213553482287
0.667531357768
0.528267391658
0.667531357768
0.667531357768
-0.217755998553
0.667531357768
0.667531357768
0.395406899722
0.39487312992
-0.213553482287
0.667531357768
-0.209424047321
0.510087865952
0.667531357768
0.52766755473
0.667531357768
0.667531357768
0.530652308092
0.667531357768
0.667531357768
0.0104581870368
0.39487312992
0.156945439502
0.667531357768
-0.213553482287
0.667531357768
0.508580740485
0.510087865952
0.52766755473
0.667531357768
-0.24162180361
0.396447020419
0.508580740485
0.39487312992
0.667531357768
0.667531357768
0.667531357768
0.667531357768
0.667531357768
0.667531357768
0.667531357768
0.396447020419
0.667531357768
0.667531357768
0.510087865952
-0.270909740549
0.667531357768
0.667531357768
0.52766755473
-0.209424047321
0.667531357768
