0.319669618055
0.0798305565997
-0.490090637079
0.0798305565997
-0.304584386284
0.215609734772
0.0803643264014
-0.304584386284
0.299766721411
0.215609734772
0.215609734772
0.308653168009
0.308653168009
0.301651118359
0.217323949283
0.305963284895
0.304672963905
0.299766721411
0.217883879816
0.21262498141
0.306145119085
0.195045292632
0.215609734772
0.301651118359
0.299766721411
0.0803643264014
0.193538167164
0.308653168009
0.0803643264014
0.217323949283
0.217323949283
0.217315986231
0.195045292632
0.0814044470984
0.212841914464
0.316897151604
0.193538167164
0.21262498141
0.195045292632
0.212841914464
0.231750148084
0.229420506842
0.308653168009
0.213224818337
0.305963284895
0.212841914464
-0.490090637079
0.306145119085
0.305963284895
0.215609734772
0.305963284895
0.212841914464
0.213224818337
0.305963284895
0.212841914464
0.193538167164
0.229420506842
0.217862745667
0.212841914464
0.217883879816
0.217883879816
0.301651118359
0.212841914464
0.215609734772
0.305963284895
0.213224818337
0.213224818337
0.231750148084
0.193538167164
0.0814044470984
0.217883879816
0.217315986231
0.217883879816
0.305963284895
0.217862745667
0.299766721411
0.217883879816
0.316940098204
0.215609734772
0.217323949283
0.316940098204
0.213224818337
-0.155947940118
0.212841914464
0.217323949283
0.217883879816
0.212841914464
-0.304584386284
0.217883879816
0.21262498141
0.229420506842
0.21262498141
0.217323949283
0.304672963905
0.215609734772
0.213224818337
0.217883879816
0.305963284895
0.217315986231
