28.5420671343
52.6595065329
54.5876078763
54.8623243311
54.8310109851
54.8290047654
54.8291538545
54.829156375
54.8291564828
54.8291564763
54.8291564763
54.8291564763
54.8291564763
54.8291564763
54.8291564763
54.8291564763
54.8291564763
54.8291564763
54.8291564763
54.8291564763
54.8291564763
54.8291564763
54.8291564763
54.8291564763
54.8291564763
54.8291564763
54.8291564763
54.8291564763
54.8291564763
54.8291564763
54.8291564763
54.8291564763
54.8291564763
54.8291564763
54.8291564763
54.8291564763
54.8291564763
54.8291564763
54.8291564763
54.8291564763
54.8291564763
54.8291564763
54.8291564763
54.8291564763
54.8291564763
54.8291564763
54.8291564763
54.8291564763
54.8291564763
54.8291564763
54.8291564763
54.8291564763
54.8291564763
54.8291564763
54.8291564763
54.8291564763
54.8291564763
54.8291564763
54.8291564763
54.8291564763
54.8291564763
54.8291564763
54.8291564763
54.8291564763
54.8291564763
54.8291564763
54.8291564763
54.8291564763
54.8291564763
54.8291564763
54.8291564763
54.8291564763
54.8291564763
54.8291564763
54.8291564763
54.8291564763
54.8291564763
54.8291564763
54.8291564763
54.8291564763
54.8291564763
54.8291564763
54.8291564763
54.8291564763
54.8291564763
54.8291564763
54.8291564763
54.8291564763
54.8291564763
54.8291564763
54.8291564763
54.8291564763
54.8291564763
54.8291564763
54.8291564763
54.8291564763
54.8291564763
54.8291564763
54.8291564763
54.8291564763
