0.377162967503
0.289062428274
-0.428554896816
-0.0868974512116
0.15237452523
-0.0847482575105
-0.0847482575105
-0.233384703676
-0.0847482575105
-0.0868974512116
-0.0847482575105
0.151625935537
-0.233384703676
0.152604129706
-0.087745022003
-0.0847482575105
0.151030239207
0.151787431963
0.151564009009
0.152604129706
-0.0874936415709
-0.417725433112
-0.0868974512116
-0.0868974512116
0.152604129706
-0.0847482575105
0.152604129706
-0.428554896816
0.151030239207
-0.0868974512116
0.151680301707
0.151030239207
-0.0847482575105
-0.428554896816
-0.0847482575105
-0.252945244061
-0.0847482575105
-0.252945244061
0.151030239207
0.152604129706
0.151564009009
0.152604129706
0.151030239207
-0.233384703676
-0.233384703676
0.150961194328
0.151564009009
-0.252945244061
-0.0847482575105
-0.0847482575105
-0.0847482575105
-0.233384703676
-0.087117033927
-0.0847482575105
0.151030239207
-0.0847482575105
-0.0868974512116
-0.0868974512116
-0.252945244061
-0.418890954472
0.151564009009
-0.0847482575105
0.151968497274
0.152604129706
0.151631513076
-0.417725433112
0.152604129706
-0.0868974512116
0.151763063829
-0.0868974512116
-0.0868974512116
-0.0847482575105
0.151030239207
-0.0855730790055
0.152604129706
0.151564009009
-0.0868974512116
0.151564009009
-0.252945244061
0.151030239207
-0.417725433112
-0.233384703676
0.151564009009
0.151030239207
-0.428554896816
0.152604129706
0.151564009009
0.151659778531
-0.0847482575105
0.288515668839
-0.0868974512116
0.151469066344
0.152604129706
-0.0621971187554
-0.233384703676
-0.252945244061
-0.0872425081351
-0.0868974512116
0.151030239207
