16.1153043282
23.5603800642
23.5907941493
23.5907019874
23.5907017353
23.5907017393
23.5907017393
23.5907017393
23.5907017393
23.5907017393
23.5907017393
23.5907017393
23.5907017393
23.5907017393
23.5907017393
23.5907017393
23.5907017393
23.5907017393
23.5907017393
23.5907017393
23.5907017393
23.5907017393
23.5907017393
23.5907017393
23.5907017393
23.5907017393
23.5907017393
23.5907017393
23.5907017393
23.5907017393
23.5907017393
23.5907017393
23.5907017393
23.5907017393
23.5907017393
23.5907017393
23.5907017393
23.5907017393
23.5907017393
23.5907017393
23.5907017393
23.5907017393
23.5907017393
23.5907017393
23.5907017393
23.5907017393
23.5907017393
23.5907017393
23.5907017393
23.5907017393
23.5907017393
23.5907017393
23.5907017393
23.5907017393
23.5907017393
23.5907017393
23.5907017393
23.5907017393
23.5907017393
23.5907017393
23.5907017393
23.5907017393
23.5907017393
23.5907017393
23.5907017393
23.5907017393
23.5907017393
23.5907017393
23.5907017393
23.5907017393
23.5907017393
23.5907017393
23.5907017393
23.5907017393
23.5907017393
23.5907017393
23.5907017393
23.5907017393
23.5907017393
23.5907017393
23.5907017393
23.5907017393
23.5907017393
23.5907017393
23.5907017393
23.5907017393
23.5907017393
23.5907017393
23.5907017393
23.5907017393
23.5907017393
23.5907017393
23.5907017393
23.5907017393
23.5907017393
23.5907017393
23.5907017393
23.5907017393
23.5907017393
23.5907017393
