0.0189611373863
0.0181009464514
0.0179661788918
0.0179750605721
0.0179750605721
0.0188009791984
0.0188009791984
0.0202518103249
0.0183782666509
-0.0836190726599
0.0176532599373
0.0187265961118
0.0191339417233
0.0176532599373
0.0188009791984
0.0188009791984
0.0159541296608
0.0187265961118
0.0179661788918
0.0176532599373
0.0179661788918
0.0187535547128
0.0183782666509
0.0179661788918
0.0183782666509
0.0183782666509
0.0188009791984
0.0187535547128
0.0179750605721
0.0183782666509
0.0159970762608
0.0176532599373
0.0171946174668
0.0159970762608
0.0187265961118
0.0179661788918
0.00372994196187
0.0191339417233
0.0176532599373
0.0077101460666
0.0187265961118
0.0188009791984
0.0179750605721
0.0179661788918
0.0176532599373
0.0191339417233
0.0187535547128
0.0159541296608
0.0179661788918
0.0183782666509
0.0187535547128
0.0159970762608
0.0179750605721
0.0188009791984
0.0188009791984
0.0187535547128
0.0187535547128
0.0187265961118
-0.00117630053229
0.00502026295232
0.0179661788918
0.0077101460666
0.0179750605721
0.0185751063889
0.00372994196187
0.0179661788918
0.0171946174668
0.0179750605721
0.0187265961118
0.0187265961118
0.0187265961118
0.0187265961118
0.0187535547128
0.0191339417233
0.0187265961118
0.0159103162735
0.0183782666509
0.0188009791984
0.0187265961118
0.0179661788918
0.0187535547128
0.0179750605721
0.0191339417233
0.0188009791984
0.0159541296608
0.0159103162735
0.0191339417233
0.0179661788918
0.0188009791984
0.0159541296608
0.0176532599373
0.0191339417233
0.0187265961118
0.0159541296608
0.0187265961118
0.0183782666509
0.0179750605721
0.0191339417233
0.0183782666509
