26.6698780826
61.4734741434
61.4834533893
61.4834537255
61.4834537255
61.4834537255
61.4834537255
61.4834537255
61.4834537255
61.4834537255
61.4834537255
61.4834537255
61.4834537255
61.4834537255
61.4834537255
61.4834537255
61.4834537255
61.4834537255
61.4834537255
61.4834537255
61.4834537255
61.4834537255
61.4834537255
61.4834537255
61.4834537255
61.4834537255
61.4834537255
61.4834537255
61.4834537255
61.4834537255
61.4834537255
61.4834537255
61.4834537255
61.4834537255
61.4834537255
61.4834537255
61.4834537255
61.4834537255
61.4834537255
61.4834537255
61.4834537255
61.4834537255
61.4834537255
61.4834537255
61.4834537255
61.4834537255
61.4834537255
61.4834537255
61.4834537255
61.4834537255
61.4834537255
61.4834537255
61.4834537255
61.4834537255
61.4834537255
61.4834537255
61.4834537255
61.4834537255
61.4834537255
61.4834537255
61.4834537255
61.4834537255
61.4834537255
61.4834537255
61.4834537255
61.4834537255
61.4834537255
61.4834537255
61.4834537255
61.4834537255
61.4834537255
61.4834537255
61.4834537255
61.4834537255
61.4834537255
61.4834537255
61.4834537255
61.4834537255
61.4834537255
61.4834537255
61.4834537255
61.4834537255
61.4834537255
61.4834537255
61.4834537255
61.4834537255
61.4834537255
61.4834537255
61.4834537255
61.4834537255
61.4834537255
61.4834537255
61.4834537255
61.4834537255
61.4834537255
61.4834537255
61.4834537255
61.4834537255
61.4834537255
61.4834537255
