0.240207653409
0.333251086647
-0.279986467646
0.105776670397
-0.131480468506
-0.279986467646
0.104428475237
-0.13205361312
0.104474592622
0.105661721934
-0.138664212665
0.104290350502
0.104894326519
-0.138656523666
-0.108663296915
-0.132184001488
-0.279986467646
-0.13135002148
-0.13135002148
-0.134301981705
-0.133499215181
-0.13135002148
-0.13135002148
0.106002365736
0.104867302374
-0.133499215181
-0.13135002148
-0.279986467646
-0.299547008031
-0.475156660786
-0.131480468506
-0.134013444917
-0.131733172691
0.104962245039
0.105024171568
-0.133499215181
0.105776670397
-0.279986467646
-0.131828601521
-0.134018923766
0.105747529118
0.104912349309
-0.133499215181
-0.133499215181
0.105708433468
-0.131585249343
-0.133499215181
0.104428475237
0.105366733305
-0.279986467646
-0.279986467646
0.104979578275
-0.13395353244
0.104428475237
0.105708433468
-0.134007971471
0.106002365736
-0.133499215181
-0.108805931122
-0.131995158074
0.106002365736
0.105747529118
-0.280347699247
0.106002365736
-0.133881992995
0.106002365736
-0.13135002148
0.106002365736
0.104962245039
-0.108805931122
-0.133756076609
0.10456646017
-0.133756076609
-0.133756076609
0.104913894953
-0.131737557417
0.104290350502
-0.132174842975
0.104428475237
0.106002365736
0.105776670397
0.104912349309
0.105382925252
-0.299547008031
-0.132184001488
-0.13135002148
0.105747529118
-0.299795536297
-0.133777494445
0.104428475237
-0.133499215181
0.104567038026
-0.279986467646
-0.300387286752
-0.279986467646
0.105708433468
-0.133499215181
0.104962245039
0.104979578275
