0.80312509537
0.80312509537
-0.0393422830401
-0.0452239612334
-0.0491529694488
0.292156399289
-0.0741540070139
-0.0394916384528
-0.0454814232881
-0.0382888047968
-0.0740064159588
-0.0390177617725
-0.0492760345732
-0.0386787700556
-0.0739164351943
-0.0387542273103
-0.0386531073065
-0.0394543261564
-0.0452239612334
0.80312509537
-0.0452239612334
-0.0453956146888
-0.0453956146888
0.0271635569088
-0.0491449587346
-0.0395289330657
-0.0395928898993
0.532040758021
-0.0490835512462
-0.0740104066189
-0.0453883543701
-0.0453168309753
-0.0427190912269
0.80312509537
-0.0745120354313
-0.0394916384528
-0.0491529694488
-0.0854070147214
-0.0390553378598
-0.0452239612334
0.80312509537
-0.0375828692314
-0.0384377042461
-0.074125313795
-0.0393048998836
-0.0779597446853
-0.0744069185994
-0.0390553378598
-0.0392054634882
-0.0490488176731
-0.0745120354313
-0.0492065108473
-0.0390553378598
-0.0393422830401
-0.0394543261564
-0.0394916384528
0.80312509537
0.80312509537
-0.0392054634882
-0.0454672869339
-0.0387919289501
-0.0744833454268
-0.0416984061696
0.141956043709
-0.0452239612334
0.125963555046
0.530466867522
-0.037680466845
-0.0738590316138
-0.0382888047968
-0.0744591090431
-0.0739816462027
-0.0743063552976
-0.0453883543701
0.146051924639
-0.0375658835164
-0.0741826868218
0.80312509537
0.80312509537
-0.0490488176731
-0.0387542273103
-0.0452239612334
-0.0453883543701
-0.0386531073065
-0.0394916384528
0.530466867522
-0.0379091397266
0.0271635569088
-0.0375658835164
-0.0390928960623
-0.0394543261564
-0.039192643884
-0.0454672869339
-0.0394543261564
-0.0744546419655
-0.0490488176731
-0.0744069185994
-0.0392300803182
-0.0393796484627
