42.7203449869
16.3528183211
16.3528183211
16.3528183211
16.3528183211
16.3528183211
16.3528183211
16.3528183211
16.3528183211
16.3528183211
16.3528183211
16.3528183211
16.3528183211
16.3528183211
16.3528183211
16.3528183211
16.3528183211
16.3528183211
16.3528183211
16.3528183211
16.3528183211
16.3528183211
16.3528183211
16.3528183211
16.3528183211
16.3528183211
16.3528183211
16.3528183211
16.3528183211
16.3528183211
16.3528183211
16.3528183211
16.3528183211
16.3528183211
16.3528183211
16.3528183211
16.3528183211
16.3528183211
16.3528183211
16.3528183211
16.3528183211
16.3528183211
16.3528183211
16.3528183211
16.3528183211
16.3528183211
16.3528183211
16.3528183211
16.3528183211
16.3528183211
16.3528183211
16.3528183211
16.3528183211
16.3528183211
16.3528183211
16.3528183211
16.3528183211
16.3528183211
16.3528183211
16.3528183211
16.3528183211
16.3528183211
16.3528183211
16.3528183211
16.3528183211
16.3528183211
16.3528183211
16.3528183211
16.3528183211
16.3528183211
16.3528183211
16.3528183211
16.3528183211
16.3528183211
16.3528183211
16.3528183211
16.3528183211
16.3528183211
16.3528183211
16.3528183211
16.3528183211
16.3528183211
16.3528183211
16.3528183211
16.3528183211
16.3528183211
16.3528183211
16.3528183211
16.3528183211
16.3528183211
16.3528183211
16.3528183211
16.3528183211
16.3528183211
16.3528183211
16.3528183211
16.3528183211
16.3528183211
16.3528183211
16.3528183211
