9.64925710311
24.049753547
27.2993461246
26.7493727976
26.6749466989
26.6751893347
26.67517601
26.6751764641
26.6751764886
26.6751764874
26.6751764873
26.6751764873
26.6751764873
26.6751764873
26.6751764873
26.6751764873
26.6751764873
26.6751764873
26.6751764873
26.6751764873
26.6751764873
26.6751764873
26.6751764873
26.6751764873
26.6751764873
26.6751764873
26.6751764873
26.6751764873
26.6751764873
26.6751764873
26.6751764873
26.6751764873
26.6751764873
26.6751764873
26.6751764873
26.6751764873
26.6751764873
26.6751764873
26.6751764873
26.6751764873
26.6751764873
26.6751764873
26.6751764873
26.6751764873
26.6751764873
26.6751764873
26.6751764873
26.6751764873
26.6751764873
26.6751764873
26.6751764873
26.6751764873
26.6751764873
26.6751764873
26.6751764873
26.6751764873
26.6751764873
26.6751764873
26.6751764873
26.6751764873
26.6751764873
26.6751764873
26.6751764873
26.6751764873
26.6751764873
26.6751764873
26.6751764873
26.6751764873
26.6751764873
26.6751764873
26.6751764873
26.6751764873
26.6751764873
26.6751764873
26.6751764873
26.6751764873
26.6751764873
26.6751764873
26.6751764873
26.6751764873
26.6751764873
26.6751764873
26.6751764873
26.6751764873
26.6751764873
26.6751764873
26.6751764873
26.6751764873
26.6751764873
26.6751764873
26.6751764873
26.6751764873
26.6751764873
26.6751764873
26.6751764873
26.6751764873
26.6751764873
26.6751764873
26.6751764873
26.6751764873
