0.721549119541
0.044574004779
0.721549119541
0.0449154084245
0.0644759488093
0.448890891693
0.721549119541
0.235799119541
0.721549119541
-0.0541967899874
0.721549119541
0.721549119541
0.721549119541
0.721549119541
0.0446668801588
0.721549119541
0.721549119541
0.721549119541
0.721549119541
0.721549119541
0.21016043475
0.721549119541
0.721549119541
0.721549119541
0.450464782192
0.721549119541
-0.121030301986
0.450464782192
0.721549119541
0.212530093102
0.721549119541
0.721549119541
0.721549119541
0.450464782192
0.721549119541
0.449486588023
0.213112394975
0.721549119541
0.721549119541
0.721549119541
0.721549119541
0.21285130642
0.448890891693
0.449424661495
0.449486588023
0.210508884016
0.450464782192
0.721549119541
0.721549119541
0.44923559236
0.721549119541
0.721549119541
0.721549119541
0.721549119541
0.721549119541
0.721549119541
0.721549119541
0.450464782192
0.721549119541
0.721549119541
0.210743618559
0.721549119541
0.721549119541
0.721549119541
0.721549119541
0.210963201274
0.721549119541
0.721549119541
0.0640381812814
0.0441375829438
0.721549119541
0.721549119541
-0.121104908895
0.721549119541
0.721549119541
0.721549119541
0.449424661495
0.721549119541
0.562598502257
0.581685316503
0.721549119541
0.449424661495
-0.120254745885
0.0644759488093
0.0449154084245
0.0449154084245
0.721549119541
0.210963201274
0.210241351596
0.0441531853687
-0.121030301986
0.0646290415683
0.721549119541
0.721549119541
0.721549119541
0.0644759488093
0.721549119541
0.721549119541
0.721549119541
