-0.25601813269
0.216869905632
0.204602771333
0.216869905632
0.219599425483
0.220006771094
0.216869905632
0.208582975438
0.216869905632
0.206074926513
0.220006771094
0.208582975438
0.216826959032
0.208582975438
0.113154625765
0.205893092323
0.216869905632
0.216783145645
0.112771721892
0.216826959032
0.208582975438
0.199696528839
0.216869905632
0.216783145645
0.220006771094
0.205893092323
-0.0202396359721
0.220006771094
0.216869905632
0.206074926513
0.216783145645
0.201580925787
0.220006771094
0.0949751000599
0.203716346323
0.220006771094
0.208582975438
0.219673808569
0.12935031427
0.216869905632
0.216826959032
0.216869905632
0.216869905632
0.208582975438
0.204602771333
0.204602771333
0.216869905632
0.216783145645
0.216826959032
0.216869905632
0.216826959032
0.203716346323
0.208582975438
0.216869905632
0.216826959032
0.208582975438
0.206074926513
0.208582975438
0.208582975438
0.216783145645
0.216869905632
0.204602771333
0.206074926513
0.205893092323
0.216783145645
0.208582975438
0.220006771094
0.216826959032
0.11724579366
0.216783145645
0.216869905632
0.216826959032
0.216869905632
0.216783145645
0.206074926513
0.206074926513
0.206074926513
0.216826959032
0.201580925787
0.206074926513
0.206074926513
0.220006771094
0.205893092323
0.206074926513
0.093467974592
0.205893092323
0.216869905632
0.208582975438
0.208582975438
0.216826959032
0.216826959032
0.220006771094
0.216826959032
0.208582975438
0.204602771333
0.220006771094
0.216826959032
0.216869905632
0.216783145645
