17.9759215632
20.8732979444
21.3645693113
21.3645404211
21.3645433589
21.3645436083
21.3645436084
21.3645436084
21.3645436084
21.3645436084
21.3645436084
21.3645436084
21.3645436084
21.3645436084
21.3645436084
21.3645436084
21.3645436084
21.3645436084
21.3645436084
21.3645436084
21.3645436084
21.3645436084
21.3645436084
21.3645436084
21.3645436084
21.3645436084
21.3645436084
21.3645436084
21.3645436084
21.3645436084
21.3645436084
21.3645436084
21.3645436084
21.3645436084
21.3645436084
21.3645436084
21.3645436084
21.3645436084
21.3645436084
21.3645436084
21.3645436084
21.3645436084
21.3645436084
21.3645436084
21.3645436084
21.3645436084
21.3645436084
21.3645436084
21.3645436084
21.3645436084
21.3645436084
21.3645436084
21.3645436084
21.3645436084
21.3645436084
21.3645436084
21.3645436084
21.3645436084
21.3645436084
21.3645436084
21.3645436084
21.3645436084
21.3645436084
21.3645436084
21.3645436084
21.3645436084
21.3645436084
21.3645436084
21.3645436084
21.3645436084
21.3645436084
21.3645436084
21.3645436084
21.3645436084
21.3645436084
21.3645436084
21.3645436084
21.3645436084
21.3645436084
21.3645436084
21.3645436084
21.3645436084
21.3645436084
21.3645436084
21.3645436084
21.3645436084
21.3645436084
21.3645436084
21.3645436084
21.3645436084
21.3645436084
21.3645436084
21.3645436084
21.3645436084
21.3645436084
21.3645436084
21.3645436084
21.3645436084
21.3645436084
21.3645436084
