-0.0221789695274
-0.037387931147
-0.0284401770742
-0.02200630806
0.0157070544976
-0.0386020176435
-0.0287777309615
-0.0282243661033
-0.0287777309615
-0.0279588242846
-0.0101305892184
-0.0287454134793
-0.0278768928444
0.0106495548093
-0.0287130670194
-0.0221433437194
-0.0277124764979
-0.02200630806
-0.0377690534079
-0.0287615758402
-0.0278604844625
0.0156419661247
-0.0284564260123
-0.0279588242846
-0.0102763433574
-0.0221611606534
-0.0194935556746
-0.021003134679
-0.0221255187197
-0.022262875763
-0.0190801540414
-0.0378933018557
-0.0278440687044
-0.0221789695274
-0.0277454189763
-0.0393625411546
-0.0099435524739
-0.0103385097299
-0.0103177970852
-0.0192104608146
-0.0279096874994
-0.0102763433574
-0.0287130670194
-0.022262875763
-0.02200630806
-0.0211758184916
0.0138184513505
-0.0371072630528
-0.021003134679
0.0214883111623
-0.0278932938551
-0.0103177970852
0.0138184513505
0.0219703056831
0.0156956694235
-0.0276028254212
-0.0385467328202
0.0105225889653
-0.0102763433574
-0.0393489189161
0.0137920866887
-0.0101305892184
-0.021212012986
-0.022262875763
-0.0277289514452
-0.0220898445016
-0.0278768928444
-0.0275863443402
-0.0100680855271
0.0137920866887
-0.022262875763
-0.0385328962779
-0.0393352906447
-0.027794777123
-0.0192104608146
0.0179108099882
-0.0396651914435
0.0156956694235
-0.0220719952722
-0.0377245494705
-0.010214091572
-0.0277124764979
-0.0102763433574
-0.0375154822183
-0.0379073238656
-0.0194935556746
-0.037458856165
-0.0288100195047
-0.0287777309615
-0.02200630806
-0.0374730221624
-0.019776264584
-0.0278440687044
-0.021212012986
-0.0100473537063
-0.0221611606534
-0.0221611606534
-0.0100473537063
-0.0099435524739
