19.1056247017
75.1672701724
79.582484823
79.3308370832
79.3313952798
79.3313963116
79.3313963257
79.3313963255
79.3313963255
79.3313963255
79.3313963255
79.3313963255
79.3313963255
79.3313963255
79.3313963255
79.3313963255
79.3313963255
79.3313963255
79.3313963255
79.3313963255
79.3313963255
79.3313963255
79.3313963255
79.3313963255
79.3313963255
79.3313963255
79.3313963255
79.3313963255
79.3313963255
79.3313963255
79.3313963255
79.3313963255
79.3313963255
79.3313963255
79.3313963255
79.3313963255
79.3313963255
79.3313963255
79.3313963255
79.3313963255
79.3313963255
79.3313963255
79.3313963255
79.3313963255
79.3313963255
79.3313963255
79.3313963255
79.3313963255
79.3313963255
79.3313963255
79.3313963255
79.3313963255
79.3313963255
79.3313963255
79.3313963255
79.3313963255
79.3313963255
79.3313963255
79.3313963255
79.3313963255
79.3313963255
79.3313963255
79.3313963255
79.3313963255
79.3313963255
79.3313963255
79.3313963255
79.3313963255
79.3313963255
79.3313963255
79.3313963255
79.3313963255
79.3313963255
79.3313963255
79.3313963255
79.3313963255
79.3313963255
79.3313963255
79.3313963255
79.3313963255
79.3313963255
79.3313963255
79.3313963255
79.3313963255
79.3313963255
79.3313963255
79.3313963255
79.3313963255
79.3313963255
79.3313963255
79.3313963255
79.3313963255
79.3313963255
79.3313963255
79.3313963255
79.3313963255
79.3313963255
79.3313963255
79.3313963255
79.3313963255
