0.408404071103
0.172134802859
0.400117140909
0.411207974041
0.400117140909
0.304305887363
0.408361124503
0.408404071103
0.397427257795
0.323214120984
0.285002140063
0.400117140909
0.400117140909
0.400117140909
0.397609091985
0.397609091985
0.396136936804
0.408404071103
0.400117140909
0.408361124503
0.408317311116
0.395250511795
0.400117140909
0.393115091258
-0.433002647743
0.397609091985
0.397427257795
0.323214120984
0.408317311116
0.397609091985
0.411540936566
0.397609091985
0.408404071103
0.408317311116
0.397609091985
0.408361124503
0.400117140909
0.395250511795
0.400117140909
0.308779959131
0.397609091985
0.400117140909
0.397427257795
0.396136936804
0.408404071103
0.408361124503
0.308779959131
0.397609091985
0.408317311116
0.397609091985
0.408404071103
0.408361124503
0.408361124503
-0.0666331609195
0.39123069431
0.408404071103
0.400117140909
0.400117140909
0.411160549555
-0.0644839672184
0.393115091258
0.395250511795
0.395250511795
0.397609091985
-0.213120413384
0.411540936566
0.408361124503
0.308787922182
0.397427257795
0.308779959131
-0.408290606524
0.397427257795
0.397609091985
0.408317311116
0.400117140909
0.408404071103
0.411207974041
0.408361124503
0.408404071103
0.400117140909
0.408404071103
0.408317311116
0.39123069431
0.408361124503
0.408404071103
0.320884479741
0.397609091985
0.397609091985
0.408361124503
0.408361124503
0.408361124503
0.396136936804
0.408404071103
0.393115091258
0.408317311116
0.400117140909
0.320884479741
0.411540936566
0.400117140909
