51.2010542317
7.37566084217
7.80984002323
7.81734327659
7.81734845881
7.81734845622
7.81734845622
7.81734845622
7.81734845622
7.81734845622
7.81734845622
7.81734845622
7.81734845622
7.81734845622
7.81734845622
7.81734845622
7.81734845622
7.81734845622
7.81734845622
7.81734845622
7.81734845622
7.81734845622
7.81734845622
7.81734845622
7.81734845622
7.81734845622
7.81734845622
7.81734845622
7.81734845622
7.81734845622
7.81734845622
7.81734845622
7.81734845622
7.81734845622
7.81734845622
7.81734845622
7.81734845622
7.81734845622
7.81734845622
7.81734845622
7.81734845622
7.81734845622
7.81734845622
7.81734845622
7.81734845622
7.81734845622
7.81734845622
7.81734845622
7.81734845622
7.81734845622
7.81734845622
7.81734845622
7.81734845622
7.81734845622
7.81734845622
7.81734845622
7.81734845622
7.81734845622
7.81734845622
7.81734845622
7.81734845622
7.81734845622
7.81734845622
7.81734845622
7.81734845622
7.81734845622
7.81734845622
7.81734845622
7.81734845622
7.81734845622
7.81734845622
7.81734845622
7.81734845622
7.81734845622
7.81734845622
7.81734845622
7.81734845622
7.81734845622
7.81734845622
7.81734845622
7.81734845622
7.81734845622
7.81734845622
7.81734845622
7.81734845622
7.81734845622
7.81734845622
7.81734845622
7.81734845622
7.81734845622
7.81734845622
7.81734845622
7.81734845622
7.81734845622
7.81734845622
7.81734845622
7.81734845622
7.81734845622
7.81734845622
7.81734845622
