0.0259379281432
0.0556589971955
-0.0134668723364
-0.0169201895375
-0.0139201183232
-0.00634984312218
-0.0156776712307
-0.0129236112221
-0.00638038537838
-0.0129282866169
-0.0134350700391
-0.0129095732459
-0.0128767490242
-0.0156776712307
-0.0127324374384
-0.0125700403787
-0.0130592850507
-0.0136891981363
-0.0134441659084
-0.0129282866169
-0.00639258417408
-0.0127512719144
-0.00729265968449
-0.0156776712307
-0.0128814441194
-0.00643519871969
-0.00402455433938
-0.00639258417408
-0.0154946407625
-0.00405113850409
-0.0134396189248
-0.0129282866169
-0.0129189338628
-0.0125889713693
-0.0151836738909
-0.0127230083374
-0.00540694374448
-0.00638648606793
-0.0154905575776
-0.0127371490213
-0.0136891981363
-0.00728676342963
-0.00728676342963
-0.0129189338628
-0.0139201183232
-0.016175648824
-0.0162031117519
-0.0151961712884
-0.0151961712884
-0.0127559755977
-0.0156776712307
-0.0161677876735
-0.00631923603419
-0.0156695690006
-0.0127230083374
-0.012886137239
-0.0130639476205
-0.0127230083374
-0.0154905575776
-0.0151836738909
-0.012886137239
-0.0161874283734
-0.015221119296
-0.0129189338628
-0.0136891981363
-0.00640477264276
0.00271052205393
-0.0154987222548
-0.0175901332204
-0.0152294214674
-0.0156776712307
-0.0156776712307
-0.0136891981363
-0.0129189338628
-0.0152003336182
-0.0151878414258
-0.0129282866169
-0.0136891981363
-0.0125653026743
-0.0139201183232
-0.0152128102148
-0.0154946407625
-0.0127230083374
-0.00626397923952
-0.0127230083374
-0.0136891981363
-0.0151836738909
-0.00630697499983
-0.0128767490242
-0.0156655153614
-0.0128767490242
-0.0127371490213
-0.00282607545926
-0.0117701199068
-0.0125653026743
-0.0155028020557
-0.0153879247939
-0.0151961712884
-0.0127371490213
