17.9995432707
25.7934028981
25.407554841
25.4303582182
25.4314455572
25.4314451677
25.4314451808
25.4314451814
25.4314451814
25.4314451814
25.4314451814
25.4314451814
25.4314451814
25.4314451814
25.4314451814
25.4314451814
25.4314451814
25.4314451814
25.4314451814
25.4314451814
25.4314451814
25.4314451814
25.4314451814
25.4314451814
25.4314451814
25.4314451814
25.4314451814
25.4314451814
25.4314451814
25.4314451814
25.4314451814
25.4314451814
25.4314451814
25.4314451814
25.4314451814
25.4314451814
25.4314451814
25.4314451814
25.4314451814
25.4314451814
25.4314451814
25.4314451814
25.4314451814
25.4314451814
25.4314451814
25.4314451814
25.4314451814
25.4314451814
25.4314451814
25.4314451814
25.4314451814
25.4314451814
25.4314451814
25.4314451814
25.4314451814
25.4314451814
25.4314451814
25.4314451814
25.4314451814
25.4314451814
25.4314451814
25.4314451814
25.4314451814
25.4314451814
25.4314451814
25.4314451814
25.4314451814
25.4314451814
25.4314451814
25.4314451814
25.4314451814
25.4314451814
25.4314451814
25.4314451814
25.4314451814
25.4314451814
25.4314451814
25.4314451814
25.4314451814
25.4314451814
25.4314451814
25.4314451814
25.4314451814
25.4314451814
25.4314451814
25.4314451814
25.4314451814
25.4314451814
25.4314451814
25.4314451814
25.4314451814
25.4314451814
25.4314451814
25.4314451814
25.4314451814
25.4314451814
25.4314451814
25.4314451814
25.4314451814
25.4314451814
