-0.226959316924
-0.0784392990371
0.15795818178
-0.0804580457122
-0.0783088520111
0.157883180947
-0.226945298177
-0.247283664042
0.158501138633
0.158027719259
-0.0809177828208
-0.0856616011295
-0.411286027612
-0.0785656197453
-0.411286027612
0.157331519971
-0.0804580457122
-0.226952312676
-0.0787007770349
0.158024214018
-0.0787874320515
-0.246505838562
0.158003414508
-0.0805890527964
-0.0557506578127
0.158613026052
-0.079026011661
-0.0784392990371
-0.246669040132
0.158024214018
-0.0804580457122
-0.0557577132559
-0.226945298177
-0.0791428320188
-0.247096498819
-0.0804580457122
-0.246505838562
-0.0783088520111
0.157955064423
-0.0783088520111
-0.0804580457122
-0.0785656197453
-0.226945298177
0.158613026052
-0.0855047605669
-0.0804580457122
-0.411286027612
-0.0786920032217
0.158817839867
-0.0783088520111
0.159043535205
0.157538654635
0.158516747523
0.157539040067
0.158089479021
-0.0783088520111
-0.0670092944854
-0.0783088520111
-0.0809722754473
0.273173715601
-0.226945298177
-0.226945298177
-0.246591065925
0.158613026052
-0.0783088520111
-0.226945298177
-0.0804580457122
-0.0804580457122
0.158024214018
0.158860620359
0.157908471844
0.157331519971
-0.422115491317
0.157814345374
-0.0804580457122
-0.226945298177
-0.0856153541966
-0.246505838562
-0.0783088520111
-0.0791336735061
-0.0671330836206
0.157469644707
-0.0812608122359
-0.0557647616525
-0.0855277047447
-0.0806776284276
0.158817839867
-0.412451548972
-0.0784392990371
-0.0784392990371
0.157863241511
-0.226966310945
0.157953518779
0.158065341037
-0.0804580457122
-0.226945298177
0.157400599827
-0.0804580457122
0.157814345374
