0.00364079357869
0.240216565381
0.00468091427571
-0.400868459491
0.00468091427571
0.00310702377701
0.118321759809
0.00364079357869
0.135901448587
-0.576478112246
0.138886201949
0.00364079357869
-0.566814169902
0.118321759809
0.118321759809
0.118321759809
0.116814634341
0.135901448587
0.118321759809
0.116814634341
0.00364079357869
0.00310702377701
0.00468091427571
0.118321759809
0.00310702377701
0.00468091427571
0.00364079357869
0.135901448587
0.118321759809
0.00364079357869
0.116814634341
0.116814634341
0.135901448587
-0.381307919107
0.118321759809
-0.565648648542
0.00468091427571
0.00310702377701
0.138886201949
0.00364079357869
0.118321759809
0.116814634341
0.116814634341
0.118321759809
0.116814634341
0.136118381641
0.00364079357869
0.00310702377701
-0.400868459491
0.116814634341
0.135901448587
0.116814634341
0.118321759809
0.116814634341
0.00468091427571
0.138886201949
-0.400868459491
0.00364079357869
0.136501285514
0.118321759809
0.00310702377701
0.00310702377701
0.135901448587
-0.234820666642
0.00310702377701
0.116814634341
-0.400868459491
0.116814634341
0.00310702377701
0.135901448587
0.00468091427571
0.135901448587
0.118321759809
0.00364079357869
0.135901448587
-0.566814169902
0.00468091427571
0.00468091427571
0.135901448587
0.116814634341
0.116814634341
0.135901448587
0.135901448587
0.118321759809
0.00364079357869
0.135901448587
0.118321759809
0.116814634341
-0.566814169902
0.135901448587
0.118321759809
0.135901448587
0.136501285514
0.136118381641
0.118321759809
0.00310702377701
0.136501285514
0.135901448587
0.00468091427571
