31.8094188625
33.9836459564
34.0073623883
34.0021590968
34.0012722027
34.0013578745
34.0013545375
34.0013545375
34.0013545375
34.0013545375
34.0013545375
34.0013545375
34.0013545375
34.0013545375
34.0013545375
34.0013545375
34.0013545375
34.0013545375
34.0013545375
34.0013545375
34.0013545375
34.0013545375
34.0013545375
34.0013545375
34.0013545375
34.0013545375
34.0013545375
34.0013545375
34.0013545375
34.0013545375
34.0013545375
34.0013545375
34.0013545375
34.0013545375
34.0013545375
34.0013545375
34.0013545375
34.0013545375
34.0013545375
34.0013545375
34.0013545375
34.0013545375
34.0013545375
34.0013545375
34.0013545375
34.0013545375
34.0013545375
34.0013545375
34.0013545375
34.0013545375
34.0013545375
34.0013545375
34.0013545375
34.0013545375
34.0013545375
34.0013545375
34.0013545375
34.0013545375
34.0013545375
34.0013545375
34.0013545375
34.0013545375
34.0013545375
34.0013545375
34.0013545375
34.0013545375
34.0013545375
34.0013545375
34.0013545375
34.0013545375
34.0013545375
34.0013545375
34.0013545375
34.0013545375
34.0013545375
34.0013545375
34.0013545375
34.0013545375
34.0013545375
34.0013545375
34.0013545375
34.0013545375
34.0013545375
34.0013545375
34.0013545375
34.0013545375
34.0013545375
34.0013545375
34.0013545375
34.0013545375
34.0013545375
34.0013545375
34.0013545375
34.0013545375
34.0013545375
34.0013545375
34.0013545375
34.0013545375
34.0013545375
34.0013545375
