7.78637554664
34.5883745121
40.4625770078
39.8961885614
39.9269811084
39.9303533757
39.930036819
39.930036819
39.930036819
39.930036819
39.930036819
39.930036819
39.930036819
39.930036819
39.930036819
39.930036819
39.930036819
39.930036819
39.930036819
39.930036819
39.930036819
39.930036819
39.930036819
39.930036819
39.930036819
39.930036819
39.930036819
39.930036819
39.930036819
39.930036819
39.930036819
39.930036819
39.930036819
39.930036819
39.930036819
39.930036819
39.930036819
39.930036819
39.930036819
39.930036819
39.930036819
39.930036819
39.930036819
39.930036819
39.930036819
39.930036819
39.930036819
39.930036819
39.930036819
39.930036819
39.930036819
39.930036819
39.930036819
39.930036819
39.930036819
39.930036819
39.930036819
39.930036819
39.930036819
39.930036819
39.930036819
39.930036819
39.930036819
39.930036819
39.930036819
39.930036819
39.930036819
39.930036819
39.930036819
39.930036819
39.930036819
39.930036819
39.930036819
39.930036819
39.930036819
39.930036819
39.930036819
39.930036819
39.930036819
39.930036819
39.930036819
39.930036819
39.930036819
39.930036819
39.930036819
39.930036819
39.930036819
39.930036819
39.930036819
39.930036819
39.930036819
39.930036819
39.930036819
39.930036819
39.930036819
39.930036819
39.930036819
39.930036819
39.930036819
39.930036819
