73.6322600737
67.9858835503
67.9818649398
67.9818649398
67.9818649398
67.9818649398
67.9818649398
67.9818649398
67.9818649398
67.9818649398
67.9818649398
67.9818649398
67.9818649398
67.9818649398
67.9818649398
67.9818649398
67.9818649398
67.9818649398
67.9818649398
67.9818649398
67.9818649398
67.9818649398
67.9818649398
67.9818649398
67.9818649398
67.9818649398
67.9818649398
67.9818649398
67.9818649398
67.9818649398
67.9818649398
67.9818649398
67.9818649398
67.9818649398
67.9818649398
67.9818649398
67.9818649398
67.9818649398
67.9818649398
67.9818649398
67.9818649398
67.9818649398
67.9818649398
67.9818649398
67.9818649398
67.9818649398
67.9818649398
67.9818649398
67.9818649398
67.9818649398
67.9818649398
67.9818649398
67.9818649398
67.9818649398
67.9818649398
67.9818649398
67.9818649398
67.9818649398
67.9818649398
67.9818649398
67.9818649398
67.9818649398
67.9818649398
67.9818649398
67.9818649398
67.9818649398
67.9818649398
67.9818649398
67.9818649398
67.9818649398
67.9818649398
67.9818649398
67.9818649398
67.9818649398
67.9818649398
67.9818649398
67.9818649398
67.9818649398
67.9818649398
67.9818649398
67.9818649398
67.9818649398
67.9818649398
67.9818649398
67.9818649398
67.9818649398
67.9818649398
67.9818649398
67.9818649398
67.9818649398
67.9818649398
67.9818649398
67.9818649398
67.9818649398
67.9818649398
67.9818649398
67.9818649398
67.9818649398
67.9818649398
67.9818649398
