0.273308479756
0.27599836287
0.185631316988
-0.195821597991
0.0471757514603
0.0485667271127
0.160883362024
0.048520037483
-0.522633399102
-0.190751938958
0.0486815816183
-0.191315248822
-0.357226692676
-0.522596015945
-0.190751938958
0.0470376267249
-0.188985896468
-0.522884005961
0.0477714477905
-0.357141135454
0.0478524361144
0.0477770253293
0.0476145785974
0.0471067065812
0.0473143142488
0.048182418382
0.0483124577869
-0.190751938958
-0.189436725265
0.180570013198
-0.190971521674
-0.356799731808
-0.189121244572
0.0473137363935
0.162390487492
0.0476627254858
-0.437756382137
0.180570013198
0.0477303207719
0.047709521262
-0.520944118674
-0.190882946043
0.0476145785974
0.0485239466205
0.180183757434
0.0476611711763
0.182954929632
-0.521728820308
0.0485239466205
-0.189441311317
-0.356799731808
-0.19108090909
0.047709521262
-0.166044551059
0.0477320684804
-0.188863833813
0.0476642885341
0.0477078348527
-0.337676958951
-0.191222531748
0.17997017627
-0.189306336897
-0.195955494376
0.180132010176
0.161558740476
-0.165916020692
-0.189247881851
0.0476145785974
0.179944418435
-0.189441311317
-0.437938978031
-0.356799731808
-0.522083045012
-0.189319904907
-0.188842272551
0.160965084707
0.0473834465839
-0.188863833813
-0.522158394381
-0.191030218222
-0.337676958951
0.16901345313
-0.190971521674
-0.188733192283
-0.195680313386
-0.191473788636
-0.175176000731
0.180570013198
0.0484557096907
0.160989213965
-0.528665193464
-0.189081325298
-0.337600423024
0.161476965617
0.0482072453866
-0.191222531748
0.0482228542771
-0.189319904907
-0.195916936442
