93.7809119089
4.17729224693
4.25763333476
4.25944838145
4.25958685242
4.25958124441
4.25958124552
4.2595812455
4.2595812455
4.2595812455
4.2595812455
4.2595812455
4.2595812455
4.2595812455
4.2595812455
4.2595812455
4.2595812455
4.2595812455
4.2595812455
4.2595812455
4.2595812455
4.2595812455
4.2595812455
4.2595812455
4.2595812455
4.2595812455
4.2595812455
4.2595812455
4.2595812455
4.2595812455
4.2595812455
4.2595812455
4.2595812455
4.2595812455
4.2595812455
4.2595812455
4.2595812455
4.2595812455
4.2595812455
4.2595812455
4.2595812455
4.2595812455
4.2595812455
4.2595812455
4.2595812455
4.2595812455
4.2595812455
4.2595812455
4.2595812455
4.2595812455
4.2595812455
4.2595812455
4.2595812455
4.2595812455
4.2595812455
4.2595812455
4.2595812455
4.2595812455
4.2595812455
4.2595812455
4.2595812455
4.2595812455
4.2595812455
4.2595812455
4.2595812455
4.2595812455
4.2595812455
4.2595812455
4.2595812455
4.2595812455
4.2595812455
4.2595812455
4.2595812455
4.2595812455
4.2595812455
4.2595812455
4.2595812455
4.2595812455
4.2595812455
4.2595812455
4.2595812455
4.2595812455
4.2595812455
4.2595812455
4.2595812455
4.2595812455
4.2595812455
4.2595812455
4.2595812455
4.2595812455
4.2595812455
4.2595812455
4.2595812455
4.2595812455
4.2595812455
4.2595812455
4.2595812455
4.2595812455
4.2595812455
4.2595812455
