95.2442688305
78.9782907154
80.9666539864
81.1797380963
81.1397103208
81.1351962971
81.1356326315
81.1356326315
81.1356326315
81.1356326315
81.1356326315
81.1356326315
81.1356326315
81.1356326315
81.1356326315
81.1356326315
81.1356326315
81.1356326315
81.1356326315
81.1356326315
81.1356326315
81.1356326315
81.1356326315
81.1356326315
81.1356326315
81.1356326315
81.1356326315
81.1356326315
81.1356326315
81.1356326315
81.1356326315
81.1356326315
81.1356326315
81.1356326315
81.1356326315
81.1356326315
81.1356326315
81.1356326315
81.1356326315
81.1356326315
81.1356326315
81.1356326315
81.1356326315
81.1356326315
81.1356326315
81.1356326315
81.1356326315
81.1356326315
81.1356326315
81.1356326315
81.1356326315
81.1356326315
81.1356326315
81.1356326315
81.1356326315
81.1356326315
81.1356326315
81.1356326315
81.1356326315
81.1356326315
81.1356326315
81.1356326315
81.1356326315
81.1356326315
81.1356326315
81.1356326315
81.1356326315
81.1356326315
81.1356326315
81.1356326315
81.1356326315
81.1356326315
81.1356326315
81.1356326315
81.1356326315
81.1356326315
81.1356326315
81.1356326315
81.1356326315
81.1356326315
81.1356326315
81.1356326315
81.1356326315
81.1356326315
81.1356326315
81.1356326315
81.1356326315
81.1356326315
81.1356326315
81.1356326315
81.1356326315
81.1356326315
81.1356326315
81.1356326315
81.1356326315
81.1356326315
81.1356326315
81.1356326315
81.1356326315
81.1356326315
