0.0860258140233
0.201240550055
0.323092409027
0.219037171887
0.221804992195
0.314848425433
0.221804992195
0.312340376509
0.218820238833
0.199733424587
0.22405800309
0.237945405508
0.218820238833
0.224079137239
0.219037171887
0.223519206707
0.0860258140233
0.201240550055
0.218820238833
0.219420075761
0.087599704522
0.223519206707
0.086559583825
0.310868221328
0.310868221328
0.224079137239
0.22405800309
0.221804992195
0.199733424587
0.309981796319
0.219420075761
0.235615764265
0.235615764265
0.237945405508
0.219037171887
0.312158542319
0.22405800309
0.223519206707
0.219420075761
0.224079137239
0.312340376509
0.218820238833
0.223511243655
0.224079137239
0.310868221328
0.305961978834
0.22405800309
0.219420075761
0.310868221328
0.309981796319
0.312340376509
0.312340376509
0.223519206707
0.199733424587
0.201240550055
0.219420075761
0.201240550055
0.224079137239
0.219420075761
-0.482729858296
0.219420075761
0.199733424587
0.086559583825
0.223511243655
0.218820238833
0.314848425433
0.314848425433
0.219037171887
0.223511243655
0.224079137239
0.312158542319
0.312340376509
0.310868221328
0.312340376509
0.310868221328
0.309981796319
0.310868221328
0.224079137239
0.309981796319
0.310868221328
0.312158542319
0.219037171887
-0.493559322
0.223519206707
0.224079137239
0.221804992195
0.223511243655
0.221804992195
0.219420075761
0.223519206707
0.218820238833
0.224079137239
0.305961978834
0.218820238833
0.237945405508
0.221804992195
0.221804992195
0.219420075761
0.218820238833
