38.1301856811
14.6992252005
14.9506999856
14.9510153577
14.9510176598
14.9510176471
14.9510176471
14.9510176471
14.9510176471
14.9510176471
14.9510176471
14.9510176471
14.9510176471
14.9510176471
14.9510176471
14.9510176471
14.9510176471
14.9510176471
14.9510176471
14.9510176471
14.9510176471
14.9510176471
14.9510176471
14.9510176471
14.9510176471
14.9510176471
14.9510176471
14.9510176471
14.9510176471
14.9510176471
14.9510176471
14.9510176471
14.9510176471
14.9510176471
14.9510176471
14.9510176471
14.9510176471
14.9510176471
14.9510176471
14.9510176471
14.9510176471
14.9510176471
14.9510176471
14.9510176471
14.9510176471
14.9510176471
14.9510176471
14.9510176471
14.9510176471
14.9510176471
14.9510176471
14.9510176471
14.9510176471
14.9510176471
14.9510176471
14.9510176471
14.9510176471
14.9510176471
14.9510176471
14.9510176471
14.9510176471
14.9510176471
14.9510176471
14.9510176471
14.9510176471
14.9510176471
14.9510176471
14.9510176471
14.9510176471
14.9510176471
14.9510176471
14.9510176471
14.9510176471
14.9510176471
14.9510176471
14.9510176471
14.9510176471
14.9510176471
14.9510176471
14.9510176471
14.9510176471
14.9510176471
14.9510176471
14.9510176471
14.9510176471
14.9510176471
14.9510176471
14.9510176471
14.9510176471
14.9510176471
14.9510176471
14.9510176471
14.9510176471
14.9510176471
14.9510176471
14.9510176471
14.9510176471
14.9510176471
14.9510176471
14.9510176471
