2.85096376729
88.5245972544
91.9180108349
91.2599041588
91.2599041588
91.2599041588
91.2599041588
91.2599041588
91.2599041588
91.2599041588
91.2599041588
91.2599041588
91.2599041588
91.2599041588
91.2599041588
91.2599041588
91.2599041588
91.2599041588
91.2599041588
91.2599041588
91.2599041588
91.2599041588
91.2599041588
91.2599041588
91.2599041588
91.2599041588
91.2599041588
91.2599041588
91.2599041588
91.2599041588
91.2599041588
91.2599041588
91.2599041588
91.2599041588
91.2599041588
91.2599041588
91.2599041588
91.2599041588
91.2599041588
91.2599041588
91.2599041588
91.2599041588
91.2599041588
91.2599041588
91.2599041588
91.2599041588
91.2599041588
91.2599041588
91.2599041588
91.2599041588
91.2599041588
91.2599041588
91.2599041588
91.2599041588
91.2599041588
91.2599041588
91.2599041588
91.2599041588
91.2599041588
91.2599041588
91.2599041588
91.2599041588
91.2599041588
91.2599041588
91.2599041588
91.2599041588
91.2599041588
91.2599041588
91.2599041588
91.2599041588
91.2599041588
91.2599041588
91.2599041588
91.2599041588
91.2599041588
91.2599041588
91.2599041588
91.2599041588
91.2599041588
91.2599041588
91.2599041588
91.2599041588
91.2599041588
91.2599041588
91.2599041588
91.2599041588
91.2599041588
91.2599041588
91.2599041588
91.2599041588
91.2599041588
91.2599041588
91.2599041588
91.2599041588
91.2599041588
91.2599041588
91.2599041588
91.2599041588
91.2599041588
91.2599041588
