0.0311502366731
-0.0876755948826
0.688070314646
0.688070314646
0.688070314646
0.416985977296
-0.250370783671
-0.250370783671
-0.154509106881
0.688070314646
0.17963359008
0.53062682283
0.0309971439141
0.688070314646
0.688070314646
0.688070314646
0.415945856599
0.688070314646
0.688070314646
0.177484396379
0.548806348535
-0.153343585521
0.415412086798
0.688070314646
-0.221082846733
0.688070314646
0.53062682283
0.688070314646
0.17963359008
0.688070314646
0.688070314646
-0.197217041676
0.529119697362
0.688070314646
0.548206511608
0.688070314646
0.688070314646
-0.19301452541
0.548806348535
0.688070314646
-0.197217041676
0.688070314646
0.415412086798
0.688070314646
0.688070314646
0.688070314646
0.415945856599
0.688070314646
0.688070314646
0.688070314646
0.415412086798
0.688070314646
0.688070314646
0.177484396379
0.688070314646
0.688070314646
0.688070314646
0.415412086798
0.415945856599
0.0114366035294
-0.153343585521
0.688070314646
0.688070314646
0.548206511608
0.177484396379
0.688070314646
-0.188885090444
0.688070314646
-0.238994317311
0.688070314646
0.53062682283
0.688070314646
0.416985977296
0.17963359008
0.688070314646
0.416985977296
0.688070314646
0.548206511608
0.53062682283
-0.250370783671
0.17963359008
0.415412086798
0.688070314646
0.688070314646
0.688070314646
0.688070314646
-0.23319665368
0.688070314646
-0.250803915785
0.688070314646
0.177484396379
0.415945856599
0.53062682283
0.0114366035294
0.688070314646
0.688070314646
-0.154509106881
0.688070314646
0.415945856599
