0.390926777773
0.288546187348
-0.084848186027
0.152451733369
0.151499584854
-0.0875887823802
-0.233284668516
-0.233354185167
-0.085434898651
0.15119874265
-0.0876696992259
-0.453412525764
-0.0873866412862
0.151405458384
0.151546177433
0.151474293957
-0.0872497105161
-0.0850746730927
-0.0848354404209
0.151680592031
-0.0873866412862
0.151499584854
-0.0620310144353
0.151594527518
-0.0849788275565
0.2648212261
-0.085434898651
-0.233791952695
-0.0871237941297
0.150922632981
0.151656454047
-0.08472192804
-0.085556305061
0.151526608998
-0.0735419706106
0.151499584854
0.152379811597
0.15154929479
0.15126845284
0.15119874265
-0.0873212499603
0.151731186887
-0.084717739001
0.152092251643
-0.0872497105161
0.151130153077
-0.0852317851961
-0.3520808701
0.15119874265
0.152092251643
-0.0712934832632
0.151680592031
-0.0868669327021
0.151546177433
0.151546177433
-0.0620310144353
-0.233201092408
-0.0921967832893
-0.0854394302768
-0.0855608956528
0.152379811597
0.151662031586
0.151499584854
-0.0868669327021
-0.418998999705
-0.0849529668634
0.15140661234
0.151499584854
0.152092251643
0.152340715947
-0.084848186027
-0.0620310144353
0.151526608998
-0.233284668516
0.152408952877
-0.233368203914
-0.0852362383159
-0.0875887823802
-0.0853628755947
-0.0873212499603
0.151526608998
0.152408952877
0.152340715947
0.151617074737
0.151793582339
0.151656454047
-0.0920319301862
-0.0852317851961
0.151129767645
-0.417086576651
-0.0734181814753
-0.0620310144353
-0.0873266698108
-0.0848354404209
-0.418860435962
-0.0850790317835
0.151618832269
0.151807145483
0.151615327028
