11.5882307725
23.6510358833
23.9126365203
23.8680430983
23.8670403584
23.8670006227
23.8669996719
23.8669997523
23.8669997568
23.8669997568
23.8669997568
23.8669997568
23.8669997568
23.8669997568
23.8669997568
23.8669997568
23.8669997568
23.8669997568
23.8669997568
23.8669997568
23.8669997568
23.8669997568
23.8669997568
23.8669997568
23.8669997568
23.8669997568
23.8669997568
23.8669997568
23.8669997568
23.8669997568
23.8669997568
23.8669997568
23.8669997568
23.8669997568
23.8669997568
23.8669997568
23.8669997568
23.8669997568
23.8669997568
23.8669997568
23.8669997568
23.8669997568
23.8669997568
23.8669997568
23.8669997568
23.8669997568
23.8669997568
23.8669997568
23.8669997568
23.8669997568
23.8669997568
23.8669997568
23.8669997568
23.8669997568
23.8669997568
23.8669997568
23.8669997568
23.8669997568
23.8669997568
23.8669997568
23.8669997568
23.8669997568
23.8669997568
23.8669997568
23.8669997568
23.8669997568
23.8669997568
23.8669997568
23.8669997568
23.8669997568
23.8669997568
23.8669997568
23.8669997568
23.8669997568
23.8669997568
23.8669997568
23.8669997568
23.8669997568
23.8669997568
23.8669997568
23.8669997568
23.8669997568
23.8669997568
23.8669997568
23.8669997568
23.8669997568
23.8669997568
23.8669997568
23.8669997568
23.8669997568
23.8669997568
23.8669997568
23.8669997568
23.8669997568
23.8669997568
23.8669997568
23.8669997568
23.8669997568
23.8669997568
23.8669997568
