-0.0447310439408
0.0905143644296
0.194574247712
0.194648630799
0.194601206313
0.194574247712
0.194601206313
0.194981593324
0.178691168553
0.194648630799
0.194601206313
0.183557797667
0.181049748743
0.191801781261
0.194981593324
0.194225918252
0.191801781261
0.1043251365
0.181049748743
0.194225918252
0.191757967874
0.194601206313
0.194574247712
0.194574247712
0.194601206313
0.178691168553
0.194981593324
0.194981593324
0.193822712173
0.194601206313
0.194981593324
0.180867914553
0.191801781261
0.178691168553
0.194648630799
0.194574247712
0.193822712173
0.191844727861
0.194601206313
0.193813830492
0.194648630799
0.191801781261
0.194225918252
0.194225918252
0.194648630799
0.194981593324
0.194601206313
0.194574247712
0.194981593324
0.194648630799
0.183557797667
0.194981593324
0.194981593324
0.194225918252
0.194648630799
0.194648630799
0.194601206313
0.194648630799
0.194225918252
0.191801781261
0.191844727861
0.194648630799
0.194648630799
0.193813830492
0.194574247712
0.191757967874
0.194225918252
0.194648630799
0.194601206313
0.0684427968217
0.191757967874
0.191801781261
0.194601206313
0.193813830492
0.1043251365
0.194981593324
0.194981593324
0.194601206313
0.194981593324
0.194981593324
-0.283192504161
0.194574247712
0.0905143644296
0.194574247712
0.194225918252
0.194981593324
0.191801781261
0.194225918252
0.194981593324
0.194574247712
0.194601206313
0.194574247712
0.181049748743
0.191757967874
0.180867914553
0.179577593563
0.194981593324
0.194648630799
0.193822712173
