-0.0189622143176
0.000724436855729
0.107169236573
0.107196195174
0.104439716722
0.0912861574138
0.107196195174
0.104352956735
0.107196195174
0.107576582185
0.104396770122
0.096152786528
0.096152786528
0.096152786528
0.000724436855729
0.104396770122
0.0934629034138
0.107576582185
0.0936447376038
0.107576582185
0.106820907112
0.106820907112
0.107576582185
0.107169236573
0.107576582185
0.096152786528
0.107169236573
0.0912861574138
0.106408819353
0.104352956735
0.104352956735
0.107576582185
0.0936447376038
0.10724361966
0.106820907112
0.0936447376038
0.0936447376038
0.0912861574138
0.10724361966
0.10724361966
0.107576582185
0.107196195174
0.106820907112
0.107576582185
0.104439716722
0.107169236573
0.106408819353
0.0936447376038
0.0872663399291
0.104396770122
0.107196195174
0.10724361966
0.107576582185
0.104352956735
0.104439716722
0.104396770122
0.107169236573
0.00538349833425
-0.131095934383
0.00310935329037
0.107576582185
0.104396770122
0.107196195174
0.104352956735
0.104352956735
0.096152786528
0.107576582185
0.104352956735
0.107196195174
0.106417701034
0.096152786528
0.107196195174
0.107576582185
0.107169236573
0.104439716722
0.104396770122
0.107196195174
0.107196195174
0.106417701034
0.00536236418524
-0.0174550888497
0.104396770122
0.104352956735
0.107196195174
0.107576582185
0.104396770122
0.104439716722
0.107576582185
0.107576582185
0.0912861574138
0.00481560475012
0.107196195174
0.104396770122
-0.0174550888497
0.104396770122
0.107169236573
0.107196195174
0.104396770122
0.10724361966
