25.9061518768
81.0949372958
80.7327765067
80.7424140399
80.7424139879
80.7424139879
80.7424139879
80.7424139879
80.7424139879
80.7424139879
80.7424139879
80.7424139879
80.7424139879
80.7424139879
80.7424139879
80.7424139879
80.7424139879
80.7424139879
80.7424139879
80.7424139879
80.7424139879
80.7424139879
80.7424139879
80.7424139879
80.7424139879
80.7424139879
80.7424139879
80.7424139879
80.7424139879
80.7424139879
80.7424139879
80.7424139879
80.7424139879
80.7424139879
80.7424139879
80.7424139879
80.7424139879
80.7424139879
80.7424139879
80.7424139879
80.7424139879
80.7424139879
80.7424139879
80.7424139879
80.7424139879
80.7424139879
80.7424139879
80.7424139879
80.7424139879
80.7424139879
80.7424139879
80.7424139879
80.7424139879
80.7424139879
80.7424139879
80.7424139879
80.7424139879
80.7424139879
80.7424139879
80.7424139879
80.7424139879
80.7424139879
80.7424139879
80.7424139879
80.7424139879
80.7424139879
80.7424139879
80.7424139879
80.7424139879
80.7424139879
80.7424139879
80.7424139879
80.7424139879
80.7424139879
80.7424139879
80.7424139879
80.7424139879
80.7424139879
80.7424139879
80.7424139879
80.7424139879
80.7424139879
80.7424139879
80.7424139879
80.7424139879
80.7424139879
80.7424139879
80.7424139879
80.7424139879
80.7424139879
80.7424139879
80.7424139879
80.7424139879
80.7424139879
80.7424139879
80.7424139879
80.7424139879
80.7424139879
80.7424139879
80.7424139879
