[(0.43345137404615153, 0.76800598753387073)]
[(0.6839052393103322, 0.87450048002397696)]
[(0.67481908415908609, 0.90326658890209455)]
[(0.56642246916970174, 0.78461348688286148)]
[(0.32011087600731775, 0.68157487693136065)]
[(0.48501876218599499, 0.75594549889350582)]
[(0.28137368268709889, 0.66689453933047993)]
[(0.57938101191491787, 0.77710003391559368)]
[(0.51366611477472013, 0.910860191476627)]
[(0.51379803884525366, 0.79002185182386309)]
[(0.51522873556718263, 0.82189562949638084)]
[(0.4255972406729378, 0.72968770524068305)]
[(0.65898385284413075, 0.86339766193570089)]
[(0.38644510191174031, 0.70948718069410011)]
[(0.62730445058805573, 0.85884729101000334)]
[(0.63506398471371606, 0.85366481200704714)]
[(0.66092958277621894, 0.89073224739916135)]
[(0.58476675291168501, 0.85150634381619228)]
[(0.6464569776542245, 0.8409026960469822)]
[(0.48290632842826658, 0.77498085460880151)]
[(0.66324805710516299, 0.87991017796490978)]
[(0.57854537641399573, 0.82638049843464267)]
[(0.60713844027947084, 0.76333474014713354)]
[(0.45892902482108272, 0.75969234789178375)]
[(0.45950357295328909, 0.94692323538571543)]
[(0.69586760067093134, 0.90157684236644164)]
[(0.15960907655500356, 0.66682022249040063)]
[(0.66671631743072635, 0.85579327387466597)]
[(0.5458230543143181, 0.80486895693676141)]
[(0.73623934902774502, 0.89548004450025442)]
[(0.54708092481916504, 0.78171503122766706)]
[(0.49902746004042703, 0.94265292619378382)]
[(0.58588527949942093, 0.80288301714885135)]
[(0.38642194105255284, 0.73740361795498788)]
[(0.60373066277618714, 0.87277950654797454)]
[(0.53866379903987283, 0.77152979881074912)]
[(0.71494522716579256, 0.86713636644285619)]
[(0.63654849179260975, 0.85528865880191574)]
[(0.48856934958937154, 0.73640643242536585)]
[(0.33378880458756099, 0.70369939070262622)]
[(0.46832875475580799, 0.74682622182948877)]
[(0.65322950893229925, 0.86166175908480536)]
[(0.57481601840060625, 0.76901265061728996)]
[(0.60383521293262443, 0.84101222247652108)]
[(0.4730599001054529, 0.73073285340500127)]
[(0.68576428965544967, 0.86998438541834089)]
[(0.66839170788096858, 0.87371904840131431)]
[(0.45595884480300514, 0.71533838072298084)]
[(0.58823963757386211, 0.81253625129829077)]
[(0.41307848424895005, 0.77084324132992044)]
[(0.63839937897965526, 0.83401934523443266)]
[(0.34722818911317183, 0.70853730139415227)]
[(0.45882209326818962, 0.73879572653583303)]
[(0.4820672823682276, 0.73392870676987276)]
[(0.61407282027231924, 0.82208533465599853)]
[(0.28487843714218281, 0.6785359629619524)]
[(0.47513923255760987, 0.77072015227010149)]
[(0.62178710310932683, 0.83905171558278113)]
[(0.49127417686865915, 0.72923916323074212)]
[(0.64410684558990472, 0.87327460696790538)]
[(0.21654039563173816, 0.659546407947878)]
[(0.65091319458107333, 0.8549546380397034)]
[(0.5354614813036902, 0.78757730415237726)]
[(0.54677014416919001, 0.79947875918276601)]
[(0.65772406585185905, 0.87110541585427648)]
[(0.20771866906755682, 0.66117889547688957)]
[(0.61303563936412986, 0.84861636995881218)]
[(0.40693376266360881, 0.73318340609929067)]
[(0.54959947580981916, 0.77202546871176958)]
[(0.50513621748234849, 0.78613572971200318)]
[(0.64127888803063671, 0.84784852399360211)]
[(0.47946786016368875, 0.78721429362381046)]
[(0.52801346415425399, 0.90203095012882517)]
[(0.65665763478146189, 0.84567789884015843)]
[(0.69554455474480659, 0.87865102297865394)]
[(0.6417885279070652, 0.88183908212003936)]
[(0.20761628131003595, 0.63965788557737058)]
[(0.24887278866668877, 0.68272428950148778)]
[(0.44500969338562407, 0.71513665640021229)]
[(0.6022924860665162, 0.80473614989304154)]
[(0.56978305128046358, 0.82929218253146508)]
[(0.57905620570360028, 0.7764363580145619)]
[(0.54816690897232434, 0.75239469137823245)]
[(0.53087176160031391, 0.7509079278274805)]
[(0.54149344117333398, 0.7488199817159843)]
[(0.51802481580686932, 0.76894348025627857)]
[(0.50860168111053095, 0.76568436708605536)]
[(0.28817861911621134, 0.72520108728324029)]
[(0.63006162845879177, 0.7906875585469656)]
[(0.68783697899412344, 0.86136263121247225)]
[(0.57506000709462479, 0.81596462062369968)]
[(0.65245349457979707, 0.8460391149203228)]
[(0.57336163114713579, 0.8442119270060463)]
[(0.56189926273504465, 0.77931404770040247)]
[(0.52965673489573561, 0.80065429514477626)]
[(0.30918692642498385, 0.68882211216172395)]
[(0.63082539495456558, 0.83566004336845612)]
[(0.35777582011785092, 0.71321956069006165)]
[(0.67543093712309221, 0.88962719129587675)]
[(0.64946207470237227, 0.89889368145790371)]
[(0.62108849399862553, 0.82670493126434375)]
[(0.62871733143317976, 0.79981953362314928)]
[(0.45065026003586645, 0.72575018547146175)]
[(0.50873412225549208, 0.79953839159367457)]
[(0.36532871752097112, 0.72930960157067881)]
[(0.62047396413494404, 0.80992176439500252)]
[(0.6408949885386509, 0.85872716658681747)]
[(0.60466052945969839, 0.82736559263074216)]
[(0.66802042718550492, 0.87767152526372472)]
[(0.51890416604213996, 0.79828948625176177)]
[(0.32920647434323919, 0.7116528760837586)]
[(0.57895795209882162, 0.79829715044894589)]
[(0.67289731491780691, 0.88532083477277301)]
[(0.53497525577435545, 0.77715214275934585)]
[(0.45514701903885113, 0.72937918553166048)]
[(0.57436162911233302, 0.81130781076287872)]
[(0.60412164148585135, 0.8155581348591957)]
[(0.64767894997260544, 0.87332250802913181)]
[(0.28296770579712138, 0.68169863619454563)]
[(0.47643305025077615, 0.75710312364074517)]
[(0.62471435690803301, 0.86229237905824174)]
[(0.6078570552037712, 0.87472584112138818)]
[(0.58927918456742434, 0.82514284529659587)]
[(0.53112343607580126, 0.82947236650666589)]
[(0.60189040291992635, 0.85051139461395742)]
[(0.61317688594919406, 0.86418868364707313)]
[(0.7359416938364487, 0.90653868181302422)]
[(0.45729793319100509, 0.73795236561304511)]
[(0.66241849656170315, 0.84409833440931759)]
[(0.60901553339268111, 0.83290802266842012)]
[(0.32139092011504877, 0.67310403325371393)]
[(0.40479081730705291, 0.73499548439313089)]
[(0.64825580848863518, 0.8610018868577779)]
[(0.52743846745001899, 0.77821395400823346)]
[(0.48145952394623309, 0.85417006483971836)]
[(0.67601718790531207, 0.85672384024986392)]
[(0.6734247951856811, 0.88200327096319175)]
[(0.78718575657351753, 0.93040098060403043)]
[(0.57966728034420745, 0.78133713174729058)]
[(0.59445213451625945, 0.82697540800261737)]
[(0.46459996880908017, 0.71504476466392863)]
[(0.50880301453119392, 0.75989884088371085)]
[(0.32781643704636648, 0.75006324720726036)]
[(0.38222734806942565, 0.72565657046785725)]
[(0.60429749153942713, 0.83127761618383011)]
[(0.51756598790733566, 0.76577828151259975)]
[(0.29317978138481549, 0.67106060850573268)]
[(0.57862138528970219, 0.82571138129968646)]
[(0.48699024835230714, 0.76953248295744936)]
[(0.65587883307657291, 0.94240846083438834)]
[(0.54820021072344161, 0.86824311715663827)]
[(0.62735500959386414, 0.83390652268237964)]
[(0.47713005823020421, 0.78264124115181355)]
[(0.58785305548372424, 0.81635539031809534)]
[(0.63656230248948265, 0.8594196752507105)]
[(0.66518376693386672, 0.90354445592252408)]
[(0.40422170584927652, 0.72820899991798649)]
[(0.65772897760782301, 0.87126826611309771)]
[(0.51588457566481083, 0.7671953760635295)]
[(0.35232703595558224, 0.72230283983334076)]
[(0.67088747393989312, 0.87901973832994618)]
[(0.6421911998953177, 0.85477974033190074)]
[(0.48405420725146014, 0.76151421560147148)]
[(0.61956647229669393, 0.87309982893358284)]
[(0.58548274598282857, 0.86128593601630599)]
[(0.54120815486369545, 0.79133791842982326)]
[(0.62600766780788175, 0.82955044149000601)]
[(0.52621827919062603, 0.78057419844084786)]
[(0.47660787084621881, 0.74704601856345176)]
[(0.42663257644494651, 0.72758931534926752)]
[(0.66032987059563375, 0.86889462756618252)]
[(0.69721224046845387, 0.87239756401169366)]
[(0.72722725383839326, 0.90187811849190902)]
[(0.65049715876392911, 0.83287106615149487)]
[(0.50835628413822109, 0.85031775938427689)]
[(0.65127081426245081, 0.8359262918953102)]
[(0.67133554415092811, 0.88471161162051015)]
[(0.71790101506557702, 0.88997742554192283)]
[(0.34553285815479451, 0.70868148406108633)]
[(0.60895106861013371, 0.84531494471263868)]
[(0.61552342965734164, 0.79414010517179212)]
[(0.56909107104479828, 0.79745045534491166)]
[(0.61595301293305427, 0.79593327551488657)]
[(0.67006939661899534, 0.87943143875009055)]
[(0.59941411429529856, 0.80395452692081049)]
[(0.51024269770687514, 0.8010521607918103)]
[(0.49447181492747722, 0.78542797263379571)]
[(0.53835488559722655, 0.80540372548907935)]
[(0.52872552454697108, 0.9386624255629441)]
[(0.62641027281375339, 0.86451580448600951)]
[(0.56008474202598757, 0.79311375859218936)]
[(0.40403878277033428, 0.72286455601375899)]
[(0.67262403541696225, 0.88558029288656281)]
[(0.57963425081312703, 0.80862003553237205)]
[(0.38783607276204568, 0.73155799028230062)]
[(0.59368843452401376, 0.81288913046203393)]
[(0.3808236018061652, 0.71044005024669032)]
[(0.56851390514641909, 0.85096669757589527)]
[(0.54622371321873842, 0.88468463836087774)]
[(0.38839899230517189, 0.73265809764404077)]
[(0.37071757929823612, 0.71210222692157854)]
[(0.51317595644983927, 0.79652473086849462)]
[(0.60861952621361382, 0.78691270653898893)]
[(0.60271410376146095, 0.77444204701897146)]
[(0.42089885944249944, 0.7450604944118121)]
[(0.43031441061545223, 0.76772628600820858)]
[(0.60306076929580932, 0.85063370197389732)]
[(0.52893471795993041, 0.80165958506860202)]
[(0.66983055350715648, 0.83213692704062281)]
[(0.38997459145048641, 0.73200332926694844)]
[(0.65057387936317557, 0.83260316253433331)]
[(0.36828701000007164, 0.71792976971190015)]
[(0.65998766257041142, 0.85815551715748173)]
[(0.57304001097162471, 0.80143702072882284)]
[(0.70898963201146581, 0.88051860236451629)]
[(0.41103233914886389, 0.72850331168095384)]
[(0.65257685570453217, 0.82074075868755147)]
[(0.62291002595319045, 0.81732536281177948)]
[(0.67008832458343048, 0.86511475304129359)]
[(0.25276656253987695, 0.68795446546562344)]
[(0.68314376341744321, 0.85094823606376302)]
[(0.31682106770264495, 0.66147939347299523)]
[(0.72217834168334616, 0.92125839032761159)]
[(0.30544732671335445, 0.6869575493243173)]
[(0.56999771697380763, 0.80880443003315317)]
[(0.62180963472722517, 0.89375863051355109)]
[(0.69898379112148967, 0.85631980402811725)]
[(0.57715255504510088, 0.83057863432980439)]
[(0.64452148342540216, 0.88638601005828599)]
[(0.64048734540431529, 0.84804869673610506)]
[(0.41522634979874951, 0.71429124461973303)]
[(0.49049136341327998, 0.73670691778151465)]
[(0.70716768740805958, 0.93235994076993389)]
[(0.59016890881767436, 0.82583048183716867)]
[(0.74603723541179923, 0.92351193219853867)]
[(0.60161746385223935, 0.83048922553659932)]
[(0.45723393533176321, 0.79444152076086128)]
[(0.5543735786000632, 0.88545682167223516)]
[(0.31160668100859207, 0.66621568775973727)]
[(0.5213188847727861, 0.75935900044827365)]
[(0.54248257392967192, 0.81479407023279982)]
[(0.59100252543663012, 0.80471108103581757)]
[(0.29898980868232944, 0.67427448950872071)]
[(0.50094193603784842, 0.74726733092197972)]
[(0.61778206345046793, 0.82828041969724953)]
[(0.65849781052428658, 0.91003734151520654)]
[(0.58604534578593481, 0.82378810711869743)]
[(0.63192091321778099, 0.83854851549976828)]
[(0.66242570746971097, 0.85684502680592534)]
[(0.65354844799658895, 0.85839807947254865)]
[(0.63852391641658057, 0.80999453486101669)]
[(0.60462356780865012, 0.7930804052152135)]
[(0.35562347520437815, 0.69044715500783371)]
[(0.64769499326676239, 0.79866473775615832)]
[(0.66664069732711007, 0.8198430132049096)]
[(0.4773366640368143, 0.79071463330613223)]
[(0.55651318560457874, 0.80124841549343995)]
[(0.3519545938082036, 0.68235910563908952)]
[(0.1733171479168564, 0.6805772632353565)]
[(0.38344758027253484, 0.69817033750366886)]
[(0.44165280870710338, 0.73986980606936537)]
[(0.66163718844638675, 0.8804566992364633)]
[(0.64684015128899974, 0.84352067086261728)]
[(0.68400716068671885, 0.8700001565571942)]
[(0.61657350296892011, 0.8957016866260139)]
[(0.71047173283037257, 0.91738874128642456)]
[(0.19830583850662967, 0.66560193017627434)]
[(0.6241203436964029, 0.84383607282338813)]
[(0.67356704631096531, 0.90394396912355091)]
[(0.5245060556386737, 0.76873623427832538)]
[(0.55195246987479984, 0.79289367566486324)]
[(0.64938425195777938, 0.85487116795928608)]
[(0.46863428274820118, 0.75032587236252524)]
[(0.6107664239566134, 0.84761924324492299)]
[(0.47771264985253076, 0.75694183626113953)]
[(0.69071764542363623, 0.86408705097229288)]
[(0.55345291681353281, 0.78937961113708832)]
[(0.09174031669207082, 0.62021355855577742)]
[(0.7319286696094135, 0.89779016915619014)]
[(0.60470607761185546, 0.7851569586864463)]
[(0.22383214786298594, 0.97641885403961592)]
[(0.69678500460051163, 0.88582063581257009)]
[(0.40811460602238336, 0.70920199426760755)]
[(0.65151724631246655, 0.87426947915502673)]
[(0.27250459158064705, 0.65542143830306132)]
[(0.36131830500071432, 0.69241332075598339)]
[(0.69122396316951451, 0.86643343189473632)]
[(0.32953298934461156, 0.71113753150487491)]
[(0.5996682035936941, 0.84478380522704022)]
[(0.71453093740877294, 0.88445652945976216)]
[(0.66004897560560172, 0.89475833267453286)]
[(0.52457258330461398, 0.77706028497368396)]
[(0.63214015544386504, 0.82191589942316745)]
[(0.66775774060614357, 0.83825904181988975)]
[(0.63514858013048081, 0.86416068378947708)]
[(0.51226375625906673, 0.77170738609911149)]
[(0.4990411174897339, 0.7520447855630531)]
[(0.55155372722487739, 0.79768679986863589)]
[(0.42532757466482918, 0.71974326544305889)]
[(0.51813965182895538, 0.89799560344156759)]
[(0.65600803853537759, 0.85829702387373463)]
[(0.42957914387100815, 0.73912597453023299)]
[(0.47541875813108758, 0.71855406439405467)]
[(0.4232659855281542, 0.75214073585126318)]
[(0.62202569175769262, 0.84627677436838356)]
[(0.66652205898423145, 0.90158435568185424)]
[(0.63144013303963242, 0.85674929247236453)]
[(0.51124554958212076, 0.77539817038049419)]
[(0.69961510542858507, 0.90042583684253785)]
[(0.43568832592079437, 0.73866516438805019)]
[(0.43584476224077218, 0.8053151518452375)]
[(0.6290587648680066, 0.88938183276097893)]
[(0.62599828487303222, 0.8446582974696063)]
[(0.52392877995681986, 0.80507453047396427)]
[(0.67149878013969089, 0.86223243094894353)]
[(0.39203580810714167, 0.78928396073410489)]
[(0.54358208665685548, 0.78696969734107514)]
[(0.46684310282559932, 0.92504006256409821)]
[(0.59815360664707207, 0.85534279766955978)]
[(0.46952391627880524, 0.75020085116686686)]
[(0.71064764537058212, 0.92259406268259636)]
[(0.34296184027956872, 0.73073629213779678)]
[(0.6128967258295781, 0.8717892539387776)]
[(0.38471098052636554, 0.69057986596821308)]
[(0.56177324865918421, 0.79937830626039108)]
[(0.48187259032490898, 0.83123614420016823)]
[(0.654422534397196, 0.85045521019216785)]
[(0.56078680038478901, 0.83109512359369797)]
[(0.4541179353380031, 0.74331539176161932)]
[(0.61188154367514846, 0.79385655670362187)]
[(0.5883439100167257, 0.83552972650384461)]
[(0.69416094744348789, 0.87976779210803813)]
[(0.69868937860527658, 0.8370460562630988)]
[(0.132535056926364, 0.63333008092969978)]
[(0.55971551707172884, 0.75614663582770592)]
[(0.69774109529180595, 0.88811927768120658)]
[(0.71730048822980408, 0.8939605488076936)]
[(0.72853332767897061, 0.91746250161752207)]
[(0.68019201354492653, 0.87367813468083266)]
[(0.39055802551967161, 0.70431127171599317)]
[(0.41339454646238821, 0.7320153820152695)]
[(0.54188467155739184, 0.78279517426524514)]
[(0.59597927002573947, 0.82488783846321256)]
[(0.5491134565150857, 0.81097529078761632)]
[(0.47527987605601246, 0.74494701181498402)]
[(0.63040547076612219, 0.83413037850259442)]
[(0.3511907920974035, 0.73593641291100398)]
[(0.57840592900541299, 0.90335258441795729)]
[(0.44548550055629182, 0.85018939372184732)]
[(0.58837056512880026, 0.81299489901115174)]
[(0.55916806000486308, 0.79720526768829336)]
[(0.35860471834772123, 0.90124492765825526)]
[(0.30666995013496379, 0.70143531523226355)]
[(0.47339638564208114, 0.78759159536258783)]
[(0.50070038138968787, 0.74545515169694132)]
[(0.40416764705858443, 0.69212189757425113)]
[(0.47336447494781431, 0.72199177573444928)]
[(0.64855289577510777, 0.83528026926789967)]
[(0.71957594152103521, 0.9120579231285505)]
[(0.67248852218701693, 0.89271834132177919)]
[(0.59240381675782805, 0.79521530713255639)]
[(0.59832962574376714, 0.81642525910624797)]
[(0.13628069373032548, 0.62706879665336146)]
[(0.54758500656483478, 0.83795860238305853)]
[(0.34494518043423922, 0.7191507610253759)]
[(0.66070857581091735, 0.85111244979567757)]
[(0.44142204217137126, 0.71411346591176739)]
[(0.50536495473776499, 0.77467504514656071)]
[(0.58826933422147731, 0.83187308538497284)]
[(0.48716255662770103, 0.7560032829032195)]
[(0.62360098778746154, 0.79502271047338713)]
[(0.58101092090748507, 0.81821554309995614)]
[(0.49510814695868222, 0.74433404100920175)]
[(0.64380266192968305, 0.97914453722957306)]
[(0.67554493910454405, 0.8401782845169492)]
[(0.46592060825596598, 0.78602125841374759)]
[(0.714011488384105, 0.87886830525234361)]
[(0.7069578756878887, 0.85833532708330973)]
[(0.59022123727128761, 0.83919227828767118)]
[(0.23469665048969837, 0.66523890371911232)]
[(0.2689968166796548, 0.66221027765143781)]
[(0.58757245581140638, 0.81638961606591565)]
[(0.67049415471241292, 0.91154842807976832)]
[(0.63648729281475613, 0.84269133195034607)]
[(0.66022772218081716, 0.81765150975011391)]
[(0.6517298714178934, 0.87609589892740292)]
[(0.63076686011697902, 0.85144402108467288)]
[(0.63872584999648063, 0.84513724140714341)]
[(0.3368355279043056, 0.70381743404943675)]
[(0.51953301225098936, 0.92238010069916487)]
[(0.67460112875053835, 0.89397745087386926)]
[(0.58985880410946123, 0.79903973530439931)]
[(0.3739886271900747, 0.7200697376968711)]
[(0.36589729672812155, 0.72609665684914004)]
[(0.53457578815789764, 0.75130511873205141)]
[(0.48306711674004099, 0.75501573207088801)]
[(0.6182188347243085, 0.81806784312389502)]
[(0.60975407610605714, 0.84211987868006966)]
[(0.70275094755505918, 0.91380580917601695)]
[(0.61277231106868213, 0.83414728101664648)]
[(0.68050734442600547, 0.84239928516959905)]
[(0.53525136847361421, 0.77510669362460261)]
[(0.58689384562213864, 0.79351709882590959)]
[(0.57673049672607413, 0.89614564635892013)]
[(0.63807634213623021, 0.8799323978535939)]
[(0.63453438654961958, 0.85357887850612135)]
[(0.67499496620570643, 0.85186959874119705)]
[(0.71444191516279709, 0.86677807442757948)]
[(0.58507832207193244, 0.80850751010011945)]
[(0.70202761396129332, 0.85508827510363272)]
[(0.65739643487039445, 0.854266418785815)]
[(0.4230252903022067, 0.74421783905736749)]
[(0.72863655685562723, 0.88568263877393272)]
[(0.76808740849116586, 0.97301809715663501)]
[(0.57296900088401148, 0.84713986554009413)]
[(0.67032671324572335, 0.87082872814360179)]
[(0.68009691883210466, 0.88284964995055892)]
[(0.56259375854808824, 0.81100700710318585)]
[(0.54268707116748305, 0.8499614168491324)]
[(0.4117298305718276, 0.75198359213101906)]
[(0.59514295823251984, 0.78029393498966038)]
[(0.3225479305049051, 0.6565280781187558)]
[(0.68263518906771115, 0.85365668247757631)]
[(0.35516826739224905, 0.69878349452160704)]
[(0.58480408368255377, 0.78858530220310952)]
[(0.36342631628626143, 0.70218241908793599)]
[(0.46311793976577076, 0.73969191487064656)]
[(0.63103947300609842, 0.83250433665470303)]
[(0.45173330402731804, 0.69764693411474066)]
[(0.5214113492520156, 0.77285510401759705)]
[(0.64289234524801564, 0.87905924143426506)]
[(0.62400759049755794, 0.86868662575704048)]
[(0.68950143692249743, 0.86844475058294457)]
[(0.44677917264981704, 0.71399869198733723)]
[(0.57190593249179988, 0.89070652569469189)]
[(0.44497349076492193, 0.75663896631273353)]
[(0.58391155077508872, 0.83026697088834323)]
[(0.55441096033416315, 0.82413966433294017)]
[(0.67869249604715176, 0.84037960671168166)]
[(0.25062888055434634, 0.67478839095957044)]
[(0.63918734708748381, 0.83229280663541305)]
[(0.58324595324100936, 0.80711059382181272)]
[(0.50733884306381238, 0.89547065029439654)]
[(0.50452847711144166, 0.76888437391757347)]
[(0.52907320103495348, 0.76542895848672854)]
[(0.67541789020831144, 0.90812844724531017)]
[(0.2464863104552924, 0.67713821931717122)]
[(0.63115553160245008, 0.82762645894916032)]
[(0.64532338575402093, 0.85308167836939341)]
[(0.45310316200394907, 0.76691793779270478)]
[(0.34661673633475443, 0.68840658321445258)]
[(0.60586454204391826, 0.84218128940339199)]
[(0.37149602565021184, 0.73210258068077316)]
[(0.60790844164432578, 0.83762134753579409)]
[(0.41008650832745253, 0.70496893386684412)]
[(0.56060301857667649, 0.79656036711506717)]
[(0.76420793942524168, 0.97570211584107203)]
[(0.5122040426337946, 0.8017815846641515)]
[(0.53500909812220276, 0.75844961578254289)]
[(0.51613319240118549, 0.76549000927138189)]
[(0.55319259189106684, 0.7604965077377851)]
[(0.44583714349283138, 0.75443544510419713)]
[(0.50391312270243649, 0.75222737069212575)]
[(0.65054048446498369, 0.87124665937577894)]
[(0.65511008820428129, 0.86654638924875871)]
[(0.69884668344758427, 0.86630192939379469)]
[(0.6435913079799509, 0.84775502927036661)]
[(0.65540252061555504, 0.87962622054002915)]
[(0.4920748707464993, 0.73151465244877967)]
[(0.49471362547254111, 0.7865112928223259)]
[(0.18345543478550733, 0.64534051686284977)]
[(0.64730369812066402, 0.85565732372267089)]
[(0.47448173732612436, 0.72393294727307722)]
[(0.43399420606712313, 0.81985077652556637)]
[(0.63256647144269773, 0.85357324946654201)]
[(0.30618503385456108, 0.68282895254136533)]
[(0.62501219822150766, 0.86691405291448642)]
[(0.68043574938987683, 0.880017843260257)]
[(0.53225500102906376, 0.76728706961036186)]
[(0.53784117500397577, 0.79024215423400113)]
[(0.6868133347533848, 0.84445158350539695)]
[(0.45523862491926165, 0.71934861694402008)]
[(0.5287439059667588, 0.78904863285342253)]
[(0.54821109898077225, 0.84264837941837611)]
[(0.7098882890356828, 0.85465953909675185)]
[(0.65788767386260005, 0.87911918309427084)]
[(0.59303416817269183, 0.91046641925164873)]
[(0.63070409802626615, 0.84942166845410749)]
[(0.40771481502612333, 0.74539814278532157)]
[(0.63859192715275692, 0.84973625793450613)]
[(0.7086932217227192, 0.8813553101939241)]
[(0.60862693088955311, 0.81799387166042359)]
[(0.51204193428282951, 0.74889479032452799)]
[(0.53263788955211488, 0.96557149866686232)]
[(0.49505123777375504, 0.78765848206262146)]
[(0.69184895929835499, 0.89888137952124481)]
[(0.71700706095874878, 0.96059018963254161)]
[(0.62076713359541558, 0.83949913331860959)]
[(0.53282236843447994, 0.775187083111466)]
[(0.60932646937733881, 0.819461087843395)]
[(0.5949458339385858, 0.83568974196966916)]
[(0.28299802335171403, 0.69331819488424185)]
[(0.54061992890056243, 0.7588925754311584)]
[(0.68325498304853061, 0.85785316802439615)]
[(0.50477377730904649, 0.76067060988155111)]
[(0.59616625807441659, 0.79379965231020611)]
[(0.38083868927775461, 0.6987413704479718)]
[(0.44920449698555742, 0.75580925545693256)]
[(0.55757071154929583, 0.78934407874339552)]
[(0.52791618399188789, 0.78767942269629299)]
[(0.34142429811173103, 0.70884652397560177)]
[(0.62975833308801032, 0.84306810804067389)]
[(0.43045455047926184, 0.7655663082567965)]
[(0.28643391786767908, 0.69322013329698395)]
[(0.58288597801655007, 0.83286901047858375)]
[(0.36164843420087117, 0.72349454537200975)]
[(0.49005579345738293, 0.73906987848935579)]
[(0.55987043327177033, 0.76756784492302044)]
[(0.48711073890808848, 0.8666105967385479)]
[(0.72364659979690615, 0.88963487044987677)]
[(0.40851619594162303, 0.70463776956274571)]
[(0.40501500130890228, 0.73711478367921834)]
[(0.60459999156412036, 0.81347570947219716)]
[(0.62632908188648273, 0.85746581037730929)]
[(0.42125106718463595, 0.75032049094623399)]
[(0.62638181985771657, 0.85906910469168629)]
[(0.59547553449610824, 0.83944270041992375)]
[(0.59631413945202894, 0.78308341144520643)]
[(0.53953804544799155, 0.77882756233219297)]
[(0.60588834186746898, 0.78035298642812967)]
[(0.18679376143837198, 0.66168376111003679)]
[(0.34633172424765951, 0.68396846891498186)]
[(0.67116109798395729, 0.84377545715009583)]
[(0.28174466634056311, 0.68488250754422819)]
[(0.49313013335368711, 0.79065436596930105)]
[(0.54745700287789456, 0.80182265425927257)]
[(0.45240501708459313, 0.74972894560117087)]
[(0.36373575985687884, 0.69769677945339215)]
[(0.22547977245626974, 0.91292256657783)]
[(0.56339307709153263, 0.79801965763223148)]
[(0.58561700422117902, 0.83761653753992193)]
[(0.61079329434539475, 0.86020821356188015)]
[(0.45042155585521076, 0.7540556585251128)]
[(0.53635154257279982, 0.92863412995899863)]
[(0.25411883823935077, 0.6858929683301711)]
[(0.34671386936590004, 0.6985495520595516)]
[(0.65554673135850816, 0.86350037336750551)]
[(0.53607942327814662, 0.7831498755563161)]
[(0.67090260843314253, 0.87960475972174468)]
[(0.43789086667787963, 0.74735017511843194)]
[(0.70622420296690613, 0.89150960494206677)]
[(0.35428636542601166, 0.68755418804469204)]
[(0.307314341687698, 0.65994678028390341)]
[(0.63849198007469654, 0.90058284273159095)]
[(0.51491703759114982, 0.77002582442894441)]
[(0.54427372298840537, 0.77419841903299291)]
[(0.62541735383727515, 0.81995801613553188)]
[(0.52429823831174593, 0.76375372909555073)]
[(0.60493362454751898, 0.83142907152136591)]
[(0.68224025036545377, 0.8699676129825904)]
[(0.48469229496455041, 0.73574294869764645)]
[(0.71042443021441548, 0.8912682761438987)]
[(0.49248378457857461, 0.74822940581168507)]
[(0.74513903774670642, 0.91547706151346353)]
[(0.55024776923851715, 0.85891637577733737)]
[(0.57272461869411406, 0.78827664155139054)]
[(0.69397773764783388, 0.89619550631908063)]
[(0.36722074515962366, 0.70072584755569278)]
[(0.56182612238770668, 0.82672540097265845)]
[(0.41040594637897104, 0.77299657265110255)]
[(0.6422698640150043, 0.84458158067860323)]
[(0.40586126316104137, 0.72954300548867534)]
[(0.75220708631877975, 0.90216331883279166)]
[(0.5818155253099887, 0.81573049523808916)]
[(0.65822139604777508, 0.8871557561955814)]
[(0.51688939179886007, 0.81899981543216771)]
[(0.66201720359240201, 0.89322142997729415)]
[(0.42143834093992294, 0.88942263760282281)]
[(0.652596516623281, 0.85301845719180447)]
[(0.2777066707599713, 0.66495938014519729)]
[(0.50920145086643975, 0.87873233874308976)]
[(0.39873848831897818, 0.69823292057414998)]
[(0.44928567843360973, 0.73733053946377747)]
[(0.62500734997640761, 0.87937373468835933)]
[(0.60206020620793599, 0.85889719766649186)]
[(0.63698238119767692, 0.89179946376730734)]
[(0.50026862373695002, 0.75455584782665497)]
[(0.67355049174295467, 0.88198908522228292)]
[(0.28523110910934024, 0.67659517271384961)]
[(0.61788361993059215, 0.78521649161978657)]
[(0.51640877738496216, 0.76320862463864136)]
[(0.28565935875862675, 0.668775388464107)]
[(0.53413879189757063, 0.81142815733148399)]
[(0.75019799550073785, 0.90519811699654029)]
[(0.62026176699018487, 0.84362531857609313)]
[(0.71995703938163669, 0.88521347965739938)]
[(0.54128459760818348, 0.76967309187277677)]
[(0.66095197819267648, 0.85277844344260478)]
[(0.42697672287405602, 0.72138623826185577)]
[(0.61606117295726381, 0.83582624398250516)]
[(0.65995806183766104, 0.86415539777799988)]
[(0.67937857477037089, 0.82948497486811057)]
[(0.70955778155766835, 0.95183215143597788)]
[(0.6045035668299219, 0.87513390352133946)]
[(0.64549404076653993, 0.87020814225162535)]
[(0.47670107862099559, 0.76123770204691632)]
[(0.68785180582856587, 0.83020568092848002)]
[(0.62233758064584765, 0.84565290038035479)]
[(0.48413275922492344, 0.74749013859286551)]
[(0.62114440976551766, 0.84117461519422543)]
[(0.66237580298377896, 0.84333640009639499)]
[(0.59057021774393048, 0.77602634113259172)]
[(0.7697706406501198, 0.95443461063019197)]
[(0.60585388202645163, 0.82971223585297993)]
[(0.75407501386794695, 0.90568849039521071)]
[(0.63507485017307796, 0.82397002121341933)]
[(0.31519674724660296, 0.68571595173326927)]
[(0.52273896969290057, 0.83754616305561302)]
[(0.62427832010184503, 0.86623927408149393)]
[(0.5694474162694384, 0.81780208427551893)]
[(0.23182611412765541, 0.66238303868950144)]
[(0.47150831378762831, 0.7683549270208192)]
[(0.62898140116959567, 0.84788565127085624)]
[(0.61279622736126238, 0.77881539787873588)]
[(0.56242094268882659, 0.89126947344201624)]
[(0.52987602882571638, 0.8981794093758857)]
[(0.66044115626308231, 0.83741767097491415)]
[(0.51465719362140616, 0.79125844157508607)]
[(0.26780808663996591, 0.68589139655602671)]
[(0.62382578837185421, 0.83358113304614345)]
[(0.44887320360678445, 0.74981908319688906)]
[(0.62804254551672289, 0.89375517214272748)]
[(0.59147671441797356, 0.79931868012504803)]
[(0.6407958642964342, 0.87021274896987844)]
[(0.39952432624570827, 0.73295690542666037)]
[(0.62126647978227167, 0.85928748442439684)]
[(0.22249860172899222, 0.68179558807822915)]
[(0.54340769425755076, 0.78037978871747737)]
[(0.57413731886888353, 0.80682183171244548)]
[(0.6714452823123388, 0.88200344298808153)]
[(0.6493408201422316, 0.85488441439994833)]
[(0.52208107364717904, 0.81498383567736676)]
[(0.51534911358139157, 0.75805192277015443)]
[(0.56096966850463836, 0.79070894050800589)]
[(0.36813215247180514, 0.69024583224421876)]
[(0.58880243623558481, 0.80872889379763169)]
[(0.33922031214008691, 0.7122122716742475)]
[(0.66431210762765103, 0.84926103482342818)]
[(0.44586361197056767, 0.7335336321209005)]
[(0.40450461301750595, 0.72613056747813998)]
[(0.4751438330487463, 0.83678254195465351)]
[(0.57949218964938298, 0.83489265940690749)]
[(0.52185341195738733, 0.90275848554323757)]
[(0.48293994587597056, 0.7607186734306508)]
[(0.57975255910517609, 0.82175679401588897)]
[(0.57238347283882696, 0.78766906441141005)]
[(0.33881869447383928, 0.70638657423316742)]
[(0.50072578768202802, 0.79030409007860103)]
[(0.54596851283780146, 0.80101905657228401)]
[(0.44740977844944591, 0.75210152045288248)]
[(0.51122218005674347, 0.83486873635874581)]
[(0.52243442455337674, 0.82160866334324822)]
[(0.61571603373243067, 0.82925115346685463)]
[(0.67845327041918191, 0.86590442650790678)]
[(0.5518430812225259, 0.90143242667665968)]
[(0.61889953824617028, 0.84026751239426001)]
[(0.66367629669787087, 0.86668373624082651)]
[(0.63428901218801648, 0.85872390076561522)]
[(0.35398187708597612, 0.68170012470121455)]
[(0.45644148047142563, 0.74960850403381174)]
[(0.28059081189694562, 0.66608318258181243)]
[(0.41337346511141904, 0.75643474657901089)]
[(0.48716131798362017, 0.8044462586680764)]
[(0.50773145679632536, 0.7939160991652966)]
[(0.33971518365218134, 0.71628568644408053)]
[(0.62766328607692534, 0.83369503742943651)]
[(0.62239655568034113, 0.86808277955933277)]
[(0.61976619783342668, 0.80564972654485423)]
[(0.7003154153783796, 0.88841151804201279)]
[(0.63921238852007733, 0.87982223744176535)]
[(0.57529071385229957, 0.80083831617840129)]
[(0.56359284657958164, 0.81685950128998908)]
[(0.68454866891168675, 0.86267841188198457)]
[(0.55616185525366024, 0.81348835536271258)]
[(0.39845080640090969, 0.72085409931344924)]
[(0.66782371480776892, 0.89364253499255542)]
[(0.53349918928908269, 0.82956770861238893)]
[(0.46925865253838467, 0.74209920198134338)]
[(0.37875773380086908, 0.70915636826481587)]
[(0.49457231830842285, 0.8002648756030839)]
[(0.39167905099242867, 0.71657823800882536)]
[(0.69494957107827793, 0.88490935244356683)]
[(0.44324346121571873, 0.72312658569146193)]
[(0.63128206726617608, 0.82909867776506585)]
[(0.63118902998700055, 0.87863518824358722)]
[(0.5823295798623741, 0.83628968042265073)]
[(0.66892408869538544, 0.82878145648392154)]
[(0.48344386244546639, 0.90835178768236691)]
[(0.6529859590546272, 0.83799072718681344)]
[(0.44606378502558819, 0.7189607881349076)]
[(0.60439801674154381, 0.85682011605384767)]
[(0.64982300653640446, 0.86981069231451669)]
[(0.58517391430622145, 0.77359281234603183)]
[(0.32292055184738871, 0.65434718510667267)]
[(0.66797320929807757, 0.83301389699107919)]
[(0.63057662197493403, 0.83385860284204427)]
[(0.62413546708140555, 0.86892551906114945)]
[(0.58994424154331782, 0.81541741763043496)]
[(0.41504517781418121, 0.73072041129797183)]
[(0.41997623058248351, 0.76483036253727976)]
[(0.59098487805662525, 0.79774609970748656)]
[(0.50444046184553015, 0.77731476454323489)]
[(0.5863571680145967, 0.82157062688066995)]
[(0.61380711431602375, 0.83141793245576501)]
[(0.31455197601242152, 0.70356813453127653)]
[(0.63458529117417795, 0.83414078981947104)]
[(0.4852213680615694, 0.88412734663594883)]
[(0.66366352478534385, 0.86645704579117822)]
[(0.40247025248211088, 0.73039554378503868)]
[(0.49466951626622019, 0.78005406790235632)]
[(0.54618812020266783, 0.77700650428603302)]
[(0.29945030222442487, 0.67398159311301353)]
[(0.42096504448624211, 0.7477589020033919)]
[(0.71853056350511368, 0.88374524088708506)]
[(0.36406361489600697, 0.71004250939468316)]
[(0.43015715615955602, 0.72388268650444687)]
[(0.66413017242566019, 0.85520286343660135)]
[(0.62985758500308342, 0.835279579032845)]
[(0.44718507347148151, 0.73455168970121043)]
[(0.59686839114839019, 0.84944687557109777)]
[(0.29737398609456739, 0.69553783591316165)]
[(0.5448524110794255, 0.81149514771905995)]
[(0.67537000497855315, 0.85950206670637674)]
[(0.59776462310587941, 0.78084821394502058)]
[(0.39239000871249463, 0.73086170551725904)]
[(0.47412323751757063, 0.75880374277874418)]
[(0.53858838192112712, 0.79002905248757826)]
[(0.44674173453920768, 0.74803754819792212)]
[(0.59265818086308719, 0.79151435511195845)]
[(0.400890795551401, 0.71741001733150789)]
[(0.38118947216885524, 0.70908556212992746)]
[(0.69566701429721911, 0.8652088365389714)]
[(0.28588645114894845, 0.72287722320250491)]
[(0.22452993444589697, 0.86680618214568272)]
[(0.59706913980807474, 0.81728162876631549)]
[(0.61789478434927048, 0.83162334073312383)]
[(0.41071410659668606, 0.7375684003126155)]
[(0.57377964324192099, 0.82867534918528207)]
[(0.74601833001914608, 0.93399527793906145)]
[(0.69581470599659545, 0.86034001165833263)]
[(0.64345696668782615, 0.85826721250809568)]
[(0.54971961753117171, 0.77462172947630814)]
[(0.63140115797345264, 0.82849724603736996)]
[(0.76075388044872239, 0.93961145568341997)]
[(0.586669382556682, 0.81925783456813961)]
[(0.68253679193036731, 0.87214861151536915)]
[(0.68631390935186198, 0.86640867030204938)]
[(0.71184792939105923, 0.88336839694204128)]
[(0.64653291773310018, 0.8766880080138979)]
[(0.48064948481853664, 0.75001498383925336)]
[(0.45115816721224333, 0.75108966453713266)]
[(0.3206624794244502, 0.69174377696649159)]
[(0.62752061496672462, 0.82409438233385857)]
[(0.45689106263509144, 0.77550182223981634)]
[(0.53484915916751519, 0.79501498874382126)]
[(0.56248681480273244, 0.79907963098441437)]
[(0.64020789341119488, 0.83319033966034406)]
[(0.5231265347041496, 0.83588317378477783)]
[(0.55650221223725527, 0.77331543772751909)]
[(0.4677199751652189, 0.75058328426107901)]
[(0.67480936693871252, 0.87911882084359816)]
[(0.59378146579124857, 0.84883735985033026)]
[(0.55980530145718632, 0.7848199166498695)]
[(0.57399480770457123, 0.85133827353215141)]
[(0.54212219467330425, 0.77918500110212774)]
[(0.27683649243658603, 0.68527645858118658)]
[(0.51524743974733067, 0.75923838208335648)]
[(0.41350437197566065, 0.7319996786968872)]
[(0.6112285543080761, 0.80345208932504208)]
[(0.56338811837028291, 0.77662303948094391)]
[(0.62208330779722654, 0.83092616678554776)]
[(0.71165623766726327, 0.92195514974675385)]
[(0.67489789584397142, 0.88246702906317898)]
[(0.49114866687619124, 0.74783818410560998)]
[(0.21317571796245641, 0.65765944646624264)]
[(0.64881672164274984, 0.85849326909372992)]
[(0.45543364475995618, 0.81920118908756645)]
[(0.42595356145505991, 0.72622172168405019)]
[(0.63459012952216443, 0.85264227722649433)]
[(0.54857721713329011, 0.79420746382437823)]
[(0.56327525656737687, 0.77432774534886006)]
[(0.58806217487247614, 0.78419479179401208)]
[(0.58695392738804042, 0.77433161106731907)]
[(0.66948232644799122, 0.89585947926781329)]
[(0.47746226908567019, 0.75297297481043279)]
[(0.6648409101958197, 0.85307996072711634)]
[(0.47573832560470386, 0.74938006970333759)]
[(0.66802584727130154, 0.87720665020261079)]
[(0.64449286286376439, 0.81925893930714933)]
[(0.53538523299771112, 0.77968365296974373)]
[(0.57423708059414647, 0.78509755272496329)]
[(0.66786329531582656, 0.86011532304750116)]
[(0.45563911621089376, 0.7603226936695946)]
[(0.54515619795894488, 0.76492412340300731)]
[(0.6095582565203288, 0.84536589698365527)]
[(0.45925246871320696, 0.78185760828415951)]
[(0.66653581434869746, 0.82982525489338077)]
[(0.65084992895282001, 0.84426912301712154)]
[(0.53747693850689671, 0.79863756571606392)]
[(0.59133364892893892, 0.83535208861404253)]
[(0.43890257724055182, 0.74681068115930471)]
[(0.50670312672223905, 0.84977488996041617)]
[(0.60943048102269537, 0.82682770192846267)]
[(0.64971679179272002, 0.85516225893606734)]
[(0.64534255376586402, 0.86576350464181728)]
[(0.46066890204914041, 0.76708161534730024)]
[(0.6167019743173292, 0.82564648480276648)]
[(0.53905922590463018, 0.81515723787157146)]
[(0.47517431841951446, 0.76441112343592144)]
[(0.53076758872908558, 0.78595139957720461)]
[(0.49672619188801431, 0.81293230567123775)]
[(0.70923554760232566, 0.88800094000668939)]
[(0.60890365290016302, 0.83571442884263336)]
[(0.38361843725683353, 0.69961260006038783)]
[(0.5145309079757413, 0.7586079231660886)]
[(0.53353096088453111, 0.925345095321774)]
[(0.31697091414475892, 0.67474786835450018)]
[(0.68782776139012158, 0.88073904907810474)]
[(0.68293710259044615, 0.86499961914879275)]
[(0.57354459478490993, 0.80632944470036572)]
[(0.35207679641778999, 0.68612569919151178)]
[(0.52156674322319341, 0.77386246163939065)]
[(0.49094097177640195, 0.74473845668001237)]
[(0.59104950037805326, 0.79697567856637908)]
[(0.47393667997319183, 0.75245300385149405)]
[(0.38514796701482118, 0.72548581105362053)]
[(0.47457810664130101, 0.73339868806776221)]
[(0.61831384926107991, 0.84405364474459543)]
[(0.42336041046091322, 0.73867064248991976)]
[(0.71036951349262645, 0.88215090301855514)]
[(0.41178343396092304, 0.71964763318853786)]
[(0.67654917892686384, 0.88552826757480596)]
[(0.53645316786561781, 0.77860105911946398)]
[(0.4777660962857298, 0.79525970524986589)]
[(0.63559476818273342, 0.86402303424387206)]
[(0.29161758961541029, 0.72065238815577892)]
[(0.36692164104054342, 0.70642223842992113)]
[(0.50877572995005937, 0.7811596000816402)]
[(0.56477509613657884, 0.79791639011069149)]
[(0.7293911350929313, 0.93846465637509158)]
[(0.68621923928227035, 0.84488098560128222)]
[(0.6518059528766692, 0.843058640220128)]
[(0.76489787110310092, 0.95900637883813555)]
[(0.63496084067941017, 0.80782234410994402)]
[(0.66046323842713306, 0.81859576376877619)]
[(0.56297385746373796, 0.80445550791670062)]
[(0.44211581430343777, 0.72995702026980858)]
[(0.5241118222930512, 0.76760655431641289)]
[(0.53543049581467328, 0.79923919905411467)]
[(0.48653759322767309, 0.74163901720615932)]
[(0.37778890629221751, 0.71518626990051504)]
[(0.71660362386716203, 0.85709269534766153)]
[(0.624147271384489, 0.85186373179928976)]
[(0.65744074137090247, 0.84986596151502491)]
[(0.60256125595174481, 0.85374408403446833)]
[(0.44039479164394973, 0.77703092660576822)]
[(0.62615889047339157, 0.7906081022064696)]
[(0.37441743289816481, 0.69936233762966371)]
[(0.32625236369169358, 0.70344545696768468)]
[(0.66051439984393778, 0.85765635203540258)]
[(0.57184754881327249, 0.79571571082352455)]
[(0.51804633237159492, 0.73642396074697558)]
[(0.45025895733053756, 0.76304744353829224)]
[(0.65811828510762405, 0.8344193662854511)]
[(0.37714523159553148, 0.70266010389224964)]
[(0.64355990518841466, 0.87554873048716098)]
[(0.72756453340902549, 0.88014613876947068)]
[(0.59934386459561495, 0.83484676785811285)]
[(0.36968730253689125, 0.71393860564082201)]
[(0.59734693761356417, 0.85077215292065611)]
[(0.39319422833493223, 0.70820378724880351)]
[(0.35912745076394986, 0.71837213695114099)]
[(0.38954176221269998, 0.71372198209562154)]
[(0.72904344999597059, 0.93015324968816548)]
[(0.68427938796142873, 0.84846188767368902)]
[(0.19093209333905714, 0.63706863718535001)]
[(0.44184918387780786, 0.75318490430876484)]
[(0.64808943756149762, 0.84033080457017073)]
[(0.38888023081699041, 0.70149118550802858)]
[(0.49645164854653373, 0.92947251766044781)]
[(0.73377329201479013, 0.82934571983550898)]
[(0.52195692753475875, 0.80240077494933337)]
[(0.64079864565839284, 0.82906737872917602)]
[(0.62058037109838671, 0.84196105786811737)]
[(0.60258009701561488, 0.81628758355214948)]
[(0.58447563697418936, 0.85390296424335133)]
[(0.52530061852761711, 0.79735851610122099)]
[(0.60950908200704945, 0.81788243590755771)]
[(0.4116104946476245, 0.73079955094751492)]
[(0.66247473952340219, 0.84476101135033788)]
[(0.55653389980439483, 0.81136335767261525)]
[(0.6575598240227134, 0.85058539911112674)]
[(0.74130359735280416, 0.90878292609206845)]
[(0.308777084040186, 0.69936848085517489)]
[(0.69391731038258109, 0.85842199842910516)]
[(0.3703695471215841, 0.68404968535713473)]
[(0.35045491618276153, 0.70238752955714601)]
[(0.65612719442606116, 0.86596013278961137)]
[(0.60364290570458301, 0.86502748513292715)]
[(0.60783831893622575, 0.80796400944388647)]
[(0.41638260339421651, 0.79727462342965882)]
[(0.46300840474789001, 0.71100514202799725)]
[(0.63355857497609247, 0.84813397186335826)]
[(0.60801886639375591, 0.83115022433119234)]
[(0.45821823856813387, 0.71638832772903926)]
[(0.62570929190612101, 0.85384460981208754)]
[(0.13673704702671963, 0.63296277495572173)]
[(0.57598546431297826, 0.79176934870613813)]
[(0.55573803536606448, 0.94201612105146026)]
[(0.55806755553222731, 0.79363543044651086)]
[(0.65963314801525186, 0.87117371942248034)]
[(0.68913729933990975, 0.91539701571862586)]
[(0.24310014141156752, 0.67323822847600656)]
[(0.55625754847993991, 0.86686995584892135)]
[(0.52376784862017789, 0.76991996366143489)]
[(0.56521283994004878, 0.79402920834896407)]
[(0.55010634189224361, 0.79833672408507794)]
[(0.41318827267122443, 0.74394867681889332)]
[(0.19371405819503845, 0.67982174115010374)]
[(0.50732012802058335, 0.76526126320843524)]
[(0.60574208265212592, 0.82980947832514995)]
[(0.45412721381566246, 0.76905747141603431)]
[(0.58192171724181041, 0.82082941789720898)]
[(0.54163603646216274, 0.81537721828247134)]
[(0.45091722065896794, 0.72333450814646649)]
[(0.63112059533355847, 0.85031241836404203)]
[(0.51743884642482063, 0.7707280029174417)]
[(0.21890537568968457, 0.65150354799544219)]
[(0.63703756065276185, 0.86944930381952079)]
[(0.59441398235535059, 0.81874941214270713)]
[(0.50779842954698851, 0.77380246931087338)]
[(0.46855017034305185, 0.77933092768410994)]
[(0.61859417840745856, 0.86502376375366674)]
[(0.38588568500382997, 0.71829860117777011)]
[(0.59842108084939516, 0.80252715883589676)]
[(0.54628932938303165, 0.75765974444911588)]
[(0.53544129628105996, 0.8030388083295753)]
[(0.55697915259767616, 0.79142810711790967)]
[(0.44368550137703622, 0.78340797109762661)]
[(0.68858863890586486, 0.87462579857585532)]
[(0.54603325549570381, 0.79523676210311689)]
[(0.34514241243767868, 0.70460060589290652)]
[(0.49765636901689136, 0.77240056536041268)]
[(0.34996742990608404, 0.68001152213977467)]
[(0.51688478188487275, 0.73576305492640759)]
[(0.6657371757332079, 0.85033371317469952)]
[(0.26214418826408992, 0.69914451905198616)]
[(0.66033779294513983, 0.85981186308685886)]
[(0.56654449717794719, 0.81953519914829609)]
[(0.64943826655882952, 0.85947399496730548)]
[(0.66502012189804838, 0.86550175552102449)]
[(0.64040743213777762, 0.84787882218097876)]
[(0.41670277978853826, 0.76689368238283351)]
[(0.4993387820299402, 0.74624981027976245)]
[(0.69091357675754639, 0.85256131091938236)]
[(0.60925192612803569, 0.79148232362417981)]
[(0.71497852584076549, 0.88813555384438991)]
[(0.66336772526236387, 0.89960850224418309)]
[(0.65649376190345798, 0.87217739122106464)]
[(0.43164403609714802, 0.73440970308240339)]
[(0.6680492876009303, 0.90737796568691897)]
[(0.68813345094552403, 0.86430180109729005)]
[(0.47408142730411784, 0.72664913798263897)]
[(0.32654975568998801, 0.70578225894501412)]
[(0.61428516836992364, 0.81038242440083985)]
[(0.49649208987254206, 0.75596924397731391)]
[(0.58926666317367238, 0.80452409884084541)]
[(0.60400278591251044, 0.88763245782874423)]
[(0.69146616154163565, 0.90537381651236792)]
[(0.58076421280226931, 0.80269619341437337)]
[(0.13929239833786891, 0.63206278882676725)]
[(0.55692536265896153, 0.79617737841896929)]
[(0.50669761927980594, 0.77848021198810635)]
[(0.69981017491875908, 0.88656897552403036)]
[(0.65480047786200657, 0.85586242070423668)]
[(0.44095271941362257, 0.70308565266678491)]
[(0.64507172394657541, 0.84222994474291391)]
[(0.56393071479120616, 0.78217534058299021)]
[(0.45016113863745166, 0.85491768336176466)]
[(0.57800967067244513, 0.81729180130194168)]
[(0.27347959296158808, 0.69256277626522555)]
[(0.57790856231447385, 0.81816898493997847)]
[(0.66781415259673504, 0.87448750912167506)]
[(0.546544592176334, 0.78731931733184224)]
[(0.37674913599340293, 0.71393745558134103)]
[(0.7082854321061457, 0.85254547543669024)]
[(0.49409372173095284, 0.75346489749033707)]
[(0.58081099849076168, 0.91027527328156366)]
[(0.56059752842859911, 0.78584915523275756)]
[(0.65015997978616891, 0.88359719538098613)]
