[(0.51147640756877921, 0.73147315237205168)]
[(0.25990769641249578, 0.73717545149827579)]
[(0.51746071002052174, 0.83998350079326145)]
[(0.24393435474192876, 0.66619063098473008)]
[(0.48391420046848149, 0.90855792547530967)]
[(0.51634223687266179, 0.8126385426109235)]
[(0.54912082149861641, 0.8040482839731149)]
[(0.47907368655228094, 0.77707084213590016)]
[(0.62668836435181396, 0.85549143259277072)]
[(0.57550487611611145, 0.8537648657448158)]
[(0.41592742570008867, 0.65434485452262803)]
[(0.36744699356582033, 0.76627487989625309)]
[(0.44471725486760638, 0.81247942248017069)]
[(0.43346328782703197, 0.79331852369605715)]
[(0.70670730083362154, 0.91548459331055232)]
[(0.38365612825840173, 0.76361723768478085)]
[(0.37139414027388523, 0.73857229510324662)]
[(0.55435554053424529, 0.92076585496625973)]
[(0.44885665785925377, 0.7753203268616663)]
[(0.40875837814127713, 0.74469329461014566)]
[(0.41298450978996565, 0.78751373613527698)]
[(0.53235574632171623, 0.79737801225277816)]
[(0.25553266864218543, 0.68924142317873049)]
[(0.40042425335352855, 0.78836941906729996)]
[(0.45505729830900299, 0.74666493904694986)]
[(0.49524834876106816, 0.77627854444771749)]
[(0.44380041792061203, 0.75600609795324325)]
[(0.66033906882929883, 0.87970944748603164)]
[(0.56900711438031415, 0.81288270404582053)]
[(0.46095621292282918, 0.84164042521721916)]
[(0.29494681410831158, 0.7597459302490418)]
[(0.50311857014731021, 0.75571458999153751)]
[(0.46569995580719847, 0.78838716752034421)]
[(0.28852897243853698, 0.71038596330888959)]
[(0.42562356977896737, 0.73887485266616404)]
[(0.43674690581140896, 0.71397164542842095)]
[(0.42825383313852111, 0.79792392378395505)]
[(0.43607445692832114, 0.96099301328198683)]
[(0.34315715896318677, 0.71997068696383393)]
[(0.37664452214866567, 0.73370654875890251)]
[(0.43403990703203593, 0.74768172014980816)]
[(0.72266302385121839, 0.91516104439986079)]
[(0.50570763814204922, 0.78303358242434873)]
[(0.23821300970833648, 0.66394994977906319)]
[(0.47697556712830791, 0.7573746855765735)]
[(0.37711872309908312, 0.74489956176892091)]
[(0.36413213618733747, 0.68967462489571407)]
[(0.65154414210865297, 0.85912871899189658)]
[(0.47385326426301344, 0.81244088181701202)]
[(0.16142762168269467, 0.78853155565019695)]
[(0.57644982737021466, 0.93528846961966772)]
[(0.54597735533756631, 0.76781069311241767)]
[(0.19680360591059018, 0.66141499269290005)]
[(0.55483720209828391, 0.80042207856225867)]
[(0.50023222931899147, 0.77326717598145089)]
[(0.34209279976465878, 0.67410112945044998)]
[(0.64601465961794835, 0.84328063541045029)]
[(0.6916389636380792, 0.83836267158529665)]
[(0.4292462362952314, 0.75124203997372385)]
[(0.30693576481328816, 0.68959980060463655)]
[(0.43218165682064097, 0.74344150259010722)]
[(0.2677814719111079, 0.68861670737559799)]
[(0.41797214546418859, 0.72365889506829173)]
[(0.44321016898415, 0.77351804379544375)]
[(0.43979952648508214, 0.75921335861264461)]
[(0.440319320587512, 0.73136542163543716)]
[(0.42201597943243291, 0.71767082493158718)]
[(0.5396644453288052, 0.77706152445660592)]
[(0.43547730150219588, 0.74637567277761474)]
[(0.40119357118965221, 0.72638496585892476)]
[(0.62571911995575857, 0.89459851519431621)]
[(0.47688967513814123, 0.88814605801182644)]
[(0.57527376833683586, 0.86092368347295689)]
[(0.71153975822985194, 0.89804463304884785)]
[(0.62074323277720755, 0.86210791168666745)]
[(0.42543397366690849, 0.83457066271990032)]
[(0.5434910826020618, 0.80873972133000993)]
[(0.48834423419818818, 0.76520557284297275)]
[(0.3852002204677345, 0.73160091063244193)]
[(0.54656449182681244, 0.86083141271187347)]
[(0.57014651784000836, 0.7678101956717408)]
[(0.62024049822466287, 0.83641948031484425)]
[(0.48865775179429899, 0.86090785814314064)]
[(0.57973302848404018, 0.78847847006411231)]
[(0.26301631407013776, 0.72623441765994246)]
[(0.54234757592762117, 0.79320945799136067)]
[(0.63661155752258036, 0.9247607124717333)]
[(0.51210065438535213, 0.80419443035988469)]
[(0.34732733197529125, 0.73325876529993683)]
[(0.60779680710867434, 0.78623602482244803)]
[(0.50272503866427654, 0.75892900159274013)]
[(0.42542544299550533, 0.72820532534882143)]
[(0.62815990064366567, 0.89375950279363381)]
[(0.44473616249104203, 0.76455519604963407)]
[(0.54739666733109393, 0.75608727383199448)]
[(0.277504088220969, 0.71757951816114363)]
[(0.49812421840567073, 0.82366613445553538)]
[(0.6009823518762486, 0.8426083316564924)]
[(0.24413240498400635, 0.74550727467985556)]
[(0.6003175182950693, 0.81518239069083964)]
[(0.41757077965034384, 0.74734228738165853)]
[(0.54317110163032922, 0.76148357003466671)]
[(0.41697393470667526, 0.76124406418883417)]
[(0.45119979113001712, 0.73602089933851611)]
[(0.65106518674330882, 0.84470048006027754)]
[(0.21812560013650917, 0.70150556628806182)]
[(0.62528660189998708, 0.84483563871100453)]
[(0.50792139743620901, 0.77758905241892917)]
[(0.44716036589386787, 0.9096354190670991)]
[(0.28243149213301949, 0.70414922220526754)]
[(0.38511260351561699, 0.76623231318730867)]
[(0.55467446416129607, 0.81386249225668639)]
[(0.48213981035462805, 0.80710573622177628)]
[(0.4966306256712098, 0.73264933665469123)]
[(0.17494931574949771, 0.72692421600570267)]
[(0.50828451768962468, 0.74056645941751775)]
[(0.38623942550593832, 0.71208463060467397)]
[(0.46724801098786828, 0.78945059928291994)]
[(0.3899058202638776, 0.7455384917701805)]
[(0.41322981616433385, 0.73232870871150924)]
[(0.6491583363060438, 0.83197235276331549)]
[(0.62328769295764574, 0.81928851993693008)]
[(0.55608666822205399, 0.79545688682442894)]
[(0.16797714004638087, 0.64192323382153471)]
[(0.39609430573169896, 0.74259414485434938)]
[(0.58690927705110041, 0.8377093759172336)]
[(0.39737242921123894, 0.71261479295007446)]
[(0.43198297783316669, 0.75805424993608617)]
[(0.35088035330171025, 0.78350668195940254)]
[(0.58283490455684461, 0.80638605237313676)]
[(0.45622413945021439, 0.76415523159352561)]
[(0.24396352730633156, 0.7000435967979679)]
[(0.59170904324768481, 0.84405228700729917)]
[(0.43556688398905713, 0.74168801996549194)]
[(0.28501874871892202, 0.74907903792078545)]
[(0.57621957855303274, 0.84640736773716263)]
[(0.60072310840249499, 0.84685724105016547)]
[(0.45851014398855428, 0.82793716383637328)]
[(0.44005626729922587, 0.73425101275770377)]
[(0.47675994762300461, 0.76781887034844132)]
[(0.47008886069149053, 0.73777511098631476)]
[(0.35444951939987468, 0.78118724696907427)]
[(0.55688028962219127, 0.76319685806212234)]
[(0.21330847603823519, 0.70688655956093516)]
[(0.56256198611549724, 0.7584332502198925)]
[(0.6174821839154967, 0.84067657833186271)]
[(0.62273683446666683, 0.87175405867923283)]
[(0.51070153119176509, 0.77324872482834828)]
[(0.65299535351932581, 0.87840808492913136)]
[(0.45658446881426024, 0.72727889832423898)]
[(0.66444467088636538, 0.81262013828394875)]
[(0.42974841572849337, 0.74124951400741435)]
[(0.76881610466394268, 0.9389729174813195)]
[(0.30606711509770945, 0.70556924190908887)]
[(0.60663557497731535, 0.83599817667431109)]
[(0.57257627179684967, 0.85394606882226476)]
[(0.56990314314992119, 0.91814916607022012)]
[(0.40645042742337906, 0.79097862889590309)]
[(0.4022106079686098, 0.74487501645943144)]
[(0.48428229642849552, 0.75392843991110337)]
[(0.61251930227326978, 0.81613887184179545)]
[(0.31301333784023266, 0.79166075720551299)]
[(0.30227521187653833, 0.69713219191201314)]
[(0.49881349078052462, 0.79664538834948861)]
[(0.20795488470358792, 0.72197530421265443)]
[(0.65504821954643155, 0.87231486958432403)]
[(0.52844297559554043, 0.7835547522260089)]
[(0.21891561335311882, 0.76060004419733795)]
[(0.52348838025999844, 0.7926388035671903)]
[(0.42153230791616086, 0.77637739889586843)]
[(0.42753628009423822, 0.85712919344535055)]
[(0.63762872537911686, 0.79218368650648197)]
[(0.70955631320710089, 0.8989507295316167)]
[(0.27267299021675295, 0.66423513072489115)]
[(0.14326904057805434, 0.66727516791957309)]
[(0.28150876865329622, 0.68518120804781035)]
[(0.61456856094907886, 0.83832566564903621)]
[(0.46251455016638915, 0.79906057517741769)]
[(0.64311934660771763, 0.85659937142206588)]
[(0.25268260940788745, 0.71328302407576083)]
[(0.56913888744205443, 0.81741115928534946)]
[(0.31831876727544128, 0.69943952992018776)]
[(0.45600016247649944, 0.74542756642907693)]
[(0.65218564536741963, 0.90887132956451244)]
[(0.43575080722943843, 0.7277650546758424)]
[(0.73980143685210253, 0.97221438701025864)]
[(0.5095832938214897, 0.79575387428091959)]
[(0.25497422143294712, 0.73039493749579576)]
[(0.35199067881123552, 0.70199077859381764)]
[(0.29595831889313334, 0.72474780033167763)]
[(0.36156090866246704, 0.71522550459808254)]
[(0.50518053099120819, 0.78653079941341764)]
[(0.22748628629396792, 0.67341213561984259)]
[(0.33641999742142054, 0.69367171530332017)]
[(0.30248795978118642, 0.7101557401854256)]
[(0.52107926092489554, 0.75423380690008068)]
[(0.27926614812391293, 0.73048079349508233)]
[(0.59925435795668469, 0.81447455492400278)]
[(0.54734993960555467, 0.79616087273031422)]
[(0.5684214706990971, 0.79496420271908586)]
[(0.62092499110372656, 0.84490300268547147)]
[(0.73228696637399526, 0.92346530866307575)]
[(0.43493736925304577, 0.74748486852867779)]
[(0.63698687557784572, 0.80655490886389236)]
[(0.31342159516698348, 0.75512140802871908)]
[(0.50880306468556713, 0.93948954001191198)]
[(0.4219813319503275, 0.70916730779306714)]
[(0.39200761844040061, 0.66933835940242836)]
[(0.42743355128158106, 0.74256890782857565)]
[(0.7541544696555188, 0.88571796485560028)]
[(0.37791816648037069, 0.73385370445194498)]
[(0.25815574767389055, 0.66522562023434417)]
[(0.4617225608938258, 0.74586290295799595)]
[(0.1268736367187831, 0.69983162526946796)]
[(0.4222099506893664, 0.79116596374161907)]
[(0.47939879713347738, 0.84437346085673892)]
[(0.64162153142979517, 0.80700314830955489)]
[(0.43782290798509454, 0.737251806512218)]
[(0.24317950010303158, 0.67792956039118279)]
[(0.60569569485755737, 0.82079122701955942)]
[(0.39101270465981636, 0.72886348925829658)]
[(0.60118408919915245, 0.83598496783858478)]
[(0.64961363271921957, 0.84702118683168237)]
[(0.47619795665205022, 0.79223276888977923)]
[(0.46426940999801164, 0.73464602288202641)]
[(0.69520188232726499, 0.88962769630319372)]
[(0.34438025138028616, 0.72380169397353022)]
[(0.18099695924379028, 0.69069793040119554)]
[(0.23100460617056418, 0.70005473473040525)]
[(0.4886538367418411, 0.78901573952210546)]
[(0.5091203438997739, 0.749007149804093)]
[(0.1065788542632549, 0.65783311627544183)]
[(0.59294723502347602, 0.76761028128560505)]
[(0.69698081100001164, 0.90522502600968924)]
[(0.27380780579009351, 0.74105553634310684)]
[(0.065282975445655075, 0.68589730709232533)]
[(0.3454196819542088, 0.69266810606933826)]
[(0.59356555668677813, 0.80151779232078468)]
[(0.4162433554160247, 0.75451500643406266)]
[(0.5142382634712126, 0.75259442323096581)]
[(0.56362195781621438, 0.81125617581870635)]
[(0.56239203929961334, 0.82708340844578276)]
[(0.64449666916050441, 0.87764867384324263)]
[(0.30440439674197356, 0.68279684380974803)]
[(0.18029542976297094, 0.69254916066032635)]
[(0.48836351481032614, 0.94539041498211518)]
[(0.18565473461931228, 0.66709981780896266)]
[(0.47476252489970877, 0.72059658002393878)]
[(0.54938244274928105, 0.79990411326100141)]
[(0.34893453805565033, 0.77149153507286561)]
[(0.64572180162999415, 0.84337903450573848)]
[(0.48892381554499764, 0.77706041865367581)]
[(0.35643673296070655, 0.76685726353060468)]
[(0.36629022767390995, 0.68010533510453886)]
[(0.41479221646518327, 0.74770533374617842)]
[(0.51046148408050396, 0.79268539783336645)]
[(0.45018115423745714, 0.89073414193581379)]
[(0.68881615245234329, 0.84699598661697018)]
[(0.59629613602475018, 0.8255201903862821)]
[(0.72463716962902069, 0.9480127901879819)]
[(0.51531558269865463, 0.8200539324343199)]
[(0.7362834760678284, 0.97257840017277786)]
[(0.253287216579133, 0.65263982948402499)]
[(0.47161568073229604, 0.74010559996923986)]
[(0.53974282596826839, 0.79278433700830431)]
[(0.49849241160342167, 0.74286347231361272)]
[(0.18742212820617152, 0.68014514822944905)]
[(0.51214531331897095, 0.82142878588768731)]
[(0.48762822862969585, 0.74850985940127868)]
[(0.5477030288872744, 0.80322536899272079)]
[(0.61676212717154766, 0.80967891074681542)]
[(0.44124612476652453, 0.76859679954373528)]
[(0.4335307304892233, 0.84147895337552303)]
[(0.26664270281050551, 0.68156207407005764)]
[(0.53794928031981715, 0.80282686458868346)]
[(0.36129619205032254, 0.73018873266731477)]
[(0.37496363917467951, 0.73865631316181624)]
[(0.54251404609935217, 0.82130856535277419)]
[(0.67936360903246407, 0.85688364848080423)]
[(0.54781785025257024, 0.78400617254458571)]
[(0.51981583855903657, 0.76262421438972983)]
[(0.68098868897557663, 0.86091548135730067)]
[(0.30780148583115785, 0.69510311075284104)]
[(0.51185732345913437, 0.77409110695839667)]
[(0.4918462642689535, 0.79207556601536877)]
[(0.5207993957292999, 0.78113185833811138)]
[(0.65111931153311597, 0.90235238520268179)]
[(0.4106920101368382, 0.76595239068993526)]
[(0.24206908166357016, 0.69986550651199642)]
[(0.51238015675504278, 0.80925804576075744)]
[(0.54860726402983528, 0.83378716187286805)]
[(0.6090517514765732, 0.84951282932635275)]
[(0.29310068464157574, 0.69476961913158553)]
[(0.26982561873766847, 0.71888313926179193)]
[(0.46405076095897108, 0.77762159144824594)]
[(0.5045742860074397, 0.85292446051453985)]
[(0.57407928841719968, 0.73528241713045317)]
[(0.45196538251787932, 0.88504958065479356)]
[(0.49569419032618089, 0.72602620879403534)]
[(0.67759922068633127, 0.88948710488326366)]
[(0.38988512413950382, 0.77365368836961623)]
[(0.52518140394990021, 0.78942554856985436)]
[(0.66003084388530919, 0.87684213369022046)]
[(0.66783676132880632, 0.88682982366170293)]
[(0.38428481165188, 0.72552928077876244)]
[(0.67990207048284812, 0.94382876808365312)]
[(0.5228794048623111, 0.79260675418381565)]
[(0.42657537795359279, 0.73989313443054183)]
[(0.5949139209018256, 0.80710567034291769)]
[(0.53185599756588153, 0.76216263519417837)]
[(0.339427956061297, 0.70923554466141425)]
[(0.23136997132257361, 0.68663987202201304)]
[(0.58176349463933208, 0.82373170136774443)]
[(0.55504354451678128, 0.82603694177380027)]
[(0.34818626852681139, 0.72491076139557442)]
[(0.44724376190701193, 0.74684501973046347)]
[(0.61705577676121093, 0.81813174110755382)]
[(0.31033472757874775, 0.72554175730857584)]
[(0.50129878917662762, 0.75134309309475111)]
[(0.51582440034053345, 0.89439680128044341)]
[(0.42110777413683881, 0.74910738651714692)]
[(0.60697301670728199, 0.82341131748651486)]
[(0.48982500741703328, 0.76321127535619337)]
[(0.42227834238068557, 0.75973443337601176)]
[(0.655428381196273, 0.86833243480522482)]
[(0.40982321258818027, 0.76716437392878212)]
[(0.50790037719285586, 0.76191834218253518)]
[(0.40614955349229515, 0.71953526970797288)]
[(0.55687280005872997, 0.80792057582408672)]
[(0.56295563452844966, 0.8269589507912436)]
[(0.43937006006017154, 0.73721488156777548)]
[(0.32462346087524951, 0.73580878494532664)]
[(0.25461840952380727, 0.65523684251424208)]
[(0.22702711363676972, 0.64253136752482287)]
[(0.28370261932559704, 0.65785930829034889)]
[(0.35138050234896168, 0.73857299066949034)]
[(0.39500407215912325, 0.75041009809574166)]
[(0.44601390971125643, 0.77292336455714483)]
[(0.25430255400938734, 0.73850246708699574)]
[(0.4956846872702913, 0.74099377550310996)]
[(0.52555989262000247, 0.80327559283010019)]
[(0.62923028344723764, 0.83996764555567005)]
[(0.19505869738882631, 0.65341395751273235)]
[(0.45401072399134051, 0.71669181597418419)]
[(0.2236184524734765, 0.73457501541095349)]
[(0.50419341032557508, 0.82114555280131785)]
[(0.3735174343290919, 0.74628990071331236)]
[(0.61519531394373428, 0.82637280493607479)]
[(0.1741833163306172, 0.67324979673750351)]
[(0.58728209328264303, 0.82972662153066612)]
[(0.55407141516484992, 0.80857965125930276)]
[(0.44360649014417292, 0.74129174292025302)]
[(0.54892989772297851, 0.77388965163031331)]
[(0.64071002851985759, 0.85498478381148046)]
[(0.37568606679012229, 0.75656113292489058)]
[(0.54847748875519242, 0.79881084750841691)]
[(0.37722493937039842, 0.73156953315628448)]
[(0.55570155631077434, 0.82897385366339182)]
[(0.43292312819397011, 0.77617314359850043)]
[(0.44638728965986929, 0.6869990675806722)]
[(0.44869379727572029, 0.71304082931919011)]
[(0.59523645151513227, 0.82104692888227959)]
[(0.43237449863737387, 0.81724046126075223)]
[(0.55099246049012962, 0.83113280844826531)]
[(0.58047300940492719, 0.80716986140061675)]
[(0.33887847081865302, 0.75249269845446909)]
[(0.40570047953280086, 0.73034966157212411)]
[(0.56949745683242681, 0.82744416351028327)]
[(0.42247153920164782, 0.773923346193374)]
[(0.47726478818828799, 0.80240123107540473)]
[(0.18565990168001401, 0.69992739486586364)]
[(0.20278711891034276, 0.68313647481082407)]
[(0.34571946654074814, 0.68727931841723444)]
[(0.51857231227594058, 0.81658472641267443)]
[(0.5276283206916047, 0.72633791954208804)]
[(0.53907404067509757, 0.81634104290440967)]
[(0.45343562519812403, 0.74870419350275685)]
[(0.58775829619942133, 0.81541046263322259)]
[(0.53220137074129059, 0.85966812681876803)]
[(0.64801374601032791, 0.85767858941442676)]
[(0.63180705123087366, 0.83838165993341751)]
[(0.67758625011437912, 0.85907055886826533)]
[(0.45937879323801056, 0.78055223949864794)]
[(0.34226018600879332, 0.6943152102836625)]
[(0.45060421599780281, 0.75719750446484702)]
[(0.52725294618566032, 0.765995997752556)]
[(0.50529299397040306, 0.77113393920531459)]
[(0.50822512215405458, 0.89839951069251578)]
[(0.35997849235508339, 0.68536628588318005)]
[(0.50071652615624773, 0.81008470802975241)]
[(0.50959190121324671, 0.79410959779954082)]
[(0.55553768976800133, 0.80601172599139848)]
[(0.55151784615799382, 0.78487509955619372)]
[(0.5125713645467157, 0.7749998825761778)]
[(0.47722705317833619, 0.80131182906344101)]
[(0.4045171897288441, 0.69437302023937364)]
[(0.53333504977446178, 0.91051429280480056)]
[(0.43700433797167204, 0.68050920080887234)]
[(0.39488828975489543, 0.74787582957805876)]
[(0.51594123051595886, 0.80719190768677662)]
[(0.22769831359402057, 0.68831896550853156)]
[(0.7108831404370074, 0.86871541389706186)]
[(0.56548109766417809, 0.83211262188215152)]
[(0.29773851940971174, 0.73421071387218984)]
[(0.55702503461305297, 0.81120955097456171)]
[(0.34621972691871983, 0.74160077356154908)]
[(0.40673591305187917, 0.72086842346945945)]
[(0.63632103053715916, 0.86916142932645757)]
[(0.52374302993863653, 0.89893069324548192)]
[(0.36623839566461214, 0.74325854654914114)]
[(0.56719434630328147, 0.79780380998910472)]
[(0.51910823278896756, 0.82910010524865962)]
[(0.52380688766130323, 0.80877669928731)]
[(0.5173733347011259, 0.72198494348739761)]
[(0.54371932141049439, 0.78420430964288068)]
[(0.41117818337363549, 0.7119718383664887)]
[(0.58910228577487511, 0.84213742584586537)]
[(0.56160256472093983, 0.73271756268509025)]
[(0.33774075830112477, 0.67925169374388206)]
[(0.36617303355777925, 0.71414904231717202)]
[(0.65858483983681559, 0.86040431818758689)]
[(0.26456147588313084, 0.70706728878668401)]
[(0.58743630432039262, 0.81347056748446456)]
[(0.45474978263945798, 0.87540615237514374)]
[(0.44892550462514597, 0.78254920554550023)]
[(0.6290386248513915, 0.89899770251948385)]
[(0.17433648778387004, 0.68818225021810164)]
[(0.59522406441247544, 0.83104284754048052)]
[(0.30431412209662378, 0.73868657424957895)]
[(0.37086153411644918, 0.76243250250516148)]
[(0.24372053373072497, 0.69204034569297845)]
[(0.68612197096262006, 0.89638333913907775)]
[(0.35067960054766123, 0.72119285285190982)]
[(0.48363093683651698, 0.9768267363347598)]
[(0.56283787615280845, 0.81659104518026315)]
[(0.49734514705513061, 0.78610218198811566)]
[(0.16451563912293715, 0.69306879261076082)]
[(0.54671832576229962, 0.764107663055688)]
[(0.65032075008776224, 0.91022803920534479)]
[(0.25597986607037293, 0.68149442928624326)]
[(0.26723089610147926, 0.69008719384599293)]
[(0.42614571914848759, 0.74119333991417613)]
[(0.67238326196024534, 0.88155365343703873)]
[(0.22248057896354795, 0.69165047394684676)]
[(0.47388658006056184, 0.76629677610827762)]
[(0.46729867538420899, 0.81377070745928248)]
[(0.34786914218131365, 0.73013709638675039)]
[(0.57949396505448625, 0.86470087980170118)]
[(0.48167724370499077, 0.79803070060410064)]
[(0.27216568105654571, 0.6752203348811997)]
[(0.47320415993140413, 0.86582261690251727)]
[(0.4622061813779989, 0.78364150124679455)]
[(0.56990097454160993, 0.7486499465324512)]
[(0.19352618649183231, 0.65331414758287765)]
[(0.65491311211868852, 0.8126627803663915)]
[(0.54898884420976857, 0.84080437200667857)]
[(0.42431828575338099, 0.73235818022489885)]
[(0.58324737896681511, 0.85399200027090161)]
[(0.30503697162268734, 0.70849317875501083)]
[(0.34123646058166673, 0.67433236369622862)]
[(0.61204919060493579, 0.89581157735760919)]
[(0.64425875314755254, 0.85650714398445682)]
[(0.51541039037848635, 0.7784254311119374)]
[(0.70632235961708512, 0.89841451028184816)]
[(0.37608169161171845, 0.75817923050442004)]
[(0.47483079696195346, 0.75940893526208586)]
[(0.43901490851046771, 0.77851069350069757)]
[(0.46508432370718461, 0.84914578783591255)]
[(0.41951161947100679, 0.74227556625061919)]
[(0.44981261718063509, 0.81881347215591949)]
[(0.40831083875287721, 0.71318232321482355)]
[(0.40347082347588409, 0.71601738934214565)]
[(0.55533998861102418, 0.75932986948552028)]
[(0.53725946161468841, 0.81262108156205526)]
[(0.61437992494687388, 0.88829998256487375)]
[(0.56451598703967898, 0.76885426151512248)]
[(0.64766071437459438, 0.89297791760550937)]
[(0.30834631906563376, 0.680278130627892)]
[(0.6626820765392939, 0.87365076902552563)]
[(0.56148283936703514, 0.83116686608287627)]
[(0.34022839644576935, 0.81854079775099498)]
[(0.44420579607883409, 0.7434815921584631)]
[(0.69098619437432329, 0.88645467778751275)]
[(0.66858278340926203, 0.85066569984899265)]
[(0.50698950623835337, 0.78386697044277487)]
[(0.24980435744828786, 0.67448861794195414)]
[(0.49117586826923282, 0.85667695390886411)]
[(0.68022052628060092, 0.93148122829317814)]
[(0.45369623516348345, 0.87966243239809594)]
[(0.31589404370200858, 0.68792120802085588)]
[(0.46753201426989088, 0.80599244824402172)]
[(0.13809520714605472, 0.63001228154992328)]
[(0.58462584124234007, 0.79989970388802845)]
[(0.56424887641908561, 0.79651940112703401)]
[(0.32138035446580804, 0.69430708259289131)]
[(0.51803500485106446, 0.75371420178291448)]
[(0.30405959163511043, 0.69335715816419552)]
[(0.50408895589557701, 0.7237537857643489)]
[(0.6258060072528413, 0.87490031743998475)]
[(0.59749821653810331, 0.81273830227593302)]
[(0.5157348357382312, 0.76825268641978217)]
[(0.17375802191753298, 0.67278252891435408)]
[(0.68676866678471216, 0.91040953015425508)]
[(0.21070281986974188, 0.70936028765477677)]
[(0.57907469427411196, 0.80352985701375235)]
[(0.46238336159906324, 0.72116287033945137)]
[(0.26678027608169008, 0.70231020679695144)]
[(0.25760553913221496, 0.6756290484524814)]
[(0.29213212186446258, 0.67160567677990146)]
[(0.5389506006331849, 0.78649745141840899)]
[(0.36690712571288986, 0.69138399678371087)]
[(0.59894809562292006, 0.84135452860582005)]
[(0.30100198151652108, 0.66906912355281178)]
[(0.36093919318252421, 0.76670689095885236)]
[(0.37543803519860541, 0.7000567895463321)]
[(0.62315395758136571, 0.84440821599039817)]
[(0.66937024687794788, 0.87401027536145703)]
[(0.66632335586899982, 0.881420797501415)]
[(0.46021347902200876, 0.77140482565275947)]
[(0.42873010570678344, 0.7528801840573689)]
[(0.5123300299268726, 0.81550953254986047)]
[(0.36725834931732237, 0.72032883228538003)]
[(0.62669000425257526, 0.86882299533346308)]
[(0.43984484793384415, 0.69947396960497621)]
[(0.41784050281081375, 0.70784614778573884)]
[(0.36157475112090232, 0.72277389891408372)]
[(0.44580262440260643, 0.85546727143505175)]
[(0.27841271446800203, 0.72439483110710901)]
[(0.66406198471274092, 0.89459047670467851)]
[(0.58525176416383828, 0.81518728077109359)]
[(0.68098999557364481, 0.84595162279213909)]
[(0.51402546996267717, 0.75828205157582007)]
[(0.66597728342303952, 0.88073478400882221)]
[(0.46106215785359567, 0.73069952467671817)]
[(0.57549650890325332, 0.82899306628742031)]
[(0.36908924491799727, 0.76537707007046363)]
[(0.72141811149246715, 0.95600883160499972)]
[(0.39842006944650465, 0.69491656589617001)]
[(0.38864166099165148, 0.74938179964544138)]
[(0.48469170685872565, 0.77260720881559775)]
[(0.54001535702523429, 0.78283023196823154)]
[(0.53255497119980433, 0.85080081474075364)]
[(0.59152182081809601, 0.84502818133657231)]
[(0.46234223973935973, 0.95343614599418358)]
[(0.5594582306940119, 0.80836428673821392)]
[(0.45022842719447187, 0.74584241210407309)]
[(0.40424906810496458, 0.76196524086564466)]
[(0.50384593817188517, 0.74421924854464461)]
[(0.30604229550903972, 0.64889459008791306)]
[(0.39391962132707797, 0.7095142747219898)]
[(0.38576070885897767, 0.72230987656646606)]
[(0.7500150205453292, 0.97223223326026675)]
[(0.6222823701073843, 0.90569422228898722)]
[(0.50063337311896106, 0.84831654326854811)]
[(0.44819912055268774, 0.8414922399500917)]
[(0.4991325654776243, 0.82285578226409573)]
[(0.52009054441334368, 0.82384518912875715)]
[(0.39291986008628926, 0.68960506044144321)]
[(0.48321519325709883, 0.770952707993805)]
[(0.37029870782729996, 0.71244029403486964)]
[(0.59516539896678089, 0.87153898227345261)]
[(0.44990067944638623, 0.86015329214431668)]
[(0.37544038532522223, 0.72575513785625567)]
[(0.66134394969400134, 0.88268299563128916)]
[(0.38874689289773379, 0.74936122145314543)]
[(0.3518444088403701, 0.65672997604495753)]
[(0.61477843784436648, 0.82631453194132687)]
[(0.52007359945233556, 0.77752757402814787)]
[(0.44090966645510798, 0.81723764471811455)]
[(0.2444469182289683, 0.71860399430837774)]
[(0.40651121679424757, 0.7392537982622569)]
[(0.4318716678128981, 0.74900387502724974)]
[(0.49356195270997377, 0.79344226251079308)]
[(0.3220654407999412, 0.67706191914524805)]
[(0.66380547631574005, 0.80978168969344411)]
[(0.39737912083534171, 0.70232344010825642)]
[(0.494926445431913, 0.92210266588467249)]
[(0.70409544849537586, 0.93831128043371903)]
[(0.53712675017317768, 0.76339263374372901)]
[(0.41698694206222914, 0.7111948710725946)]
[(0.52902644842517299, 0.7489962772108274)]
[(0.4167649548555023, 0.74355948090050095)]
[(0.34072793338364754, 0.73070695715184442)]
[(0.41171301214653044, 0.74323921829241102)]
[(0.31955551526128845, 0.69239552226336076)]
[(0.20127630893428988, 0.71864885394021738)]
[(0.59950589572949997, 0.82185626356925667)]
[(0.38352484960506839, 0.75172809029235832)]
[(0.56624111880705308, 0.78943972728474221)]
[(0.46695248223692332, 0.73230885531706646)]
[(0.62400259910560896, 0.87221707065165721)]
[(0.72955372399754015, 0.97157125677689737)]
[(0.41800773882830333, 0.74393783889451626)]
[(0.3507334209184127, 0.72602639841894401)]
[(0.60200036881840702, 0.81927570727240506)]
[(0.68547806698282032, 0.90896837614103998)]
[(0.51799193616879302, 0.75184970284617736)]
[(0.5615815327755701, 0.82688554028958294)]
[(0.4789103268246851, 0.78854053865907114)]
[(0.30863481489833888, 0.68590800667198837)]
[(0.38399086267244831, 0.70150336342647046)]
[(0.61032880397553146, 0.88436330749474312)]
[(0.54298533321775999, 0.78866079619054852)]
[(0.59477820973090934, 0.79385216336342124)]
[(0.58811616833707281, 0.81070420295324253)]
[(0.19378762740660577, 0.68969564024275198)]
[(0.69489520134472527, 0.86086404000243089)]
[(0.51699070619497622, 0.83897512774472627)]
[(0.45008876323753233, 0.7705720491835818)]
[(0.56161522741793901, 0.80572206805482227)]
[(0.53717540760811322, 0.77587395041470475)]
[(0.051033202116630746, 0.61195179555640966)]
[(0.38783210213474478, 0.74708542148950985)]
[(0.57313186664772353, 0.82544309758116419)]
[(0.46120543876795389, 0.72949439941804373)]
[(0.51035359662034163, 0.78247352124967151)]
[(0.3853441709665229, 0.70508256343519238)]
[(0.65115763659426928, 0.84273472168030372)]
[(0.3554622624249355, 0.70270630714659643)]
[(0.44119037312039777, 0.76265171530659848)]
[(0.56659342831391213, 0.79001530156382016)]
[(0.54177329276526165, 0.80096925999935897)]
[(0.28343881874863652, 0.70835599484087142)]
[(0.66525165794235419, 0.83860603677775247)]
[(0.26915401909245878, 0.73145030569070135)]
[(0.60339822368418605, 0.8310980656576582)]
[(0.3359175176837893, 0.72210152586542065)]
[(0.40786299938300447, 0.72582994440831106)]
[(0.59211043320328915, 0.82591875488781608)]
[(0.50682504301343001, 0.73254340372925553)]
[(0.5780831669276677, 0.82690430948796945)]
[(0.42401433220509327, 0.73644590383199171)]
[(0.33485696567376999, 0.69458740067811675)]
[(0.46495514484521344, 0.76252637802750156)]
[(0.66044592592143636, 0.85252114250311606)]
[(0.31444160486062345, 0.69590310112860576)]
[(0.62228914751065323, 0.84334909826829529)]
[(0.51196376411854894, 0.74647705692632838)]
[(0.34843949357362053, 0.67522990887589518)]
[(0.70323101106352626, 0.96072123491919048)]
[(0.2575854001763736, 0.71664026288954363)]
[(0.50489727782886873, 0.77554289745874927)]
[(0.71425978631734177, 0.886592727445775)]
[(0.6162871025580402, 0.86360149542247067)]
[(0.54253201559359721, 0.79792593159818248)]
[(0.34705019896946282, 0.69754243334870558)]
[(0.41492813862298794, 0.73414659931703785)]
[(0.48039853096314722, 0.78718313335475831)]
[(0.24682973334836369, 0.63662875270608521)]
[(0.21515790084129491, 0.68964749459280617)]
[(0.4139745031733213, 0.77104823812517465)]
[(0.45650862102619089, 0.75277555986793654)]
[(0.37837970310094216, 0.69649299767283002)]
[(0.59683891524389365, 0.7736177131915124)]
[(0.29281763882155981, 0.69759635073473081)]
[(0.42778962689496708, 0.74532801602080034)]
[(0.3852798988381021, 0.75852744500230762)]
[(0.43455532426044391, 0.83181824191792464)]
[(0.48726783128234069, 0.86050894708565262)]
[(0.49793061364210334, 0.77175468260142566)]
[(0.38917496516409095, 0.72315720745843515)]
[(0.43562688410744571, 0.84689861455681914)]
[(0.41438515950945654, 0.74333430443041426)]
[(0.040811593234457433, 0.67640896833591935)]
[(0.49154884115406378, 0.7556389134163084)]
[(0.47759195437199659, 0.88496423785046385)]
[(0.35663003319363046, 0.76463423222348803)]
[(0.52574036008965985, 0.76090638087324447)]
[(0.38930191895570249, 0.75596017788753533)]
[(0.44163675621888576, 0.78303376544551906)]
[(0.58270880365983435, 0.81928957481455222)]
[(0.5231608246230961, 0.71362805518373595)]
[(0.18840557130184646, 0.67946790106775712)]
[(0.69894090041891765, 0.94634664659158929)]
[(0.15744585375738177, 0.68619779725858576)]
[(0.50193285590144066, 0.73931230116682578)]
[(0.44735727789192337, 0.75199747557229857)]
[(0.6122125451885525, 0.84612146549884826)]
[(0.52959683905356791, 0.77630186859158734)]
[(0.51308644042843077, 0.73126882827023498)]
[(0.48878182723907887, 0.8872195729103145)]
[(0.37948773038347955, 0.73487732164466335)]
[(0.20873239893913303, 0.7015242429369547)]
[(0.70192766209041624, 0.89129150735971685)]
[(0.5850881298505527, 0.7971604326613535)]
[(0.42379341580102237, 0.81981850232344988)]
[(0.73062413070624443, 0.85524782094811358)]
[(0.58069902550870434, 0.82932763295761713)]
[(0.40975528967602121, 0.76662020734899128)]
[(0.48666167303724228, 0.85256374715660699)]
[(0.66937991659365803, 0.79794685009407118)]
[(0.65241126361652013, 0.89123586552468692)]
[(0.23218518056827228, 0.7044162020824053)]
[(0.7087555845929121, 0.92738098750302211)]
[(0.6084176905643377, 0.84654562087069352)]
[(0.28244361180677274, 0.696406389132875)]
[(0.4766216150552432, 0.76752816095068166)]
[(0.50856541004735289, 0.78301853349153172)]
[(0.60153662792707185, 0.79454586937201932)]
[(0.48776346211124483, 0.70132100166741684)]
[(0.43381249750839612, 0.73359118366922493)]
[(0.45168181396958451, 0.75535579334068381)]
[(0.33502002589026564, 0.73721691751766172)]
[(0.53526012106267962, 0.77333505721997775)]
[(0.40648686619623736, 0.78778494379756736)]
[(0.60398269326797371, 0.84142527334018491)]
[(0.43562017734191533, 0.73688892741336298)]
[(0.38682736967720349, 0.81808280498395447)]
[(0.23616616170384394, 0.7222990113711506)]
[(0.56851570900533654, 0.79411433349900962)]
[(0.48386421147950565, 0.81106854497504199)]
[(0.54661928342547883, 0.74614640178476099)]
[(0.40064112756324544, 0.78697488415078953)]
[(0.59321650028258111, 0.86044265909272399)]
[(0.55351710865117143, 0.79919734825223321)]
[(0.49676452701403462, 0.81291967171145529)]
[(0.56383587524552459, 0.77662496781344492)]
[(0.29558080283820509, 0.72879849424859899)]
[(0.5988947136180075, 0.78620466025222246)]
[(0.62975734659571958, 0.82100179684296548)]
[(0.10008325291502998, 0.59724555087075037)]
[(0.10805939378936492, 0.65743033562199449)]
[(0.61088419895354129, 0.87152934065842103)]
[(0.53805371827498982, 0.79494511386760369)]
[(0.34026661086988075, 0.65672087905162069)]
[(0.38181308842366801, 0.68260245406865572)]
[(0.5652700004589668, 0.80095779936888267)]
[(0.48645763451831731, 0.76591718122713126)]
[(0.56552584475671042, 0.8853334750650016)]
[(0.5935619667459201, 0.85065579400564884)]
[(0.70949310753981198, 0.88305319852831643)]
[(0.52406125120570346, 0.79410589396772646)]
[(0.60070638038094115, 0.89142273841369368)]
[(0.06526535972153788, 0.66709721503946673)]
[(0.5290303808483966, 0.83108826985167517)]
[(0.46953842037324972, 0.71669536964350156)]
[(0.50162233804239376, 0.79204290281251166)]
[(0.3582252984748982, 0.74099762303469008)]
[(0.57737321758687732, 0.82822613693453928)]
[(0.53226706296214754, 0.83192749027823598)]
[(0.46805289006409928, 0.82594200797637862)]
[(0.49051615805480947, 0.78867411969476586)]
[(0.50187195758231251, 0.78816623898404403)]
[(0.36271403471401537, 0.69590404238461345)]
[(0.58225337760655005, 0.80281978323121228)]
[(0.31173591626599317, 0.69369690255973349)]
[(0.58603527818248935, 0.74520446211413038)]
[(0.73011842255015158, 0.92724031156737141)]
[(0.18364363641386153, 0.63509594877857189)]
[(0.50856938936901841, 0.7712499810468022)]
[(0.40803462518440298, 0.74527938386526105)]
[(0.38401197088818539, 0.79241238919989188)]
[(0.45008047670043472, 0.80805446991697027)]
[(0.49331243776582201, 0.76475005397474116)]
[(0.24497778196565578, 0.62802083744814274)]
[(0.66541517800747729, 0.85533696124625136)]
[(0.10416027907576422, 0.63287888316177732)]
[(0.55565677861787843, 0.78896629855449141)]
[(0.48754142961884767, 0.76041863428418177)]
[(0.70385678602767654, 0.9279658164799367)]
[(0.28464230600082063, 0.68230532416948042)]
[(0.50457624080353958, 0.74554475453588631)]
[(0.69241066691930631, 0.93211539463383986)]
[(0.514510510523844, 0.76263918135034836)]
[(0.35558658757095857, 0.70763012887339971)]
[(0.2790337434083846, 0.71060565774403583)]
[(0.65524729939797621, 0.86970673999273385)]
[(0.53809360153861274, 0.78890185132317026)]
[(0.51727416876398891, 0.8017691297152103)]
[(0.35120965667322002, 0.72706514195915717)]
[(0.40990409909156816, 0.78367920830119409)]
[(0.52361506605861119, 0.79751274175420495)]
[(0.55042497905962551, 0.78118310717158979)]
[(0.61154047954595736, 0.84125542117496566)]
[(0.36789823647883801, 0.70565253504544589)]
[(0.48715877172558786, 0.82072493776068223)]
[(0.24637252995263687, 0.74055229669276179)]
[(0.3540399863483944, 0.69921388288510178)]
[(0.53075911804028586, 0.77897087861135805)]
[(0.51434451969841166, 0.91754949563814026)]
[(0.52016592613542756, 0.79308143678019782)]
[(0.48913058616774202, 0.78088648563271923)]
[(0.4460128095554684, 0.77573051935657644)]
[(0.59819233193451471, 0.82223589371360828)]
[(0.66650325994921478, 0.82586738224681944)]
[(0.59249428423090245, 0.80385845865022609)]
[(0.50488973388692793, 0.79134032716318548)]
[(0.19235905097943387, 0.73836399793035445)]
[(0.49644980638797842, 0.77889447033631887)]
[(0.2671594731241238, 0.71428128298357163)]
[(0.43573327316754962, 0.80796204657296711)]
[(0.64261706011491138, 0.8881822822012122)]
[(0.43137384677132318, 0.739030055948945)]
[(0.301338835674414, 0.745611768053002)]
[(0.2757115410357921, 0.72888797615536349)]
[(0.29886506923217881, 0.71629119150075915)]
[(0.62446829501973844, 0.85663986661089742)]
[(0.45589861522325986, 0.74452867778209186)]
[(0.34216918516952533, 0.68736591327445162)]
[(0.43101222257006, 0.72993402017691245)]
[(0.67551476743199157, 0.88284852104481137)]
[(0.53278565983749737, 0.80383891317611444)]
[(0.55792608838983782, 0.88891528708022594)]
[(0.48724847484843281, 0.78265986225585005)]
[(0.10279975596234721, 0.61768008372647831)]
[(0.51825909381654112, 0.80813787642584445)]
[(0.62578503233150073, 0.82141951922882261)]
[(0.52135769309529945, 0.7627501623684978)]
[(0.48484299584653384, 0.78201633924269476)]
[(0.7521336464380115, 0.89002811840434604)]
[(0.20371154136761149, 0.718976954467619)]
[(0.47060760304676424, 0.77824146883328216)]
[(0.34957115813444894, 0.75017018084138265)]
[(0.63385796023075436, 0.87304200556899114)]
[(0.50890426210001427, 0.7786801982787066)]
[(0.56601164914011459, 0.75801126261432705)]
[(0.30196852581136391, 0.66950223818404897)]
[(0.25669286571719951, 0.64870855511794501)]
[(0.49659822705682766, 0.69694609440925959)]
[(0.027532921845469363, 0.71564723057812252)]
[(0.43345171221081286, 0.75515453287913814)]
[(0.66692594131464367, 0.92173312425944476)]
[(0.3158946367162121, 0.69568779222866139)]
[(0.34492355064883023, 0.67154958202903503)]
[(0.51576315214322688, 0.79739945748991981)]
[(0.66689575594154205, 0.88537687471240401)]
[(0.53853574555801664, 0.80885979058117208)]
[(0.35135289734478303, 0.69459998048870641)]
[(0.53393261808652881, 0.74207727170278404)]
[(0.6587359674649903, 0.81731694857431036)]
[(0.38038492407868596, 0.70086806475277574)]
[(0.47367791636606699, 0.74447429511566243)]
[(0.54253210363559434, 0.76022604337048827)]
[(0.4415468894840251, 0.89387736888829705)]
[(0.43444903986025502, 0.78269331571631073)]
[(0.10911974620020895, 0.67748625859970579)]
[(0.35246071350832359, 0.70738156008453734)]
[(0.61944970717878711, 0.83174214593414408)]
[(0.61146705067137064, 0.8295946612929086)]
[(0.28573790116459152, 0.6791198260252822)]
[(0.67823948628891684, 0.88470872662865407)]
[(0.5985302373091923, 0.82248991339457822)]
[(0.43204445971808159, 0.78980841368790156)]
[(0.6480248103162991, 0.88720678330062175)]
[(0.29373296941847749, 0.67658292185244762)]
[(0.40489790379597657, 0.73915786713881726)]
[(0.47686625436235469, 0.98129308468165566)]
[(0.36573663109309401, 0.74361538512636749)]
[(0.54981681222241208, 0.79456038752431646)]
[(0.33362402779004319, 0.70045398120681679)]
[(0.43358230653779595, 0.76875239475336576)]
[(0.47352809957960157, 0.77298225328938008)]
[(0.4885944091474877, 0.74070475824841908)]
[(0.44627063815195045, 0.86473583771374518)]
[(0.38457854438633937, 0.70806412463940849)]
[(0.39265636353901656, 0.74117512818825837)]
[(0.60815824963219156, 0.80156477203396603)]
[(0.21263200847245278, 0.62831718777540646)]
[(0.76507809754241474, 0.94465015255570539)]
[(0.53255180058867524, 0.82590816799146072)]
[(0.44467274459936501, 0.75459428993528721)]
[(0.39071183387620484, 0.73663839856408453)]
[(0.41198432106553295, 0.82096583488084296)]
[(0.44454437881450731, 0.84838955300328711)]
[(0.36512509181079478, 0.69935099774241727)]
[(0.62795171243849479, 0.82677696706875314)]
[(0.44162647915893827, 0.92468390478016382)]
[(0.13559503072658888, 0.69603407742080536)]
[(0.25212380427340819, 0.72828205982595884)]
[(0.44449370484419881, 0.74048231601540482)]
[(0.30358660069151683, 0.70726626499998224)]
[(0.57944735976434747, 0.84181531315158575)]
[(0.52862461361108271, 0.89290914420166512)]
[(0.37209824766097932, 0.71050207162808388)]
[(0.32248298866665032, 0.69514229194310873)]
[(0.68397624037506344, 0.85342169021835035)]
[(0.53711041905667567, 0.81801363385533687)]
[(0.66543395601490174, 0.89716451035849565)]
[(0.50728213002369349, 0.74027804878533188)]
[(0.49903531014337205, 0.75121546472906076)]
[(0.57389480984661134, 0.90425966599115604)]
[(0.68005759399429, 0.88614576541517276)]
[(0.47051139419089721, 0.83040522382893112)]
[(0.45264137534168325, 0.72594354352916679)]
[(0.32050501031685497, 0.69993199429592312)]
[(0.5081482254129488, 0.79687448745134093)]
[(0.62392916779246643, 0.77008574391031304)]
[(0.5143453835320555, 0.8655115804673007)]
[(0.2724828066354833, 0.7632499371925261)]
[(0.65571462585814633, 0.81770270656492594)]
[(0.75263566735059506, 0.93716770421419926)]
[(0.58791633016145972, 0.79214641466522684)]
[(0.47684089653910433, 0.76465374642592376)]
[(0.29697376935131037, 0.70950854256657914)]
[(0.54285859710421602, 0.85647607992897701)]
[(0.48064052160715598, 0.78883897295041949)]
[(0.21501061762248325, 0.69829992793458884)]
[(0.45062092409403104, 0.79852853216645869)]
[(0.27822089171291831, 0.65320308373926372)]
[(0.43124848473320532, 0.72065262496121318)]
[(0.50830110617080682, 0.80062849336422048)]
[(0.59536816971833706, 0.7915677094254473)]
[(0.74994919458019726, 0.94250174538596621)]
[(0.24346329626965663, 0.65284811138914833)]
[(0.4434226724268816, 0.7860172058389483)]
[(0.43730832177991086, 0.75947128559713162)]
[(0.35101123422580982, 0.6619347135679835)]
[(0.46856772733299634, 0.74743488196332197)]
[(0.27822781762389581, 0.68371036028032894)]
[(0.248719324776357, 0.70130465505172501)]
[(0.70355718177143278, 0.8908973906445885)]
[(0.61811780879196665, 0.8260888680514803)]
[(0.55554500357106984, 0.81357484779938027)]
[(0.51541903996009775, 0.85557175951871622)]
[(0.63330168334562476, 0.91749981708619743)]
[(0.37627769821576323, 0.73126366368629903)]
[(0.46525448319774138, 0.83751484893952299)]
[(0.57144430726894357, 0.79328117681928356)]
[(0.70704988266315927, 0.90787356706148514)]
[(0.40156841424323542, 0.74814480204439526)]
[(0.47133191679716274, 0.79393440238287116)]
[(0.49089392569298163, 0.78451821315885184)]
[(0.57783881157012973, 0.84982751886104446)]
[(0.60212314986791637, 0.82199139224464113)]
[(0.44664262350038142, 0.73525313391190295)]
[(0.47043659129476934, 0.81091707312371086)]
[(0.42420969259088726, 0.74208421906793731)]
[(0.43419508689748859, 0.75789922815118305)]
[(0.42758188701690653, 0.83022345373882189)]
[(0.25729127900258902, 0.67650601905745877)]
[(0.44812838933796212, 0.76828359081538877)]
[(0.44603911042478256, 0.76734787635912327)]
[(0.60663511616300581, 0.80964811786506674)]
[(0.61367606651380235, 0.82692230873112904)]
[(0.19607432217940374, 0.66542306971088605)]
[(0.67649958835656132, 0.90636595979098022)]
[(0.63416478138821697, 0.77880908941454019)]
[(0.42372100508465138, 0.766776498493972)]
[(0.49351889930420811, 0.81561092556730752)]
[(0.72066549003021041, 0.87392114608350013)]
[(0.46757021346062788, 0.92250408168848408)]
[(0.40063872335065481, 0.78672976284293472)]
[(0.60093863723521701, 0.84094989549642207)]
[(0.42749252455762771, 0.78753475853710164)]
[(0.28600651842622754, 0.66802218704226857)]
[(0.51973475581593398, 0.75754246801624991)]
[(0.35480576410391834, 0.6898082163385808)]
[(0.38497093132835797, 0.72853338575265203)]
[(0.24884603021033808, 0.66445504215209994)]
[(0.50116927403083078, 0.80262115565579162)]
[(0.37410773734333408, 0.73698032323677243)]
[(0.58583016860195292, 0.82007346552127214)]
[(0.59862736585791754, 0.87298233092811162)]
[(0.70365813614144845, 0.94476636697058569)]
[(0.45523203935877948, 0.86624586153238159)]
[(0.42650647003768688, 0.71901228228306335)]
[(0.40883549486146858, 0.74095871240686328)]
[(0.62841256095942333, 0.87424019747493786)]
[(0.32840769196985681, 0.74718932746080402)]
[(0.39521911391188608, 0.78034881708416715)]
[(0.46137873261101464, 0.85128019939772925)]
[(0.53439033252205348, 0.81239072960761072)]
[(0.39136687337396997, 0.74846673582431988)]
[(0.64261729174562787, 0.89546992133209002)]
[(0.61754340370079053, 0.84511451033387841)]
[(0.49561184830292049, 0.7760865429303041)]
[(0.62042403913022548, 0.84764235516139264)]
[(0.63747846058137703, 0.84430774419204413)]
[(0.51664899453497615, 0.81115090248698807)]
[(0.46039812510727707, 0.74132421894168798)]
[(0.48466317348187415, 0.74540310861873493)]
[(0.64560063439180548, 0.79918183457649383)]
[(0.62398410020847939, 0.81484595007868832)]
[(0.57018819938828269, 0.78817677234561578)]
[(0.5756104458633643, 0.78879990813848155)]
[(0.24661007512571437, 0.69513973059074297)]
[(0.43799451682167462, 0.74272516333723015)]
[(0.41322672839627733, 0.75378870992916325)]
[(0.13510797113851258, 0.71463126987146708)]
[(0.25049483252951338, 0.68575203056144129)]
[(0.44983016309309332, 0.7429754384871109)]
[(0.47709550042103743, 0.81401418226671907)]
[(0.72717735605015155, 0.959103067069912)]
[(0.25647472769650909, 0.64808042382526987)]
[(0.15595531733242593, 0.63030827073528373)]
[(0.46951854155906531, 0.77347042537467736)]
[(0.49836567966540668, 0.81190906149303121)]
[(0.55409830299138285, 0.81887458734115526)]
[(0.46506817409567502, 0.76793137608859385)]
[(0.31452436008202678, 0.75897756494106183)]
[(0.55167023017691086, 0.81370213719438045)]
[(0.51538368965251191, 0.72653352050574127)]
[(0.62480239187075182, 0.84222374010719903)]
[(0.53660779809438841, 0.76664756669264322)]
[(0.47456860264845918, 0.86957930258765248)]
[(0.53183427727376342, 0.79134484173951358)]
[(0.52819259443780231, 0.7922155944499657)]
[(0.52675285821133855, 0.79296811238008424)]
[(0.1425023409339353, 0.68462708920938842)]
[(0.54100212398648451, 0.79208816969971851)]
