[(0.049707634341418297, 0.049700938318086058)]
[(0.12916818554156601, 0.12916110674873085)]
[(0.17676003664727255, 0.17677171349639692)]
[(0.16423081350321442, 0.16423203006944775)]
[(0.18428253671100062, 0.18428637422781466)]
[(0.13053378504343238, 0.13053451853782361)]
[(0.19304770514510644, 0.19305013935584309)]
[(0.18158584298865307, 0.18158148509515648)]
[(0.14665425991766987, 0.14665840847256664)]
[(0.19005748865635025, 0.19005858756877564)]
[(0.088704698590374609, 0.088706579146931294)]
[(0.1078642136923106, 0.10786868431950959)]
[(0.114381349129899, 0.11438096134379237)]
[(0.17820308246964794, 0.17820073488060034)]
[(0.18903413722610782, 0.18903905226848028)]
[(0.13113005693036375, 0.13112285170415919)]
[(0.18259723561484156, 0.18259689742682872)]
[(0.041437897781189899, 0.041432362471601716)]
[(0.12513855479841818, 0.12513702882303421)]
[(0.19179100491454604, 0.19179020844546157)]
[(0.12677452036544021, 0.12677683694745087)]
[(0.18547605400358835, 0.18547639714752176)]
[(0.26888732545644789, 0.26888823812963486)]
[(0.066570663921795795, 0.066569223710788758)]
[(0.50649999999999995, 0.50649602211088085)]
[(0.12599643479010084, 0.1259941123771606)]
[(0.09789137514926334, 0.097890599449709667)]
[(0.13082543852137382, 0.13081921494143831)]
[(0.19150674310318311, 0.1915089503890256)]
[(0.23794295294873818, 0.2379409736927805)]
[(0.14931497374543357, 0.14931067313299107)]
[(0.44470815097618921, 0.4446964049615254)]
[(0.1118909648853707, 0.11188632917658042)]
[(0.037808022806721665, 0.037810379763509372)]
[(0.055140632215288574, 0.055138219947831787)]
[(0.1624230102486747, 0.16241503621599818)]
[(0.24202822237015431, 0.24202850861425415)]
[(0.13095293400513563, 0.13095123909042786)]
[(0.17147490691729136, 0.17146956551577638)]
[(0.12796261789887184, 0.12796088106592077)]
[(0.11460093238421623, 0.11460169187093526)]
[(0.12070761480625412, 0.12070650067378215)]
[(0.19326678314241547, 0.19326937453427079)]
[(0.18878494784189978, 0.18878903610471981)]
[(0.17673281310726097, 0.17672798540781862)]
[(0.14713840485123175, 0.14713077132830174)]
[(0.11189167314902884, 0.11189013941262997)]
[(0.21271568444404715, 0.21272150322356137)]
[(0.12803799458955514, 0.12803366265187835)]
[(0.055437182870454182, 0.055445249587438371)]
[(0.12046155269963664, 0.1204577208738471)]
[(0.078905853047533114, 0.078905636189830888)]
[(0.16139757689928594, 0.16139653481586214)]
[(0.17964424525161141, 0.17963660024830413)]
[(0.12455241735693887, 0.12455276262460883)]
[(0.17771638788332059, 0.17770690314391319)]
[(0.19633750949080334, 0.19633397157056454)]
[(0.12343777836400033, 0.12343291144307508)]
[(0.19250898887380591, 0.19250010326051711)]
[(0.19318544410780347, 0.19319435302088223)]
[(0.21276517622563673, 0.21276238736416184)]
[(0.11749150992176448, 0.11748985790957921)]
[(0.063014462326643053, 0.06301608721681079)]
[(0.19548915024213287, 0.19549696413668516)]
[(0.12653636128447027, 0.12654316989485437)]
[(0.20689411885217582, 0.20689144340789262)]
[(0.19404541286152577, 0.19404678023926561)]
[(0.094920580403734245, 0.09493065021067229)]
[(0.17181173993727977, 0.17180331739432148)]
[(0.19538496429160163, 0.19539060909772543)]
[(0.11749467686894408, 0.11749691261768143)]
[(0.034736140730892102, 0.034741696843648924)]
[(0.047975720930976323, 0.047980915751964816)]
[(0.14168617033021894, 0.14168622887397858)]
[(0.14795722273010009, 0.1479495314653434)]
[(0.18192672295964155, 0.18192506282673582)]
[(0.20969718739842255, 0.20970184661983743)]
[(0.17272745181053376, 0.17271896649424684)]
[(0.20028524991608679, 0.20029076588080133)]
[(0.16561225441744948, 0.16560274932793229)]
[(0.21116355665057931, 0.21116534179045932)]
[(0.18222103592566227, 0.18222337331970662)]
[(0.21170163224421715, 0.21169736741432174)]
[(0.19900884423547491, 0.19901125843462728)]
[(0.18804916187398521, 0.18803730735233118)]
[(0.14362908017689591, 0.14361805648925963)]
[(0.11567418060355315, 0.11567670640326456)]
[(0.057026859891860918, 0.057021586597662217)]
[(0.18935391995392881, 0.1893568294804531)]
[(0.15690840637332515, 0.15690608737595674)]
[(0.19989416465571247, 0.19990083256531513)]
[(0.12402991409084524, 0.12402694626187385)]
[(0.033882360598538531, 0.033878674487573951)]
[(0.16667937691370208, 0.16668457456572869)]
[(0.18344850772966115, 0.18345709393718093)]
[(0.1915849077789602, 0.19158669531114461)]
[(0.11704812745087097, 0.11704678100424121)]
[(0.11954074548413032, 0.11952954379757365)]
[(0.11628046904835433, 0.11627797178078229)]
[(0.19616758048928029, 0.19617540586611779)]
[(0.11654431926439904, 0.11653787247908069)]
[(0.18207907426730333, 0.18207675361672984)]
[(0.21498345726449297, 0.21497776192565565)]
[(0.068308812102433572, 0.068311861494097487)]
[(0.02801663248746741, 0.028009903460553012)]
[(0.15150536108419746, 0.15149315179620407)]
[(0.13025316501190798, 0.13025337428571443)]
[(0.1337119236188804, 0.1337125772388503)]
[(0.12015713942735076, 0.12014974813519576)]
[(0.17502417669669942, 0.17502257286163381)]
[(0.087110861179964014, 0.087110093120306792)]
[(0.14819992483835423, 0.14819808339456231)]
[(0.12195364806303209, 0.12194757248871267)]
[(0.14166748779146707, 0.14166609467307401)]
[(0.16044708756956491, 0.16044919852523035)]
[(0.13818288926144368, 0.13818059596770074)]
[(0.1179729912775045, 0.11796816336313705)]
[(0.20743940301308539, 0.20744343895251616)]
[(0.15752058253015677, 0.15750675130403607)]
[(0.1158271663614733, 0.11582780116289589)]
[(0.18408489712121856, 0.1840720381693397)]
[(0.053665817304786097, 0.053664602323054617)]
[(0.22238834861390699, 0.22238267127295289)]
[(0.086668051758559392, 0.086659075329419577)]
[(0.17937546834195459, 0.17937644233255476)]
[(0.19995557838475111, 0.19995722108650427)]
[(0.18440588956932921, 0.18440840802538336)]
[(0.16524676019701084, 0.16524892568440236)]
[(0.14046945709328981, 0.1404697869797408)]
[(0.13185126562755561, 0.1318484983447237)]
[(0.20649518416012561, 0.20649245759597237)]
[(0.079394157848190108, 0.079397725234287689)]
[(0.12598654737601828, 0.12598572469440472)]
[(0.10932590029801049, 0.10931605400507832)]
[(0.084756598552921961, 0.084756561919791334)]
[(0.14993549236484632, 0.14993378675508262)]
[(0.12202677961423881, 0.12202260034379547)]
[(0.24887818801498646, 0.24887850078671461)]
[(0.12064942629490227, 0.12064453894050894)]
[(0.11905057675516827, 0.11904812467962543)]
[(0.2140705336631519, 0.21407022117151706)]
[(0.15496588144843254, 0.15496399416372703)]
[(0.094919938971928589, 0.094907262348346982)]
[(0.07202182990404106, 0.072025508373807112)]
[(0.13440280049241141, 0.13439959538281523)]
[(0.14325611448301734, 0.14326037532220004)]
[(0.19893203190812223, 0.19892976759530867)]
[(0.1850449897419475, 0.18505066278523985)]
[(0.08724838242673931, 0.087240792898128638)]
[(0.078424471742972651, 0.078420549382066607)]
[(0.043735648833127999, 0.043740328917586675)]
[(0.11611598836457908, 0.11610141191120558)]
[(0.033990531842178144, 0.034000156416194673)]
[(0.13545187680193596, 0.13545831753568205)]
[(0.20321691570321229, 0.20321501652785054)]
[(0.18122342304395514, 0.1812250554383662)]
[(0.11584497748424788, 0.11584302168498284)]
[(0.12726893449289306, 0.12727449322957748)]
[(0.14239059714031363, 0.14238936965528476)]
[(0.070499168768297191, 0.070498632161987609)]
[(0.11771142942690332, 0.11770525384263585)]
[(0.12540411538413226, 0.12540922430622267)]
[(0.10935330332864962, 0.10936788508864342)]
[(0.19696989703142134, 0.19697440845714853)]
[(0.059056149760387693, 0.059056331558519928)]
[(0.061605035974796052, 0.061604070013754425)]
[(0.12284282387988393, 0.12283631349420193)]
[(0.11996159268563268, 0.11995751652721477)]
[(0.13317461849987733, 0.13316897248198353)]
[(0.11864927201792086, 0.11864847285305589)]
[(0.12106529140796458, 0.12105779836644218)]
[(0.16214217578420603, 0.16213851857106432)]
[(0.17594377349585219, 0.1759453936712142)]
[(0.13866720233865371, 0.1386626072117573)]
[(0.057501854773586381, 0.057503230539984213)]
[(0.15175162912652831, 0.15175032591789786)]
[(0.12310742129156292, 0.12310843537497952)]
[(0.17521303979259625, 0.17521448639912754)]
[(0.16439875057326325, 0.16439903351697363)]
[(0.18837701082148817, 0.18838703524033618)]
[(0.17038823399922734, 0.1703837918836146)]
[(0.13166334916701236, 0.13166522682546428)]
[(0.16533168671842455, 0.16532311180111414)]
[(0.11993069574654411, 0.11993185981734174)]
[(0.1674820651844241, 0.16747498537182057)]
[(0.052118685007518019, 0.052123669833628282)]
[(0.054189423144585636, 0.054185584759413291)]
[(0.18369606346899137, 0.18369608732782067)]
[(0.11084424558602292, 0.1108486670848622)]
[(0.1830224739013265, 0.18301741321888862)]
[(0.12931534755539253, 0.12931640426194069)]
[(0.18310715093582994, 0.18311709679438917)]
[(0.12336332563036448, 0.12336045023661085)]
[(0.13054016894320766, 0.13054081046713059)]
[(0.065661094287290556, 0.065664948962042113)]
[(0.12999965513953132, 0.13000107800662486)]
[(0.17678720053958433, 0.17679265135480582)]
[(0.11959169333230429, 0.11958251221893117)]
[(0.10025625097307049, 0.1002497763242791)]
[(0.068868163574350105, 0.068860872166169054)]
[(0.17384671272425054, 0.17384252752026189)]
[(0.037308101625004947, 0.037313148361111166)]
[(0.1857524412834933, 0.18575203575792998)]
[(0.19357279235365207, 0.19357409816542848)]
[(0.082254401188403048, 0.082250395502178386)]
[(0.06216420531338343, 0.062158809348109953)]
[(0.18017246022725103, 0.18017396026889362)]
[(0.18020270591708337, 0.18019675102007202)]
[(0.17975756100346921, 0.17975876939248622)]
[(0.066460950045039699, 0.066459089818916586)]
[(0.15860121180260142, 0.15859878499895361)]
[(0.073918023473969127, 0.073913977991939259)]
[(0.12986775104654505, 0.12986107115357381)]
[(0.13642025365064783, 0.13642727565947119)]
[(0.16354342845715325, 0.16353754939718518)]
[(0.17025156005349629, 0.17025939606848373)]
[(0.17629238976436215, 0.17629605159942913)]
[(0.14431564584164905, 0.14430683248092693)]
[(0.12444344238012195, 0.12443601524787647)]
[(0.12201681475438096, 0.12201856198165868)]
[(0.16896520316204552, 0.16895885208632755)]
[(0.22172583676681984, 0.22172327442230877)]
[(0.13086291253495483, 0.13085862254910977)]
[(0.17448686872419336, 0.17448792572651059)]
[(0.059975826971092099, 0.059976263981714066)]
[(0.0856612389516304, 0.085657636150233099)]
[(0.18159211346284387, 0.18158049602446569)]
[(0.18223534710863748, 0.18223747360033815)]
[(0.17590522478878659, 0.17590140713830035)]
[(0.1235737127811444, 0.1235725809434037)]
[(0.20593239465289398, 0.20593345914688779)]
[(0.16217286912808537, 0.16216418152924159)]
[(0.10908367905245121, 0.10908491133416537)]
[(0.22216173649146134, 0.22215881861012232)]
[(0.18321186427320252, 0.18321157862037937)]
[(0.1378693594014688, 0.13786255287129665)]
[(0.065096575612281715, 0.065096419041447418)]
[(0.092779630558234447, 0.092769317438683829)]
[(0.24080523917777247, 0.24081001071881725)]
[(0.16666410717901492, 0.16666271810034941)]
[(0.21070121985506213, 0.21070403473418955)]
[(0.12605251791128128, 0.12605077522270688)]
[(0.19573296205851332, 0.19574069675416209)]
[(0.14557354461566255, 0.14557029461050472)]
[(0.1201587274591636, 0.12014726744177077)]
[(0.19476212252245537, 0.19476870953123432)]
[(0.19932207603657115, 0.19932239270119501)]
[(0.11815303241372717, 0.11814802349575912)]
[(0.12717895641537272, 0.12718473722354745)]
[(0.11578585867147372, 0.11578864750013343)]
[(0.17030220634896881, 0.17030306839131595)]
[(0.17144203494242838, 0.17143822357472466)]
[(0.17969012956929864, 0.1796904249116463)]
[(0.24967317681893125, 0.24967630683503719)]
[(0.20189795171373123, 0.20189134120679855)]
[(0.052539495469198338, 0.052547142007970164)]
[(0.056724938926523374, 0.056727465655501998)]
[(0.19683565749660853, 0.19683652291433315)]
[(0.034983809858068898, 0.034973376953011698)]
[(0.18141372320891405, 0.18141309778675474)]
[(0.17819695182555448, 0.17818704224156956)]
[(0.12542823843353845, 0.12542985326098072)]
[(0.13086682181082734, 0.13086749718266968)]
[(0.14768397811063957, 0.14768366751093612)]
[(0.078644654783746437, 0.078640539149833114)]
[(0.12711480697852548, 0.1271174527864079)]
[(0.24130619159628114, 0.24130603665595923)]
[(0.13090832752877232, 0.13090663428362478)]
[(0.18980530571646106, 0.189802283604942)]
[(0.1412674727563922, 0.14126783985544134)]
[(0.15964612024256614, 0.15964486541005846)]
[(0.1164040144363374, 0.11640673045335997)]
[(0.071171603405650652, 0.071164341822353941)]
[(0.18809519874215416, 0.18808733443249404)]
[(0.11678262980918337, 0.11678069442348576)]
[(0.15788566077549218, 0.15788516410841613)]
[(0.15651280424482519, 0.15651664593006653)]
[(0.2600079910846943, 0.26001032454496598)]
[(0.18754671762738548, 0.18754337397904172)]
[(0.18571619866199943, 0.18571864994942039)]
[(0.64789383737170414, 0.64789601071164638)]
[(0.12889149175824829, 0.12890015260893661)]
[(0.20391382670330008, 0.20391664415164215)]
[(0.2006659340995105, 0.20066072978347246)]
[(0.1938938995083164, 0.19389350009829343)]
[(0.17832677042786765, 0.1783235337329393)]
[(0.1623417137148753, 0.16234127991486649)]
[(0.089591217282127905, 0.089593308598069438)]
[(0.17959338319889825, 0.17959617936387706)]
[(0.17070297369758081, 0.17069860835061787)]
[(0.18626506612333449, 0.18626843011230168)]
[(0.10600092429097517, 0.10599677019309114)]
[(0.15125788790865891, 0.15126091256081808)]
[(0.171141814270349, 0.17113329991958162)]
[(0.19709728661193315, 0.19708861796806537)]
[(0.10498031934614262, 0.10497759489577002)]
[(0.17644067443960187, 0.1764492529932962)]
[(0.076424221006797369, 0.076422677417118959)]
[(0.15276607104076795, 0.15277256351560783)]
[(0.041326462496845198, 0.041322094105261657)]
[(0.11805529749540968, 0.11805832768701709)]
[(0.10567035383313481, 0.10566241910000373)]
[(0.21200530535606418, 0.21200204480742182)]
[(0.084275940292597204, 0.084268075320877087)]
[(0.12692765399171238, 0.12692823234260955)]
[(0.1878850016182958, 0.18787505417304703)]
[(0.20287097877085317, 0.20288552205790264)]
[(0.13345226058790702, 0.1334484025326263)]
[(0.12904234958955699, 0.12903991713542631)]
[(0.1632255339880655, 0.1632285685604894)]
[(0.11053255440216896, 0.11053154279601798)]
[(0.27417719178486755, 0.27417801363346278)]
[(0.13084489359638451, 0.1308434307315984)]
[(0.078634136149308143, 0.078645994477130415)]
[(0.12693312190853501, 0.12693158681888994)]
[(0.014116191180784953, 0.0141234829080379)]
[(0.15473735963618038, 0.15473901197598386)]
[(0.071718931801879188, 0.071722272768675585)]
[(0.19980730154014825, 0.19981382703307429)]
[(0.083950163539645198, 0.083953997230927654)]
[(0.11425181207292488, 0.11424324350889355)]
[(0.04348365354453132, 0.04348976108409057)]
[(0.19170035947166497, 0.19170635103400518)]
[(0.1419971134731384, 0.14198950419875053)]
[(0.15461110381945961, 0.15460360508509874)]
[(0.057900494565879181, 0.057903797505499129)]
[(0.12804496857440764, 0.12805449989867904)]
[(0.036262469286214599, 0.036267446365210523)]
[(0.14343674278448562, 0.14345148254261619)]
[(0.16531680214815092, 0.16531483553527093)]
[(0.18299922490170867, 0.18300626511494142)]
[(0.14068275771430944, 0.14068698804653781)]
[(0.25272892965126198, 0.25273198136331937)]
[(0.27419479484515513, 0.2741931912059149)]
[(0.22107798724147704, 0.22107600550728954)]
[(0.12443224407344214, 0.12443654723063545)]
[(0.155333815928938, 0.15533032944847469)]
[(0.15925519734345545, 0.15925185586816898)]
[(0.13030547749564422, 0.13030485965015393)]
[(0.18420431977731103, 0.18420928641401113)]
[(0.1255509987492551, 0.12554843207229224)]
[(0.15332094996453308, 0.15331436910681365)]
[(0.14338278017805009, 0.14337474013924909)]
[(0.18575676232331828, 0.18576413870150096)]
[(0.15821605886344076, 0.15821324527429145)]
[(0.11836281529071341, 0.11835313438079723)]
[(0.050998055161202455, 0.05099757245437974)]
[(0.077983710080242533, 0.078001814967814123)]
[(0.080768731523110371, 0.08076421169157498)]
[(0.1258636648736145, 0.12585698596068126)]
[(0.15835875532094557, 0.1583576439001203)]
[(0.50649105984220566, 0.50648473980622211)]
[(0.085220700294384, 0.085228012984510229)]
[(0.048670157492766923, 0.048664367142342839)]
[(0.17971024833692162, 0.17970996086285382)]
[(0.17855149933416237, 0.1785560258674824)]
[(0.20314618357187353, 0.20315209681329052)]
[(0.14791193265203162, 0.14791161740117073)]
[(0.14494831041682224, 0.1449343293071059)]
[(0.11515047577292283, 0.11515083085757155)]
[(0.16233952615033856, 0.16233159745207831)]
[(0.12598703800844593, 0.12597818988694595)]
[(0.34505074548134002, 0.34505180632787774)]
[(0.10655781858589886, 0.10655269757329187)]
[(0.055176010796881482, 0.055185354130270411)]
[(0.13140319671100545, 0.13140331569817576)]
[(0.19998451126291492, 0.1999824064102132)]
[(0.11939713064415548, 0.11939763957622485)]
[(0.18653538039363643, 0.18652928652281175)]
[(0.10821652251858845, 0.10821756411867192)]
[(0.18602866136814544, 0.18602776672059404)]
[(0.080397711793405102, 0.080399884469725444)]
[(0.16346706340080039, 0.1634715044570316)]
[(0.04746205654479578, 0.047446509836431498)]
[(0.17255851200103609, 0.17255422755093455)]
[(0.052446083194050953, 0.052453081179414614)]
[(0.18467313183793674, 0.18466989834370232)]
[(0.23092007326426389, 0.23091659293153335)]
[(0.18097946081584323, 0.18096998827108113)]
[(0.20618134086235962, 0.20618578124016873)]
[(0.21883426737335021, 0.21883944148894469)]
[(0.13578824916822813, 0.13578526812682498)]
[(0.18121165463171532, 0.18122451552347277)]
[(0.11753251757121834, 0.1175262043871942)]
[(0.19557795362526564, 0.19557838425420562)]
[(0.22395630247482226, 0.22395957081265888)]
[(0.13020177913721295, 0.13020331682157113)]
[(0.11647470522792518, 0.11647236011010433)]
[(0.10444881045048922, 0.10443326047377686)]
[(0.10794171141346869, 0.10794534474464573)]
[(0.11962127371412112, 0.11962068379696737)]
[(0.14897910558191174, 0.14897837543298043)]
[(0.09847065456787174, 0.098465969412876442)]
[(0.068862085555979669, 0.068873497017183968)]
[(0.19871152360031852, 0.19871052867009717)]
[(0.13106896192817061, 0.13107096073885305)]
[(0.14146389134578274, 0.14145877511921687)]
[(0.19859598259952752, 0.19858688129792113)]
[(0.11319360213315459, 0.11319018140717495)]
[(0.13568723513177408, 0.13569207116196882)]
[(0.17588226114564789, 0.17587910473805304)]
[(0.14554475621936902, 0.14554146002887458)]
[(0.15732360319376304, 0.15732611951091943)]
[(0.046310436306996043, 0.046315609170710863)]
[(0.17627344632678657, 0.17627392236851885)]
[(0.12957848950679798, 0.12957391838944227)]
[(0.15106208258719425, 0.1510575505158146)]
[(0.23238920132513766, 0.23238957083869075)]
[(0.13502414339062829, 0.13502433455586904)]
[(0.2283098691335215, 0.22832061871340617)]
[(0.12550916101228443, 0.12550268198567902)]
[(0.086443516016394828, 0.086433271828613392)]
[(0.23787025278932575, 0.2378682079935798)]
[(0.14698081374842706, 0.14697641235861653)]
[(0.055514105048791181, 0.05550863277440346)]
[(0.1160550981670331, 0.1160595141147009)]
[(0.13089663967426518, 0.13089363601886958)]
[(0.19183044825557086, 0.1918306791955742)]
[(0.056453723327924664, 0.05644545905237433)]
[(0.048111090617555412, 0.048109133742379309)]
[(0.19072679082810762, 0.1907189697122077)]
[(0.29499374623537578, 0.2949975998912332)]
[(0.16699956014811021, 0.16699220821196106)]
[(0.18836126943244877, 0.18835983901461859)]
[(0.16912796508804206, 0.16912620161496708)]
[(0.17932909661955879, 0.17932974907164762)]
[(0.16458560743558695, 0.16459741782921319)]
[(0.12104635435324655, 0.12104537943814821)]
[(0.24642892467728286, 0.24643517050623301)]
[(0.089250590204626973, 0.089237831802718284)]
[(0.18098241726456185, 0.18096992671200693)]
[(0.18029608545409931, 0.18028718409854766)]
[(0.14245503777388419, 0.1424430655105686)]
[(0.21100372349063087, 0.21100974429517852)]
[(0.049866126481755105, 0.049860685134731415)]
[(0.20463061431395835, 0.20463443735285683)]
[(0.18386209547010895, 0.18385887984620453)]
[(0.20783457215427378, 0.2078396008491078)]
[(0.17620034815563462, 0.17620385631394728)]
[(0.18611890470970807, 0.18610539761904851)]
[(0.11935224120433832, 0.11935291212914145)]
[(0.13635495000880019, 0.13635625345739047)]
[(0.079069666245251288, 0.07906936139868638)]
[(0.12009803154907214, 0.12010227511906485)]
[(0.15736401641177269, 0.15737050418712584)]
[(0.1944426079961554, 0.19445069217655739)]
[(0.26541840760746938, 0.2654192518490337)]
[(0.12096460503386264, 0.12097065289761567)]
[(0.12198831136303802, 0.12198154688424699)]
[(0.056202414241576994, 0.05619574564149224)]
[(0.17581353683538928, 0.1758080762081029)]
[(0.18916014100906872, 0.18915051783635708)]
[(0.031165950941350083, 0.031161592178574279)]
[(0.2010408448591619, 0.20103867179292267)]
[(0.20330449328464154, 0.20331063832637539)]
[(0.1279185679057149, 0.12792576223450053)]
[(0.15720576820035728, 0.15719766315002673)]
[(0.066911350888836263, 0.066917025405637473)]
[(0.18224839876107293, 0.18224697042094276)]
[(0.14234660350099357, 0.14235143790292776)]
[(0.19076577966335082, 0.190767226162563)]
[(0.067160344860472954, 0.067146990056246914)]
[(0.15872350974114027, 0.15872632193217104)]
[(0.12475004040441305, 0.12475475347365825)]
[(0.11911243450036556, 0.11911335548288626)]
[(0.17249065738196062, 0.17249305681937568)]
[(0.11878275211758407, 0.11878536867897777)]
[(0.20952316943861279, 0.20952296006880647)]
[(0.20021684821440847, 0.20022066789482515)]
[(0.053584645695885565, 0.05357539866427375)]
[(0.24674797409086183, 0.24674004280373787)]
[(0.12124991211046209, 0.12124876776747241)]
[(0.20687108769478096, 0.20686941560280306)]
[(0.044878892003143836, 0.044882394963503804)]
[(0.12996227448022768, 0.12996537879234313)]
[(0.17056130966561622, 0.17056943917247908)]
[(0.17898151639486903, 0.17897813890831524)]
[(0.13237912401506893, 0.13237847094081279)]
[(0.15864022652767659, 0.15863651328016171)]
[(0.060483198103637205, 0.060480398247819582)]
[(0.1869230689789963, 0.18692580086363525)]
[(0.20337742443629139, 0.2033871366752493)]
[(0.087646339332015821, 0.087637618774515424)]
[(0.094229528217990577, 0.094232266753763672)]
[(0.24237106260069854, 0.24237070995785973)]
[(0.12258622225891518, 0.12258955456854652)]
[(0.12781030689658368, 0.12781059380294757)]
[(0.13060954618819098, 0.13060173582473461)]
[(0.083829055582826287, 0.083823347598839498)]
[(0.12496660128880098, 0.12496512597483928)]
[(0.16500044409831927, 0.16499893459412363)]
[(0.11643311804254841, 0.11643237337131782)]
[(0.14066785291704553, 0.14066150707814418)]
[(0.08188952979074092, 0.081896586659301343)]
[(0.072858151938909765, 0.072861409757510431)]
[(0.12073631201043301, 0.12073418543848023)]
[(0.19588325898923029, 0.19589221081475758)]
[(0.1316553217114356, 0.13165269693476039)]
[(0.14096099803040374, 0.14095846558956823)]
[(0.11680301192091536, 0.11680785698928477)]
[(0.18623488775465252, 0.18624253301693686)]
[(0.11189988180500997, 0.1119064054030198)]
[(0.18731603709431821, 0.18731796277171703)]
[(0.152926512817563, 0.15292413566107102)]
[(0.14071388479989419, 0.14071401184223042)]
[(0.14997543994546519, 0.14997399204535058)]
[(0.1737374554953541, 0.17374360537810699)]
[(0.066705112170480668, 0.066699606051982205)]
[(0.13741193766125626, 0.13741117750271051)]
[(0.094748993983136728, 0.094749686160584753)]
[(0.1024341381307893, 0.10243053205072124)]
[(0.12525268306040635, 0.12525065191622275)]
[(0.069470550428810049, 0.069472996512955465)]
[(0.12886872467258817, 0.12885698802249734)]
[(0.18641453163618998, 0.18640892051719649)]
[(0.051605231401924564, 0.051606431952196094)]
[(0.1845459283529145, 0.18455371481662616)]
[(0.18615229029323646, 0.18615556557941029)]
[(0.18701194344439162, 0.18702045168476403)]
[(0.18269331479176942, 0.18268994692801857)]
[(0.20011413096007891, 0.20011829215817387)]
[(0.074807366110242857, 0.074814473477628138)]
[(0.12970108850129991, 0.12969517448715884)]
[(0.19081476628995978, 0.19082587102042317)]
[(0.086672300129950558, 0.086682960021297772)]
[(0.19083626323465197, 0.19083875136817904)]
[(0.18241622774839025, 0.18241095854565278)]
[(0.18673404330135501, 0.18673663412531949)]
[(0.14833716660143317, 0.148338228607757)]
[(0.2088137943452387, 0.20881697162888652)]
[(0.21719389591015384, 0.21719576905250831)]
[(0.18026031773994766, 0.18026220265690204)]
[(0.16101402290661349, 0.16100913316607623)]
[(0.22434457642642336, 0.22434115475836941)]
[(0.062851197798816871, 0.062849336104421116)]
[(0.19399724567793261, 0.19400344906496486)]
[(0.075446711527750718, 0.075446960873471011)]
[(0.18353916816998223, 0.1835395548980373)]

[(0.13480559510403231, 0.13479418350193409)]
[(0.18049365803170062, 0.18049349132182521)]
[(0.20347342748469935, 0.20347096565345321)]
[(0.088278477543832556, 0.088269656472613714)]
[(0.17752260339775883, 0.17751943125604885)]
[(0.094346818075278852, 0.094352106972600561)]
[(0.1852309278144616, 0.18522636326957923)]
[(0.12094294857983776, 0.12094910680808345)]
[(0.11470937688286603, 0.11470268332108922)]
[(0.12208612875167223, 0.12209190095539287)]
[(0.10171945704178122, 0.10172101974948554)]
[(0.14677515842931513, 0.1467764310134079)]
[(0.1769223934541844, 0.17692820881014557)]
[(0.23066767883116315, 0.23066884144042718)]
[(0.25483733041688256, 0.25483933774523831)]
[(0.11242913428803543, 0.11243478093574268)]
[(0.14747614894990793, 0.14747951695483083)]
[(0.14907362396704846, 0.14907412185153912)]
[(0.16255831912716887, 0.1625590342382259)]
[(0.13202173983192134, 0.13202242855502719)]
[(0.13723119782133966, 0.13723289411357947)]
[(0.1874201898391176, 0.18741987722039966)]
[(0.16097974627193393, 0.16097688696292109)]
[(0.15889537762068884, 0.15889586022759455)]
[(0.18895909205355996, 0.18895602280692489)]
[(0.054874663173678832, 0.054860532349664017)]
[(0.16419009078528823, 0.16419292677695607)]
[(0.12828135255541415, 0.12828027809169681)]
[(0.18471169876124172, 0.18471175406645052)]
[(0.20805944877535437, 0.20806022382765746)]
[(0.063304174243268868, 0.06330389302367162)]
[(0.11700753825276623, 0.11699838527328739)]
[(0.12493703058658773, 0.12492960651589048)]
[(0.18970055575883676, 0.18970180657374236)]
[(0.14481515366203412, 0.14479942363656811)]
[(0.18563430955293428, 0.185638499727905)]
[(0.1052127250675625, 0.10520931565660847)]
[(0.19280144956649262, 0.19279931981382059)]
[(0.50649999999999995, 0.50649999999999995)]
[(0.11637642799944947, 0.11637913324685266)]
[(0.2086607397275668, 0.20865817915702153)]
[(0.18508668773162967, 0.18508961409038996)]
[(0.15566044485322053, 0.15565598875799144)]
[(0.15421501260106105, 0.15421175792959071)]
[(0.19069559724176532, 0.19069646979425814)]
[(0.20004804455132302, 0.20005630049632658)]
[(0.19595537459847207, 0.19595029160692159)]
[(0.17526776757662979, 0.17527376461460095)]
[(0.12155928673843733, 0.12155138898978839)]
[(0.18831393193702903, 0.18831963108515481)]
[(0.18825688032213303, 0.18825408686616402)]
[(0.15202885624897136, 0.1520279354853401)]
[(0.19433394570748827, 0.19432196203001928)]
[(0.072662826306221798, 0.072667807433558967)]
[(0.24513963418006457, 0.24514225435717474)]
[(0.13265833943299829, 0.13265750261554785)]
[(0.1864161472327984, 0.18641351764578126)]
[(0.16986467284777568, 0.16986352354824333)]
[(0.12366263286297639, 0.1236578304481724)]
[(0.18431228587328449, 0.1843071569214299)]
[(0.1320012373580168, 0.13200473365276008)]
[(0.11441807066829815, 0.11442483637687297)]
[(0.23776530857055664, 0.23777056808903946)]
[(0.18569011887105907, 0.18569798310558314)]
[(0.060826931234982971, 0.060820446439719136)]
[(0.17911929646795574, 0.17911873538670597)]
[(0.074713520145361034, 0.074716154740159427)]
[(0.24531733855239246, 0.24531474562560912)]
[(0.13215561152839991, 0.13216224228551685)]
[(0.1438141029067182, 0.14381432761345236)]
[(0.13364019978385067, 0.13363727227945232)]
[(0.13975200700050919, 0.1397542282614061)]
[(0.19225794720055384, 0.19225493191877022)]
[(0.22142648226270881, 0.22142278777899602)]
[(0.13873775678025096, 0.13874048950282375)]
[(0.18878763365668261, 0.18878097404274941)]
[(0.15155842510600354, 0.1515594579603079)]
[(0.17560402993883095, 0.1755987570738112)]
[(0.055811743214912377, 0.055814850470300797)]
[(0.17808677206574106, 0.1780824728528127)]
[(0.18854838438155108, 0.18854951052960692)]
[(0.21244293129348604, 0.21244867289740474)]
[(0.19977570964421634, 0.19978143048947175)]
[(0.13080059179605022, 0.13080549012064194)]
[(0.17194954916783381, 0.17195040217505833)]
[(0.07168963895266213, 0.071694935451192598)]
[(0.12539040561641696, 0.12539736605771898)]
[(0.15103636654260935, 0.15102692747012328)]
[(0.1978305281342726, 0.19782082456547831)]
[(0.16492566987571203, 0.16492685357071421)]
[(0.11942771054147268, 0.11941936724317474)]
[(0.096101622437854153, 0.096098886761944696)]
[(0.26180040884441291, 0.26180595544697383)]
[(0.16795963885932677, 0.16796250467739646)]
[(0.19320763945825192, 0.19321247426207269)]
[(0.078580518777260883, 0.078578763461705364)]
[(0.1839935047571637, 0.18398854906619369)]
[(0.055048322351396499, 0.055053218734811969)]
[(0.15215878172057098, 0.1521475662475211)]
[(0.12536257805684745, 0.12536570350631032)]
[(0.12144277278091051, 0.12144217836050548)]
[(0.11637558334361615, 0.11638124313914519)]
[(0.048671095934170433, 0.048677480206836828)]
[(0.15540027894568056, 0.1553959686665326)]
[(0.14646869862252318, 0.14647927338108982)]
[(0.180649117949608, 0.18064810282925053)]
[(0.13220441378958259, 0.13219976018408677)]
[(0.12106468882260653, 0.12107077908947632)]
[(0.14756349900110174, 0.14755700840308586)]
[(0.16622808998671512, 0.16622510428102899)]
[(0.17513205030498233, 0.17512782020087098)]
[(0.065593533788297298, 0.065604626240883687)]
[(0.21242009926624553, 0.21242124322543507)]
[(0.040243185043104451, 0.040242746498807595)]
[(0.11314710111605125, 0.11314346184713374)]
[(0.19142509699489649, 0.1914174538604855)]
[(0.15636783536579618, 0.15636251507767929)]
[(0.11844520545253437, 0.11844947357871281)]
[(0.083240798211404954, 0.083232190558749919)]
[(0.1939352963531851, 0.19393801992795126)]
[(0.091572980545005359, 0.09156764132024614)]
[(0.052067854921830949, 0.052068007832374169)]
[(0.1067482802335895, 0.10673634590451403)]
[(0.1272590034970344, 0.12725174252772581)]
[(0.13653364678345306, 0.13653388233783434)]
[(0.11846108803833645, 0.11846000850186433)]
[(0.13444285871129777, 0.13443828286832238)]
[(0.11799110657787287, 0.11798829623501511)]
[(0.18204324145642212, 0.18203558661156585)]
[(0.19820407005732113, 0.19820299294265195)]
[(0.10542478032026659, 0.10542559917344717)]
[(0.19380346329919573, 0.19380327911323869)]
[(0.037906756976954538, 0.037896316469164658)]
[(0.078834387750328569, 0.078834007387510979)]
[(0.087059336828463507, 0.087054667224015017)]
[(0.060060898696166702, 0.060057998115282098)]
[(0.11805169777741441, 0.11805132704787763)]
[(0.20343177626757025, 0.20344036680517441)]
[(0.12415398384405328, 0.12413785740124386)]
[(0.15499800875566891, 0.1549965878797597)]
[(0.17649209224238097, 0.17648700807980197)]
[(0.13003802665710609, 0.13004275918435482)]
[(0.18755509328149894, 0.18755282423990982)]
[(0.16192782515382007, 0.1619169615781941)]
[(0.18983094995912078, 0.18982894556875429)]
[(0.18801620971183927, 0.18802565345141398)]
[(0.21647582389163531, 0.21648333789387134)]
[(0.097880191664079907, 0.097873028749870306)]
[(0.16405990123932626, 0.16405168810113518)]
[(0.17752329581378518, 0.17752577153453356)]
[(0.050270662411108454, 0.050270278488499319)]
[(0.13304197140120502, 0.13304478146503293)]
[(0.12006319810055449, 0.12005743928937837)]
[(0.19562253038667521, 0.19562350740710152)]
[(0.1207691183591241, 0.12077108956676451)]
[(0.20020062758233756, 0.2002042912456741)]
[(0.17831372613990901, 0.17830729857920372)]
[(0.16988883949313277, 0.16988243049513724)]
[(0.08437973716664246, 0.084384438877853143)]
[(0.14953615556914129, 0.14953097490721812)]
[(0.20682536882148925, 0.20682827539570781)]
[(0.20157087998168255, 0.20157245900680756)]
[(0.12520707023688055, 0.12520275903866801)]
[(0.1948271208008365, 0.19482832517476309)]
[(0.28603461928606988, 0.28603249813557624)]
[(0.16311025077286423, 0.1631113279471737)]
[(0.11979884846927712, 0.11980499302073087)]
[(0.17795662559109451, 0.17795615775573864)]
[(0.13176199714827738, 0.13175920884612916)]
[(0.16782532052410584, 0.16782580109980533)]
[(0.072336112750392131, 0.072330542198429354)]
[(0.16180362530434794, 0.16180548818463114)]
[(0.10090079788923466, 0.10089923242713826)]
[(0.079770005674696082, 0.079766829307229642)]
[(0.12743824937481915, 0.12743382860387933)]
[(0.11518330353967254, 0.11517492872911754)]
[(0.13053727692561323, 0.13054209983417431)]
[(0.079599591994638591, 0.079608197362270705)]
[(0.11800787961656592, 0.11800852404589053)]
[(0.10043185370956115, 0.10042381701863885)]
[(0.19393784474748257, 0.19393964855989845)]
[(0.14946890970143059, 0.14946480833573481)]
[(0.19676957348952059, 0.19676763710089312)]
[(0.084093079587529679, 0.084093947138009162)]
[(0.18539730020076775, 0.18539452719018809)]
[(0.17488720897489105, 0.17488349192359889)]
[(0.18834661295938177, 0.18834877513935649)]
[(0.13077413992116019, 0.13076346692662932)]
[(0.11777075496835429, 0.11777435685927706)]
[(0.16024101618893224, 0.16024925477007554)]
[(0.20585752958215331, 0.20586161835073088)]
[(0.12838322906752478, 0.12837968549345324)]
[(0.17812235468472701, 0.17812525872399085)]
[(0.1465944980023284, 0.14659467628249778)]
[(0.1895587500856715, 0.18955651990613617)]
[(0.083091196006971013, 0.083086918511186311)]
[(0.083682077602252353, 0.083673210031464829)]
[(0.062769345284411526, 0.062758280289800045)]
[(0.1011755415402583, 0.10116969301272395)]
[(0.15324311400708759, 0.15324198477672873)]
[(0.18319588560790345, 0.18320067854129587)]
[(0.17756891610654202, 0.17756695329893121)]
[(0.16717212645126669, 0.16717340931444821)]
[(0.057342510030822649, 0.057332939311293213)]
[(0.59226156059581592, 0.59226025287892803)]
[(0.12509397989166257, 0.12509345053300414)]
[(0.12707692310730956, 0.12707457469025318)]
[(0.08046252059762446, 0.080454297097512145)]
[(0.18177075721308367, 0.1817730289161015)]
[(0.15833100058006677, 0.15833497596210661)]
[(0.18399759650468217, 0.1839955043438912)]
[(0.12841729631040988, 0.12841702959447832)]
[(0.16231432303582569, 0.16232028166369256)]
[(0.12069093830832284, 0.12069393475040871)]
[(0.22081789312406566, 0.22080952504354326)]
[(0.13069627681046292, 0.13069064314031889)]
[(0.12741908777876521, 0.12741714594241407)]
[(0.14681407079400546, 0.14681852556137492)]
[(0.1641787264043349, 0.16418131463582017)]
[(0.19331423031401318, 0.19332140184392826)]
[(0.140461846821481, 0.14046414034276583)]
[(0.086353950205297791, 0.086346612426311309)]
[(0.17238596000401385, 0.17238850185222662)]
[(0.1216298967420622, 0.12161604467770465)]
[(0.033198787140222244, 0.033206818291091282)]
[(0.19443054418240632, 0.19442940597790759)]
[(0.15811447584152491, 0.15811143641666381)]
[(0.11928211494751575, 0.11928251150928047)]
[(0.057105066762789369, 0.057103432202461994)]
[(0.17109453116061915, 0.17109321879546063)]
[(0.13331618569993334, 0.13331466418612231)]
[(0.11182659057428559, 0.11182407188222675)]
[(0.20711273749170089, 0.2071078933378353)]
[(0.14553636961234284, 0.14553459489343162)]
[(0.058220385245843671, 0.058213981485285386)]
[(0.1514591346010693, 0.15146303162295821)]
[(0.24405143414785668, 0.24405657340083825)]
[(0.16374137239333769, 0.16374220632880507)]
[(0.12575668589415881, 0.12574776418584935)]
[(0.12706735142863543, 0.12706525745655528)]
[(0.17205365722383087, 0.17205330977705685)]
[(0.11714233617959778, 0.11713473081278448)]
[(0.12154657581820608, 0.12154116574447023)]
[(0.11396503323154596, 0.11395784967693659)]
[(0.16421556046276439, 0.16421864147079562)]
[(0.21537302492399285, 0.21536870430649258)]
[(0.11984482933497449, 0.11984176222815329)]
[(0.051963558999319481, 0.051968378783644201)]
[(0.16944107669355424, 0.16944911181459577)]
[(0.13008013217727246, 0.13008828828623173)]
[(0.061945523025041346, 0.061944121299979879)]
[(0.15141091365982834, 0.15140961988889978)]
[(0.13707128446609176, 0.13706893762619979)]
[(0.19615543558860216, 0.19615454901520205)]
[(0.21759359421337077, 0.21758975988495746)]
[(0.12933332392945759, 0.12932921825061108)]
[(0.13693630226603892, 0.13693531544394141)]
[(0.11099698041466383, 0.11099591962487433)]
[(0.12214552516153815, 0.12214624447328687)]
[(0.16936625636248481, 0.16936334108835854)]
[(0.14613338052296976, 0.14613914829832653)]
[(0.1672183636065295, 0.1672168235567279)]
[(0.12638160204762888, 0.12637936734857999)]
[(0.20535192765559049, 0.20535713791363461)]
[(0.18018921447554567, 0.18018066523613399)]
[(0.1947241819511504, 0.19472069290641497)]
[(0.050514746089285502, 0.050514409422286313)]
[(0.18023147531557024, 0.18022236954164536)]
[(0.12240454429062474, 0.12239491222200205)]
[(0.19985622041908913, 0.19985896531074057)]
[(0.18468997143710364, 0.18468710024932289)]
[(0.10032497921340976, 0.10031889972015916)]
[(0.054032658023808008, 0.054039234202069748)]
[(0.12614076943673183, 0.12614436863839459)]
[(0.11637436455520302, 0.11637555973648901)]
[(0.1233958830700468, 0.12338819645933609)]
[(0.082334714142122706, 0.082335793562081747)]
[(0.11857852505966494, 0.11857130473155714)]
[(0.073532174532102312, 0.073521314811852742)]
[(0.095370305126494012, 0.095362082693403405)]
[(0.0597489666622514, 0.059744141372044)]
[(0.062568207587397437, 0.062566318741910654)]
[(0.16106504656241694, 0.16106054659079611)]
[(0.1334675975769968, 0.13347079195959349)]
[(0.17317048865629328, 0.17318184865309758)]
[(0.16816222034461079, 0.16817256462140978)]
[(0.17461395270631266, 0.17460693747552464)]
[(0.19186181267382588, 0.19186139040829506)]
[(0.1319121193203403, 0.13191287225846737)]
[(0.14270484076166881, 0.14269986072771984)]
[(0.11023580996223091, 0.1102432724500893)]
[(0.15245481317142473, 0.15245436092301271)]
[(0.079052773311018398, 0.0790531415506944)]
[(0.16722110062245327, 0.16722227474366244)]
[(0.15728157044920546, 0.1572764391797645)]
[(0.086068381360582438, 0.086064276203952794)]
[(0.091702720887616829, 0.091705886869001579)]
[(0.13711678372300595, 0.13711703936381731)]
[(0.11745860155791439, 0.11746086213348027)]
[(0.097283510569161, 0.097282846549012938)]
[(0.16326011340784019, 0.16325212675976955)]
[(0.18096902525070632, 0.18095897693717378)]
[(0.11745291841427918, 0.11744920412606392)]
[(0.14958884530721012, 0.14959373111529087)]
[(0.065436415128543909, 0.065431872159828902)]
[(0.19447508572471639, 0.19448706133423113)]
[(0.048177155099077336, 0.0481865588834203)]
[(0.16984320867609373, 0.16983816157731915)]
[(0.19787843818718154, 0.19788606194752151)]
[(0.13458047566690404, 0.13458736600860766)]
[(0.12801666589545208, 0.12801407194473058)]
[(0.18554852558649879, 0.18554835238907313)]
[(0.11845100280119486, 0.11844733023217519)]
[(0.17349703441789724, 0.1734961815456143)]
[(0.16839181111765394, 0.16839033816247168)]
[(0.19484238841091334, 0.19483704821547557)]
[(0.058487591696246892, 0.058484439472946452)]
[(0.17180397970794822, 0.17181060764224548)]
[(0.14587877857177489, 0.14587105333659608)]
[(0.19683437452656027, 0.19683422429875622)]
[(0.14571441092253751, 0.14571179198750142)]
[(0.16796264731005939, 0.16795775805566179)]
[(0.25219771292212873, 0.25219589607507126)]
[(0.19801378721417973, 0.19800689851865849)]
[(0.12206233448538271, 0.12205719438947193)]
[(0.20427741731467985, 0.20428134752024987)]
[(0.057492396143310094, 0.057486360779273001)]
[(0.18514894957821032, 0.18514722626735336)]
[(0.16835102111413594, 0.16834688096773684)]
[(0.11536128204464485, 0.11536005830198204)]
[(0.12610736218015606, 0.12610845935126747)]
[(0.14751453122761929, 0.14751644686523652)]
[(0.20559836554990293, 0.20559583180204566)]
[(0.05806186964459778, 0.058069673890242021)]
[(0.15271869402494115, 0.15271434969274664)]
[(0.18028555678589878, 0.18028244630915854)]
[(0.1914757107134103, 0.19147186937265515)]
[(0.24621320350711437, 0.24620634051131141)]
[(0.19632110678778655, 0.19631571648494942)]
[(0.10461187411292205, 0.1046133441166445)]
[(0.20410203010594422, 0.20410404254136988)]
[(0.1817001319628633, 0.18170282650843783)]
[(0.070200877115612931, 0.070202819154560003)]
[(0.18618655627497221, 0.18619350650207001)]
[(0.131106600212893, 0.13111007895370885)]
[(0.17246011452980595, 0.17245687149968661)]
[(0.22699609432537368, 0.22699367382488411)]
[(0.093717599690798417, 0.093721144546444493)]
[(0.11903833979456335, 0.11903718856888541)]
[(0.17085767051100773, 0.17085296458269339)]
[(0.13639699577709874, 0.13639699577709874)]
[(0.34014554473334341, 0.34014942993626529)]
[(0.034156647698985874, 0.034157822379236639)]
[(0.15270044795714127, 0.15269979537527634)]
[(0.13493247250422011, 0.13493852837061809)]
[(0.12214783147693012, 0.12214725320180159)]
[(0.052918595550306535, 0.05292841029999476)]
[(0.1948823421359335, 0.19488153374693781)]
[(0.11837063054063322, 0.11836099028500664)]
[(0.12569518117752862, 0.12569444592974824)]
[(0.14893513226589716, 0.14893789871370144)]
[(0.19064218653570816, 0.19064479802973697)]
[(0.121767100461238, 0.12176757043660745)]
[(0.21240420493044876, 0.21240034994809801)]
[(0.10095629465684473, 0.10094474737464769)]
[(0.18382863261163404, 0.18381810890110756)]
[(0.19120953946181188, 0.191203283089384)]
[(0.17130460962449076, 0.17130744749598301)]
[(0.12287691297769343, 0.12287556782124241)]
[(0.18952671616325453, 0.18952633702224359)]
[(0.16017307676242132, 0.16017177145856759)]
[(0.10200611503334298, 0.10200697266577023)]
[(0.22496356106481297, 0.22495596630581191)]
[(0.12631322407148401, 0.12631370436378461)]
[(0.13693985841822418, 0.13693960978978698)]
[(0.21216649774075938, 0.2121685110852134)]
[(0.19660208049529587, 0.19659233761427872)]
[(0.27690531034668403, 0.27690470524771615)]
[(0.13787078292637692, 0.1378626708773299)]
[(0.10385246914413453, 0.1038595305246701)]
[(0.14046511112382853, 0.14046705740599499)]
[(0.12413984322911423, 0.12414319834704129)]
[(0.11557341406232857, 0.11557572023691408)]
[(0.21355349605082682, 0.21356104005149046)]
[(0.056836848047572212, 0.056838930751884238)]
[(0.14293118377015609, 0.14292754160365925)]
[(0.14108320992606851, 0.14108249125247838)]
[(0.054499587057993182, 0.05448998161122285)]
[(0.0324666747071971, 0.032463031777549618)]
[(0.039972411860874753, 0.039967956878039133)]
[(0.11746424360341993, 0.11746111345501072)]
[(0.13810484345975749, 0.13810342665566808)]
[(0.053674536676395677, 0.053675016600501509)]
[(0.19950775577479452, 0.19950965100167356)]
[(0.21222126834819288, 0.2122137282488315)]
[(0.20521029247113762, 0.20520697552705336)]
[(0.12998513888234442, 0.12998042034468169)]
[(0.090091325380222742, 0.090089786266155644)]
[(0.22543543120717341, 0.22543726762760785)]
[(0.19395946374487763, 0.19396211055839682)]
[(0.13224886862867316, 0.13225282297664129)]
[(0.12162254840083385, 0.12161667416389549)]
[(0.040001073977214911, 0.039999806833846567)]
[(0.20340923497174651, 0.20341759935122739)]
[(0.16638919758973889, 0.16637769600230584)]
[(0.15438335810574205, 0.15439253841812364)]
[(0.19545575468481469, 0.19546150732154108)]
[(0.18547412990184436, 0.18548344901005406)]
[(0.14132291200266536, 0.14132400174624674)]
[(0.069854963436378481, 0.069851795200461725)]
[(0.14305942222670975, 0.14305986538461471)]
[(0.058580996914080072, 0.058580150009814272)]
[(0.18277284508247674, 0.18277315610720582)]
[(0.096009824453550288, 0.096006226693834809)]
[(0.20288291641910952, 0.20287500141171186)]
[(0.21658181160080889, 0.21658168933586436)]
[(0.14789515120530089, 0.14788774168325977)]
[(0.078149959654129131, 0.078149582620832492)]
[(0.11629777125869324, 0.11630530059068871)]
[(0.18581930772990463, 0.18582541938754613)]
[(0.12418507777063258, 0.12418924395963972)]
[(0.11645399862006442, 0.11645993334600636)]
[(0.12362091464882798, 0.12362057816106781)]
[(0.065268633733753342, 0.065262217679574783)]
[(0.14352645417226942, 0.14351595965367145)]
[(0.18191206551667083, 0.18190578617598963)]
[(0.17240122353167908, 0.17240096678455707)]
[(0.16281582346454887, 0.16281111627101855)]
[(0.18390277085607282, 0.18391091765167661)]
[(0.12399342934391555, 0.12399431374452184)]
[(0.16298264360232631, 0.1629842555702348)]
[(0.17890067579501723, 0.17890616680416443)]
[(0.15137036473567089, 0.15137586079291399)]
[(0.19572193987875314, 0.19571618141015976)]
[(0.16950825073481912, 0.16950328408739238)]
[(0.15279199268218616, 0.15278723150967874)]
[(0.1457908846068828, 0.14579018740279598)]
[(0.12678786448677368, 0.12678599186617104)]
[(0.074407253601972909, 0.074410435486039872)]
[(0.11083679359222431, 0.11083385913285494)]
[(0.13257568760916474, 0.13257518614954789)]
[(0.28727602130095498, 0.28728000659217084)]
[(0.15770603404261915, 0.15770657878172908)]
[(0.095137200069337124, 0.095139830960071628)]
[(0.15632947874993242, 0.15632235934868641)]
[(0.11727911317037058, 0.11727266957492129)]
[(0.22107518528689749, 0.22106979757621545)]
[(0.13052795914025939, 0.1305294101264782)]
[(0.16354490263745525, 0.16354304626144242)]
[(0.04367541098883914, 0.043675517404630979)]
[(0.20244452768546231, 0.20244563611650015)]
[(0.10067175966248797, 0.10067965128750017)]
[(0.20358817783353647, 0.20358941154649174)]
[(0.11659591238246084, 0.11659724686481673)]
[(0.14738762390280247, 0.14738830344530246)]
[(0.14994503463352749, 0.14995111390508209)]
[(0.23973527794341634, 0.23973046863424291)]
[(0.15830031966756733, 0.15830282563367362)]
[(0.051378740603667448, 0.051381436706191642)]
[(0.14384813811157901, 0.14385067416643879)]
[(0.18775458476192011, 0.18775828297947106)]
