[(0.64957590473301807, 0.87123023835532065)]
[(0.49821813624336114, 0.77656523907597041)]
[(0.67529841514008326, 0.85694294628901568)]
[(0.50492054196984515, 0.81242793532720037)]
[(0.42397187096847777, 0.69596782857209294)]
[(0.73722716742864136, 0.9175242956906684)]
[(0.66795346389548549, 0.8243545839629155)]
[(0.70032098279167088, 0.8969702062405206)]
[(0.59473558910603286, 0.84037082905095584)]
[(0.48660150036148198, 0.73797751000928669)]
[(0.69541083542043003, 0.87319797108914088)]
[(0.55935111898014689, 0.80893293685569856)]
[(0.57672187334341529, 0.77857880653705602)]
[(0.70533163965495538, 0.88605154428175315)]
[(0.41635280728391472, 0.73791070117827673)]
[(0.5627590917447548, 0.89082161210384359)]
[(0.68440851892470611, 0.84087956203564407)]
[(0.63704568288429786, 0.7988827599834869)]
[(0.38166350931265197, 0.72368791642882291)]
[(0.56079192307892434, 0.86891066606626965)]
[(0.57320173277169106, 0.80917994783962732)]
[(0.20298857789228292, 0.66161231978406165)]
[(0.22479438123949497, 0.67160515733933579)]
[(0.62228392106016384, 0.83692031304761061)]
[(0.64476362282974242, 0.86870705163619466)]
[(0.56380849414205758, 0.81317927554430958)]
[(0.61130187652671741, 0.85003082942982167)]
[(0.29718533963709648, 0.67913319833142882)]
[(0.51750972563207887, 0.75051842508860656)]
[(0.65742577582285877, 0.86177873393265847)]
[(0.39288030693406895, 0.6980133899934865)]
[(0.22624804950318469, 0.66323176631201763)]
[(0.53255800143473031, 0.77367965805123551)]
[(0.5484326560104068, 0.79240789133433687)]
[(0.55120777012623723, 0.79223842790488752)]
[(0.63825740847720835, 0.87073960591066191)]
[(0.64156508921510536, 0.88578823720065236)]
[(0.40043437170879653, 0.70439798201123316)]
[(0.63640614893784775, 0.94072308698705054)]
[(0.66795974317413753, 0.87779355455638652)]
[(0.61789451905734216, 0.80390939355487956)]
[(0.57000127763086517, 0.80088458121648154)]
[(0.6526101605889616, 0.86802894545913634)]
[(0.68316569164261498, 0.86380652886786535)]
[(0.44987964669842007, 0.72760515266253645)]
[(0.51654260475057256, 0.75478936509155825)]
[(0.50160625754843646, 0.74990831177662576)]
[(0.60781920755832797, 0.81116472589609556)]
[(0.54576743022500906, 0.77580872787782384)]
[(0.69717848087916423, 0.85194411626945832)]
[(0.60034570623688921, 0.83100623773794047)]
[(0.59570769570845294, 0.77770468518983682)]
[(0.63918830298049489, 0.86991018734409342)]
[(0.73582867652494999, 0.92580479721313602)]
[(0.41691112835407995, 0.74536327302179994)]
[(0.63328673462116913, 0.83084508550823266)]
[(0.55772805153398652, 0.80813731272520906)]
[(0.62468702977782364, 0.84076751873542299)]
[(0.59171030854452589, 0.7764023734795491)]
[(0.66833243573304046, 0.8816329681982995)]
[(0.58411978411561616, 0.7911466710171704)]
[(0.43296905653526246, 0.70789437792878074)]
[(0.38588330243299129, 0.71297256993433744)]
[(0.51864543256563267, 0.75651357256594687)]
[(0.66169105121289373, 0.90952625110851504)]
[(0.58166264401845968, 0.80637002429696614)]
[(0.34493181479338453, 0.70827324882303655)]
[(0.58915341648783282, 0.83627715950645098)]
[(0.50852289118344352, 0.80320340634728815)]
[(0.44802352906300624, 0.73492718022902381)]
[(0.71342129827478618, 0.85747016822544198)]
[(0.48090027647294481, 0.76835679859035844)]
[(0.67585259621760763, 0.84294876170625177)]
[(0.53899074387438428, 0.77976760217340768)]
[(0.55205379854508263, 0.83704853746158614)]
[(0.72212429385392152, 0.89411469622673478)]
[(0.54794689634421734, 0.82524138759303289)]
[(0.4803678439411474, 0.76663176304074532)]
[(0.51344507654057903, 0.79473565487852715)]
[(0.63904118542962263, 0.8045670429608438)]
[(0.62572094407468493, 0.8069505617069932)]
[(0.31859092553394913, 0.69019870360801117)]
[(0.53382435255019989, 0.76147325629748575)]
[(0.61501904733946866, 0.80882584854146244)]
[(0.57074787085602985, 0.82261994230285185)]
[(0.36460620183794606, 0.70227970373260085)]
[(0.54584302343875757, 0.90264862115070454)]
[(0.55719839950019312, 0.7957502034028201)]
[(0.22722101200551009, 0.63081080181911064)]
[(0.53067203751744729, 0.79638386120999116)]
[(0.38544148029519421, 0.72650851386896564)]
[(0.59881983291640917, 0.81321809532150591)]
[(0.58150683013368243, 0.80249727480018995)]
[(0.64938369977145594, 0.86350081972113735)]
[(0.34654931695191499, 0.68074643123389977)]
[(0.68511612042741032, 0.87033856913504704)]
[(0.68919681313835979, 0.86802533283621408)]
[(0.52582279956128553, 0.75679153139611244)]
[(0.38896314311697855, 0.78892051452048373)]
[(0.58681952610172972, 0.84060436618526058)]
[(0.27214204992245394, 0.68315964950607266)]
[(0.58443781388103533, 0.81844686433033942)]
[(0.59618138641826834, 0.82219026771331905)]
[(0.54656640298366888, 0.77636533309575151)]
[(0.43409278142932289, 0.80865812191444819)]
[(0.48331409361801753, 0.75794417188986551)]
[(0.26192302251076688, 0.65529363334992263)]
[(0.65572177013970245, 0.90014219211108504)]
[(0.62957425067587436, 0.83526330805511995)]
[(0.32518524735514898, 0.80132660902707031)]
[(0.69955263917387767, 0.88107386645337227)]
[(0.6091622307504333, 0.79107573239452489)]
[(0.78677875269626052, 0.96098290741146153)]
[(0.51331705203485267, 0.76481496502969304)]
[(0.63353350936321606, 0.85391774125348963)]
[(0.61084205547894432, 0.82962394560925889)]
[(0.1165444278457984, 0.64483536414658427)]
[(0.64030104327876602, 0.85387890040102477)]
[(0.67122145498467323, 0.8758783629649477)]
[(0.41626154708363705, 0.74151258448331991)]
[(0.57533589172209254, 0.79989013082535965)]
[(0.5852410423846397, 0.82727687620104395)]
[(0.62717804679340061, 0.85897255491384694)]
[(0.67024536183902694, 0.86506590213660539)]
[(0.62294431933754857, 0.79094099653180094)]
[(0.4749369751747074, 0.77857605034499011)]
[(0.69539681427806843, 0.87932728818128159)]
[(0.75303300278620511, 0.90164347010175627)]
[(0.47094334237093594, 0.74728297140923061)]
[(0.60967442550998319, 0.80151992502228142)]
[(0.51987281702313359, 0.7817824198189568)]
[(0.63873768755122606, 0.87720962325579643)]
[(0.60633298981808614, 0.80254158269855236)]
[(0.67242694254501623, 0.87599356622572877)]
[(0.74498277040274041, 0.91831100630819085)]
[(0.66036316056516631, 0.89264057703894462)]
[(0.48315260772400642, 0.75592208557458207)]
[(0.44227448715710033, 0.7590862776853381)]
[(0.66390197173892895, 0.85975637981759401)]
[(0.4690361873528554, 0.75785232352106247)]
[(0.6308710582682312, 0.87938854996266891)]
[(0.67890943266530135, 0.86486010962946969)]
[(0.70842198149022384, 0.88265791298441676)]
[(0.39347176143671514, 0.71920230269478636)]
[(0.22148605442449654, 0.6597379204669821)]
[(0.45016458747397153, 0.8003753548754281)]
[(0.56532431856572563, 0.78491276544149935)]
[(0.64158577766286951, 0.85351150201597603)]
[(0.66640414025067141, 0.89491001531009362)]
[(0.59310314947493448, 0.80211325505693087)]
[(0.65829625797467006, 0.88553410469492866)]
[(0.69167450865458091, 0.89874027812612878)]
[(0.62384202424890833, 0.82944333040377116)]
[(0.46160988999153252, 0.72569961408076356)]
[(0.72476489948504019, 0.91932736988708996)]
[(0.50605306130184702, 0.77987096386942689)]
[(0.48221600735707731, 0.75792527728186931)]
[(0.36278649432873339, 0.69470576328061284)]
[(0.64665329973425978, 0.87007760051776772)]
[(0.66904532237494485, 0.83441147663940507)]
[(0.72533191570902056, 0.93502350026538461)]
[(0.57002924531047683, 0.80366568805248206)]
[(0.40500518912451516, 0.74156886887228846)]
[(0.5237284401560921, 0.77143384604068654)]
[(0.6630465723037462, 0.83092276339307936)]
[(0.57348001285624095, 0.80352377787874207)]
[(0.3458877899968742, 0.69136491093008623)]
[(0.65500772856332845, 0.82733359744501433)]
[(0.57470162679964765, 0.82423680000120481)]
[(0.60037446134320827, 0.83905329373200921)]
[(0.30435333044294849, 0.69799940291131424)]
[(0.58587399047980171, 0.77756244743816127)]
[(0.65641658436154682, 0.85265543959976631)]
[(0.59081812804181377, 0.86773299808437798)]
[(0.64292427526840645, 0.87494773101985546)]
[(0.64738057126411663, 0.85510037229728364)]
[(0.67475451223946725, 0.90820842088302223)]
[(0.61045751466479448, 0.81353530556067533)]
[(0.48066297020938586, 0.75942627833631959)]
[(0.27322700337976319, 0.68692555005485401)]
[(0.7361380110088146, 0.92365730496721565)]
[(0.75803560029514327, 0.94199476969666951)]
[(0.35454620567998718, 0.69766657836929824)]
[(0.65157332643672172, 0.83031614765837247)]
[(0.40141635823217947, 0.73209717441752087)]
[(0.67863153994260661, 0.87042464490081073)]
[(0.76590074127452112, 0.9623392992780343)]
[(0.3931669168120876, 0.73782448565917214)]
[(0.40701134212875645, 0.71332855342775614)]
[(0.59610712770757379, 0.80553232201180858)]
[(0.59934130595399027, 0.81286564854128107)]
[(0.55519988395197317, 0.77039228358255574)]
[(0.45533600792470397, 0.75894851903655847)]
[(0.65670877248453441, 0.86841511225939594)]
[(0.71981113375077288, 0.93099969910853297)]
[(0.45178784494730478, 0.73662861844512195)]
[(0.40595841784294801, 0.76591793518169804)]
[(0.69430505150930288, 0.87913744932796112)]
[(0.38412111832101009, 0.72653628321150343)]
[(0.54887737102965128, 0.78091865537106975)]
[(0.58942856496316198, 0.80673780842880616)]
[(0.70499984685888661, 0.89324061847399983)]
[(0.22458799193096698, 0.66294384820817398)]
[(0.66459562831377339, 0.88007918909608995)]
[(0.65309037401372816, 0.86227001821936555)]
[(0.60100463080744027, 0.81209532491491576)]
[(0.62356295997495614, 0.85304688591123801)]
[(0.58418613989377988, 0.84532924183941849)]
[(0.58602431444356873, 0.81703498702621535)]
[(0.67376878502698812, 0.87653133111531956)]
[(0.53148955869875492, 0.78201158238408341)]
[(0.66294574208893631, 0.89733995608401051)]
[(0.50498014084735732, 0.78765686574556093)]
[(0.64180077541311575, 0.85737036860368809)]
[(0.58416579528579304, 0.8038422943771375)]
[(0.59096491175756516, 0.83765524975649952)]
[(0.57067318520111132, 0.79841202303409808)]
[(0.61570044660372514, 0.83781250614303038)]
[(0.43674282894480015, 0.67964730281711083)]
[(0.43518550581691745, 0.83891961843812068)]
[(0.77165231746102003, 0.95788556165894567)]
[(0.41483245854394701, 0.7388995696583982)]
[(0.34162486506710615, 0.70599187771923155)]
[(0.69789548231694987, 0.85509077293901148)]
[(0.67408749947446256, 0.88651947870754688)]
[(0.70351840924621456, 0.87015408988916165)]
[(0.70271776986116041, 0.88707816305752152)]
[(0.57475251845989062, 0.82337862819425633)]
[(0.50250868970007145, 0.87650603507420877)]
[(0.67357571638303793, 0.89824146559897544)]
[(0.62933279209557913, 0.83069595593365331)]
[(0.58005736016682274, 0.82651288764955422)]
[(0.64594191512157617, 0.79980811243698813)]
[(0.65831035847951314, 0.83198546458259315)]
[(0.4318533303175961, 0.73620013403993156)]
[(0.61138733009380186, 0.81869659249833837)]
[(0.5198892417208022, 0.77375445870895443)]
[(0.6647157201261269, 0.85639130692393073)]
[(0.64762647000448892, 0.83267549676941099)]
[(0.63587458003323361, 0.85127993754711595)]
[(0.71860556554644139, 0.89567229178253682)]
[(0.64297551457967317, 0.868430174832309)]
[(0.60938133660287996, 0.84498380830035613)]
[(0.59918447515584761, 0.91357902169002825)]
[(0.47906067971351562, 0.74016866211873189)]
[(0.58490483806094806, 0.79040863051684762)]
[(0.60106504269079175, 0.86699004136222846)]
[(0.56467518900850888, 0.79468456109297136)]
[(0.61966415913847939, 0.83638027443100493)]
[(0.64553377259496014, 0.86190291182912593)]
[(0.51855303483504578, 0.85368086607747007)]
[(0.37366231042912285, 0.71981882627449367)]
[(0.56477359644358549, 0.80468926513938566)]
[(0.32539564539867349, 0.70165270172038607)]
[(0.5369302722777396, 0.78008638622423387)]
[(0.61721172242233779, 0.87363879717690829)]
[(0.58269902528340989, 0.81362499835689206)]
[(0.53878510622956299, 0.88475575812442553)]
[(0.65043671093486288, 0.85502161206733818)]
[(0.7330760763887374, 0.83651549814866699)]
[(0.51299086671579397, 0.76840979320979641)]
[(0.68684992646215859, 0.84052425327858371)]
[(0.39876904040591638, 0.70889906072197528)]
[(0.63858828831669268, 0.84757491179036781)]
[(0.61511553952380027, 0.84888857972024501)]
[(0.50794397775482114, 0.7694492770794813)]
[(0.74369483042352569, 0.89669762604793168)]
[(0.51032147874374756, 0.76171372677597182)]
[(0.47312970082678968, 0.73867602033006718)]
[(0.76570988076456559, 0.95208646011567322)]
[(0.58846183820191045, 0.79097577786825801)]
[(0.66788696247733215, 0.86488527495037737)]
[(0.39842031017532442, 0.71825876381441511)]
[(0.33790381492597471, 0.70920912456414864)]
[(0.60067662392349508, 0.82780190694738376)]
[(0.68924398936243181, 0.87829105981911837)]
[(0.59897582778603009, 0.82308815253889067)]
[(0.31090196191503522, 0.69315819503661513)]
[(0.66581231685233477, 0.90140556560125673)]
[(0.52782552904488789, 0.77417298680936064)]
[(0.53363799836175685, 0.96419573090501454)]
[(0.63727934125176355, 0.85231823775292348)]
[(0.77715140118802084, 0.95980225294715882)]
[(0.6323391243506028, 0.82896930977831917)]
[(0.53523876516208213, 0.81080560960920856)]
[(0.65042491383484979, 0.85130646255087639)]
[(0.67917736506961468, 0.90469857553678967)]
[(0.64823915096287088, 0.87494561782581737)]
[(0.52793290375907787, 0.78041053860142429)]
[(0.76059377781828719, 0.95738209259542606)]
[(0.67364673242976092, 0.88260783309736313)]
[(0.44523416680443012, 0.72746897807443212)]
[(0.67132344087785323, 0.93850539309879732)]
[(0.45977200814120239, 0.73827015377190097)]
[(0.58515704981123917, 0.81508523791553567)]
[(0.4495063428481037, 0.7875428857379001)]
[(0.64647499324972246, 0.83787468613644323)]
[(0.35069887243835135, 0.68017126246031545)]
[(0.63024721102717907, 0.83032008200989382)]
[(0.4515264745709755, 0.73301366631080078)]
[(0.50924123126707455, 0.77020824543792465)]
[(0.66469398487200526, 0.84578230057883286)]
[(0.57898147064205696, 0.82918540193697043)]
[(0.53272391901302762, 0.78825890036218949)]
[(0.6225855830647401, 0.81892278619213976)]
[(0.22444478369178905, 0.66751092872095374)]
[(0.57341666766368171, 0.81035486190969264)]
[(0.51832196583719758, 0.77742091278431902)]
[(0.56763660388406101, 0.78938422885315118)]
[(0.77137234646969111, 0.95909009207402018)]
[(0.6273713625013998, 0.81607909769858855)]
[(0.32915935178599054, 0.72715850174610785)]
[(0.6412417370688327, 0.82091961812738046)]
[(0.50807152467141059, 0.78404225408086226)]
[(0.33962248216976793, 0.70621687725573812)]
[(0.47208669857740698, 0.73139372706819017)]
[(0.50302439537732568, 0.88925580558888984)]
[(0.44513411214806625, 0.7424106755033153)]
[(0.58085952044767764, 0.77832466162723846)]
[(0.49751337180381544, 0.76038440884752867)]
[(0.33921801704227994, 0.69159045966743637)]
[(0.68368005909656326, 0.85882519159858406)]
[(0.62316008975807502, 0.82283063561125303)]
[(0.7205058288475773, 0.88828840783295793)]
[(0.59750657490896109, 0.81357060619887034)]
[(0.53848540427516145, 0.88542682882516444)]
[(0.25868536680520754, 0.6768326194092239)]
[(0.23007371528903853, 0.66154815075144979)]
[(0.3954318232168112, 0.8049963567643974)]
[(0.70083014061049231, 0.98228901354053677)]
[(0.51418526831065436, 0.77581415626225025)]
[(0.62153305940340609, 0.84739837830921327)]
[(0.70466394467860105, 0.89825474533885363)]
[(0.67859125116758012, 0.88621992064659505)]
[(0.56169999967066886, 0.8263666137398249)]
[(0.40280342678103526, 0.72400537860581904)]
[(0.65374152350997394, 0.84912435827862021)]
[(0.44117869389403308, 0.74604936932845956)]
[(0.62871677117248603, 0.8194259298487464)]
[(0.52671696152070602, 0.77986305471520623)]
[(0.42477198489092965, 0.73759664792472002)]
[(0.64578616874126349, 0.82058290751529517)]
[(0.3693867153451964, 0.74464545807147497)]
[(0.59911005706496334, 0.79099425046178762)]
[(0.71927936637211298, 0.93465512636750003)]
[(0.55475473087231442, 0.78290506080416633)]
[(0.67025052092097248, 0.91174885064695022)]
[(0.54793111447471365, 0.77199752327242177)]
[(0.28510067765586466, 0.69128814747020306)]
[(0.58965590505127119, 0.82313072084945871)]
[(0.5614086605974894, 0.80456918512840747)]
[(0.60896647366335244, 0.80855828966676235)]
[(0.62615996500302029, 0.83378016194698745)]
[(0.1491971795129253, 0.64080284197099879)]
[(0.62067169114213017, 0.81410233657098363)]
[(0.6198629445255095, 0.83136818031909687)]
[(0.35051883267708678, 0.7097482936248537)]
[(0.20188056455449152, 0.66644380620082311)]
[(0.46693432091936293, 0.72813159799013427)]
[(0.50440452330219765, 0.75947617412230184)]
[(0.52703494853422572, 0.76655379588256978)]
[(0.30649307387774127, 0.69324178307041573)]
[(0.47822658919928185, 0.75076935109208442)]
[(0.54723954197817037, 0.89486616200581937)]
[(0.30491908975201426, 0.68430475568440985)]
[(0.53491293142688612, 0.75824842664485104)]
[(0.31831097799758529, 0.70252885020789524)]
[(0.60515666717925709, 0.8179009907745497)]
[(0.65485966500881221, 0.90185350737382386)]
[(0.06413812129265338, 0.62347321724337657)]
[(0.226150665568738, 0.65784596349740498)]
[(0.54251220040894022, 0.81062762547361944)]
[(0.31955555328851565, 0.6663269919863557)]
[(0.56083586661165541, 0.78480110030859995)]
[(0.64782856916684528, 0.85271681557767254)]
[(0.70009887271391791, 0.90962329316937607)]
[(0.66379531482010856, 0.82863620277896222)]
[(0.43880183292105529, 0.75765859530451229)]
[(0.33139421467596075, 0.70309019560515884)]
[(0.51391914116475823, 0.77987669101905599)]
[(0.45973505267613002, 0.75725644206150822)]
[(0.61270877363216669, 0.8306964232086651)]
[(0.40316894156465194, 0.71735827490227144)]
[(0.63759486255299325, 0.87762327704150123)]
[(0.62650502373849493, 0.83331441443593235)]
[(0.61478539536528365, 0.78158298623754474)]
[(0.56496845307058219, 0.80816545689032415)]
[(0.6802565299250658, 0.85376280854430564)]
[(0.50163692185747055, 0.81808879784254385)]
[(0.32578271924008745, 0.66146370408480681)]
[(0.65552683636011522, 0.86876495026324085)]
[(0.35839296230428952, 0.70195438228599416)]
[(0.70800732369923225, 0.86563334201282471)]
[(0.5135601940299932, 0.80591104610927544)]
[(0.59785638793626539, 0.83904711125269937)]
[(0.38753301366114928, 0.70399140766651347)]
[(0.55725253091159199, 0.79573835616363353)]
[(0.56719982137612746, 0.7895826296227908)]
[(0.53278125100688889, 0.80055564229029974)]
[(0.58029601501633032, 0.82025943754409913)]
[(0.40432165505084711, 0.72251987160165709)]
[(0.52221399303555638, 0.79350573430614568)]
[(0.57346589026330641, 0.81904575605841323)]
[(0.71348505809433205, 0.90737343439470108)]
[(0.65089908864958712, 0.83453043155793649)]
[(0.63646510154972746, 0.8880145814167193)]
[(0.62852383365774811, 0.79845082890960872)]
[(0.61089229233531506, 0.83158222188829123)]
[(0.48303274678748881, 0.74103217435216528)]
[(0.54062236034710165, 0.75789350679576839)]
[(0.5242390823624663, 0.8084700014014099)]
[(0.60987999995228426, 0.79096490735339509)]
[(0.6256263164738326, 0.85748084513120515)]
[(0.64690114746581062, 0.82940245652009248)]
[(0.61595713940057439, 0.839139330046759)]
[(0.65695189339421445, 0.87325660021268503)]
[(0.63762090163329299, 0.87768210370167399)]
[(0.53058730576307811, 0.79554579902975453)]
[(0.395880804762269, 0.73369671648645129)]
[(0.55015421084109106, 0.81474621575119321)]
[(0.5439634356351839, 0.78196216929837636)]
[(0.25428616662503145, 0.72298013906855196)]
[(0.68215585527617439, 0.88074050049776731)]
[(0.60378769991663894, 0.79899393967196286)]
[(0.45977416336026361, 0.75454921716293832)]
[(0.66317658547196678, 0.87177696353742573)]
[(0.55995739302150793, 0.84513599974054088)]
[(0.47112910446040296, 0.73474153063906245)]
[(0.3745005534901949, 0.71128644114153972)]
[(0.67844783158336341, 0.88999498027857904)]
[(0.27561634354907361, 0.67592674774887851)]
[(0.63073059354357419, 0.86687162566158427)]
[(0.64006985475332079, 0.86965892875528228)]
[(0.63360413442938823, 0.79721973206005836)]
[(0.45940298359439136, 0.86773423204765787)]
[(0.48197708863736172, 0.78025912597509628)]
[(0.5685796717654642, 0.79339642040852798)]
[(0.44322218662245322, 0.73630875037566668)]
[(0.57850115452709783, 0.79381052813009179)]
[(0.51870809051890898, 0.75300698470536431)]
[(0.58655766759582584, 0.8355395184977501)]
[(0.20165845127812981, 0.69697981200077064)]
[(0.37366860520278472, 0.72225312112146378)]
[(0.65145572529011886, 0.83265317941868866)]
[(0.51026628475879476, 0.9113934254445496)]
[(0.65706992833759781, 0.85808032537735845)]
[(0.67051163549975168, 0.85047087782534148)]
[(0.039927028841059919, 0.77907178012488665)]
[(0.6694635988573544, 0.8454803656502079)]
[(0.47165699449895154, 0.72221705336171171)]
[(0.73549555233572816, 0.94086955829941221)]
[(0.57924614012655362, 0.83968796582675831)]
[(0.63110495380323961, 0.85305904878130268)]
[(0.66457530767486861, 0.86792534038027402)]
[(0.51624567617669825, 0.7564395190072517)]
[(0.594605665344629, 0.80040873706867954)]
[(0.64258786607668461, 0.83790560648732926)]
[(0.64892038237520866, 0.86150904535382622)]
[(0.62154976379116211, 0.82025524623280566)]
[(0.49282236831099685, 0.7563886585308679)]
[(0.62274648617925144, 0.82989236388957055)]
[(0.37587734834261083, 0.72347823252819055)]
[(0.73583024627840288, 0.90266883489189909)]
[(0.75470862082440848, 0.94688727889735902)]
[(0.44713671042388764, 0.72668945255521544)]
[(0.42358229272748621, 0.94414240872447242)]
[(0.38877279817068727, 0.69312160860899052)]
[(0.36381340340383939, 0.68573300876074572)]
[(0.71599109146049866, 0.8864274523268787)]
[(0.637929757805485, 0.86815614336016411)]
[(0.58211025662484295, 0.80110207310515924)]
[(0.19626547157076829, 0.67419885409077229)]
[(0.53481910076810724, 0.79291793074141559)]
[(0.7127237991966785, 0.92188675385898455)]
[(0.57212219759013494, 0.81076967266161548)]
[(0.63520520065122443, 0.83388324324192098)]
[(0.55817069374998407, 0.80784472915977068)]
[(0.50139556191658197, 0.74378910776602558)]
[(0.44972261384158929, 0.76109660781568234)]
[(0.37226911694103998, 0.71007739247384694)]
[(0.36435314014532577, 0.71372408582982583)]
[(0.64866758617507347, 0.86684282215466901)]
[(0.70629274462757563, 0.86900704971010778)]
[(0.66806758571165237, 0.82680764572844778)]
[(0.55364993208390834, 0.81379298964023494)]
[(0.39260587721154216, 0.72219943695242406)]
[(0.58017824856631339, 0.84727160058036066)]
[(0.57164078104425198, 0.80143040767332752)]
[(0.50996167699486283, 0.79131044249549398)]
[(0.63840357173414697, 0.89864932519109575)]
[(0.43199889103028644, 0.72184961011815152)]
[(0.65259570761003582, 0.90299319841867709)]
[(0.62404480019667652, 0.82808574229330734)]
[(0.63144881308180778, 0.83348305574363202)]
[(0.52702744535785306, 0.80939572681754135)]
[(0.46143428568632611, 0.71537002909828029)]
[(0.57127148133770767, 0.79303119224374041)]
[(0.55366863290506452, 0.78498212834961922)]
[(0.65707109308589895, 0.87029256792688969)]
[(0.47087236358966517, 0.761178979481961)]
[(0.61222016490416431, 0.7782684304827665)]
[(0.59205008555159921, 0.84869799205091423)]
[(0.74722614873657534, 0.93019781906901411)]
[(0.62035148615660274, 0.79608054555850172)]
[(0.66604957520783825, 0.83345895635394551)]
[(0.59063000930478682, 0.86933747127208139)]
[(0.22787507933538675, 0.67281252692468185)]
[(0.70247668500612981, 0.9006111559999822)]
[(0.46683533802826005, 0.84049452879641517)]
[(0.62880427012682261, 0.82085026062340349)]
[(0.66072504298106893, 0.85844514787181481)]
[(0.61051621895178432, 0.83183907482978925)]
[(0.44818841558952321, 0.75190044024820568)]
[(0.21068660911047432, 0.66269451297380366)]
[(0.56823205714286162, 0.79315410917925888)]
[(0.53460514596487607, 0.77614123008366109)]
[(0.6288411630496481, 0.86916476721290736)]
[(0.76422711389227505, 0.9539199373578322)]
[(0.65301722731624523, 0.84277173025790486)]
[(0.65552383170194728, 0.86645658870862774)]
[(0.37647977145223277, 0.75485050803802656)]
[(0.319297031855867, 0.70027010313527294)]
[(0.51068626471314627, 0.79366348630447903)]
[(0.50297767053652731, 0.77654769133155377)]
[(0.32030493593368603, 0.71270403010124472)]
[(0.63925935221245433, 0.8466428201038968)]
[(0.67483453879093758, 0.86513124622691973)]
[(0.081264680282469762, 0.62365621508864943)]
[(0.6222019641982458, 0.81280414081401609)]
[(0.38656019107116546, 0.7335702967719766)]
[(0.65577699504937181, 0.93993918657915654)]
[(0.53660147600168739, 0.83746345357712748)]
[(0.62372425478408211, 0.79048012311423721)]
[(0.13080560077354475, 0.63300567645417927)]
[(0.64059785059102192, 0.85722605344294356)]
[(0.65209419114285894, 0.82166771528226124)]
[(0.68189728480761458, 0.84636094804510842)]
[(0.53447394473499765, 0.78516562192372497)]
[(0.43475418936464477, 0.71953121885626514)]
[(0.63830022073599291, 0.86096993236026353)]
[(0.46011340249436244, 0.75478055431967195)]
[(0.59513759350771789, 0.83524864416578104)]
[(0.53238873660141817, 0.76668178071628357)]
[(0.33139582050630922, 0.70550445142462548)]
[(0.63628122024432909, 0.89302132928655464)]
[(0.72581073312782829, 0.89206419633301914)]
[(0.63807966297878838, 0.79219363824018452)]
[(0.49707049567842299, 0.76010329294829959)]
[(0.59932991931852875, 0.88380582022467213)]
[(0.65524083210378647, 0.86736470218022566)]
[(0.55475086544427177, 0.79433113175028736)]
[(0.51157216044436282, 0.76329195474295952)]
[(0.60454145955162064, 0.78557972738275983)]
[(0.62329038498402611, 0.83353479875084879)]
[(0.52592954902021005, 0.78402402983142194)]
[(0.58264612569422647, 0.90080973749882942)]
[(0.68899455645530783, 0.85914749432691284)]
[(0.61004519579691086, 0.85142508491185809)]
[(0.57551603609055602, 0.81367350645547354)]
[(0.59480140159068629, 0.8285794661949013)]
[(0.62053493846311658, 0.82872357606506641)]
[(0.61482448161448611, 0.86357969321353456)]
[(0.64555331650864012, 0.86407774005252158)]
[(0.67047551208811362, 0.84589107941820907)]
[(0.47322309380850758, 0.75429096462625667)]
[(0.54832552336335372, 0.7666842438917072)]
[(0.58235423912892814, 0.80719161956748109)]
[(0.55868520422643941, 0.80168039769200916)]
[(0.70630962507705042, 0.88408245874702951)]
[(0.67865548038263623, 0.92317698105024038)]
[(0.50630670134948808, 0.75822445614981759)]
[(0.56564548428891981, 0.85532978362436896)]
[(0.59567799449343539, 0.83617842465860548)]
[(0.3350694901828043, 0.708233943407371)]
[(0.60645667727298236, 0.78729008589140959)]
[(0.5594333098355645, 0.76458103238172093)]
[(0.47214517576221837, 0.77111935805553244)]
[(0.68707938334872154, 0.85767113947115903)]
[(0.13430744824888693, 0.63354007992371653)]
[(0.6991875143893943, 0.86658182206113199)]
[(0.74337129214738507, 0.87830807177075998)]
[(0.73600398675952317, 0.87717725904608512)]
[(0.58437375235816069, 0.80606853448961524)]
[(0.58401530012189207, 0.81704958429264563)]
[(0.47763197076468411, 0.7710470118606626)]
[(0.68783679039700785, 0.86799148975161522)]
[(0.67235049477423148, 0.87852012102259602)]
[(0.57723453599585595, 0.77875692282397635)]
[(0.36819772244016047, 0.73417362650437989)]
[(0.65298320298465984, 0.87671271973649822)]
[(0.40944459415468776, 0.72144555020593026)]
[(0.57495783903772602, 0.78225820830973036)]
[(0.52907561522234092, 0.79639815618911458)]
[(0.47848435561074965, 0.76385597913306513)]
[(0.57031952226083982, 0.8154897546390294)]
[(0.45484489041889986, 0.72830621490619996)]
[(0.59883430230993284, 0.79700131030673838)]
[(0.39969296728710751, 0.7047012379954477)]
[(0.75109040546391759, 0.91114256044478636)]
[(0.23153639043411223, 0.68223343371110157)]
[(0.6870995611743369, 0.92799135589770776)]
[(0.33857386890563879, 0.70108653862586723)]
[(0.27912445391159196, 0.69339868305260888)]
[(0.31288441288618057, 0.69586752131868235)]
[(0.61089061351959906, 0.8126150577253527)]
[(0.61267167823855517, 0.84171366735011965)]
[(0.72475499825252188, 0.98118299885790983)]
[(0.63350680350316113, 0.82885718334017533)]
[(0.56292136061986864, 0.87550736303248844)]
[(0.65267666757560694, 0.89499496527738243)]
[(0.56941049935639376, 0.82401190971325955)]
[(0.617168870510997, 0.84588070896216505)]
[(0.64710110291716016, 0.84349759331942886)]
[(0.52215323324774188, 0.80841036544773404)]
[(0.58568849233490439, 0.82860194580883939)]
[(0.42130867585928972, 0.72188574870994027)]
[(0.52180418791689753, 0.73440678698807105)]
[(0.42850011304149338, 0.7205433344405473)]
[(0.66295261634325198, 0.89948734061582236)]
[(0.65964670971009387, 0.89890947224036521)]
[(0.62683336766511988, 0.82114341768334176)]
[(0.62877357383897337, 0.79169685412647584)]
[(0.11882683975414009, 0.68280781185768979)]
[(0.57398830048398664, 0.92730418545547066)]
[(0.59475610284555636, 0.77187277836850443)]
[(0.60050833200021525, 0.81360608706942084)]
[(0.68329471827517541, 0.91387570999239753)]
[(0.73491335733139995, 0.92307254993478871)]
[(0.51866902706681939, 0.83131683421821756)]
[(0.68707726525659207, 0.94831663680806944)]
[(0.38402954660844768, 0.71951333419481855)]
[(0.70397553950135949, 0.88792088056784313)]
[(0.13719461157084006, 0.63192092582226511)]
[(0.63871961721776749, 0.85918331801906822)]
[(0.6183115533393152, 0.81958265414359266)]
[(0.40304621047168115, 0.80406044442148827)]
[(0.68827304583242266, 0.87206706194969474)]
[(0.72251565896440761, 0.89668140514305072)]
[(0.25841995834422532, 0.65947372839662544)]
[(0.57971736305803589, 0.91799934176936804)]
[(0.20198575995343315, 0.64306561813445395)]
[(0.60285492407959207, 0.83038848188549175)]
[(0.28498766049195001, 0.73273265551369438)]
[(0.63135023878238516, 0.79000980751194894)]
[(0.49515772470238301, 0.74565895087786194)]
[(0.61193923482308277, 0.87415598965928498)]
[(0.35391076381189041, 0.68783080552192455)]
[(0.66741337882898288, 0.83037605366933398)]
[(0.67366626570716293, 0.89993593706843245)]
[(0.50196737038295058, 0.76900035177375192)]
[(0.55047191989840738, 0.83888284234155841)]
[(0.62095184315485785, 0.8460650140751067)]
[(0.4857076317724181, 0.77940870474937141)]
[(0.26271380548527412, 0.89747967860758115)]
[(0.51844581154041636, 0.90355759659095747)]
[(0.47536496757041441, 0.7843909159475374)]
[(0.6037721715929586, 0.83031779069729306)]
[(0.49796970993181505, 0.73545182320845248)]
[(0.35595278000814318, 0.72086126305451514)]
[(0.58491572629666555, 0.79705730190656943)]
[(0.61285159659028454, 0.79815893100607804)]
[(0.68132764615166352, 0.90180890354291432)]
[(0.63774971639515765, 0.8055437385433083)]
[(0.48201258461480578, 0.79452297072988787)]
[(0.4799465715755763, 0.73469135920021567)]
[(0.65446517920517622, 0.83540071058127352)]
[(0.62259870334570222, 0.85932511244864129)]
[(0.54369311614460669, 0.9371567933867293)]
[(0.75041283696840289, 0.91171002852536376)]
[(0.59162745678891915, 0.79657662652660977)]
[(0.66356002683067417, 0.83554088109042157)]
[(0.56786159212165832, 0.812108529961859)]
[(0.58678591294599147, 0.81522842913309501)]
[(0.46111276528657164, 0.72765666361422099)]
[(0.25642343072781765, 0.67388550956330695)]
[(0.66147600145482965, 0.84685485770478386)]
[(0.64513710994772067, 0.81075460414224476)]
[(0.45286929006276744, 0.75509370356029348)]
[(0.58961884919605334, 0.87080331166210712)]
[(0.64961788475457616, 0.83426773344998695)]
[(0.64472290191744519, 0.8608472383288408)]
[(0.53430676687095569, 0.77118756228058183)]
[(0.47945769868170768, 0.75135299301297509)]
[(0.65614236649562108, 0.89230607319757027)]
[(0.22555927414644478, 0.66333520469853324)]
[(0.65702590416151241, 0.88205333523820506)]
[(0.42519238291850603, 0.72990200787910531)]
[(0.34255830070832566, 0.69276931098534733)]
[(0.52617155448939323, 0.73933820135743356)]
[(0.4820348588679611, 0.74536170979635252)]
[(0.62776704466953526, 0.84209104899285403)]
[(0.403334979731789, 0.7113852029529395)]
[(0.51871743398765569, 0.79482924318354942)]
[(0.56573928465312884, 0.78185921732140673)]
[(0.36201675363463875, 0.71362007490694457)]
[(0.52380198642216913, 0.86306918007697064)]
[(0.49970149812957088, 0.74186084719778367)]
[(0.67654346573552226, 0.86457242410829127)]
[(0.60184980754508455, 0.86096746741063068)]
[(0.60275768552731313, 0.79140955302632665)]
[(0.45286522900912474, 0.75371167704554054)]
[(0.64996861962810404, 0.8504944421158086)]
[(0.3738662884560558, 0.67649589071944394)]
[(0.55600654943324446, 0.77543549105633358)]
[(0.56229465862596195, 0.79646027238754302)]
[(0.63625573977043393, 0.84565293825548304)]
[(0.55189546566454273, 0.95470581776394303)]
[(0.42507325613755165, 0.84210567300866823)]
[(0.71467533294605212, 0.88674280293199026)]
[(0.54455143071294465, 0.82739910496738578)]
[(0.62234954847849044, 0.85877033422148952)]
[(0.55229873351988956, 0.86393137794345387)]
[(0.68094996410566155, 0.86653668337361311)]
[(0.52017827217238399, 0.77594967215058241)]
[(0.67335548882658958, 0.87325507421641124)]
[(0.48070379330054436, 0.77841249263965329)]
[(0.57136856204999076, 0.82040919435379589)]
[(0.47680145007472985, 0.74466172961956745)]
[(0.64456106023221227, 0.84788465511437439)]
[(0.71965606360465884, 0.87206949814495804)]
[(0.66566028035913294, 0.87529358456638162)]
[(0.49570669609612111, 0.78162965059330036)]
[(0.57861540609730289, 0.82161159606449941)]
[(0.067624064534058309, 0.7342266697939076)]
[(0.59046354200090445, 0.86529958468628432)]
[(0.45652640670565531, 0.7399648599680565)]
[(0.6028360895374294, 0.83753961211429306)]
[(0.5848497928531925, 0.85096986111850681)]
[(0.70421941140340227, 0.85456263829891399)]
[(0.50410976998530888, 0.74670271097981267)]
[(0.45364937704863562, 0.73901871945809006)]
[(0.50473596315789282, 0.80879268472230581)]
[(0.71292648243016643, 0.88219839769213682)]
[(0.59956646542642456, 0.83620143660788127)]
[(0.43044319985659096, 0.7096101979171785)]
[(0.62512570856659688, 0.8610757281560486)]
[(0.65911533706348635, 0.87513973323910765)]
[(0.65343747778508599, 0.8517782751132067)]
[(0.60260416459218613, 0.83462685420607119)]
[(0.53699806746846235, 0.79516459035355103)]
[(0.1236661484291858, 0.66266902110547077)]
[(0.4957879385288172, 0.76036429875190259)]
[(0.37071352053224665, 0.71826380011527313)]
[(0.57040774833067054, 0.86008741105630604)]
[(0.60932864421807764, 0.82167728749004654)]
[(0.66009827864804038, 0.8500501954729931)]
[(0.60793481878017996, 0.79468436484180593)]
[(0.62297577939551529, 0.8748287254592455)]
[(0.62577262111060172, 0.8012122268015337)]
[(0.7010370001500229, 0.89301708474655273)]
[(0.61994594714176043, 0.81974117003971181)]
[(0.36207859211635668, 0.70397628521800126)]
[(0.39683305107881472, 0.68666768374395648)]
[(0.6525146191356691, 0.85817542188546758)]
[(0.55217398124983952, 0.82138483485146807)]
[(0.73924780601751217, 0.89977760364525916)]
[(0.64895155282291017, 0.85385596075833126)]
[(0.55773802110774684, 0.81040559974820892)]
[(0.57619829454792915, 0.82561538963861103)]
[(0.53072871595004478, 0.8269474536333179)]
[(0.58207999542996014, 0.82147171146235143)]
[(0.49140214687499778, 0.77464926216257046)]
[(0.65243940173383397, 0.87400194203933834)]
[(0.56640834284665775, 0.79173671186880334)]
[(0.65504909422739166, 0.85061867787442058)]
[(0.66463020504658532, 0.8625661652601353)]
[(0.53942904804983138, 0.81157564976578744)]
[(0.61760366608414796, 0.86530714867872727)]
[(0.69081583299939564, 0.87175451675078341)]
[(0.55654435986342787, 0.78378575970090325)]
[(0.55867280455285762, 0.80358492459746533)]
[(0.53066774364173186, 0.78327537821658666)]
[(0.57632731112092928, 0.79980735142631554)]
[(0.68845565519995489, 0.8776019318171242)]
[(0.73703803521071387, 0.92527863322768755)]
[(0.67123131886075849, 0.87793908118956276)]
[(0.48885051610844771, 0.78142005666374859)]
[(0.58284361322221545, 0.80875493480758243)]
[(0.66694774937418244, 0.87676223806757203)]
[(0.27967679142583041, 0.68903926636902579)]
[(0.45554585955420984, 0.72960286417069098)]
[(0.75597584715887367, 0.89443624023511603)]
[(0.62078939282712564, 0.82850518068354917)]
[(0.49321039037774422, 0.74270863740077819)]
[(0.56589178947475227, 0.81557151867170752)]
[(0.62189118996353476, 0.82581786835919191)]
[(0.61499980028848256, 0.84128943243801602)]
[(0.52012096439319111, 0.79861403710013168)]
[(0.35858367505286776, 0.71242396103227867)]
[(0.66054665526447764, 0.88393446379975393)]
[(0.54987515658641528, 0.82581893305573029)]
[(0.59621259176709995, 0.83459176688597125)]
[(0.66332778158897676, 0.83235390028014811)]
[(0.18441078435197961, 0.64285768123987519)]
[(0.48568128278234723, 0.75228892876167719)]
[(0.65206444614709558, 0.86438859308323635)]
[(0.61993835741064107, 0.84177120431370989)]
[(0.59111721740058276, 0.82303828041161364)]
[(0.64276404624082617, 0.84197300875892389)]
[(0.49352271942183662, 0.77314757311712212)]
[(0.48965801201913439, 0.73728364669928159)]
[(0.36485693538901631, 0.74827427770419586)]
[(0.71095559111241746, 0.90545129863026708)]
[(0.71173061222439549, 0.89323820932614095)]
[(0.43044299297035166, 0.749197291395441)]
[(0.67430031314610317, 0.90182985663904558)]
[(0.53986060799466729, 0.88821262637852894)]
[(0.49259080836944985, 0.89952923385944572)]
[(0.69345150009279144, 0.85117960536003989)]
[(0.66026548273449359, 0.84058569792563198)]
[(0.57994031030549253, 0.79333731918228267)]
[(0.47363465564094165, 0.77106969153436322)]
[(0.4932686257332084, 0.76788309291411405)]
[(0.5697645579803623, 0.80151997676993392)]
[(0.32474411739460129, 0.73045021443463642)]
[(0.71859403428568247, 0.88099673944188583)]
[(0.3924324763904613, 0.78075184635371819)]
[(0.6596733245050912, 0.87269596831344576)]
[(0.44319736098134377, 0.72888912765698721)]
[(0.55620273396032971, 0.793323139252606)]
[(0.58731141812159837, 0.80629426957228112)]
[(0.67376173677117401, 0.8759748715278779)]
[(0.5627425482403533, 0.80105409441236308)]
[(0.4648222921007909, 0.76055467353186745)]
[(0.41322007974716968, 0.74454369233345341)]
[(0.67482267982474786, 0.9030490924324508)]
[(0.20942682549776298, 0.69276575270980667)]
[(0.65026751768150226, 0.85351359618431166)]
[(0.63875466534554515, 0.84863512923795614)]
[(0.44923396453844772, 0.7326069212760099)]
[(0.5815970477281085, 0.79681087953129348)]
[(0.39209331425478322, 0.72245801418919697)]
[(0.52574270086469677, 0.79275156760920196)]
[(0.57680404454049694, 0.80159042364835431)]
[(0.64617140411479046, 0.84129741529552038)]
[(0.64336474898983831, 0.83941332527423851)]
[(0.75676186578204685, 0.91494338156046573)]
[(0.71770825028337049, 0.88066329695581436)]
[(0.70247947627626506, 0.8844833222684102)]
[(0.46401515148609296, 0.7436037972000592)]
[(0.31052370654977957, 0.69128553354903188)]
[(0.68935284946809472, 0.86771594828102883)]
[(0.34633713822957712, 0.71021552163603419)]
[(0.63588376940236335, 0.83442494291966729)]
[(0.60374236782547253, 0.81859341776679251)]
[(0.6916232883219402, 0.95520235899192896)]
[(0.61698285640987638, 0.83900529844759353)]
[(0.42206112721416689, 0.71180020162678226)]
[(0.59087367887993025, 0.81351234156384356)]
[(0.39063946436691172, 0.72251895583794445)]
[(0.5791290879116785, 0.79681797248526709)]
[(0.56570695038511454, 0.81753636614433545)]
[(0.72402428698123156, 0.87689583119810033)]
[(0.6218655830222265, 0.78976996852971926)]
[(0.65605136959230603, 0.88634587843029877)]
[(0.54574957178995032, 0.76583296752755425)]
[(0.48895831244377647, 0.76129466469248885)]
[(0.52163226412980679, 0.76910103340748392)]
[(0.51301175937988541, 0.75533623442282605)]
[(0.57728345326919372, 0.81260592108920038)]
[(0.66936457878653188, 0.85972696534681659)]
[(0.48360368773251666, 0.75454005096808052)]
[(0.70115726787803312, 0.86317062120084442)]
[(0.55879731263570398, 0.74232975826334924)]
[(0.52986793458659176, 0.81320030601816984)]
[(0.6270168182629241, 0.8424396816893297)]
[(0.69976696560031004, 0.87620640684330853)]
[(0.74293574016455177, 0.91075065775704267)]
[(0.63356126569203219, 0.84319629545072494)]
[(0.65399994490056423, 0.85596488657572611)]
[(0.53392399041980887, 0.82753909027223516)]
[(0.52679067919454625, 0.79238927057342945)]
[(0.62517646889124812, 0.82452019327674331)]
[(0.56225428288207147, 0.80510933554795994)]
[(0.52627170222038544, 0.76049038876334052)]
[(0.37451212340033496, 0.71734838921733024)]
[(0.17641805598900062, 0.6540470091219005)]
[(0.6990909526232324, 0.87316783324459923)]
[(0.78084107038611883, 0.96557026728030715)]
[(0.45051694366617229, 0.73093034698989368)]
[(0.52711170719053213, 0.77105040628914512)]
[(0.51388192879428429, 0.77343054162096003)]
[(0.42258695173838023, 0.69881237520438966)]
[(0.46898036990170949, 0.79492006023482675)]
[(0.42024400822524244, 0.75324315310215739)]
[(0.74756052293619346, 0.90253892504541233)]
[(0.56271483809177503, 0.79290507144904354)]
[(0.37864767314225656, 0.73153958753635784)]
[(0.58156401306750616, 0.82463245599022661)]
[(0.33282852386863188, 0.69324908039144595)]
[(0.63099956577331218, 0.85950005915235395)]
[(0.66211554338783751, 0.86510395439169485)]
[(0.39616921851085912, 0.7272237066035584)]
[(0.63892401593634862, 0.87873533564301676)]
[(0.58768965669892692, 0.82014100361479758)]
[(0.55558325354571581, 0.77363367949822182)]
[(0.54899852236078683, 0.92588761853139256)]
[(0.64662511953943214, 0.83887333252468599)]
[(0.72551331780018491, 0.90430796429205584)]
[(0.38337455166968948, 0.72698957305966216)]
[(0.61713269562797313, 0.90543376801659192)]
[(0.44769343045063559, 0.93889890379412333)]
[(0.67808556076991222, 0.83182644339725609)]
[(0.65943699155681834, 0.85322773601255786)]
[(0.44901138643709515, 0.76828626000778633)]
[(0.5552216764841702, 0.82178573799222088)]
[(0.46412896294125483, 0.75841882554263151)]
[(0.64103018367954789, 0.83774999400949501)]
[(0.54096907684174067, 0.74453102565336904)]
[(0.60755990943508498, 0.79912336978064524)]
[(0.55508932376904918, 0.78945502168909032)]
[(0.48011117924872992, 0.76399993161244995)]
[(0.48948748614855875, 0.78255479535025418)]
[(0.70553132075699243, 0.86354919640381811)]
[(0.50140798080896509, 0.78466288597735323)]
[(0.39136875329748722, 0.73216863589345116)]
[(0.63938598035702876, 0.84919950362643104)]
[(0.43347091533460536, 0.73800762930152697)]
[(0.64649002023065416, 0.88101916605552)]
[(0.62870886131547887, 0.79098050114464025)]
[(0.47892219565033456, 0.91782345506008645)]
[(0.59827733383650339, 0.81804940129079851)]
[(0.46414734259063789, 0.72451044787820851)]
[(0.61409559162828353, 0.83162179342520459)]
[(0.53344988545246175, 0.76389907155867165)]
[(0.57171627684261561, 0.80027359101179385)]
[(0.57086866533781022, 0.80242338354945664)]
[(0.63221591014603895, 0.84868525163604747)]
[(0.64066011827601022, 0.82798260126498369)]
[(0.5725315683269161, 0.81902084998618285)]
[(0.7356787476063027, 0.88984416975064373)]
[(0.57219249914041559, 0.82502545406664707)]
[(0.56440656737947903, 0.80557152433392276)]
[(0.6350924115419645, 0.8391069376926803)]
[(0.66144889739148982, 0.84065288884094169)]
[(0.54668428777887235, 0.74396313550058268)]
[(0.58117722880882738, 0.81440736897013555)]
[(0.45227398760892573, 0.74312972488266549)]
[(0.51586028640845594, 0.75214788801458299)]
[(0.67778872251748623, 0.87599921172132289)]
[(0.65003700189792046, 0.88756216522360354)]
[(0.52278346687862054, 0.91307292949138941)]
[(0.5951622936586517, 0.83473316709201384)]
[(0.60204379261549312, 0.83770235349738875)]
[(0.74075398479583388, 0.94327154135701063)]
[(0.45880732696578508, 0.75617679746253053)]
[(0.65408164204019836, 0.8826501385333646)]
[(0.37809446260065577, 0.7198498795395718)]
[(0.6797218272471256, 0.87122635299342532)]
[(0.51351306396504071, 0.75794220454495576)]
[(0.63134994008116074, 0.82769073991993825)]
[(0.62780396541402794, 0.85575556793225105)]
[(0.63717554624959971, 0.89152228964240676)]
[(0.63274729297178567, 0.83207190638417017)]
[(0.27629539412459103, 0.65505854390183527)]
[(0.54731465144819202, 0.78090360635623168)]
[(0.66753005566360224, 0.86222853785257492)]
[(0.47341719755174611, 0.87386654448435319)]
[(0.68855526054187743, 0.86938984663595487)]
[(0.47725071168107741, 0.86727156318885446)]
[(0.70532115398199113, 0.89182106906908709)]
[(0.66603858461229959, 0.8585869120505718)]
[(0.63879024538940754, 0.8524176978390211)]
[(0.66989182540842707, 0.84542989848945205)]
[(0.58391474021481282, 0.80654814330247049)]
[(0.60113752812527432, 0.83194133017573857)]
[(0.57713519920301737, 0.83913378317604637)]
[(0.55571477345959008, 0.77723630754895556)]
[(0.38228875686477071, 0.71730328082031047)]
[(0.44832106150622253, 0.73464847187041715)]
[(0.37207528903894177, 0.71404862726112328)]
[(0.50362673596003638, 0.75932798812069768)]
[(0.3037548927192118, 0.67636038968878021)]
[(0.66758971094562247, 0.87200717006868333)]
[(0.46573939851583684, 0.77011870613434286)]
[(0.61824198915404094, 0.83920110958699623)]
[(0.37484616309047331, 0.70772619456255326)]
[(0.59557776863854772, 0.77206251918515167)]
[(0.46634602853284435, 0.70226204807574599)]
[(0.47027880402244082, 0.92616770783517766)]
[(0.54749834574162048, 0.78127847387698202)]
[(0.66985157192034583, 0.85593083911045542)]
[(0.65550031317376589, 0.84418041406523303)]
[(0.61109060875874821, 0.8044976232391301)]
[(0.71891747057312083, 0.88848423529575205)]
[(0.62838898474246974, 0.81483090496092048)]
[(0.6536581486967955, 0.83733015799639432)]
[(0.60509244952729313, 0.84454894185988849)]
[(0.46215087329056165, 0.74503356703123336)]
[(0.38846689438652277, 0.69771263115960447)]
[(0.62051361762621682, 0.85277171469473312)]
[(0.12206230321151119, 0.6273009284272697)]
[(0.67249698470302499, 0.86680908652133726)]
[(0.56692032352469546, 0.93041507012180513)]
[(0.34636684207164536, 0.7285645705961612)]
[(0.48775556882024718, 0.7739762108519862)]
[(0.42731872859642944, 0.94774751146082692)]
[(0.61862695794001932, 0.84372510234766795)]
[(0.66801587478316893, 0.86490946309960248)]
[(0.66345442439310198, 0.87228350459693205)]
