0.0 0.0 10000.0 3.0 10463.731092436976 269.63664000000006 6.263922 0.0 147.69005437402583 10000.0 0.0 0.0 1.0 19 1000
0.08333333333333333 1.0 20040.14047606295 3.0 16228.973140495867 270.5193601951065 6.22914 0.0 1069.3115036039446 20040.14047606295 0.0 0.0 2.0 36 1003
0.16666666666666666 2.0 34923.053612759766 3.5 19161.98780487805 271.4049701864322 6.248112 0.0 5200.273723596014 34923.053612759766 0.0 0.0 2.0 36 1006
0.25 3.0 48607.11461185536 3.0 13136.188976377953 272.29347943441803 6.267084 0.0 13333.22042688789 48607.11461185536 0.0 0.0 2.0 36 1009
0.3333333333333333 4.0 48131.522597911004 3.0 3991.611940298508 273.1848974304758 7.8329841632898765 0.0 12965.052103715674 48131.522597911004 0.0 0.0 2.0 36 1013
0.4166666666666667 5.0 38877.064552900076 2.75 1322.0003022974604 274.0792336970899 7.856518663279876 0.0 7057.978027657336 38877.064552900076 0.0 0.0 2.0 36 1016
0.5 6.0 32859.151075179834 4.0 3250.0 274.9764977879186 7.880053163269875 0.0 4372.050532971016 32859.151075179834 0.0 0.0 2.0 36 1019
0.5833333333333334 7.0 31454.24399125763 4.0 3592.393442622949 275.87669928789666 7.911432496589875 0.0 3860.4881368851156 31454.24399125763 0.0 0.0 2.0 36 1023
0.6666666666666666 8.0 30902.361165210972 4.25 3313.7815924032125 276.77984781333714 6.374592 0.0 3670.7052332821213 30902.361165210972 0.0 0.0 2.0 36 1026
0.75 9.0 30262.28308451873 3.0 2693.3262032085568 277.6859530120346 6.393564 0.0 3458.3033212110017 30262.28308451873 0.0 0.0 2.0 36 1029
0.8333333333333334 10.0 29213.22644950425 2.33 2844.8685524126463 278.595024563368 6.41886 0.0 3127.7254378245643 29213.22644950425 0.0 0.0 2.0 36 1033
0.9166666666666666 11.0 28645.355679528962 2.0 4387.5 279.50707217840375 6.437832 0.0 2957.673672747206 28645.355679528962 1.0 0.0 2.0 36 1036
1.0 0.0 29789.237102603354 3.0 10463.731092436976 280.42210560000007 6.463128 0.0 3306.568742812463 29789.237102603354 1.0 0.0 2.0 36 1040
1.0833333333333333 1.0 36659.51421862786 3.0 16228.973140495867 281.3401346029108 6.4821 0.0 5970.932354566579 36659.51421862786 1.0 0.0 2.0 36 1043
1.1666666666666667 2.0 46629.73276995424 3.5 19161.98780487805 282.2611689938895 6.501072 0.0 11845.940110771138 46629.73276995424 1.0 0.0 2.0 36 1046
1.25 3.0 53657.01822306726 3.0 13136.188976377953 283.18521861179477 6.526368 0.0 17667.768342172578 53657.01822306726 1.0 0.0 2.0 36 1050
1.3333333333333333 4.0 48835.727270660835 3.0 3991.611940298508 284.1122933276949 8.14677749648987 0.0 13512.58247347259 48835.727270660835 1.0 0.0 2.0 36 1053
1.4166666666666667 5.0 39022.497666662566 2.75 1322.0003022974604 285.0424030449735 8.178156829809868 0.0 7133.4280916311145 39022.497666662566 1.0 0.0 2.0 36 1057
1.5 6.0 32917.849317454136 4.0 3250.0 285.9755576994354 8.201691329799868 0.0 4394.328725530231 32917.849317454136 1.0 0.0 2.0 36 1060
1.5833333333333333 7.0 31479.34334289467 4.0 3592.393442622949 286.91176725941256 8.233070663119868 0.0 3869.267339911328 31479.34334289467 1.0 0.0 2.0 36 1064
1.6666666666666667 8.0 30907.32460768376 4.25 3313.7815924032125 287.85104172587063 6.633876 0.0 3672.3844810134656 30907.32460768376 1.0 0.0 2.0 36 1067
1.75 9.0 30254.236801347633 3.0 2693.3262032085568 288.793391132516 6.659172 0.0 3455.6853823462734 30254.236801347633 1.0 0.0 2.0 36 1071
1.8333333333333333 10.0 29196.425059077403 2.33 2844.8685524126463 289.73882554590267 6.678144 0.0 3122.605401817228 29196.425059077403 1.0 0.0 2.0 36 1074
1.9166666666666667 11.0 28622.271240126916 2.0 4387.5 290.68735506553986 6.70344 0.0 2950.890990738746 28622.271240126916 2.0 0.0 2.0 36 1078
2.0 0.0 29761.48945432263 3.0 10463.731092436976 291.6389898240001 6.722412 0.0 3297.805193527341 29761.48945432263 2.0 0.0 2.0 36 1081
2.0833333333333335 1.0 36629.05395140826 3.0 16228.973140495867 292.59373998702716 6.747708 0.0 5956.814613982653 36629.05395140826 2.0 0.0 2.0 36 1085
2.1666666666666665 2.0 46601.87102993445 3.5 19161.98780487805 293.5516157536451 6.76668 0.0 11825.794309117175 46601.87102993445 2.0 0.0 2.0 36 1088
2.25 3.0 53637.74622994168 3.0 13136.188976377953 294.51262735626653 6.791976 0.0 17649.70295994491 53637.74622994168 2.0 0.0 2.0 36 1092
2.3333333333333335 4.0 48822.92764301846 3.0 3991.611940298508 295.4767850608027 8.476260496349862 0.0 13502.499181335761 48822.92764301846 2.0 0.0 2.0 36 1095
2.4166666666666665 5.0 39008.087356424054 2.75 1322.0003022974604 296.44409916677245 8.507639829669861 0.0 7125.92884116808 39008.087356424054 2.0 0.0 2.0 36 1099
2.5 6.0 32899.20707855699 4.0 3250.0 297.41458000741284 8.53901916298986 0.0 4387.245331756208 32899.20707855699 2.0 0.0 2.0 36 1103
2.5833333333333335 7.0 31456.00814763038 4.0 3592.393442622949 298.388237949789 8.56255366297986 0.0 3861.1047773758924 31456.00814763038 2.0 0.0 2.0 36 1106
2.6666666666666665 8.0 30880.346021264668 4.25 3313.7815924032125 299.36508339490547 6.905808 0.0 3663.2630052121326 30880.346021264668 2.0 0.0 2.0 36 1110
2.75 9.0 30224.593717060838 3.0 2693.3262032085568 300.34512677781663 6.92478 0.0 3446.0518034101133 30224.593717060838 2.0 0.0 2.0 36 1113
2.8333333333333335 10.0 29164.598210081458 2.33 2844.8685524126463 301.32837856773875 6.950076 0.0 3112.921439780077 29164.598210081458 2.0 0.0 2.0 36 1117
2.9166666666666665 11.0 28588.26686814629 2.0 4387.5 302.3148492681614 6.975372 0.0 2940.918204238978 28588.26686814629 3.0 0.0 2.0 36 1121
3.0 0.0 29725.55844263915 3.0 10463.731092436976 303.30454941696007 6.994344 0.0 3286.4795017230945 29725.55844263915 3.0 0.0 2.0 36 1124
3.0833333333333335 1.0 36592.51113993607 3.0 16228.973140495867 304.2974895865083 7.01964 0.0 5939.9063330962645 36592.51113993607 3.0 0.0 2.0 36 1128
3.1666666666666665 2.0 46570.26081774916 3.5 19161.98780487805 305.2936803837909 7.044936 0.0 11802.965058003289 46570.26081774916 3.0 0.0 2.0 36 1132
3.25 3.0 53616.944948240125 3.0 13136.188976377953 306.2931324505172 7.063908 0.0 17630.217491862168 53616.944948240125 3.0 0.0 2.0 36 1135
3.3333333333333335 4.0 48809.55939230539 3.0 3991.611940298508 307.29585646323477 8.821433162869853 0.0 13491.973152910088 48809.55939230539 3.0 0.0 2.0 36 1139
3.4166666666666665 5.0 38993.0808900677 2.75 1322.0003022974604 308.3018631334433 8.852812496189854 0.0 7118.124785129989 38993.0808900677 3.0 0.0 2.0 36 1143
3.5 6.0 32879.80173160555 4.0 3250.0 309.31116320770934 8.884191829509852 0.0 4379.879857920327 32879.80173160555 3.0 0.0 2.0 36 1147
3.5833333333333335 7.0 31431.726518648 4.0 3592.393442622949 310.3237674677806 8.907726329499852 0.0 3852.6230265453405 31431.726518648 3.0 0.0 2.0 36 1150
3.6666666666666665 8.0 30852.265440928328 4.25 3313.7815924032125 311.3396867307017 7.184064 0.0 3653.7845714072114 30852.265440928328 3.0 0.0 2.0 36 1154
3.75 9.0 30193.738711193626 3.0 2693.3262032085568 312.35893184892933 7.20936 0.0 3436.0428939563876 30193.738711193626 3.0 0.0 2.0 36 1158
3.8333333333333335 10.0 29131.453728596865 2.33 2844.8685524126463 313.3815137104483 7.234656 0.0 3102.8572970977552 29131.453728596865 3.0 0.0 2.0 36 1162
3.9166666666666665 11.0 28552.84881420131 2.0 4387.5 314.40744323888794 7.259952 0.0 2930.5540925223895 28552.84881420131 4.0 0.0 2.0 36 1166
4.0 0.0 29688.12732644003 3.0 10463.731092436976 315.4367313936385 7.278924 0.0 3274.7078393218685 29688.12732644003 4.0 0.0 2.0 36 1169
4.083333333333333 1.0 36554.4349241615 3.0 16228.973140495867 316.4693891699687 7.30422 0.0 5922.3217103280585 36554.4349241615 4.0 0.0 2.0 36 1173
4.166666666666667 2.0 46537.31274515933 3.5 19161.98780487805 317.50542759914254 7.329516 0.0 11779.2000460139 46537.31274515933 4.0 0.0 2.0 36 1177
4.25 3.0 53595.26556042434 3.0 13136.188976377953 318.5448577485379 7.354812 0.0 17609.92432366202 53595.26556042434 4.0 0.0 2.0 36 1181
4.333333333333333 4.0 48795.63054339173 3.0 3991.611940298508 319.5876907217642 9.182295496049846 0.0 13481.011380403063 48795.63054339173 4.0 0.0 2.0 36 1185
4.416666666666667 5.0 38977.46111706936 2.75 1322.0003022974604 320.6339376587811 9.213674829369845 0.0 7110.007673682702 38977.46111706936 4.0 0.0 2.0 36 1189
4.5 6.0 32859.60613319597 4.0 3250.0 321.6836097360177 9.245054162689843 0.0 4372.222962104364 32859.60613319597 4.0 0.0 2.0 36 1193
4.583333333333333 7.0 31406.454507192895 4.0 3592.393442622949 322.7367181664918 9.268588662679843 0.0 3843.80817676547 31406.454507192895 4.0 0.0 2.0 36 1196
4.666666666666667 8.0 30823.034466221205 4.25 3313.7815924032125 323.7932741999298 7.474968 0.0 3643.9347481563836 30823.034466221205 4.0 0.0 2.0 36 1200
4.75 9.0 30161.613068268103 3.0 2693.3262032085568 324.8532891228865 7.500264 0.0 3425.6418723483216 30161.613068268103 4.0 0.0 2.0 36 1204
4.833333333333333 10.0 29096.94384600545 2.33 2844.8685524126463 325.91677425886627 7.52556 0.0 3092.4010175273374 29096.94384600545 4.0 0.0 2.0 36 1208
4.916666666666667 11.0 28515.969046631897 2.0 4387.5 326.98374096844344 7.550856 0.0 2919.787467772394 28515.969046631897 5.0 0.0 2.0 36 1212
5.0 0.0 29649.146981891063 3.0 10463.731092436976 328.05420064938403 7.576152 0.0 3262.478078638636 29649.146981891063 5.0 0.0 2.0 36 1216
5.083333333333333 1.0 36514.76964304002 3.0 16228.973140495867 329.1281647367674 7.601448 0.0 5904.039173084272 36514.76964304002 5.0 0.0 2.0 36 1220
5.166666666666667 2.0 46502.97399771484 3.5 19161.98780487805 330.20564470310825 7.626744 0.0 11754.465022749526 46502.97399771484 5.0 0.0 2.0 36 1224
5.25 3.0 53572.664391140264 3.0 13136.188976377953 331.28665205847943 7.65204 0.0 17588.784457260514 53572.664391140264 5.0 0.0 2.0 36 1228
5.333333333333333 4.0 48781.13021819922 3.0 3991.611940298508 332.37119835063476 9.551002662559837 0.0 13469.606006516879 48781.13021819922 5.0 0.0 2.0 36 1232
5.416666666666667 5.0 38961.21395096765 2.75 1322.0003022974604 333.45929516513235 9.582381995879837 0.0 7101.570900697781 38961.21395096765 5.0 0.0 2.0 36 1236
5.5 6.0 32838.60167540632 4.0 3250.0 334.5509541254584 9.613761329199836 0.0 4364.268617613101 32838.60167540632 5.0 0.0 2.0 36 1240
5.583333333333333 7.0 31380.168342338555 4.0 3592.393442622949 335.64618689315154 9.645140662519834 0.0 3834.6534870550645 31380.168342338555 5.0 0.0 2.0 36 1244
5.666666666666667 8.0 30792.616970350766 4.25 3313.7815924032125 336.745005167927 7.77852 0.0 3633.703417806426 30792.616970350766 5.0 0.0 2.0 36 1248
5.75 9.0 30128.171619779627 3.0 2693.3262032085568 337.847420687802 7.803816 0.0 3414.8365682267863 30128.171619779627 5.0 0.0 2.0 36 1252
5.833333333333333 10.0 29061.010018073594 2.33 2844.8685524126463 338.95344522922096 7.835436 0.0 3081.5376176361824 29061.010018073594 5.0 0.0 2.0 36 1257
5.916666666666667 11.0 28477.552071620834 2.0 4387.5 340.0630906071812 7.860732 0.0 2908.599400599043 28477.552071620834 6.0 0.0 2.0 36 1261
6.0 0.0 29608.528848414608 3.0 10463.731092436976 341.17636867535947 7.886028 0.0 3249.766045299156 29608.528848414608 6.0 0.0 2.0 36 1265
6.083333333333333 1.0 36473.431498877064 3.0 16228.973140495867 342.2932913262381 7.911324 0.0 5885.024590874745 36473.431498877064 6.0 0.0 2.0 36 1269
6.166666666666667 2.0 46467.17543317194 3.5 19161.98780487805 343.41387049123256 7.93662 0.0 11728.714365850985 46467.17543317194 6.0 0.0 2.0 36 1273
6.25 3.0 53549.09838170778 3.0 13136.188976377953 344.53811814081865 7.961916 0.0 17566.759676369682 53549.09838170778 6.0 0.0 2.0 36 1277
6.333333333333333 4.0 48766.02764757523 3.0 3991.611940298508 345.6660462846602 9.935399495729829 0.0 13457.733588932226 48766.02764757523 6.0 0.0 2.0 36 1281
6.416666666666667 5.0 38944.30455316112 2.75 1322.0003022974604 346.79766697173767 9.974623662379827 0.0 7092.797147411042 38944.30455316112 6.0 0.0 2.0 36 1286
6.5 6.0 32816.73541741342 4.0 3250.0 347.9329922904768 10.006002995699827 0.0 4355.997892970575 32816.73541741342 6.0 0.0 2.0 36 1290
6.583333333333333 7.0 31352.798529156666 4.0 3592.393442622949 349.0720343688776 10.037382329019826 0.0 3825.1364413588212 31352.798529156666 6.0 0.0 2.0 36 1294
6.666666666666667 8.0 30760.94611372289 4.25 3313.7815924032125 350.21480537464413 8.09472 0.0 3623.070329791554 30760.94611372289 6.0 0.0 2.0 36 1298
6.75 9.0 30093.347850959908 3.0 2693.3262032085568 351.36131751531406 8.12634 0.0 3403.6081513772037 30093.347850959908 6.0 0.0 2.0 36 1303
6.833333333333333 10.0 29023.578245275945 2.33 2844.8685524126463 352.51158303838974 8.151636 0.0 3070.2477275881765 29023.578245275945 6.0 0.0 2.0 36 1307
6.916666666666667 11.0 28437.535851062024 2.0 4387.5 353.6656142314685 8.176932 0.0 2896.9752067324466 28437.535851062024 7.0 0.0 2.0 36 1311
7.0 0.0 29566.218098098114 3.0 10463.731092436976 354.8234234223738 8.202228 0.0 3236.5585047628815 29566.218098098114 7.0 0.0 2.0 36 1315
7.083333333333333 1.0 36430.36503434983 3.0 16228.973140495867 355.98502297928763 8.233848 0.0 5865.257330244257 36430.36503434983 7.0 0.0 2.0 36 1320
7.166666666666667 2.0 46429.86197362215 3.5 19161.98780487805 357.15042531088193 8.259144 0.0 11701.913002308827 46429.86197362215 7.0 0.0 2.0 36 1324
7.25 3.0 53524.527206880484 3.0 13136.188976377953 358.31964286645143 8.28444 0.0 17543.81453292173 53524.527206880484 7.0 0.0 2.0 36 1328
7.333333333333333 4.0 48750.297567470254 3.0 3991.611940298508 359.4926881360466 10.343330828889819 0.0 13445.375095468311 48750.297567470254 7.0 0.0 2.0 36 1333
7.416666666666667 5.0 38926.698393335515 2.75 1322.0003022974604 360.66957365060716 10.374710162209817 0.0 7083.669343526655 38926.698393335515 7.0 0.0 2.0 36 1337
7.5 6.0 32793.98506829351 4.0 3250.0 361.8503119820959 10.406089495529818 0.0 4347.403570649026 32793.98506829351 7.0 0.0 2.0 36 1341
7.583333333333333 7.0 31324.325096166853 4.0 3592.393442622949 363.0349157436327 10.445313662179817 0.0 3815.251923678045 31324.325096166853 7.0 0.0 2.0 36 1346
7.666666666666667 8.0 30727.986385705935 4.25 3313.7815924032125 364.2233975896299 8.423568 0.0 3612.025979506179 30727.986385705935 7.0 0.0 2.0 36 1350
7.75 9.0 30057.095033013342 3.0 2693.3262032085568 365.41577021592667 8.455188 0.0 3391.944438228516 30057.095033013342 7.0 0.0 2.0 36 1355
7.833333333333333 10.0 28984.605839777454 2.33 2844.8685524126463 366.61204635992544 8.480484 0.0 3058.521717928792 28984.605839777454 8.0 0.0 2.0 36 1359
7.916666666666667 11.0 28395.86014390138 2.0 4387.5 367.81223880072724 8.512104 0.0 2884.90104206043 28395.86014390138 9.0 0.0 2.0 36 1364
8.0 0.0 29522.134759040222 3.0 10463.731092436976 369.0163603592688 8.5374 0.0 3222.8347409110056 29522.134759040222 9.0 0.0 2.0 36 1368
8.083333333333334 1.0 36385.47735020692 3.0 16228.973140495867 370.2244238984592 8.56902 0.0 5844.700046492987 36385.47735020692 9.0 0.0 2.0 36 1373
8.166666666666666 2.0 46390.95700031134 3.5 19161.98780487805 371.4364423233172 8.594316 0.0 11674.010842977195 46390.95700031134 9.0 0.0 2.0 36 1377
8.25 3.0 53498.90320388887 3.0 13136.188976377953 372.65242858110946 8.625936 0.0 17519.90695698638 53498.90320388887 9.0 0.0 2.0 36 1382
8.333333333333334 4.0 48733.90685869934 3.0 3991.611940298508 373.8723956614885 10.75910699537981 0.0 13432.505409274121 48733.90685869934 9.0 0.0 2.0 36 1386
8.416666666666666 5.0 38908.38188706686 2.75 1322.0003022974604 375.09635659663144 10.79833116202981 0.0 7074.181357898288 38908.38188706686 9.0 0.0 2.0 36 1391
8.5 6.0 32770.30614370738 4.0 3250.0 376.3243244613797 10.829710495349808 0.0 4338.470156531447 32770.30614370738 9.0 0.0 2.0 36 1395
8.583333333333334 7.0 31294.6819522192 4.0 3592.393442622949 377.55631237337803 10.868934661999807 0.0 3804.9789666422175 31294.6819522192 9.0 0.0 2.0 36 1400
8.666666666666666 8.0 30693.671181164547 4.25 3313.7815924032125 378.79233349321504 8.765064 0.0 3600.5506632070465 30693.671181164547 9.0 0.0 2.0 36 1404
8.75 9.0 30019.344712867503 3.0 2693.3262032085568 380.03240102456374 8.796684 0.0 3379.8265263018047 30019.344712867503 9.0 0.0 2.0 36 1409
8.833333333333334 10.0 28944.01530474969 2.33 2844.8685524126463 381.27652821432247 8.828304 0.0 3046.33978005325 28944.01530474969 10.0 0.0 2.0 36 1414
8.916666666666666 11.0 28352.439244894762 2.0 4387.5 382.5247283527563 8.8536 0.0 2872.3560478237982 28352.439244894762 11.0 0.0 2.0 36 1418
9.0 0.0 29476.204868718207 3.0 10463.731092436976 383.77701477363956 8.88522 0.0 3208.5763423463486 29476.204868718207 11.0 0.0 2.0 36 1423
9.083333333333334 1.0 36338.6973840352 3.0 16228.973140495867 385.0334008543976 8.910516 0.0 5823.325960611736 36338.6973840352 11.0 0.0 2.0 36 1427
9.166666666666666 2.0 46350.40064706493 3.5 19161.98780487805 386.29390001624995 8.942136 0.0 11644.970328335736 46350.40064706493 11.0 0.0 2.0 36 1432
9.25 3.0 53472.182087591 3.0 13136.188976377953 387.55852572435384 8.973756 0.0 17494.99828509017 53472.182087591 11.0 0.0 2.0 36 1437
9.333333333333334 4.0 48716.84049715442 3.0 3991.611940298508 388.827291487948 11.1984176618598 0.0 13419.113709634668 48716.84049715442 11.0 0.0 2.0 36 1442
9.416666666666666 5.0 38889.31301866846 2.75 1322.0003022974604 390.10021086049676 11.229796995179798 0.0 7064.312412166133 38889.31301866846 11.0 0.0 2.0 36 1446
9.5 6.0 32745.67090094411 4.0 3250.0 391.37729743983493 11.269021161829798 0.0 4329.188600957978 32745.67090094411 11.0 0.0 2.0 36 1451
9.583333333333334 7.0 31263.83598138446 4.0 3592.393442622949 392.6585648683132 11.308245328479797 0.0 3794.308237749562 31263.83598138446 11.0 0.0 2.0 36 1456
9.666666666666666 8.0 30657.954376061058 4.25 3313.7815924032125 393.9440268329437 9.125532 0.0 3588.631790753036 30657.954376061058 11.0 0.0 2.0 36 1461
9.75 9.0 29980.034618878297 3.0 2693.3262032085568 395.2336970655463 9.150828 0.0 3367.2378165620785 29980.034618878297 11.0 0.0 2.0 36 1465
9.833333333333334 10.0 28901.73848045923 2.33 2844.8685524126463 396.5275893428954 9.182448 0.0 3033.685274607058 28901.73848045923 12.0 0.0 2.0 36 1470
9.916666666666666 11.0 28307.21172092192 2.0 4387.5 397.8257174868666 9.214068 0.0 2859.326783407783 28307.21172092192 13.0 0.0 2.0 36 1475
10.0 0.0 29428.345152027272 3.0 10463.731092436976 399.12809536458514 9.245688 0.0 3193.7624651563788 29428.345152027272 13.0 0.0 2.0 36 1480
10.083333333333334 1.0 36289.93999594328 3.0 16228.973140495867 400.43473688857347 9.277308 0.0 5801.102424431079 36289.93999594328 13.0 0.0 2.0 36 1485
10.166666666666666 2.0 46308.0986671195 3.5 19161.98780487805 401.7456560168999 9.302604 0.0 11614.72983888098 46308.0986671195 13.0 0.0 2.0 36 1489
10.25 3.0 53444.30837309967 3.0 13136.188976377953 403.060866753328 9.334224 0.0 17469.03969194397 53444.30837309967 13.0 0.0 2.0 36 1494
10.333333333333334 4.0 48699.062566780325 3.0 3991.611940298508 404.380383147466 11.64557316166979 0.0 13405.172868704803 48699.062566780325 13.0 0.0 2.0 36 1499
10.416666666666666 5.0 38869.47568206489 2.75 1322.0003022974604 405.70421929491664 11.684797328319789 0.0 7054.0552367799055 38869.47568206489 13.0 0.0 2.0 36 1504
10.5 6.0 32720.03173095921 4.0 3250.0 407.03238933742836 11.724021494969787 0.0 4319.542498943151 32720.03173095921 13.0 0.0 2.0 36 1509
10.583333333333334 7.0 31231.732821183654 4.0 3592.393442622949 408.3649074630457 11.763245661619786 0.0 3783.2232421714066 31231.732821183654 13.0 0.0 2.0 36 1514
10.666666666666666 8.0 30620.774868510533 4.25 3313.7815924032125 409.7017879062615 9.492324 0.0 3576.252033122879 30620.774868510533 13.0 0.0 2.0 36 1519
10.75 9.0 29939.1103158846 3.0 2693.3262032085568 411.0430449481682 9.523944 0.0 3354.1645359442355 29939.1103158846 13.0 0.0 2.0 36 1524
10.833333333333334 10.0 28857.70499420075 2.33 2844.8685524126463 412.38869291661115 9.555564 0.0 3020.5412722998985 28857.70499420075 14.0 0.0 2.0 36 1529
10.916666666666666 11.0 28260.088017396887 2.0 4387.5 413.73874618634125 9.587184 0.0 2845.792120660296 28260.088017396887 15.0 0.0 2.0 36 1534
11.0 0.0 29378.469966550252 3.0 10463.731092436976 415.09321917916856 9.618804 0.0 3178.372042583408 29378.469966550252 15.0 0.0 2.0 36 1539
11.083333333333334 1.0 36239.116993224656 3.0 16228.973140495867 416.4521263641164 9.650424 0.0 5777.996038818902 36239.116993224656 15.0 0.0 2.0 36 1544
11.166666666666666 2.0 46263.99154453751 3.5 19161.98780487805 417.8154822575759 9.682044 0.0 11583.253215654982 46263.99154453751 15.0 0.0 2.0 36 1549
11.25 3.0 53415.228607503 3.0 13136.188976377953 419.1833014234611 9.713664 0.0 17441.9845626549 53415.228607503 15.0 0.0 2.0 36 1554
11.333333333333334 4.0 48680.53605580259 3.0 3991.611940298508 420.5555984733646 12.116263161469778 0.0 13390.65501933665 48680.53605580259 15.0 0.0 2.0 36 1559
11.416666666666666 5.0 38848.82111512961 2.75 1322.0003022974604 421.93238806671326 12.155487328119778 0.0 7043.38577484999 38848.82111512961 15.0 0.0 2.0 36 1564
11.5 6.0 32693.34776718225 4.0 3250.0 423.3136849109255 12.194711494769777 0.0 4309.518140422081 32693.34776718225 15.0 0.0 2.0 36 1569
11.583333333333334 7.0 31198.321230354468 4.0 3592.393442622949 424.69950376156754 12.241780494749776 0.0 3771.708792234665 31198.321230354468 15.0 0.0 2.0 36 1575
11.666666666666666 8.0 30582.064596486434 4.25 3313.7815924032125 426.0898594225119 9.878088 0.0 3563.3920532669727 30582.064596486434 15.0 0.0 2.0 36 1580
11.75 9.0 29896.486188200164 3.0 2693.3262032085568 427.4847667460949 9.909708 0.0 3340.583307116753 29896.486188200164 15.0 0.0 2.0 36 1585
11.833333333333334 10.0 28811.83460954587 2.33 2844.8685524126463 428.8842406332756 9.941328 0.0 3006.888310424096 28811.83460954587 16.0 0.0 2.0 36 1590
11.916666666666666 11.0 28210.98928290114 2.0 4387.5 430.2882960337949 9.972948 0.0 2831.734490553483 28210.98928290114 17.0 0.0 2.0 36 1595
12.0 0.0 29326.49354831386 3.0 10463.731092436976 431.69694794633534 10.010892 0.0 3162.384515826513 29326.49354831386 17.0 0.0 2.0 36 1601
12.083333333333334 1.0 36186.13228497799 3.0 16228.973140495867 433.1102114186811 10.042512 0.0 5753.970515420515 36186.13228497799 17.0 0.0 2.0 36 1606
12.166666666666666 2.0 46217.98218663466 3.5 19161.98780487805 434.528101547879 10.074132 0.0 11550.4781174949 46217.98218663466 17.0 0.0 2.0 36 1611
12.25 3.0 53384.88964046993 3.0 13136.188976377953 435.95063348039963 10.105752 0.0 17413.78689688346 53384.88964046993 17.0 0.0 2.0 36 1616
12.333333333333334 4.0 48661.235334484016 3.0 3991.611940298508 437.3778224122992 12.610487661259766 0.0 13375.541333177778 48661.235334484016 17.0 0.0 2.0 36 1622
12.416666666666666 5.0 38827.31763153119 2.75 1322.0003022974604 438.80968358938185 12.649711827909766 0.0 7032.2889221483065 38827.31763153119 17.0 0.0 2.0 36 1627
12.5 6.0 32665.569616263056 4.0 3250.0 440.2462323073625 12.688935994559765 0.0 4299.098777504528 32665.569616263056 17.0 0.0 2.0 36 1632
12.583333333333334 7.0 31163.535670456607 4.0 3592.393442622949 441.6874839120303 12.736004994539764 0.0 3759.745025341665 31163.535670456607 17.0 0.0 2.0 36 1638
12.666666666666666 8.0 30541.76059883132 4.25 3313.7815924032125 443.1334537994124 10.2765 0.0 3550.0345437452843 30541.76059883132 17.0 0.0 2.0 36 1643
12.75 9.0 29852.097693689837 3.0 2693.3262032085568 444.58415741593876 10.30812 0.0 3326.477882707197 29852.097693689837 17.0 0.0 2.0 36 1648
12.833333333333334 10.0 28764.053736775255 2.33 2844.8685524126463 446.03961025860673 10.346064 0.0 2992.709351808188 28764.053736775255 18.0 0.0 2.0 36 1654
12.916666666666666 11.0 28159.827263121104 2.0 4387.5 447.49982787514676 10.377684 0.0 2817.1341337953977 28159.827263121104 19.0 0.0 2.0 36 1659
13.0 0.0 29272.31561745056 3.0 10463.731092436976 448.96482586418875 10.415628 0.0 3145.775460619075 29272.31561745056 19.0 0.0 2.0 36 1665
13.083333333333334 1.0 36130.89079540427 3.0 16228.973140495867 450.4346198754284 10.447248 0.0 5728.990791908376 36130.89079540427 19.0 0.0 2.0 36 1670
13.166666666666666 2.0 46169.991276116336 3.5 19161.98780487805 451.90922560979413 10.478868 0.0 11516.355625371314 46169.991276116336 19.0 0.0 2.0 36 1675
13.25 3.0 53353.23536201328 3.0 13136.188976377953 453.3886588196156 10.516812 0.0 17384.39830085544 53353.23536201328 19.0 0.0 2.0 36 1681
13.333333333333334 4.0 48641.12056671617 3.0 3991.611940298508 454.87293530879117 13.112556994379755 0.0 13359.801980232469 48641.12056671617 19.0 0.0 2.0 36 1686
13.416666666666666 5.0 38804.94503447903 2.75 1322.0003022974604 456.3620709329571 13.159625994359754 0.0 7020.755611783187 38804.94503447903 19.0 0.0 2.0 36 1692
13.5 6.0 32636.66802806599 4.0 3250.0 457.856081599657 13.206694994339752 0.0 4288.275387299637 32636.66802806599 19.0 0.0 2.0 36 1698
13.583333333333334 7.0 31127.329864172363 4.0 3592.393442622949 459.35498326851155 13.245919160989752 0.0 3747.318974840326 31127.329864172363 19.0 0.0 2.0 36 1703
13.666666666666666 8.0 30499.803429525487 4.25 3313.7815924032125 460.8587919513889 10.693884 0.0 3536.163701737088 30499.803429525487 19.0 0.0 2.0 36 1709
13.75 9.0 29805.868644240225 3.0 2693.3262032085568 462.3675237125763 10.725504 0.0 3311.828723665226 29805.868644240225 19.0 0.0 2.0 36 1714
13.833333333333334 10.0 28714.27309607098 2.33 2844.8685524126463 463.88119466895097 10.763448 0.0 2977.983182630751 28714.27309607098 20.0 0.0 2.0 36 1720
13.916666666666666 11.0 28106.513823183923 2.0 4387.5 465.3998209901526 10.801392 0.0 2801.9718780359385 28106.513823183923 21.0 0.0 2.0 36 1726
14.0 0.0 29215.84073215783 3.0 10463.731092436976 466.9234188987563 10.833012 0.0 3128.522600636944 29215.84073215783 21.0 0.0 2.0 36 1731
14.083333333333334 1.0 36073.29279305911 3.0 16228.973140495867 468.4520046704455 10.870956 0.0 5703.020517678702 36073.29279305911 21.0 0.0 2.0 36 1737
14.166666666666666 2.0 46119.92245520583 3.5 19161.98780487805 469.98559463418593 10.9089 0.0 11480.825485896332 46119.92245520583 21.0 0.0 2.0 36 1743
14.25 3.0 53320.19027955336 3.0 13136.188976377953 471.52420517240023 10.94052 0.0 17353.752802740797 53320.19027955336 21.0 0.0 2.0 36 1748
14.333333333333334 4.0 48620.16172801811 3.0 3991.611940298508 473.06785272114286 13.646005660819743 0.0 13343.414950336073 48620.16172801811 21.0 0.0 2.0 36 1754
14.416666666666666 5.0 38781.64485959858 2.75 1322.0003022974604 474.61655377027546 13.693074660799741 0.0 7008.757179664617 38781.64485959858 21.0 0.0 2.0 36 1760
14.5 6.0 32606.578353800352 4.0 3250.0 476.1703248636433 13.73229882744974 0.0 4277.02587142017 32606.578353800352 21.0 0.0 2.0 36 1765
14.583333333333334 7.0 31089.649858689096 4.0 3592.393442622949 477.729182599252 13.77936782742974 0.0 3734.415299718674 31089.649858689096 21.0 0.0 2.0 36 1771
14.666666666666666 8.0 30456.119451166684 4.25 3313.7815924032125 479.2931436294445 11.123916 0.0 3521.759401938712 30456.119451166684 21.0 0.0 2.0 36 1777
14.75 9.0 29757.72458200174 3.0 2693.3262032085568 480.8622246610794 11.16186 0.0 3296.6172950811165 29757.72458200174 21.0 0.0 2.0 36 1783
14.833333333333334 10.0 28662.4094054681 2.33 2844.8685524126463 482.436442455709 11.199804 0.0 2962.6908986183485 28662.4094054681 22.0 0.0 2.0 36 1789
14.916666666666666 11.0 28050.95081280669 2.0 4387.5 484.0158138297587 11.237748 0.0 2786.2263020206988 28050.95081280669 23.0 0.0 2.0 36 1795
15.0 0.0 29156.97094895623 3.0 10463.731092436976 485.60035565470656 11.269368 0.0 3110.6035898000337 29156.97094895623 23.0 0.0 2.0 36 1800
15.083333333333334 1.0 36013.22872793846 3.0 16228.973140495867 487.19008485726334 11.307312 0.0 5676.0198153969595 36013.22872793846 23.0 0.0 2.0 36 1806
15.166666666666666 2.0 46067.68465618011 3.5 19161.98780487805 488.78501841955335 11.345256 0.0 11443.832078071415 46067.68465618011 23.0 0.0 2.0 36 1812
15.25 3.0 53285.71010856719 3.0 13136.188976377953 490.3851733792963 11.3832 0.0 17321.81381757174 53285.71010856719 23.0 0.0 2.0 36 1818
15.333333333333334 4.0 48598.3168939941 3.0 3991.611940298508 491.9905668299886 14.19514399391973 0.0 13326.349076305663 48598.3168939941 23.0 0.0 2.0 36 1824
15.416666666666666 5.0 38757.394047163034 2.75 1322.0003022974604 493.60121592108646 14.242212993899729 0.0 6996.283355030293 38757.394047163034 23.0 0.0 2.0 36 1830
15.5 6.0 32575.267565515216 4.0 3250.0 495.21713785818906 14.289281993879728 0.0 4265.340170375381 32575.267565515216 23.0 0.0 2.0 36 1836
15.583333333333334 7.0 31050.42097528776 4.0 3592.393442622949 496.8383499032221 14.336350993859726 0.0 3721.0118740422117 31050.42097528776 23.0 0.0 2.0 36 1842
15.666666666666666 8.0 30410.627842971422 4.25 3313.7815924032125 498.4648693746223 11.57292 0.0 3506.7995808119294 30410.627842971422 23.0 0.0 2.0 36 1848
15.75 9.0 29707.572065188084 3.0 2693.3262032085568 500.09671364752256 11.610864 0.0 3280.819568826249 29707.572065188084 23.0 0.0 2.0 36 1854
15.833333333333334 10.0 28608.371121922868 2.33 2844.8685524126463 501.73390015393744 11.648808 0.0 2946.8117233342914 28608.371121922868 24.0 0.0 2.0 36 1860
15.916666666666666 11.0 27993.04524284728 2.0 4387.5 503.37644638294915 11.686752 0.0 2769.878098659784 27993.04524284728 25.0 0.0 2.0 36 1866
16.0 0.0 29095.603945804545 3.0 10463.731092436976 505.0243698808949 11.724696 0.0 3091.9954978877413 29095.603945804545 25.0 0.0 2.0 36 1872
16.083333333333332 1.0 35950.59047447289 3.0 16228.973140495867 506.67768825155383 11.768964 0.0 5647.950432707816 35950.59047447289 25.0 0.0 2.0 36 1879
16.166666666666668 2.0 46013.16653000938 3.5 19161.98780487805 508.3364191563355 11.806908 0.0 11405.306377105024 46013.16653000938 25.0 0.0 2.0 36 1885
16.25 3.0 53249.70463062607 3.0 13136.188976377953 510.00058031446815 11.844852 0.0 17288.502675855176 53249.70463062607 25.0 0.0 2.0 36 1891
16.333333333333332 4.0 48575.54549883438 3.0 3991.611940298508 511.6701895031881 14.767816827009717 0.0 13308.57442630997 48575.54549883438 25.0 0.0 2.0 36 1897
16.416666666666668 5.0 38732.14500649272 2.75 1322.0003022974604 513.34526455793 14.814885826989716 0.0 6983.311390197982 38732.14500649272 25.0 0.0 2.0 36 1903
16.5 6.0 32542.673768207278 4.0 3250.0 515.0258233725167 14.869799660299714 0.0 4253.197657226628 32542.673768207278 25.0 0.0 2.0 36 1910
16.583333333333332 7.0 31009.58048794783 4.0 3592.393442622949 516.7118838993509 14.916868660279713 0.0 3707.0910134349983 31009.58048794783 25.0 0.0 2.0 36 1916
16.666666666666668 8.0 30363.254164576152 4.25 3313.7815924032125 518.4034641496072 12.040896 0.0 3491.264736005866 30363.254164576152 25.0 0.0 2.0 36 1922
16.75 9.0 29655.326660823896 3.0 2693.3262032085568 520.1005821934235 12.07884 0.0 3264.4149216624182 29655.326660823896 25.0 0.0 2.0 36 1928
16.833333333333332 10.0 28552.058520176615 2.33 2844.8685524126463 521.8032561600949 12.123108 0.0 2930.3231056095815 28552.058520176615 26.0 0.0 2.0 36 1935
16.916666666666668 11.0 27932.67760281958 2.0 4387.5 523.5115042382671 12.161052 0.0 2752.9011917948314 27932.67760281958 27.0 0.0 2.0 36 1941
17.0 0.0 29031.603854786485 3.0 10463.731092436976 525.2253446761307 12.198996 0.0 3072.666087425489 29031.603854786485 27.0 0.0 2.0 36 1947
17.083333333333332 1.0 35885.24451912184 3.0 16228.973140495867 526.944795781616 12.243264 0.0 5618.763834342051 35885.24451912184 27.0 0.0 2.0 36 1954
17.166666666666668 2.0 45956.26576549404 3.5 19161.98780487805 528.669875922589 12.281208 0.0 11365.186820473364 45956.26576549404 27.0 0.0 2.0 36 1960
17.25 3.0 53212.11566597614 3.0 13136.188976377953 530.4006035270469 12.325476 0.0 17253.770918901624 53212.11566597614 27.0 0.0 2.0 36 1967
17.333333333333332 4.0 48551.80764392543 3.0 3991.611940298508 532.1369970833157 15.364024160089704 0.0 13290.061771175213 48551.80764392543 27.0 0.0 2.0 36 1973
17.416666666666668 5.0 38705.856791805316 2.75 1322.0003022974604 533.8790751402472 15.411093160069703 0.0 6969.822131859183 38705.856791805316 27.0 0.0 2.0 36 1979
17.5 6.0 32508.744793943282 4.0 3250.0 535.6268563074174 15.4660069933797 0.0 4240.581585955977 32508.744793943282 27.0 0.0 2.0 36 1986
17.583333333333332 7.0 30967.070344686505 4.0 3592.393442622949 537.3803592553251 15.513075993359699 0.0 3692.6369744462795 30967.070344686505 27.0 0.0 2.0 36 1992
17.666666666666668 8.0 30313.933377614492 4.25 3313.7815924032125 539.1396027155915 12.527844 0.0 3475.138909044423 30313.933377614492 27.0 0.0 2.0 36 1999
17.75 9.0 29600.90861425769 3.0 2693.3262032085568 540.9046054811605 12.572112 0.0 3247.3847689517925 29600.90861425769 27.0 0.0 2.0 36 2006
17.833333333333332 10.0 28493.373331033294 2.33 2844.8685524126463 542.6753864064988 12.610056 0.0 2913.2036059993375 28493.373331033294 28.0 0.0 2.0 36 2012
17.916666666666668 11.0 27869.7528350401 2.0 4387.5 544.4519644077978 12.654324 0.0 2735.2771748704017 27869.7528350401 29.0 0.0 2.0 36 2019
18.0 0.0 28964.869371761903 3.0 10463.731092436976 546.234358463176 12.692268 0.0 3052.594514430911 28964.869371761903 30.0 0.0 2.0 36 2025
18.083333333333332 1.0 35817.079323304795 3.0 16228.973140495867 548.0225876128807 12.736536 0.0 5588.42250505334 35817.079323304795 30.0 0.0 2.0 36 2032
18.166666666666668 2.0 45896.87083513444 3.5 19161.98780487805 549.8166709594926 12.780804 0.0 11323.406476432947 45896.87083513444 30.0 0.0 2.0 36 2039
18.25 3.0 53172.85468862005 3.0 13136.188976377953 551.6166276681288 12.818748 0.0 17217.54261452839 53172.85468862005 30.0 0.0 2.0 36 2045
18.333333333333332 4.0 48527.06567480147 3.0 3991.611940298508 553.4224769666483 15.98376599315969 0.0 13270.783821189045 48527.06567480147 30.0 0.0 2.0 36 2052
18.416666666666668 5.0 38678.48755095113 2.75 1322.0003022974604 555.234238145857 16.03867982646969 0.0 6955.796143072163 38678.48755095113 30.0 0.0 2.0 36 2059
18.5 6.0 32473.41879220411 4.0 3250.0 557.051930559714 16.085748826449688 0.0 4227.471875750444 32473.41879220411 30.0 0.0 2.0 36 2065
18.583333333333332 7.0 30922.8092370675 4.0 3592.393442622949 558.875573625538 16.140662659759684 0.0 3677.626493332767 30922.8092370675 30.0 0.0 2.0 36 2072
18.666666666666668 8.0 30262.55995007238 4.25 3313.7815924032125 560.7051868242153 13.033764 0.0 3458.3934250873326 30262.55995007238 30.0 0.0 2.0 36 2079
18.75 9.0 29544.20916656405 3.0 2693.3262032085568 562.5407897004069 13.078032 0.0 3229.7020848666148 29544.20916656405 30.0 0.0 2.0 36 2086
18.833333333333332 10.0 28432.214463205586 2.33 2844.8685524126463 564.3824018627586 13.1223 0.0 2895.431687194621 28432.214463205586 31.0 0.0 2.0 36 2093
18.916666666666668 11.0 27804.14662656085 2.0 4387.5 566.2300429841098 13.160244 0.0 2716.9802666682344 27804.14662656085 32.0 0.0 2.0 36 2099
19.0 0.0 28895.27607290851 3.0 10463.731092436976 568.083732801703 13.204512 0.0 3031.7539260303265 28895.27607290851 33.0 0.0 2.0 36 2106
19.083333333333332 1.0 35745.964994513466 3.0 16228.973140495867 569.943491117396 13.24878 0.0 5556.881994753992 35745.964994513466 33.0 0.0 2.0 36 2113
19.166666666666668 2.0 45834.863869137946 3.5 19161.98780487805 571.8093377978723 13.293048 0.0 11279.895205154871 45834.863869137946 33.0 0.0 2.0 36 2120
19.25 3.0 53131.854083063256 3.0 13136.188976377953 573.681292774854 13.337316 0.0 17179.76178307907 53131.854083063256 33.0 0.0 2.0 36 2127
19.333333333333332 4.0 48501.262667587274 3.0 3991.611940298508 575.5593760453143 16.627042326219673 0.0 13250.698490747709 48501.262667587274 33.0 0.0 2.0 36 2134
19.416666666666668 5.0 38649.98969876654 2.75 1322.0003022974604 577.4436076716913 16.681956159529673 0.0 6941.2112481104095 38649.98969876654 33.0 0.0 2.0 36 2141
19.5 6.0 32436.653189122375 4.0 3250.0 579.3340077821026 16.736869992839672 0.0 4213.855876400484 32436.653189122375 33.0 0.0 2.0 36 2148
19.583333333333332 7.0 30876.72643494694 4.0 3592.393442622949 581.2305965705596 16.791783826149672 0.0 3662.0403406255537 30876.72643494694 33.0 0.0 2.0 36 2155
19.666666666666668 8.0 30209.057156547624 4.25 3313.7815924032125 583.1333942971839 13.558656 0.0 3441.009610899416 30209.057156547624 33.0 0.0 2.0 36 2162
19.75 9.0 29485.13708775424 3.0 2693.3262032085568 585.0424212884233 13.602924 0.0 3211.3460328619326 29485.13708775424 33.0 0.0 2.0 36 2169
19.833333333333332 10.0 28368.47191281244 2.33 2844.8685524126463 586.957697937269 13.647192 0.0 2876.984012109914 28368.47191281244 34.0 0.0 2.0 36 2176
19.916666666666668 11.0 27735.751563177902 2.0 4387.5 588.8792447034742 13.69146 0.0 2697.990321797777 27735.751563177902 35.0 0.0 2.0 36 2183
20.0 0.0 28822.69053667665 3.0 10463.731092436976 590.8070821137711 13.742052 0.0 3010.1158677330654 28822.69053667665 36.0 0.0 2.0 36 2191
20.083333333333332 1.0 35671.75662726678 3.0 16228.973140495867 592.7412307620917 13.78632 0.0 5524.092613672509 35671.75662726678 36.0 0.0 2.0 36 2198
20.166666666666668 2.0 45770.10960332805 3.5 19161.98780487805 594.6817113097871 13.830588 0.0 11234.572066533226 45770.10960332805 36.0 0.0 2.0 36 2205
20.25 3.0 53089.01304236309 3.0 13136.188976377953 596.6285444858482 13.874856 0.0 17140.342557535605 53089.01304236309 36.0 0.0 2.0 36 2212
20.333333333333332 4.0 48474.35606071958 3.0 3991.611940298508 598.5817510871269 17.29385315926978 0.0 13229.775125855465 48474.35606071958 36.0 0.0 2.0 36 2219
20.416666666666668 5.0 38620.31727091623 2.75 1322.0003022974604 600.5413519785591 17.356611825909795 0.0 6926.046319821149 38620.31727091623 36.0 0.0 2.0 36 2227
20.5 6.0 32398.373289588075 4.0 3250.0 602.5073680933867 17.411525659219805 0.0 4199.709334547064 32398.373289588075 36.0 0.0 2.0 36 2234
20.583333333333332 7.0 30828.745061288406 4.0 3592.393442622949 604.479820433382 17.466439492529815 0.0 3645.8576644853365 30828.745061288406 36.0 0.0 2.0 36 2241
20.666666666666668 8.0 30153.334579500108 4.25 3313.7815924032125 606.4587300690712 14.108844 0.0 3422.9649374572637 30153.334579500108 36.0 0.0 2.0 36 2249
20.75 9.0 29423.583660376986 3.0 2693.3262032085568 608.4441181399601 14.153112 0.0 3192.291086807486 29423.583660376986 36.0 0.0 2.0 36 2256
20.833333333333332 10.0 28302.021546638094 2.33 2844.8685524126463 610.4360058547599 14.19738 0.0 2857.8340420859263 28302.021546638094 37.0 0.0 2.0 36 2263
20.916666666666668 11.0 27664.42267111005 2.0 4387.5 612.4344144916131 14.247972 0.0 2678.277761106196 27664.42267111005 38.0 0.0 2.0 36 2271
21.0 0.0 28746.962523512237 3.0 10463.731092436976 614.439365398322 14.29224 0.0 2987.6480948280064 28746.962523512237 39.0 0.0 2.0 36 2278
21.083333333333332 1.0 35594.31391572288 3.0 16228.973140495867 616.4508799925756 14.342832 0.0 5490.008260449824 35594.31391572288 39.0 0.0 2.0 36 2286
21.166666666666668 2.0 45702.485083776344 3.5 19161.98780487805 618.4689797621787 14.3871 0.0 11187.366276385828 45702.485083776344 39.0 0.0 2.0 36 2293
21.25 3.0 53044.25053250638 3.0 13136.188976377953 620.4936862652821 14.437692 0.0 17099.218079715458 53044.25053250638 39.0 0.0 2.0 36 2301
21.333333333333332 4.0 48446.29005090358 3.0 3991.611940298508 622.5250211306119 17.99204332563993 0.0 13207.973030603938 48446.29005090358 39.0 0.0 2.0 36 2308
21.416666666666668 5.0 38589.4118961419 2.75 1322.0003022974604 624.5630060577015 18.054801992279945 0.0 6910.274132806071 38589.4118961419 39.0 0.0 2.0 36 2316
21.5 6.0 32358.52025758331 4.0 3250.0 626.6076628171222 18.109715825589955 0.0 4185.014212248214 32358.52025758331 39.0 0.0 2.0 36 2323
21.583333333333332 7.0 30778.788666692388 4.0 3592.393442622949 628.6590132507173 18.17247449222997 0.0 3629.058253651518 30778.788666692388 39.0 0.0 2.0 36 2331
21.666666666666668 8.0 30095.292367920865 4.25 3313.7815924032125 630.7170792718341 14.678004 0.0 3404.234500102313 30095.292367920865 39.0 0.0 2.0 36 2339
21.75 9.0 29359.444376949934 3.0 2693.3262032085568 632.7818828655586 14.722272 0.0 3172.5138547763995 29359.444376949934 39.0 0.0 2.0 36 2346
21.833333333333332 10.0 28232.75257051653 2.33 2844.8685524126463 634.8534460889502 14.772864 0.0 2837.9600401609773 28232.75257051653 40.0 0.0 2.0 36 2354
21.916666666666668 11.0 27590.03477267925 2.0 4387.5 636.9317910712776 14.823456 0.0 2657.8196121331084 27590.03477267925 41.0 0.0 2.0 36 2362
22.0 0.0 28667.959913474864 3.0 10463.731092436976 639.0169400142548 14.867724 0.0 2964.325054819228 28667.959913474864 42.0 0.0 2.0 36 2369
22.083333333333332 1.0 35513.48128707835 3.0 16228.973140495867 641.1089151922786 14.918316 0.0 5454.577784631697 35513.48128707835 42.0 0.0 2.0 36 2377
22.166666666666668 2.0 45631.849411750234 3.5 19161.98780487805 643.2077389526659 14.968908 0.0 11138.196153764919 45631.849411750234 42.0 0.0 2.0 36 2385
22.25 3.0 52997.46441591069 3.0 13136.188976377953 645.3134337158934 15.0195 0.0 17056.302947377077 52997.46441591069 42.0 0.0 2.0 36 2393
22.333333333333332 4.0 48417.01751119568 3.0 3991.611940298508 647.4260219758364 18.721612825330087 0.0 13185.258536485651 48417.01751119568 42.0 0.0 2.0 36 2401
22.416666666666668 5.0 38557.22328020737 2.75 1322.0003022974604 649.5455263000096 18.776526658640098 0.0 6893.871854955122 38557.22328020737 42.0 0.0 2.0 36 2408
22.5 6.0 32317.029674591056 4.0 3250.0 651.6719693298072 18.839285325280112 0.0 4169.750762312747 32317.029674591056 42.0 0.0 2.0 36 2416
22.583333333333332 7.0 30726.767657623226 4.0 3592.393442622949 653.8053737807461 18.902043991920124 0.0 3611.6180199096552 30726.767657623226 42.0 0.0 2.0 36 2424
22.666666666666668 8.0 30034.835662563848 4.25 3313.7815924032125 655.9457624427075 15.266136 0.0 3384.7957410747163 30034.835662563848 42.0 0.0 2.0 36 2432
22.75 9.0 29292.609615449637 3.0 2693.3262032085568 658.0931581801809 15.316728 0.0 3151.990242366937 29292.609615449637 42.0 0.0 2.0 36 2440
22.833333333333332 10.0 28160.535690111075 2.33 2844.8685524126463 660.2475839325083 15.36732 0.0 2817.335966815153 28160.535690111075 43.0 0.0 2.0 36 2448
22.916666666666668 11.0 27512.453371776057 2.0 4387.5 662.4090627141288 15.417912 0.0 2636.5914931194634 27512.453371776057 44.0 0.0 2.0 36 2456
23.0 0.0 28585.534903942462 3.0 10463.731092436976 664.5776176148252 15.468504 0.0 2940.1179255282145 28585.534903942462 45.0 0.0 2.0 36 2464
23.083333333333332 1.0 35429.1019492364 3.0 16228.973140495867 666.7532717999696 15.519096 0.0 5417.751344855196 35429.1019492364 45.0 0.0 2.0 36 2472
23.166666666666668 2.0 45558.05137707709 3.5 19161.98780487805 668.9360485107726 15.569688 0.0 11086.974691480533 45558.05137707709 45.0 0.0 2.0 36 2480
23.25 3.0 52948.558753963836 3.0 13136.188976377953 671.1259710645293 15.626604 0.0 17011.51840821631 52948.558753963836 45.0 0.0 2.0 36 2489
23.333333333333332 4.0 48386.476747060944 3.0 3991.611940298508 673.3230628548699 19.474716825010248 0.0 13161.586976845929 48386.476747060944 45.0 0.0 2.0 36 2497
23.416666666666668 5.0 38523.70393083364 2.75 1322.0003022974604 675.52734735201 19.537475491650262 0.0 6876.818350096523 38523.70393083364 45.0 0.0 2.0 36 2505
23.5 6.0 32273.821060190923 4.0 3250.0 677.7388481029996 19.600234158290274 0.0 4153.893731025638 32273.821060190923 45.0 0.0 2.0 36 2513
23.583333333333332 7.0 30672.588246903993 4.0 3592.393442622949 679.9575887319759 19.66299282493029 0.0 3593.512084222115 30672.588246903993 45.0 0.0 2.0 36 2521
23.666666666666668 8.0 29971.84902374792 4.25 3313.7815924032125 682.1835929404158 15.885888 0.0 3364.6202854836533 29971.84902374792 45.0 0.0 2.0 36 2530
23.75 9.0 29222.940849727063 3.0 2693.3262032085568 684.4168845073882 15.93648 0.0 3130.6882764268785 29222.940849727063 45.0 0.0 2.0 36 2538
23.833333333333332 10.0 28085.225412001353 2.33 2844.8685524126463 686.6574872898086 15.987072 0.0 2795.9323142176236 28085.225412001353 46.0 0.0 2.0 36 2546
23.916666666666668 11.0 27431.517090906564 2.0 4387.5 688.9054252226939 16.037664 0.0 2614.562976650739 27431.517090906564 47.0 0.0 2.0 36 2554
24.0 0.0 28499.511025033135 3.0 10463.731092436976 691.1607223194181 16.09458 0.0 2914.9910321869816 28499.511025033135 48.0 0.0 2.0 36 2563
24.083333333333332 1.0 35340.99578296371 3.0 16228.973140495867 693.4234026719685 16.145172 0.0 5379.470947066931 35340.99578296371 48.0 0.0 2.0 36 2571
24.166666666666668 2.0 45480.92940172068 3.5 19161.98780487805 695.6934904512035 16.202088 0.0 11033.60974209149 45480.92940172068 48.0 0.0 2.0 36 2580
24.25 3.0 52897.411886056034 3.0 13136.188976377953 697.9710099071103 16.25268 0.0 16964.76322026127 52897.411886056034 48.0 0.0 2.0 36 2588
24.333333333333332 4.0 48354.613952265616 3.0 3991.611940298508 700.2559853690647 20.259200158010415 0.0 13136.920145928101 48354.613952265616 48.0 0.0 2.0 36 2597
24.416666666666668 5.0 38488.790561108945 2.75 1322.0003022974604 702.5484412460903 20.32195882465043 0.0 6859.084743526844 38488.790561108945 48.0 0.0 2.0 36 2605
24.5 6.0 32228.83571980882 4.0 3250.0 704.8484020271195 20.392562324620446 0.0 4137.426291735282 32228.83571980882 48.0 0.0 2.0 36 2614
24.583333333333332 7.0 30616.1684637218 4.0 3592.393442622949 707.155892281255 20.455320991260457 0.0 3574.7201587052286 30616.1684637218 48.0 0.0 2.0 36 2622
24.666666666666668 8.0 29906.230534366998 4.25 3313.7815924032125 709.4709366580324 16.524612 0.0 3343.6849737714465 29906.230534366998 48.0 0.0 2.0 36 2631
24.75 9.0 29150.331604340732 3.0 2693.3262032085568 711.7935598876837 16.575204 0.0 3108.5868698689105 29150.331604340732 48.0 0.0 2.0 36 2639
24.833333333333332 10.0 28006.70217379269 2.33 2844.8685524126463 714.1237867814009 16.63212 0.0 2773.7281706217723 28006.70217379269 49.0 0.0 2.0 36 2648
24.916666666666668 11.0 27347.086648802164 2.0 4387.5 716.4616422316018 16.689036 0.0 2591.711084196593 27347.086648802164 50.0 0.0 2.0 36 2657
25.0 0.0 28409.724886373966 3.0 10463.731092436976 718.8071512121949 16.739628 0.0 2888.914263116126 28409.724886373966 51.0 0.0 2.0 36 2665
25.083333333333332 1.0 35248.99493648262 3.0 16228.973140495867 721.1603387788472 16.796544 0.0 5339.686156893804 35248.99493648262 51.0 0.0 2.0 36 2674
25.166666666666668 2.0 45400.32503730583 3.5 19161.98780487805 723.5212300692516 16.85346 0.0 10978.013556931295 45400.32503730583 51.0 0.0 2.0 36 2683
25.25 3.0 52843.92459518333 3.0 13136.188976377953 725.8898503033948 16.910376 0.0 16915.957843113465 52843.92459518333 51.0 0.0 2.0 36 2692
25.333333333333332 4.0 48321.35550214442 3.0 3991.611940298508 728.2662247838273 21.06721799100059 0.0 13111.204874023817 48321.35550214442 51.0 0.0 2.0 36 2700
25.416666666666668 5.0 38452.429125644274 2.75 1322.0003022974604 730.650378895934 21.137821490970605 0.0 6840.6471906688885 38452.429125644274 51.0 0.0 2.0 36 2709
25.5 6.0 32181.994036885946 4.0 3250.0 733.0423381082043 21.208424990940618 0.0 4120.324394039673 32181.994036885946 51.0 0.0 2.0 36 2718
25.583333333333332 7.0 30557.41887974713 4.0 3592.393442622949 735.4421279725051 21.279028490910633 0.0 3555.220128885801 30557.41887974713 51.0 0.0 2.0 36 2727
25.666666666666668 8.0 29837.871037020854 4.25 3313.7815924032125 737.8497741243538 17.188632 0.0 3321.9652406728947 29837.871037020854 51.0 0.0 2.0 36 2736
25.75 9.0 29074.648982626815 3.0 2693.3262032085568 740.2653022831912 17.245548 0.0 3085.657985135892 29074.648982626815 51.0 0.0 2.0 36 2745
25.833333333333332 10.0 27924.80635041629 2.33 2844.8685524126463 742.688738252657 17.302464 0.0 2750.692585499789 27924.80635041629 52.0 0.0 2.0 36 2754
25.916666666666668 11.0 27258.991115076486 2.0 4387.5 745.1201079208658 17.35938 0.0 2568.0057771429897 27258.991115076486 53.0 0.0 2.0 36 2763
26.0 0.0 28316.00585001263 3.0 10463.731092436976 747.5594372606827 17.416296 0.0 2861.85720956331 28316.00585001263 54.0 0.0 2.0 36 2772
26.083333333333332 1.0 35152.90399962562 3.0 16228.973140495867 750.0067523300012 17.473212 0.0 5298.337009953891 35152.90399962562 54.0 0.0 2.0 36 2781
26.166666666666668 2.0 45316.060165837596 3.5 19161.98780487805 752.4620792720218 17.530128 0.0 10920.087245555813 45316.060165837596 54.0 0.0 2.0 36 2790
26.25 3.0 52787.96851788781 3.0 13136.188976377953 754.9254443155305 17.587044 0.0 16864.997385279137 52787.96851788781 54.0 0.0 2.0 36 2799
26.333333333333332 4.0 48286.647620671094 3.0 3991.611940298508 757.3968737751804 21.914459990640772 0.0 13084.40375999461 48286.647620671094 54.0 0.0 2.0 36 2808
26.416666666666668 5.0 38414.54446720917 2.75 1322.0003022974604 759.8763940517714 21.99290832394079 0.0 6821.471505818783 38414.54446720917 54.0 0.0 2.0 36 2818
26.5 6.0 32133.203961312134 4.0 3250.0 762.3640316325325 22.0635118239108 0.0 4102.559977149468 32133.203961312134 54.0 0.0 2.0 36 2827
26.583333333333332 7.0 30496.216440706223 4.0 3592.393442622949 764.8598130914054 22.134115323880817 0.0 3534.979494693195 30496.216440706223 54.0 0.0 2.0 36 2836
26.666666666666668 8.0 29766.63646022069 4.25 3313.7815924032125 767.3637650893279 17.877948 0.0 3299.429634282195 29766.63646022069 54.0 0.0 2.0 36 2845
26.75 9.0 28995.746705252375 3.0 2693.3262032085568 769.8759143745187 17.941188 0.0 3061.870807803771 28995.746705252375 55.0 0.0 2.0 36 2855
26.833333333333332 10.0 27839.384998282643 2.33 2844.8685524126463 772.3962877827634 17.998104 0.0 2726.7979867482927 27839.384998282643 56.0 0.0 2.0 36 2864
26.916666666666668 11.0 27167.061172164234 2.0 4387.5 774.9249122377005 18.05502 0.0 2543.4191648486694 27167.061172164234 57.0 0.0 2.0 36 2873
27.0 0.0 28218.162075077864 3.0 10463.731092436976 777.4618147511101 18.11826 0.0 2833.785340860363 28218.162075077864 58.0 0.0 2.0 36 2883
27.083333333333332 1.0 35052.52775190336 3.0 16228.973140495867 780.0070224232012 18.175176 0.0 5255.366302383888 35052.52775190336 58.0 0.0 2.0 36 2892
27.166666666666668 2.0 45227.95239159214 3.5 19161.98780487805 782.5605624429026 18.238416 0.0 10859.731687544 45227.95239159214 58.0 0.0 2.0 36 2902
27.25 3.0 52729.40953048328 3.0 13136.188976377953 785.1224620881519 18.295332 0.0 16811.7731813934 52729.40953048328 58.0 0.0 2.0 36 2911
27.333333333333332 4.0 48250.40753137968 3.0 3991.611940298508 787.6927487261877 22.80092615693096 0.0 13056.45745178469 48250.40753137968 58.0 0.0 2.0 36 2921
27.416666666666668 5.0 38375.068345010375 2.75 1322.0003022974604 790.2714498138423 22.871529656900975 0.0 6801.527428774133 38375.068345010375 58.0 0.0 2.0 36 2930
27.5 6.0 32082.39823906296 4.0 3250.0 792.8585928978338 22.949977990200992 0.0 4084.114561894891 32082.39823906296 58.0 0.0 2.0 36 2940
27.583333333333332 7.0 30432.47510628003 4.0 3592.393442622949 795.4542056150616 23.02842632350101 0.0 3513.978851175363 30432.47510628003 58.0 0.0 2.0 36 2950
27.666666666666668 8.0 29692.407065789055 4.25 3313.7815924032125 798.0583156929011 18.598884 0.0 3276.0523814102503 29692.407065789055 58.0 0.0 2.0 36 2959
27.75 9.0 28913.479077089116 3.0 2693.3262032085568 800.6709509494996 18.662124 0.0 3037.1960996950666 28913.479077089116 59.0 0.0 2.0 36 2969
27.833333333333332 10.0 27750.27610565311 2.33 2844.8685524126463 803.292139294074 18.725364 0.0 2702.015846517774 27750.27610565311 60.0 0.0 2.0 36 2979
27.916666666666668 11.0 27071.111308253905 2.0 4387.5 805.9219087272086 18.78228 0.0 2517.92087254403 27071.111308253905 61.0 0.0 2.0 36 2988
28.0 0.0 28115.986246982666 3.0 10463.731092436976 808.5602873411544 18.84552 0.0 2804.661942054285 28115.986246982666 62.0 0.0 2.0 36 2998
28.083333333333332 1.0 34947.6495900242 3.0 16228.973140495867 811.2073033201294 18.90876 0.0 5210.71058987152 34947.6495900242 62.0 0.0 2.0 36 3008
28.166666666666668 2.0 45135.796077328414 3.5 19161.98780487805 813.8629849406187 18.972 0.0 10796.834840083347 45135.796077328414 62.0 0.0 2.0 36 3018
28.25 3.0 52668.114057182494 3.0 13136.188976377953 816.527360571678 19.03524 0.0 16756.178662398674 52668.114057182494 62.0 0.0 2.0 36 3028
28.333333333333332 4.0 48212.561770590095 3.0 3991.611940298508 819.2004586752353 23.718771656541158 0.0 13027.314312459619 48212.561770590095 62.0 0.0 2.0 36 3038
28.416666666666668 5.0 38333.94016809721 2.75 1322.0003022974604 821.8823078063959 23.797219989841174 0.0 6780.788986934557 38333.94016809721 62.0 0.0 2.0 36 3048
28.5 6.0 32029.471955663877 4.0 3250.0 824.5729366137472 23.87566832314119 0.0 4064.956576165343 32029.471955663877 62.0 0.0 2.0 36 3058
28.583333333333332 7.0 30366.066774561645 4.0 3592.393442622949 827.2723738396642 23.954116656441208 0.0 3492.185801757968 30366.066774561645 62.0 0.0 2.0 36 3068
28.666666666666668 8.0 29615.047924930517 4.25 3313.7815924032125 829.9806483206172 19.35144 0.0 3251.804115656473 29615.047924930517 62.0 0.0 2.0 36 3078
28.75 9.0 28827.693313356645 3.0 2693.3262032085568 832.6977889874795 19.41468 0.0 3011.603991109418 28827.693313356645 63.0 0.0 2.0 36 3088
28.833333333333332 10.0 27657.303056468303 2.33 2844.8685524126463 835.4238248658369 19.47792 0.0 2676.315319651152 27657.303056468303 64.0 0.0 2.0 36 3098
28.916666666666668 11.0 26970.954544363958 2.0 4387.5 838.158785076297 19.310334 0.0 2491.4821622244053 26970.954544363958 64.0 1.0 2.0 109 3108
29.0 0.0 28009.503263063256 3.0 10463.731092436976 840.9026988348007 19.373574 0.0 2774.518264123132 28009.503263063256 65.0 1.0 2.0 109 3118
29.083333333333332 1.0 34838.439818542305 3.0 16228.973140495867 843.6555954529346 19.436814 0.0 5164.47297851081 34838.439818542305 65.0 1.0 2.0 109 3128
29.166666666666668 2.0 45039.847571074424 3.5 19161.98780487805 846.4175043382435 19.506378 0.0 10731.60147622521 45039.847571074424 65.0 1.0 2.0 109 3139
29.25 3.0 52604.31001738903 3.0 13136.188976377953 849.188454994545 19.569618 0.0 16698.435749289547 52604.31001738903 65.0 1.0 2.0 109 3149
29.333333333333332 4.0 48173.305171482876 3.0 3991.611940298508 851.9684770222447 24.437170489471328 0.0 12997.129388600453 48173.305171482876 65.0 1.0 2.0 109 3159
29.416666666666668 5.0 38291.382075669215 2.75 1322.0003022974604 854.7576001186519 24.523463656101345 0.0 6759.372764929862 38291.382075669215 65.0 1.0 2.0 109 3170
29.5 6.0 31974.728549262065 4.0 3250.0 857.5558540782971 24.601911989401362 0.0 4045.202285724727 31974.728549262065 65.0 1.0 2.0 109 3180
29.583333333333332 7.0 30297.368497469637 4.0 3592.393442622949 860.3632687932507 24.68036032270138 0.0 3469.733751195355 30297.368497469637 65.0 1.0 2.0 109 3190
29.666666666666668 8.0 29534.98455978128 4.25 3313.7815924032125 863.1798742534419 19.898466 0.0 3226.831157832494 29534.98455978128 65.0 1.0 2.0 109 3201
29.75 9.0 28738.85665409856 3.0 2693.3262032085568 866.0057005469788 19.961706 0.0 2985.2496296257646 28738.85665409856 66.0 1.0 2.0 109 3211
29.833333333333332 10.0 27560.965821134378 2.33 2844.8685524126463 868.8407778604703 20.03127 0.0 2649.852713801833 27560.965821134378 67.0 1.0 2.0 109 3222
29.916666666666668 11.0 26867.10961188472 2.0 4387.5 871.6851364793489 19.88898 0.0 2464.260772115956 26867.10961188472 67.0 2.0 2.0 174 3232
30.0 0.0 27898.774723289418 3.0 10463.731092436976 874.5388067881928 19.958544 0.0 2743.3965223772843 27898.774723289418 68.0 2.0 2.0 174 3243
30.083333333333332 1.0 34724.611942560914 3.0 16228.973140495867 877.401819271052 20.028108 0.0 5116.564357364369 34724.611942560914 68.0 2.0 2.0 174 3254
30.166666666666668 2.0 44939.59079842136 3.5 19161.98780487805 880.2742045117734 20.091348 0.0 10663.712803137645 44939.59079842136 68.0 2.0 2.0 174 3264
30.25 3.0 52537.500247649994 3.0 13136.188976377953 883.1559931943269 20.160912 0.0 16638.111183079 52537.500247649994 68.0 2.0 2.0 174 3275
30.333333333333332 4.0 48132.26113575461 3.0 3991.611940298508 886.0472161031346 25.227934322381508 0.0 12965.618646956415 48132.26113575461 68.0 2.0 2.0 174 3286
30.416666666666668 5.0 38246.97927867119 2.75 1322.0003022974604 888.947904123398 25.306382655681524 0.0 6737.075079313907 38246.97927867119 68.0 2.0 2.0 174 3296
30.5 6.0 31917.650214875663 4.0 3250.0 891.8580882414291 25.392675822311542 0.0 4024.671873925589 31917.650214875663 68.0 2.0 2.0 174 3307
30.583333333333332 7.0 30225.727576886333 4.0 3592.393442622949 894.7777995449808 25.47896898894156 0.0 3446.419970729901 30225.727576886333 68.0 2.0 2.0 174 3318
30.666666666666668 8.0 29451.444280245454 4.25 3313.7815924032125 897.7070692235797 20.502408 0.0 3200.9067169164928 29451.444280245454 68.0 2.0 2.0 174 3329
30.75 9.0 28646.109678508594 3.0 2693.3262032085568 900.645928568858 20.571972 0.0 2957.895383543483 28646.109678508594 69.0 2.0 2.0 174 3340
30.833333333333332 10.0 27460.32259760481 2.33 2844.8685524126463 903.5944089748892 20.641536 0.0 2622.3892596479254 27460.32259760481 70.0 2.0 2.0 174 3351
30.916666666666668 11.0 26758.565945394643 2.0 4387.5 906.5525419385228 20.508732 0.0 2436.0147380719195 26758.565945394643 70.0 3.0 2.0 238 3362
31.0 0.0 27782.9899333842 3.0 10463.731092436976 909.5203590597205 20.578296 0.0 2711.096860502489 27782.9899333842 71.0 3.0 2.0 238 3373
31.083333333333332 1.0 34605.525510258965 3.0 16228.973140495867 912.4978920418941 20.64786 0.0 5066.7521354942 34605.525510258965 71.0 3.0 2.0 238 3384
31.166666666666668 2.0 44834.60076321874 3.5 19161.98780487805 915.4851726922443 20.717424 0.0 10592.918372461012 44834.60076321874 71.0 3.0 2.0 238 3395
31.25 3.0 52467.467598943535 3.0 13136.188976377953 918.4822329221 20.786988 0.0 16575.028571200186 52467.467598943535 71.0 3.0 2.0 238 3406
31.333333333333332 4.0 48089.3587831992 3.0 3991.611940298508 921.48910474726 26.053239488611702 0.0 12932.734251005058 48089.3587831992 71.0 3.0 2.0 238 3417
31.416666666666668 5.0 38200.69412825677 2.75 1322.0003022974604 924.5058202883339 26.13953265524172 0.0 6713.88299751116 38200.69412825677 71.0 3.0 2.0 238 3428
31.5 6.0 31858.166080099494 4.0 3250.0 927.5324117710862 26.225825821871737 0.0 4003.348193627395 31858.166080099494 71.0 3.0 2.0 238 3439
31.583333333333332 7.0 30151.05964887914 4.0 3592.393442622949 930.56891152678 26.31996382183176 0.0 3422.229552954368 30151.05964887914 71.0 3.0 2.0 238 3451
31.666666666666668 8.0 29364.334663199108 4.25 3313.7815924032125 933.6153519925228 21.141132 0.0 3174.018958025999 29364.334663199108 71.0 3.0 2.0 238 3462
31.75 9.0 28549.3408135838 3.0 2693.3262032085568 936.6717657116122 21.207534 0.0 2929.52886526259 28549.3408135838 72.0 3.0 2.0 239 3473
31.833333333333332 10.0 27355.258851818155 2.33 2844.8685524126463 939.7381853338848 21.283422 0.0 2593.9172799822386 27355.258851818155 73.0 3.0 2.0 239 3485
31.916666666666668 11.0 26645.188516914677 2.0 4387.5 942.8146436160639 21.12216 0.0 2406.736038859606 26645.188516914677 73.0 4.0 2.0 312 3496
32.0 0.0 27662.015674439008 3.0 10463.731092436976 945.9011734221093 21.198048 0.0 2677.6141951946074 27662.015674439008 74.0 4.0 2.0 312 3508
32.083333333333336 1.0 34481.03335025928 3.0 16228.973140495867 948.99780772357 21.267612 0.0 5015.016319505434 34481.03335025928 74.0 4.0 2.0 312 3519
32.166666666666664 2.0 44724.72475152613 3.5 19161.98780487805 952.104579599934 21.3435 0.0 10519.156670308997 44724.72475152613 74.0 4.0 2.0 312 3531
32.25 3.0 52394.107806495245 3.0 13136.188976377953 955.2215222389841 21.413064 0.0 16509.11564341042 52394.107806495245 74.0 4.0 2.0 312 3542
32.333333333333336 4.0 48044.546553223794 3.0 3991.611940298508 958.3486689371505 26.890831654821895 0.0 12898.443780407742 48044.546553223794 74.0 4.0 2.0 313 3554
32.416666666666664 5.0 38152.47521252259 2.75 1322.0003022974604 961.4860530998671 26.977124821451913 0.0 6689.777125095894 38152.47521252259 74.0 4.0 2.0 313 3565
32.5 6.0 31796.23521180284 4.0 3250.0 964.6337082419298 27.071262821411935 0.0 3981.2254506546756 31796.23521180284 74.0 4.0 2.0 313 3577
32.583333333333336 7.0 30073.304790084825 4.0 3592.393442622949 967.7916679878514 27.165400821371954 0.0 3397.156434388744 30073.304790084825 74.0 4.0 2.0 313 3589
32.666666666666664 8.0 29273.584729509803 4.25 3313.7815924032125 970.9599660722237 21.776694 0.0 3146.1638769609053 29273.584729509803 74.0 4.0 2.0 313 3600
32.75 9.0 28448.465784879885 3.0 2693.3262032085568 974.1386363400769 21.852582 0.0 2900.1472130389343 28448.465784879885 75.0 4.0 2.0 313 3612
32.833333333333336 10.0 27245.653556709432 2.33 2844.8685524126463 977.3277127472404 21.92847 0.0 2564.4291333101537 27245.653556709432 76.0 4.0 2.0 313 3624
32.916666666666664 11.0 26526.836793064685 2.0 4387.5 980.5272293607062 21.789342 0.0 2376.417373327907 26526.836793064685 76.0 5.0 2.0 381 3636
33.0 0.0 27535.602848376075 3.0 10463.731092436976 983.7372203589938 21.86523 0.0 2642.9141811327013 27535.602848376075 77.0 5.0 2.0 381 3648
33.083333333333336 1.0 34350.817309321355 3.0 16228.973140495867 986.9577200325127 21.941118 0.0 4961.269874697411 34350.817309321355 77.0 5.0 2.0 381 3660
33.166666666666664 2.0 44609.62173708729 3.5 19161.98780487805 990.1887627839313 22.017006 0.0 10442.24427888458 44609.62173708729 77.0 5.0 2.0 381 3672
33.25 3.0 52317.15949429683 3.0 13136.188976377953 993.4303831285434 22.092894 0.0 16440.161478465612 52317.15949429683 77.0 5.0 2.0 381 3684
33.333333333333336 4.0 47997.66371508063 3.0 3991.611940298508 996.6826156946365 27.789781987682098 0.0 12862.632076473215 47997.66371508063 77.0 5.0 2.0 381 3696
33.416666666666664 5.0 38102.1711812236 2.75 1322.0003022974604 999.9454952238619 27.883919987642116 0.0 6664.688778542925 38102.1711812236 77.0 5.0 2.0 381 3708
33.5 6.0 31731.653289766637 4.0 3250.0 1003.219056571607 27.97489598760214 0.0 3958.2403584645936 31731.653289766637 77.0 5.0 2.0 382 3720
33.583333333333336 7.0 29992.21897874283 4.0 3592.393442622949 1006.5033347073655 28.069033987562158 0.0 3371.1364905780147 29992.21897874283 77.0 5.0 2.0 382 3732
33.666666666666664 8.0 29178.903562092833 4.25 3313.7815924032125 1009.7983647151126 22.475496 0.0 3117.271717593486 29178.903562092833 77.0 5.0 2.0 382 3745
33.75 9.0 28343.13957618745 3.0 2693.3262032085568 1013.10418179368 22.551384 0.0 2869.673835273245 28343.13957618745 78.0 5.0 2.0 382 3757
33.833333333333336 10.0 27131.136378329084 2.33 2844.8685524126463 1016.42082125713 22.627272 0.0 2533.852769369911 27131.136378329084 79.0 5.0 2.0 382 3769
33.916666666666664 11.0 26403.104068114688 2.0 4387.5 1019.7483185351346 22.43439 0.0 2344.98637538046 26403.104068114688 79.0 6.0 2.0 467 3781
34.0 0.0 27403.434984199095 3.0 10463.731092436976 1023.0867091733536 22.51344 0.0 2606.9478415096264 27403.434984199095 80.0 6.0 2.0 468 3794
34.083333333333336 1.0 34214.618085953094 3.0 16228.973140495867 1026.4360288338135 22.589328 0.0 4905.4552707072635 34214.618085953094 80.0 6.0 2.0 468 3806
34.166666666666664 2.0 44489.11059890788 3.5 19161.98780487805 1029.7963132952887 22.67154 0.0 10362.110151917223 44489.11059890788 80.0 6.0 2.0 468 3819
34.25 3.0 52236.52039857342 3.0 13136.188976377953 1033.1675984536853 22.747428 0.0 16368.100786610714 52236.52039857342 80.0 6.0 2.0 468 3831
34.333333333333336 4.0 47948.693561886976 3.0 3991.611940298508 1036.549920322422 28.675723320522305 0.0 12825.294919328207 47948.693561886976 80.0 6.0 2.0 468 3844
34.416666666666664 5.0 38049.784939214325 2.75 1322.0003022974604 1039.9433150328164 28.769861320482324 0.0 6638.626938320494 38049.784939214325 80.0 6.0 2.0 468 3856
34.5 6.0 31664.445126837993 4.0 3250.0 1043.3478188344711 28.871844153772347 0.0 3934.412182053593 31664.445126837993 80.0 6.0 2.0 468 3869
34.583333333333336 7.0 29907.813281796152 4.0 3592.393442622949 1046.76346809566 28.973826987062367 0.0 3344.1889453142685 29907.813281796152 80.0 6.0 2.0 468 3882
34.666666666666664 8.0 29080.280484022107 4.25 3313.7815924032125 1050.1902993037172 23.14584 0.0 3087.3603188625552 29080.280484022107 80.0 6.0 2.0 468 3894
34.75 9.0 28233.365618259042 3.0 2693.3262032085568 1053.628349065427 23.22489 0.0 2838.1355354851885 28233.365618259042 81.0 6.0 2.0 469 3907
34.833333333333336 10.0 27011.70304691698 2.33 2844.8685524126463 1057.0776541074154 23.307102 0.0 2502.216831093373 27011.70304691698 82.0 6.0 2.0 469 3920
34.916666666666664 11.0 26273.970012128837 2.0 4387.5 1060.53825127654 23.196432 0.0 2312.4722962837564 26273.970012128837 82.0 7.0 2.0 530 3933
35.0 0.0 27265.263032568542 3.0 10463.731092436976 1064.0101775402877 23.278644 0.0 2569.688793580325 27265.263032568542 83.0 7.0 2.0 530 3946
35.083333333333336 1.0 34072.01650988491 3.0 16228.973140495867 1067.493469987166 23.354532 0.0 4847.455289289749 34072.01650988491 83.0 7.0 2.0 532 3959
35.166666666666664 2.0 44362.686359103864 3.5 19161.98780487805 1070.9881658271001 23.43042 0.0 10278.47410000343 44362.686359103864 83.0 7.0 2.0 532 3971
35.25 3.0 52151.78147815139 3.0 13136.188976377953 1074.4943023918327 23.50947 0.0 16292.597584903442 52151.78147815139 83.0 7.0 2.0 533 3984
35.333333333333336 4.0 47897.36909723407 3.0 3991.611940298508 1078.011917135319 29.678297653342536 0.0 12786.23827566399 47897.36909723407 83.0 7.0 2.0 533 3998
35.416666666666664 5.0 37995.05254707992 2.75 1322.0003022974604 1081.5410476341292 29.78028048663256 0.0 6611.468633588898 37995.05254707992 83.0 7.0 2.0 533 4011
35.5 6.0 31594.262887667726 4.0 3250.0 1085.08173158785 29.882263319922583 0.0 3909.6291183610583 31594.262887667726 83.0 7.0 2.0 533 4024
35.583333333333336 7.0 29819.66977439889 4.0 3592.393442622949 1088.6340068194866 29.984246153212602 0.0 3316.1976628280186 29819.66977439889 83.0 7.0 2.0 533 4037
35.666666666666664 8.0 28977.24730122112 4.25 3313.7815924032125 1092.197911275866 23.926854 0.0 3056.310948992079 28977.24730122112 84.0 7.0 2.0 533 4050
35.75 9.0 28118.593179356383 3.0 2693.3262032085568 1095.7734830280442 24.009066 0.0 2805.402576067992 28118.593179356383 85.0 7.0 2.0 533 4063
35.833333333333336 10.0 26886.734257468906 2.33 2844.8685524126463 1099.360760271712 23.854128 0.0 2469.3902134693517 26886.734257468906 85.0 8.0 2.0 610 4077
35.916666666666664 11.0 26138.997708140487 2.0 4387.5 1102.9597813276016 23.752944 0.0 2278.802394660954 26138.997708140487 85.0 9.0 2.0 668 4090
36.0 0.0 27120.982588151932 3.0 10463.731092436976 1106.5705846418994 23.835156 0.0 2531.153160247488 27120.982588151932 86.0 9.0 2.0 668 4103
36.083333333333336 1.0 33923.15477969952 3.0 16228.973140495867 1110.1932087866526 23.923692 0.0 4787.385778130564 33923.15477969952 86.0 9.0 2.0 668 4117
36.166666666666664 2.0 44230.625241278176 3.5 19161.98780487805 1113.8276924601844 24.005904 0.0 10191.578021002191 44230.625241278176 86.0 9.0 2.0 668 4130
36.25 3.0 52063.20142869386 3.0 13136.188976377953 1117.474074487506 24.09444 0.0 16213.913868737454 52063.20142869386 86.0 9.0 2.0 668 4144
36.333333333333336 4.0 47843.908021846844 3.0 3991.611940298508 1121.1323938207317 30.49559415281275 0.0 12745.637870467235 47843.908021846844 86.0 9.0 2.0 669 4157
36.416666666666664 5.0 37938.254103704574 2.75 1322.0003022974604 1124.8026895394942 30.602259819432774 0.0 6583.361482128105 37938.254103704574 86.0 9.0 2.0 670 4171
36.5 6.0 31521.487974515006 4.0 3250.0 1128.485000851364 30.712087486052795 0.0 3884.0377270793583 31521.487974515006 86.0 9.0 2.0 670 4185
36.583333333333336 7.0 29728.253159098236 4.0 3592.393442622949 1132.1793670922661 30.814070319342818 0.0 3287.328017339748 29728.253159098236 86.0 9.0 2.0 670 4198
36.666666666666664 8.0 28870.32514696983 4.25 3313.7815924032125 1135.8858277269005 24.518148 0.0 3024.30460438056 28870.32514696983 87.0 9.0 2.0 670 4212
36.75 9.0 27999.398159265584 3.0 2693.3262032085568 1139.604422349166 24.60036 0.0 2771.6686393499613 27999.398159265584 88.0 9.0 2.0 672 4226
36.833333333333336 10.0 26756.85094077501 2.33 2844.8685524126463 1143.3351906825803 24.45807 0.0 2435.5701414692717 26756.85094077501 88.0 10.0 2.0 745 4240
36.916666666666664 11.0 25998.356091035803 2.0 4387.5 1147.0781725807058 24.344238 0.0 2244.058373486859 25998.356091035803 88.0 11.0 2.0 809 4254
37.0 0.0 26970.375306968235 3.0 10463.731092436976 1150.8334080275752 24.233568 0.0 2491.3297853974427 26970.375306968235 88.0 12.0 2.0 872 4268
37.083333333333336 1.0 33767.70963798019 3.0 16228.973140495867 1154.6009371381188 24.322104 0.0 4725.177424706987 33767.70963798019 88.0 12.0 2.0 872 4282
37.166666666666664 2.0 44092.58231263095 3.5 19161.98780487805 1158.3808001585917 24.41064 0.0 10101.25696072111 44092.58231263095 88.0 12.0 2.0 872 4296
37.25 3.0 51970.521716629286 3.0 13136.188976377953 1162.1730374670062 24.496014 0.0 16131.852897246668 51970.521716629286 88.0 12.0 2.0 873 4310
37.333333333333336 4.0 47788.18874429357 3.0 3991.611940298508 1165.977689573561 31.157471318922944 0.0 12703.411621745576 47788.18874429357 88.0 12.0 2.0 874 4324
37.416666666666664 5.0 37879.25390195401 2.75 1322.0003022974604 1169.794797121074 31.26413698554297 0.0 6554.246993380902 37879.25390195401 88.0 12.0 2.0 875 4338
37.5 6.0 31445.94827676396 4.0 3250.0 1173.6244008854187 31.370802652162986 0.0 3857.5893223878707 31445.94827676396 88.0 12.0 2.0 876 4352
37.583333333333336 7.0 29633.363750838504 4.0 3592.393442622949 1177.4665417759568 31.48063031878301 0.0 3257.5346623666965 29633.363750838504 88.0 12.0 2.0 876 4366
37.666666666666664 8.0 28759.275359000017 4.25 3313.7815924032125 1181.3212608359768 24.93237 0.0 2991.293760919271 28759.275359000017 89.0 12.0 2.0 877 4381
37.75 9.0 27875.509559647984 3.0 2693.3262032085568 1185.1885992431328 25.020906 0.0 2736.886471275965 27875.509559647984 90.0 12.0 2.0 877 4395
37.833333333333336 10.0 26621.739786337443 2.33 2844.8685524126463 1189.0685983098836 24.910236 0.0 2400.709259104389 26621.739786337443 90.0 13.0 2.0 940 4409
37.916666666666664 11.0 25851.920245335816 2.0 4387.5 1192.961299483934 24.739488 0.0 2208.250143751879 25851.920245335816 90.0 14.0 2.0 1024 4424
38.0 0.0 26813.469314100003 3.0 10463.731092436976 1196.8667443486781 24.603522 0.0 2450.2756903842533 26813.469314100003 90.0 15.0 2.0 1095 4438
38.083333333333336 1.0 33605.45444980405 3.0 16228.973140495867 1200.7849746236436 24.698382 0.0 4660.805731160843 33605.45444980405 90.0 15.0 2.0 1095 4453
38.166666666666664 2.0 43948.13850251542 3.5 19161.98780487805 1204.7160321649353 24.783756 0.0 10007.305597117054 43948.13850251542 90.0 15.0 2.0 1096 4467
38.25 3.0 51873.32092211148 3.0 13136.188976377953 1208.6599589656867 24.878616 0.0 16046.078875255926 51873.32092211148 90.0 15.0 2.0 1096 4482
38.333333333333336 4.0 47729.89244826783 3.0 3991.611940298508 1212.6167971565035 31.809501485013143 0.0 12659.329685045615 47729.89244826783 90.0 15.0 2.0 1097 4497
38.416666666666664 5.0 37817.7484048792 2.75 1322.0003022974604 1216.5865890059172 31.919329151633164 0.0 6523.985308479262 37817.7484048792 90.0 15.0 2.0 1097 4511
38.5 6.0 31367.257480539854 4.0 3250.0 1220.5693769208356 32.03700165158319 0.0 3830.1622034802404 31367.257480539854 90.0 15.0 2.0 1097 4526
38.583333333333336 7.0 29534.488898487194 4.0 3592.393442622949 1224.5652034469952 32.15151215153322 0.0 3226.6769426074575 29534.488898487194 90.0 15.0 2.0 1098 4541
38.666666666666664 8.0 28643.488682904153 4.25 3313.7815924032125 1228.5741112694159 25.340268 0.0 2957.1247352434984 28643.488682904153 91.0 15.0 2.0 1098 4556
38.75 9.0 27746.23116079445 3.0 2693.3262032085568 1232.5961432128581 25.435128 0.0 2700.894385488264 27746.23116079445 92.0 15.0 2.0 1098 4571
38.833333333333336 10.0 26480.631707301884 2.33 2844.8685524126463 1236.631342242279 25.261218 0.0 2364.648431839463 26480.631707301884 92.0 16.0 2.0 1183 4586
38.916666666666664 11.0 25698.95926763279 2.0 4387.5 1240.6797514632915 25.096794 0.0 2171.244412845726 25698.95926763279 92.0 17.0 2.0 1265 4601
39.0 0.0 26649.43830932377 3.0 10463.731092436976 1244.7414141226257 24.93237 0.0 2407.8293678428795 26649.43830932377 92.0 18.0 2.0 1347 4616
39.083333333333336 1.0 33435.666249795235 3.0 16228.973140495867 1248.8163736085892 25.024068 0.0 4594.057596689881 33435.666249795235 92.0 18.0 2.0 1348 4631
39.166666666666664 2.0 43796.74135199263 3.5 19161.98780487805 1252.9046734515327 25.118928 0.0 9909.442093303538 43796.74135199263 92.0 18.0 2.0 1348 4646
39.25 3.0 51771.263462115596 3.0 13136.188976377953 1257.0063573243142 25.204302 0.0 15956.338184216633 51771.263462115596 92.0 18.0 2.0 1351 4661
39.333333333333336 4.0 47668.9035949526 3.0 3991.611940298508 1261.1214690427637 32.41209948441334 0.0 12613.318079953515 47668.9035949526 92.0 18.0 2.0 1353 4677
39.416666666666664 5.0 37753.66388677042 2.75 1322.0003022974604 1265.250052566154 32.52660998436336 0.0 6492.551299410164 37753.66388677042 92.0 18.0 2.0 1354 4692
39.5 6.0 31285.3362271072 4.0 3250.0 1269.392151997669 32.634796484313384 0.0 3801.7438914885215 31285.3362271072 92.0 18.0 2.0 1357 4707
39.583333333333336 7.0 29431.56538713669 4.0 3592.393442622949 1273.5478115848748 32.76031381759341 0.0 3194.7578195635147 29431.56538713669 92.0 18.0 2.0 1357 4723
39.666666666666664 8.0 28522.89288479365 4.25 3313.7815924032125 1277.7170757201925 25.672278 0.0 2921.806842512892 28522.89288479365 93.0 18.0 2.0 1357 4738
39.75 9.0 27611.47828096378 3.0 2693.3262032085568 1281.8999889413726 25.773462 0.0 2663.706562729994 27611.47828096378 94.0 18.0 2.0 1357 4754
39.833333333333336 10.0 26333.424470500973 2.33 2844.8685524126463 1286.0965959319703 25.672278 0.0 2327.405477854173 26333.424470500973 94.0 19.0 2.0 1419 4769
39.916666666666664 11.0 25539.11867112748 2.0 4387.5 1290.306941521823 25.583742 0.0 2133.0067502777697 25539.11867112748 94.0 20.0 2.0 1479 4785
40.0 0.0 26477.721237327885 3.0 10463.731092436976 1294.5310706875305 25.463586 0.0 2363.9083721541465 26477.721237327885 94.0 21.0 2.0 1549 4801
40.083333333333336 1.0 33257.54930092319 3.0 16228.973140495867 1298.769028552933 25.558446 0.0 4524.7051716193355 33257.54930092319 94.0 21.0 2.0 1549 4816
40.166666666666664 2.0 43637.48979524678 3.5 19161.98780487805 1303.0208603895944 25.656468 0.0 9807.173886750441 43637.48979524678 94.0 21.0 2.0 1550 4832
40.25 3.0 51663.62638498479 3.0 13136.188976377953 1307.2866116172868 25.757652 0.0 15862.044779904872 51663.62638498479 94.0 21.0 2.0 1550 4848
40.333333333333336 4.0 47604.726317840585 3.0 3991.611940298508 1311.5663278044744 33.25300731712357 0.0 12565.01835851605 47604.726317840585 94.0 21.0 2.0 1551 4864
40.416666666666664 5.0 37686.500564501446 2.75 1322.0003022974604 1315.8600546688 33.3722006504036 0.0 6459.71275460573 37686.500564501446 94.0 21.0 2.0 1553 4880
40.5 6.0 31199.555856873973 4.0 3250.0 1320.1678380775759 33.49139398368362 0.0 3772.133869515939 31199.555856873973 94.0 21.0 2.0 1555 4896
40.583333333333336 7.0 29323.76275529677 4.0 3592.393442622949 1324.4897240482699 33.610587316963624 0.0 3161.5459919340356 29323.76275529677 94.0 21.0 2.0 1557 4912
40.666666666666664 8.0 28396.50989462045 4.25 3313.7815924032125 1328.8257587490002 26.235114 0.0 2885.0890349086308 28396.50989462045 95.0 21.0 2.0 1559 4928
40.75 9.0 27470.14157936603 3.0 2693.3262032085568 1333.1759884990274 26.336298 0.0 2625.0604874449677 27470.14157936603 96.0 21.0 2.0 1559 4944
40.833333333333336 10.0 26178.895008630596 2.33 2844.8685524126463 1337.5404597692493 26.209818 0.0 2288.721739915338 26178.895008630596 96.0 22.0 2.0 1631 4960
40.916666666666664 11.0 25371.291543358653 2.0 4387.5 1341.919219182696 26.080176 0.0 2093.331640856252 25371.291543358653 96.0 23.0 2.0 1704 4976
41.0 0.0 26297.460507319705 3.0 10463.731092436976 1346.3123135150317 25.9284 0.0 2318.3649534611186 26297.460507319705 96.0 24.0 2.0 1786 4993
41.083333333333336 1.0 33070.58593278054 3.0 16228.973140495867 1350.7197896950504 26.026422 0.0 4452.642873790674 33070.58593278054 96.0 24.0 2.0 1787 5009
41.166666666666664 2.0 43470.16998779067 3.5 19161.98780487805 1355.1416948051778 26.124444 0.0 9700.464800476158 43470.16998779067 96.0 24.0 2.0 1788 5025
41.25 3.0 51550.426853387384 3.0 13136.188976377953 1359.5780760819782 26.225628 0.0 15763.269358242094 51550.426853387384 96.0 24.0 2.0 1790 5042
41.333333333333336 4.0 47537.542767441264 3.0 3991.611940298508 1364.0289809166534 34.00970098314359 0.0 12514.584861842519 47537.542767441264 96.0 24.0 2.0 1793 5058
41.416666666666664 5.0 37616.53116399745 2.75 1322.0003022974604 1368.4944568555522 34.13673914975355 0.0 6425.617037651928 37616.53116399745 96.0 24.0 2.0 1795 5075
41.5 6.0 31110.28323263768 4.0 3250.0 1372.974551600679 34.24644648303352 0.0 3741.477707359228 31110.28323263768 96.0 24.0 2.0 1800 5091
41.583333333333336 7.0 29211.58452719474 4.0 3592.393442622949 1377.469313010201 34.373484649643494 0.0 3127.2248403728654 29211.58452719474 96.0 24.0 2.0 1802 5108
41.666666666666664 8.0 28264.910331784973 4.25 3313.7815924032125 1381.97878909896 26.70309 0.0 2847.175251086744 28264.910331784973 97.0 24.0 2.0 1805 5125
41.75 9.0 27322.83479400248 3.0 2693.3262032085568 1386.5030280389885 26.801112 0.0 2585.171139476814 27322.83479400248 98.0 24.0 2.0 1808 5142
41.833333333333336 10.0 26017.685717695236 2.33 2844.8685524126463 1391.0420781600192 26.693604 0.0 2248.8130338196142 26017.685717695236 98.0 25.0 2.0 1874 5158
41.916666666666664 11.0 25196.00555412825 2.0 4387.5 1395.595987950004 26.551314 0.0 2052.4077815384776 25196.00555412825 98.0 26.0 2.0 1953 5175
42.0 0.0 26108.950470639767 3.0 10463.731092436976 1400.164806055633 26.431158 0.0 2271.3504359654353 26108.950470639767 98.0 27.0 2.0 2025 5192
42.083333333333336 1.0 32874.73516305568 3.0 16228.973140495867 1404.7485812828522 26.535504 0.0 4377.958118116901 32874.73516305568 98.0 27.0 2.0 2026 5209
42.166666666666664 2.0 43294.466100151796 3.5 19161.98780487805 1409.3473625973852 26.643012 0.0 9589.222726132088 43294.466100151796 98.0 27.0 2.0 2026 5226
42.25 3.0 51431.240804300374 3.0 13136.188976377953 1413.9611991252575 26.747358 0.0 15659.702484612617 51431.240804300374 98.0 27.0 2.0 2027 5243
42.333333333333336 4.0 47467.01873894045 3.0 3991.611940298508 1418.5901401533195 34.862294149133426 0.0 12461.785230042258 47467.01873894045 98.0 27.0 2.0 2027 5261
42.416666666666664 5.0 37543.393014894245 2.75 1322.0003022974604 1423.2342351297743 34.9893323157434 0.0 6390.102257575863 37543.393014894245 98.0 27.0 2.0 2029 5278
42.5 6.0 31017.067492170325 4.0 3250.0 1427.893533664706 35.11637048235336 0.0 3709.640494520996 31017.067492170325 98.0 27.0 2.0 2031 5295
42.583333333333336 7.0 29094.41709350227 4.0 3592.393442622949 1432.5680855306089 35.24657064896333 0.0 3091.636326881578 29094.41709350227 98.0 27.0 2.0 2032 5312
42.666666666666664 8.0 28127.35955306407 4.25 3313.7815924032125 1437.2579406629186 27.281736 0.0 2807.894048901311 28127.35955306407 99.0 27.0 2.0 2032 5330
42.75 9.0 27168.70741990305 3.0 2693.3262032085568 1441.9631491605483 27.376596 0.0 2543.8581039497694 27168.70741990305 100.0 27.0 2.0 2036 5347
42.833333333333336 10.0 25848.835774001294 2.33 2844.8685524126463 1446.68376128642 27.25644 0.0 2207.4999079082377 25848.835774001294 100.0 28.0 2.0 2110 5365
42.916666666666664 11.0 25012.264217219283 2.0 4387.5 1451.419827468004 27.142608 0.0 2010.0709436612062 25012.264217219283 100.0 29.0 2.0 2180 5382
43.0 0.0 25911.130838090074 3.0 10463.731092436976 1456.1713982978583 27.085692 0.0 2222.6840200104216 25911.130838090074 100.0 30.0 2.0 2234 5400
43.083333333333336 1.0 32668.920820218766 3.0 16228.973140495867 1460.9385245341664 27.196362 0.0 4300.354919389769 32668.920820218766 100.0 30.0 2.0 2235 5418
43.166666666666664 2.0 43109.40415479069 3.5 19161.98780487805 1465.7212571012808 27.297546 0.0 9472.954460773823 43109.40415479069 100.0 30.0 2.0 2237 5435
43.25 3.0 51305.41869579363 3.0 13136.188976377953 1470.5196470902679 27.405054 0.0 15550.849358026948 51305.41869579363 100.0 30.0 2.0 2239 5453
43.333333333333336 4.0 47392.83361305437 3.0 3991.611940298508 1475.3337457594523 35.8393651484332 0.0 12406.400842428031 47392.83361305437 100.0 30.0 2.0 2239 5471
43.416666666666664 5.0 37466.87160001695 2.75 1322.0003022974604 1480.1636045349653 35.98057214837316 0.0 6353.081215047847 37466.87160001695 100.0 30.0 2.0 2239 5489
43.5 6.0 30919.646510583232 4.0 3250.0 1485.0092750112944 36.11861714831313 0.0 3676.5554211017293 30919.646510583232 100.0 30.0 2.0 2240 5507
43.583333333333336 7.0 28971.963197321893 4.0 3592.393442622949 1489.8708089518332 33.4557940988354 0.0 3054.7240544248143 28971.963197321893 101.0 30.0 2.0 2241 5525
43.666666666666664 8.0 27986.305982469363 4.25 3313.7815924032125 1494.7482582894356 27.961566 0.0 2767.979489249158 27986.305982469363 102.0 30.0 2.0 2243 5543
43.75 9.0 27009.398261333976 3.0 2693.3262032085568 1499.64167512697 28.072236 0.0 2501.60886585011 27009.398261333976 103.0 30.0 2.0 2244 5561
43.833333333333336 10.0 25673.40168756545 2.33 2844.8685524126463 1504.551111737877 27.923622 0.0 2165.100807846308 25673.40168756545 103.0 31.0 2.0 2327 5579
43.916666666666664 11.0 24820.69469839391 2.0 4387.5 1509.4766205667245 27.812952 0.0 1966.5381131388767 24820.69469839391 103.0 31.0 3.0 2400 5598
44.0 0.0 25704.367012688308 3.0 10463.731092436976 1514.418254229773 27.73074 0.0 2172.5457903698275 25704.367012688308 103.0 32.0 3.0 2462 5616
44.083333333333336 1.0 32453.403320525686 3.0 16228.973140495867 1519.3760655155331 27.84141 0.0 4220.05568848038 32453.403320525686 103.0 32.0 3.0 2463 5634
44.166666666666664 2.0 42915.103297025635 3.5 19161.98780487805 1524.350107385332 27.948918 0.0 9351.870199164074 42915.103297025635 103.0 32.0 3.0 2467 5653
44.25 3.0 51172.92187735428 3.0 13136.188976377953 1529.3404329738787 28.053264 0.0 15436.753700651327 51172.92187735428 103.0 32.0 3.0 2470 5671
44.333333333333336 4.0 47314.96345610703 3.0 3991.611940298508 1534.3470955898304 36.826961647702994 0.0 12348.437396320132 47314.96345610703 103.0 32.0 3.0 2470 5690
44.416666666666664 5.0 37386.96394284787 2.75 1322.0003022974604 1539.370148716364 36.96652748097295 0.0 6314.570748982728 37386.96394284787 103.0 32.0 3.0 2473 5709
44.5 6.0 30818.056819965266 4.0 3250.0 1544.4096460117462 37.10141048091292 0.0 3642.2591729884416 30818.056819965266 103.0 32.0 3.0 2475 5727
44.583333333333336 7.0 28844.28659048416 4.0 3592.393442622949 1549.4656413099067 34.32807354278888 0.0 3016.5432359679685 28844.28659048416 104.0 32.0 3.0 2478 5746
44.666666666666664 8.0 27836.343082286443 4.25 3313.7815924032125 1554.538188621013 28.612938 0.0 2725.9495759518513 27836.343082286443 105.0 32.0 3.0 2481 5765
44.75 9.0 26841.023972116793 3.0 2693.3262032085568 1559.627342132049 28.47381 0.0 2457.4532814732042 26841.023972116793 105.0 33.0 3.0 2563 5784
44.833333333333336 10.0 25488.7957417201 2.33 2844.8685524126463 1564.733156207392 28.37895 0.0 2121.05942132176 25488.7957417201 105.0 34.0 3.0 2631 5803
44.916666666666664 11.0 24619.492766603595 2.0 4387.5 1569.8556853893936 28.33152 0.0 1921.4800250962085 24619.492766603595 105.0 34.0 4.0 2684 5822
45.0 0.0 25487.325536117994 3.0 10463.731092436976 1574.9949843989639 28.230336 0.0 2120.7110295149187 25487.325536117994 105.0 35.0 4.0 2754 5841
45.083333333333336 1.0 32227.120278641087 3.0 16228.973140495867 1580.1511081361548 28.334682 0.0 4136.79917323933 32227.120278641087 105.0 35.0 4.0 2759 5860
45.166666666666664 2.0 42710.80845576147 3.5 19161.98780487805 1585.324111680745 28.451676 0.0 9225.645756768115 42710.80845576147 105.0 35.0 4.0 2760 5879
45.25 3.0 51033.37471619066 3.0 13136.188976377953 1590.5140502928339 28.562346 0.0 15317.175632481694 51033.37471619066 105.0 35.0 4.0 2763 5898
45.333333333333336 4.0 47233.311663794084 3.0 3991.611940298508 1595.7209794134237 37.68595564694282 0.0 12287.848079176883 47233.311663794084 105.0 35.0 4.0 2764 5918
45.416666666666664 5.0 37303.66858985534 2.75 1322.0003022974604 1600.9449546650187 37.822359480212796 0.0 6274.589202117821 37303.66858985534 105.0 35.0 4.0 2768 5937
45.5 6.0 30712.31237588975 4.0 3250.0 1606.186031852216 37.96192531348275 0.0 3606.7815086731553 30712.31237588975 105.0 35.0 4.0 2771 5956
45.583333333333336 7.0 28711.382910050896 4.0 3592.393442622949 1611.444266962303 35.089321986722375 0.0 2977.129651612115 28711.382910050896 106.0 35.0 4.0 2771 5976
45.666666666666664 8.0 27680.113112112707 4.25 3313.7815924032125 1616.7197161658535 29.144154 0.0 2682.6059498446734 27680.113112112707 107.0 35.0 4.0 2773 5995
45.75 9.0 26665.424884505388 3.0 2693.3262032085568 1622.0124358173312 29.033484 0.0 2411.9450633985393 26665.424884505388 107.0 36.0 4.0 2848 6015
45.833333333333336 10.0 25295.760104498073 2.33 2844.8685524126463 1627.3224824556876 28.992378 0.0 2075.6330966492224 25295.760104498073 107.0 37.0 4.0 2901 6035
45.916666666666664 11.0 24408.68069980581 2.0 4387.5 1632.649912804969 28.872222 0.0 1874.9941872514632 24408.68069980581 107.0 37.0 5.0 2979 6055
46.0 0.0 25259.664377749374 3.0 10463.731092436976 1637.9947837749226 28.812144 0.0 2067.209541425369 25259.664377749374 107.0 38.0 5.0 3036 6074
46.083333333333336 1.0 31989.379000986053 3.0 16228.973140495867 1643.357152461601 28.9323 0.0 4050.482818100713 31989.379000986053 107.0 38.0 5.0 3038 6094
46.166666666666664 2.0 42495.57987091961 3.5 19161.98780487805 1648.7370761479751 29.046132 0.0 9093.8672337556 42495.57987091961 107.0 38.0 5.0 3042 6114
46.25 3.0 50885.917233894084 3.0 13136.188976377953 1654.134612304547 29.156802 0.0 15191.47405325308 50885.917233894084 107.0 38.0 5.0 3047 6134
46.333333333333336 4.0 47147.34074271442 3.0 3991.611940298508 1659.549818589961 38.636166312822624 0.0 12224.262600469978 47147.34074271442 107.0 38.0 5.0 3049 6154
46.416666666666664 5.0 37216.504097640165 2.75 1322.0003022974604 1664.9827528516194 38.77725297942259 0.0 6232.9267435685815 37216.504097640165 107.0 38.0 5.0 3054 6174
46.5 6.0 30601.817650538003 4.0 3250.0 1670.433473126305 38.93250847935255 0.0 3569.950480115257 30601.817650538003 107.0 38.0 5.0 3057 6195
46.583333333333336 7.0 28572.50118881709 4.0 3592.393442622949 1675.9020376407952 35.93242143063587 0.0 2936.301883296445 28572.50118881709 108.0 38.0 5.0 3059 6215
46.666666666666664 8.0 27516.758289072164 4.25 3313.7815924032125 1681.3885048124876 29.75442 0.0 2637.766527588842 27516.758289072164 109.0 38.0 5.0 3060 6235
46.75 9.0 26481.630429074045 3.0 2693.3262032085568 1686.8929332500245 29.640588 0.0 2364.902416434108 26481.630429074045 109.0 39.0 5.0 3138 6256
46.833333333333336 10.0 25093.52069459847 2.33 2844.8685524126463 1692.4153817539152 29.536242 0.0 2028.723081018008 25093.52069459847 109.0 40.0 5.0 3211 6276
46.916666666666664 11.0 24187.71454223919 2.0 4387.5 1697.9559093171679 29.43822 0.0 1827.0592026659142 24187.71454223919 109.0 40.0 6.0 3284 6297
47.0 0.0 25020.76121025611 3.0 10463.731092436976 1703.5145751259195 29.368656 0.0 2012.0161667949633 25020.76121025611 109.0 41.0 6.0 3346 6317
47.083333333333336 1.0 31739.592904772202 3.0 16228.973140495867 1709.091438560065 29.491974 0.0 3961.0614604276097 31739.592904772202 109.0 41.0 6.0 3349 6338
47.166666666666664 2.0 42268.921172280396 3.5 19161.98780487805 1714.6865591938943 29.621616 0.0 8956.41729225327 42268.921172280396 109.0 41.0 6.0 3350 6359
47.25 3.0 50730.18350971128 3.0 13136.188976377953 1720.2999967967291 29.748096 0.0 15059.446127210982 50730.18350971128 109.0 41.0 6.0 3352 6380
47.333333333333336 4.0 47056.87826608152 3.0 3991.611940298508 1725.9318113335594 39.60474731200243 0.0 12157.586024852313 47056.87826608152 109.0 41.0 6.0 3353 6400
47.416666666666664 5.0 37125.36762288214 2.75 1322.0003022974604 1731.5820629656841 39.760002811932395 0.0 6189.558168683461 37125.36762288214 109.0 41.0 6.0 3356 6421
47.5 6.0 30486.467690718528 4.0 3250.0 1737.2508120513571 39.91209631186235 0.0 3531.762346380911 30486.467690718528 109.0 41.0 6.0 3360 6442
47.583333333333336 7.0 28427.5424359744 4.0 3592.393442622949 1742.9381191464272 36.795145763416045 0.0 2894.076960924155 28427.5424359744 110.0 41.0 6.0 3364 6464
47.666666666666664 8.0 27346.125652763352 4.25 3313.7815924032125 1748.6440450049872 30.364686 0.0 2591.4517304641054 27346.125652763352 111.0 41.0 6.0 3367 6485
47.75 9.0 26289.44678369747 3.0 2693.3262032085568 1754.3686505800254 30.272988 0.0 2316.3535946237853 26289.44678369747 111.0 42.0 6.0 3438 6506
47.833333333333336 10.0 24881.777753702216 2.33 2844.8685524126463 1760.111997024072 30.222396 0.0 1980.3516753898339 24881.777753702216 111.0 42.0 7.0 3496 6527
47.916666666666664 11.0 23955.960237700954 2.0 4387.5 1765.874145689855 30.178128 0.0 1777.6458924371436 23955.960237700954 111.0 42.0 8.0 3554 6549
48.0 0.0 24769.762071573958 3.0 10463.731092436976 1771.6551581309561 30.080106 0.0 1955.0679305879225 24769.762071573958 111.0 42.0 9.0 3627 6570
48.083333333333336 1.0 31476.689969292056 3.0 16228.973140495867 1777.4550961024677 30.209748 0.0 3868.3386362839815 31476.689969292056 111.0 42.0 9.0 3630 6592
48.166666666666664 2.0 42029.659629401474 3.5 19161.98780487805 1783.27402156165 30.333066 0.0 8812.794950104964 42029.659629401474 111.0 42.0 9.0 3633 6613
48.25 3.0 50565.24539661291 3.0 13136.188976377953 1789.1119966685985 30.469032 0.0 14920.429178108128 50565.24539661291 111.0 42.0 9.0 3634 6635
48.333333333333336 4.0 46961.424166214136 3.0 3991.611940298508 1794.9690837869016 40.724502644482186 0.0 12087.486657849726 46961.424166214136 111.0 42.0 9.0 3634 6656
48.416666666666664 5.0 37029.85586223154 2.75 1322.0003022974604 1800.8453454843116 40.88127897774214 0.0 6144.318181712029 37029.85586223154 111.0 42.0 9.0 3639 6678
48.5 6.0 30365.81135835492 4.0 3250.0 1806.7408445334115 41.0443793110021 0.0 3492.102152255721 30365.81135835492 111.0 42.0 9.0 3642 6700
48.583333333333336 7.0 28275.923982254786 4.0 3592.393442622949 1812.6556439122842 37.799799096176244 0.0 2850.3358086201274 28275.923982254786 112.0 42.0 9.0 3645 6722
48.666666666666664 8.0 27167.52617324915 4.25 3313.7815924032125 1818.589806805187 31.117242 0.0 2543.543143126244 27167.52617324915 113.0 42.0 9.0 3647 6744
48.75 9.0 26088.05757372093 3.0 2693.3262032085568 1824.5433966032265 31.022382 0.0 2266.1781592970146 26088.05757372093 113.0 43.0 9.0 3721 6766
48.833333333333336 10.0 24659.639839029245 2.33 2844.8685524126463 1830.516476905035 30.959142 0.0 1930.416665021273 24659.639839029245 113.0 43.0 10.0 3785 6788
48.916666666666664 11.0 23712.616107515583 2.0 4387.5 1836.509111517449 30.864282 0.0 1726.7035670910032 23712.616107515583 113.0 43.0 11.0 3861 6811
49.0 0.0 24506.039146907133 3.0 10463.731092436976 1842.5213644561945 30.801042 0.0 1896.3707579658123 24506.039146907133 113.0 43.0 12.0 3925 6833
49.083333333333336 1.0 31200.0770749221 3.0 16228.973140495867 1848.5532999465663 30.930684 0.0 3772.313332266518 31200.0770749221 113.0 43.0 12.0 3928 6855
49.166666666666664 2.0 41777.25289920489 3.5 19161.98780487805 1854.604982424116 31.06665 0.0 8662.910713469631 41777.25289920489 113.0 43.0 12.0 3931 6878
49.25 3.0 50390.6583581892 3.0 13136.188976377953 1860.6764765353423 31.196292 0.0 14774.189763106559 50390.6583581892 113.0 43.0 12.0 3934 6900
49.333333333333336 4.0 46860.78480292525 3.0 3991.611940298508 1866.7678471383776 41.870473143591894 0.0 12013.863929417525 46860.78480292525 113.0 43.0 12.0 3934 6923
49.416666666666664 5.0 36929.89449352426 2.75 1322.0003022974604 1872.8791593036842 42.03357347685185 0.0 6097.200959484045 36929.89449352426 113.0 43.0 12.0 3937 6945
49.5 6.0 30239.78110355714 4.0 3250.0 1879.0104783147478 42.20135664344181 0.0 3450.9853071524753 30239.78110355714 113.0 43.0 12.0 3941 6968
49.583333333333336 7.0 28117.58396144647 4.0 3592.393442622949 1885.1618696687758 38.821929206689774 0.0 2805.1158404549383 28117.58396144647 114.0 43.0 12.0 3946 6991
49.666666666666664 8.0 26980.877764739016 4.25 3313.7815924032125 1891.3333990773945 31.645296 0.0 2494.093549022848 26980.877764739016 114.0 44.0 12.0 4020 7014
49.75 9.0 25877.587113041987 3.0 2693.3262032085568 1897.5251324673557 31.585218 0.0 2214.499512040739 25877.587113041987 114.0 45.0 12.0 4085 7037
49.833333333333336 10.0 24427.30345374245 2.33 2844.8685524126463 1903.7371359812364 31.528302 0.0 1879.0709468303444 24427.30345374245 114.0 45.0 13.0 4149 7060
49.916666666666664 11.0 23457.835621343518 2.0 4387.5 1909.969475978147 31.468224 0.0 1674.3923925482466 23457.835621343518 114.0 45.0 14.0 4214 7083
50.0 0.0 24229.505528817124 3.0 10463.731092436976 1916.2222190344423 31.386012 0.0 1836.0633572380236 24229.505528817124 114.0 45.0 15.0 4286 7106
