0.345213379607
-0.0402400717015
-0.0597935975876
0.108046454871
0.345572861333
0.108046454871
0.108046454871
-0.231673336212
0.345458122057
0.107560232311
0.120953800889
0.10827719469
0.344983222624
-0.224963751897
-0.159229083972
0.107681697687
0.105794458153
0.107924808923
0.101050639845
0.105871417448
0.101050639845
0.107686229313
0.107569408955
-0.0402540699708
-0.0604072816735
0.107924808923
-0.0406708247307
0.107924808923
-0.158905796
0.616840113529
0.345318592007
0.477576147418
0.108011463939
0.477576147418
0.106128466151
0.108168161101
0.616840113529
0.616840113529
0.616840113529
0.616840113529
0.616840113529
0.616840113529
0.477193243545
0.616840113529
0.616840113529
0.616840113529
0.616840113529
0.616840113529
0.481675278364
0.344715655482
0.616840113529
0.616840113529
0.616840113529
0.616840113529
0.616840113529
0.616840113529
0.481675278364
0.616840113529
0.616840113529
0.616840113529
0.476976310491
0.482235208897
0.616840113529
0.616840113529
0.482235208897
0.616840113529
0.108403388963
0.616840113529
0.616840113529
0.344181885681
0.616840113529
0.477576147418
0.477193243545
0.616840113529
0.616840113529
0.479961063853
0.616840113529
0.616840113529
0.457889496245
0.457889496245
0.457889496245
0.616840113529
0.616840113529
-0.29231304785
0.616840113529
0.616840113529
0.616840113529
0.616840113529
0.616840113529
-0.268447242793
0.616840113529
0.479961063853
0.616840113529
0.616840113529
0.477576147418
0.616840113529
0.616840113529
0.476976310491
-0.225739307998
