-0.343186674355
-0.314687550198
-0.127478539345
-0.308009471942
0.0228377555448
-0.12338109845
0.0249750720778
0.0246148465195
0.024970713387
0.0244980261616
0.261706199217
0.262141996813
0.0227230753596
0.0226140359571
0.0249750720778
0.0229632297529
0.0246103148936
0.262048760954
0.0480187307352
-0.12338109845
-0.142950207745
0.0244934401094
-0.143642805862
0.0249488549588
0.0247497042959
-0.123742207524
0.024853426129
0.0252015591434
-0.143120909448
-0.123311454495
0.0227284952102
0.262429556768
0.0253320061694
-0.223821630711
0.262458698047
0.26193632286
0.025092478876
0.0227284952102
0.0245071846744
0.262386739263
0.0478760965279
0.0226140359571
0.0228000346543
0.0226631038843
0.0223800459446
0.0227122196787
-0.12338109845
0.261950776247
0.0480187307352
0.0180178149843
0.262390461117
0.0227284952102
0.0230623561351
-0.308749083992
0.0252015591434
0.0244980261616
0.0252015591434
0.0244980261616
0.262157605704
0.261576354168
0.022843123075
0.0366315636951
0.262157605704
0.261774780647
0.0247497042959
0.0223800459446
0.0249750720778
0.0246238963308
0.261179898248
0.0248135068546
0.26124848782
0.0244980261616
0.0249750720778
0.261774780647
0.0244980261616
0.262386739263
0.025096778307
0.394504764625
0.0245071846744
0.0479973877497
0.0180178149843
0.26245478891
0.261599039961
0.261665072199
0.261455203554
0.0226685827332
0.261455203554
0.0244980261616
-0.224004226604
0.261706199217
0.0230623561351
0.261843327509
0.376325238919
0.26252690067
0.394191376183
0.262247209214
0.262253884233
0.0478902003678
0.261594376959
