-0.0394664680496
-0.0807156653748
0.160855225924
-0.0395525935243
-0.0401521124141
-0.0394664680496
-0.0149469302226
-0.0445374335357
-0.0511959378736
-0.0396465649489
-0.0147891277788
0.83748893704
-0.0459905276574
-0.0394377327402
-0.0401570271374
-0.0147197095762
-0.00737131876262
-0.0050158067927
-0.014754426831
-0.0109529893053
0.83748893704
0.83748893704
-0.0459905276574
0.83748893704
0.329052212475
-0.0401521124141
0.566404599691
0.83748893704
0.83748893704
-0.014754426831
-0.014754426831
0.83748893704
0.83748893704
0.83748893704
-0.00509048448647
0.83748893704
0.83748893704
-0.00392496312687
0.83748893704
-0.00509048448647
0.83748893704
0.83748893704
0.180415766309
0.83748893704
-0.00392496312687
0.83748893704
0.329052212475
-0.00509048448647
0.160855225924
0.83748893704
0.83748893704
-0.0991747560908
-0.00392496312687
0.83748893704
-0.00509048448647
0.83748893704
0.180415766309
-0.0895756949166
0.83748893704
0.83748893704
-0.00392496312687
-0.0477984192815
0.83748893704
-0.00509048448647
0.83748893704
0.83748893704
0.83748893704
0.83748893704
0.83748893704
-0.014754426831
0.83748893704
0.83748893704
0.83748893704
-0.100952161277
-0.101759314708
0.83748893704
-0.101385293391
0.83748893704
0.83748893704
0.160855225924
0.83748893704
-0.00392496312687
0.83748893704
0.83748893704
-0.0477984192815
0.83748893704
-0.124266821326
0.83748893704
0.83748893704
-0.00509048448647
0.83748893704
-0.0394664680496
0.160855225924
0.83748893704
0.83748893704
-0.101759314708
0.83748893704
0.83748893704
0.83748893704
