0.00356957007245
0.00244777520066
0.004806724617
0.00320326970615
0.00367264957252
0.000567693899846
0.000633259071627
0.000150766653651
0.00437500863005
-0.00854360410969
0.00137176787465
0.0022875187904
0.00279226338964
0.00869777520066
0.00869777520066
0.0015549180578
0.00430538867064
-0.00253817985552
0.00283840020066
0.00869777520066
-0.00313654432597
0.00869777520066
0.00869777520066
0.00230118671452
-0.00558793908506
-0.00217179001673
0.0016055766191
-0.00161150314986
0.00869777520066
0.00869777520066
0.00311118302189
-0.0027964776729
0.00246724560564
0.00869777520066
0.0035431360254
0.0035431360254
0.00363020763309
-0.00558793908506
-0.0027964776729
-0.00558793908506
0.00311118302189
0.00869777520066
-0.0163022247993
0.00869777520066
0.00869777520066
0.00246724560564
0.00869777520066
0.00869777520066
0.00869777520066
-0.000780897785123
0.00369777520066
0.000792636860738
0.00869777520066
0.00869777520066
0.00869777520066
-0.0163022247993
0.00230118671452
0.00869777520066
0.00246724560564
0.00869777520066
0.00338804068738
0.00869777520066
0.0016055766191
0.00869777520066
-0.00558793908506
0.00869777520066
-0.0163022247993
0.00869777520066
-0.00558793908506
0.00338804068738
-0.00031123380835
0.000792636860738
0.000792636860738
0.00869777520066
0.00869777520066
-0.000780897785123
0.00316271985011
0.00869777520066
0.00338804068738
0.00869777520066
0.00869777520066
0.00869777520066
0.00869777520066
0.00869777520066
0.00869777520066
0.00869777520066
0.00869777520066
0.00454265054692
0.00430538867064
0.00869777520066
0.00869777520066
0.00869777520066
0.00869777520066
0.0041454231521
0.00430538867064
-0.0027964776729
-0.0027964776729
-0.00558793908506
-0.00558793908506
