0.107336091979
0.107684292297
0.107680232859
0.107753670644
0.107474391742
-0.105846418519
0.10780046642
0.107750570691
-0.105974751101
-0.129156936693
0.222481432651
-0.105825075533
0.107867970488
-0.128507615216
-0.46265449706
-0.1306609938
-0.277148246265
-0.277148246265
0.108298190545
0.108840587117
0.107611397286
0.108840587117
-0.277148246265
-0.1306609938
-0.1306609938
-0.128511800099
-0.128511800099
0.220974307183
-0.277148246265
0.107266696619
-0.1306609938
0.108840587117
0.107266696619
0.240660958356
0.222481432651
-0.128511800099
-0.29670878665
0.10780046642
0.10780046642
0.222481432651
0.222481432651
-0.128511800099
0.220974307183
0.222481432651
0.222481432651
0.243045874791
0.108840587117
0.220974307183
0.245320019835
0.220974307183
0.240278054483
0.220974307183
0.107266696619
0.336089308028
0.344333291622
0.243045874791
-0.472318439405
0.240660958356
0.329087258378
0.344333291622
0.333581259104
0.333399424914
0.107266696619
0.333399424914
0.344376238222
0.240660958356
0.240660958356
0.336089308028
0.336089308028
0.336089308028
0.332109103924
0.240278054483
0.240061121428
0.344289478235
0.333399424914
0.333399424914
0.344333291622
0.333581259104
0.327202861429
0.344333291622
0.344333291622
0.344289478235
0.24475212625
0.347513103685
0.347513103685
0.240061121428
0.346757428613
0.256856646861
0.344333291622
0.347513103685
0.108840587117
0.107266696619
0.34718014116
0.347132716674
0.344376238222
0.344289478235
0.347132716674
0.34718014116
0.346757428613
