-0.389912314589
-0.229029519224
-0.389912314589
0.0146644425478
0.0147132311787
0.129548947019
0.0145485883948
-0.221715328039
-0.221715328039
0.127987154181
0.129277904711
-0.370358788703
-0.390168243657
0.146742327976
0.0144078693462
-0.22386452174
-0.370351774205
-0.22386452174
0.127770779243
0.127770779243
0.0140631686789
-0.221715328039
0.127770779243
0.127770779243
0.0145969384806
0.0190796208021
0.0145969384806
-0.22386452174
-0.370351774205
0.127770779243
-0.222540149534
0.0145969384806
0.129277904711
-0.221715328039
0.129277904711
0.129277904711
0.127770779243
0.0145969384806
0.147457430416
0.0145969384806
0.147074526543
0.146857593489
0.127770779243
0.127770779243
0.152116491895
0.152116491895
0.0145969384806
0.147074526543
0.149842346851
0.149842346851
0.152116491895
0.129277904711
0.151556561362
0.129277904711
0.238019150974
0.242885780089
0.240377731164
0.165982760163
0.238905575984
0.23399933349
0.147074526543
0.238905575984
0.242885780089
0.240377731164
0.251172710283
0.251085950296
0.238905575984
0.251129763683
0.242885780089
0.240377731164
0.240377731164
0.251085950296
0.23399933349
0.251172710283
0.251129763683
0.251129763683
0.251172710283
0.254309575745
0.253929188735
0.254309575745
0.25397661322
0.251172710283
0.152116491895
0.240377731164
0.242885780089
0.251172710283
0.25397661322
0.240195896974
0.240195896974
0.251085950296
0.25397661322
0.251085950296
0.251129763683
0.251085950296
0.238019150974
0.238019150974
0.253150694594
0.253553900673
0.151556561362
