0.291625239524
-0.0461890959352
-0.0749474882603
-0.0399989447345
-0.0747099164407
-0.0747711896144
-0.0749474882603
-0.0398488191062
-0.074721412624
-0.0463681494694
-0.0461103122216
-0.0399989447345
-0.0499117497473
-0.049938439981
-0.0747099164407
-0.0403224143121
0.802331614124
-0.074721412624
-0.0390822860432
-0.0398863773087
-0.0394344956612
-0.0748326348232
0.802331614124
-0.0396607595653
0.802331614124
0.293894889558
0.145258443392
0.293894889558
0.802331614124
-0.0402478074028
0.0264778382702
0.802331614124
0.802331614124
0.802331614124
-0.0499117497473
0.802331614124
-0.0499117497473
0.802331614124
0.802331614124
-0.0402478074028
0.291745695857
0.802331614124
0.802331614124
0.291745695857
0.802331614124
-0.0402478074028
0.802331614124
0.802331614124
0.802331614124
0.802331614124
0.802331614124
-0.118935354202
0.802331614124
0.125697903007
0.802331614124
-0.0390822860432
0.802331614124
0.802331614124
0.802331614124
0.529673386276
0.529673386276
0.291745695857
0.125697903007
0.802331614124
0.291745695857
-0.124733017833
0.802331614124
0.802331614124
-0.136109484193
0.802331614124
0.802331614124
-0.0402478074028
-0.0390822860432
0.802331614124
0.802331614124
0.802331614124
0.802331614124
0.125697903007
-0.0390822860432
0.802331614124
0.802331614124
0.145258443392
-0.124733017833
0.291745695857
0.293894889558
-0.0499117497473
0.291745695857
0.145258443392
-0.0402478074028
-0.164399444043
0.145258443392
0.802331614124
0.802331614124
-0.159424144242
0.529673386276
0.802331614124
0.64338099684
0.802331614124
0.291745695857
