0.328481750039
0.443222850401
-0.0772579010346
0.327863480174
0.0845137670221
0.0887883225644
-0.0604982416127
-0.240552184298
0.328798737737
0.0913789900068
-0.0569936768428
-0.175676768499
0.0889948987288
0.0916098357632
0.0910185915134
0.089076859353
0.0892621189566
0.0895910890881
-0.0573339309046
0.0887883225644
0.0916098357632
0.600177007355
0.328795015883
0.328837833388
0.089071380504
-0.0769063259784
-0.0569171761447
0.328565882324
0.114284373148
0.0913833486975
0.0915050549268
-0.0771563259784
0.0891367718299
0.0890277792246
0.103163567833
0.327587789435
0.0893342276605
0.600177007355
0.328795015883
0.600177007355
0.328078621498
0.600177007355
0.600177007355
0.328977810165
0.600177007355
0.465550968574
0.600177007355
0.600177007355
0.600177007355
0.441226390071
0.600177007355
0.600177007355
0.600177007355
0.465550968574
0.103039840315
0.328052549309
0.46501217219
0.600177007355
0.442733515539
0.463297957679
0.600177007355
0.600177007355
0.600177007355
0.600177007355
0.600177007355
0.600177007355
0.600177007355
0.328052549309
0.329092670006
0.600177007355
0.465004209139
-0.276778397735
0.600177007355
0.329092670006
0.600177007355
0.463297957679
0.600177007355
0.600177007355
-0.0568961633767
0.600177007355
0.600177007355
0.600177007355
0.328052549309
0.600177007355
0.600177007355
-0.276778397735
0.460913041244
0.441226390071
0.600177007355
0.460313204317
-0.0568961633767
0.600177007355
-0.326887624602
-0.321089960971
-0.308976154024
0.460913041244
0.600177007355
0.463297957679
0.442733515539
