-0.000338508515617
-0.000365376985757
-0.0226927686096
-0.0233607924817
-0.0235659146049
-0.0232200364506
-0.00890157361356
-0.0229525287374
-0.000725803101045
-0.0226927686096
-0.00890157361356
-0.023211724292
-0.0233607924817
-0.000805321069603
-0.023044482122
-0.000805321069603
-0.000659378697082
-0.0234513191214
-0.000526093078082
-0.0261802849693
-0.0233690399894
-0.000805321069603
-0.00071252983291
-0.00071252983291
-0.000512732370999
-0.000248808471399
-0.0233772839275
-0.0230528197513
-0.00071252983291
-0.00071252983291
0.938535721915
-5.11149765802e-05
-0.000805321069603
-0.0232200364506
0.0574508818597
-0.0233112323444
0.938535721915
0.938535721915
0.00187202878421
9.46235982471e-05
-0.023244951266
0.938535721915
0.938535721915
-0.00071252983291
-0.000805321069603
0.938535721915
0.938535721915
0.938535721915
0.938535721915
0.0574508818597
-0.000699250762254
0.938535721915
0.0293825605367
-0.0388417393331
0.0574508818597
0.0114710899584
0.0862923580441
0.0574508818597
0.938535721915
0.938535721915
0.938535721915
0.0293825605367
0.0532483655935
0.938535721915
0.0574508818597
0.0172687535895
0.938535721915
0.938535721915
0.938535721915
0.938535721915
0.938535721915
0.938535721915
0.00187202878421
0.938535721915
0.938535721915
-0.0234348917407
0.938535721915
0.938535721915
0.0532483655935
0.938535721915
0.938535721915
0.938535721915
0.938535721915
0.0532483655935
0.0574508818597
0.938535721915
-0.0442717214504
0.938535721915
0.938535721915
-0.0325404158984
0.00187202878421
0.938535721915
-0.0438953301786
0.0615803168255
-0.0232200364506
0.938535721915
0.938535721915
-0.0438953301786
0.0574508818597
