0.0110070090843
0.0230010567034
0.0243581439308
0.0167939956347
0.0229117709891
0.0165757190729
0.0260978763491
0.0232003264361
0.0252259231029
0.0260517366528
0.0262142359217
0.0232028592112
0.025939972561
0.0163159887602
0.0122265387763
0.0230773704592
0.0260381972785
0.0232139601819
0.0123159282301
0.0122125545937
0.0123659185238
0.0230010567034
0.0261316317273
0.0116441952701
0.0230130721462
0.0257637497694
0.0124024917487
0.0167172160793
0.0165498896272
-0.0759788479288
0.0108102361603
0.0130194893577
0.0231230981235
0.0229906104719
0.0167684337275
-0.0621125796602
0.014790440265
0.0122905024938
-0.0621125796602
0.0230773704592
0.0229906104719
0.023055379314
0.0230130721462
0.0262142359217
0.0230773704592
0.0229906104719
0.0122823913408
0.014790440265
-0.0621125796602
0.0258812733968
0.0230344238592
0.0122823913408
0.0254585608493
0.0247335541358
0.00992381115075
0.0230344238592
0.014790440265
-0.0988174351127
0.0229906104719
0.0258068903102
0.0258068903102
0.0258812733968
0.0258068903102
0.0258068903102
0.0229906104719
0.0258068903102
0.0258068903102
0.0250553547705
0.0230344238592
0.0258068903102
0.0230344238592
0.0247335541358
0.0258338489112
0.0250464730902
0.0229906104719
0.0273321045234
0.0247335541358
0.0230773704592
0.0258812733968
0.0250553547705
0.0250464730902
0.0250464730902
0.0121005571508
0.0247335541358
0.0273321045234
0.0247335541358
0.0247335541358
0.0273321045234
0.0262142359217
0.0247335541358
0.0269984802997
0.0242749116652
0.0266116682142
0.0266116682142
0.0254585608493
0.0266116682142
0.0266116682142
0.0277209794407
0.0273321045234
