0.272447046307
0.271886484886
0.140312106985
0.140492300027
0.140327715876
-0.0964936987755
0.139769150133
-0.0739467449036
-0.0739396894604
0.139881886928
0.139723732072
-0.0968591764412
0.139625313726
0.139762950081
-0.0831971032187
0.139876309389
0.139876309389
0.140106433032
-0.265308554295
-0.0973227051537
-0.0968548177504
-0.43064058062
0.139766032775
0.140854503558
-0.0993356688969
-0.245134329825
0.252988223623
-0.363777853865
-0.245134329825
0.139814382861
0.140854503558
0.140854503558
0.252988223623
0.140854503558
0.254495349091
0.139719440196
-0.264694870209
0.140854503558
0.139280613059
0.139814382861
0.140854503558
0.252988223623
0.272075037869
0.139814382861
-0.0964978836587
0.275059791231
0.272075037869
0.139814382861
0.272291970923
0.254495349091
0.272674874796
0.139280613059
0.254495349091
0.276774005742
0.254495349091
0.35921677787
0.139814382861
0.365413341354
-0.42947505926
0.365595175544
0.291200204543
0.361101174818
0.277312802126
-0.0964978836587
0.365413341354
0.365595175544
0.365595175544
0.376390154663
0.368103224469
0.364123020364
0.376347208063
0.361101174818
0.365595175544
0.365595175544
0.376390154663
0.364123020364
0.272291970923
0.363236595354
0.376347208063
0.376390154663
0.376390154663
-0.264694870209
0.365413341354
0.376303394676
0.376347208063
0.379146633115
0.361101174818
0.254495349091
0.376347208063
0.376390154663
0.379527020125
0.379527020125
0.379527020125
0.139814382861
0.379119674514
0.376303394676
0.368103224469
0.3791940576
0.368103224469
