-0.0487664946675
0.218239819913
0.211444128043
0.0701913897137
-0.0484428955415
-0.114367755822
-0.0485216509783
-0.0485508657343
-0.150112738398
-0.114571065991
0.218041159578
-0.0484968936307
-0.0303953176517
0.454467771067
-0.114495500619
0.216045815664
0.455816774176
0.454999673659
0.727195043794
0.0497991096217
0.0697606414617
0.727195043794
0.241316513427
0.56824442651
0.218758319228
0.727195043794
0.216389542812
0.727195043794
0.727195043794
0.727195043794
0.0505613326776
0.727195043794
0.727195043794
0.727195043794
0.727195043794
0.727195043794
0.454536815946
0.56824442651
0.727195043794
0.727195043794
0.727195043794
0.727195043794
-0.114218856373
0.727195043794
-0.153889796262
0.0701218730624
0.727195043794
0.216609125527
0.727195043794
0.727195043794
0.727195043794
0.587331240756
-0.114218856373
0.727195043794
-0.158092312528
0.590315994118
0.727195043794
0.727195043794
0.727195043794
-0.149760361296
-0.149760361296
0.727195043794
-0.114218856373
-0.114218856373
0.456110706445
0.727195043794
0.727195043794
0.727195043794
0.454536815946
0.454536815946
0.727195043794
0.218758319228
0.727195043794
0.454536815946
-0.194071924532
0.727195043794
0.727195043794
-0.114218856373
0.727195043794
0.727195043794
0.727195043794
0.456110706445
0.454536815946
0.727195043794
0.727195043794
0.456110706445
0.727195043794
0.727195043794
-0.181958117585
0.727195043794
0.456110706445
0.727195043794
0.727195043794
0.727195043794
-0.234775569862
0.216609125527
0.0505613326776
0.454536815946
0.727195043794
