0.000599791325447
0.169584627474
0.167183102985
0.405424526339
-0.163262101101
0.0207241306975
-0.164066192367
0.162637506371
-0.0977019767876
0.167106143691
0.406089267548
0.167434873715
0.169458306766
0.017311789355
0.406841766378
0.18301585494
0.169323149476
0.406841766378
0.40602734102
0.000677809228244
0.0210786283344
0.167565880799
0.1697150745
0.162362325382
0.678151799066
0.678151799066
0.169358140409
0.678151799066
0.538287996028
0.678151799066
0.169719259384
0.678151799066
0.678151799066
0.678151799066
0.678151799066
0.678151799066
0.167046172215
0.678151799066
-0.164427622461
0.519201181782
0.407067461717
0.678151799066
0.678151799066
0.678151799066
0.678151799066
-0.163262101101
0.678151799066
0.407067461717
0.678151799066
0.678151799066
0.40602734102
0.678151799066
0.678151799066
0.52070830725
0.678151799066
0.678151799066
0.40602734102
0.678151799066
0.678151799066
0.678151799066
0.52070830725
0.678151799066
0.678151799066
0.40602734102
0.678151799066
0.538887832955
0.678151799066
-0.198803606024
0.678151799066
0.678151799066
0.678151799066
0.52070830725
0.678151799066
0.678151799066
0.405493571218
0.678151799066
0.678151799066
0.678151799066
0.407067461717
0.40602734102
0.678151799066
0.678151799066
-0.174091564805
0.678151799066
0.678151799066
0.40602734102
0.0210786283344
0.519201181782
-0.231001362313
0.678151799066
-0.164427622461
0.678151799066
0.538887832955
0.405493571218
0.678151799066
0.678151799066
0.405493571218
0.407067461717
-0.202933040989
