-0.0255914656684
0.0299143831569
-0.00738120781314
-0.0278545282763
0.00172185527945
-0.0163972989121
-0.0101956448928
-0.0258177684119
-0.0166457628451
-0.0161481611173
0.00180480150867
-0.0280248865072
-0.00936515532441
-0.0255630639401
-0.015792162254
-0.0255630639401
0.91091647084
-0.0259138863033
-0.0161481611173
-0.0252965998856
-0.0159018133307
0.91091647084
-0.0253108730853
-0.0253108730853
-0.0101956448928
-0.0161481611173
0.91091647084
-0.0169670677943
0.00153431980982
0.91091647084
0.0338634440916
0.0256291145177
0.91091647084
-0.0278951041549
0.00176330946088
0.91091647084
0.0339610657497
-0.0259443561947
-0.0163808874806
0.400330552573
0.0256291145177
0.0339610657497
0.91091647084
0.91091647084
0.91091647084
0.0695025706724
-0.0103504974862
0.91091647084
0.91091647084
0.91091647084
0.91091647084
0.91091647084
0.0339610657497
0.91091647084
0.91091647084
0.91091647084
0.0339610657497
0.0256291145177
0.0256291145177
0.00176330946088
0.91091647084
0.91091647084
0.0256291145177
0.91091647084
0.0586731069683
0.91091647084
0.91091647084
0.91091647084
0.91091647084
0.0339610657497
0.91091647084
-0.0275246274775
0.91091647084
0.91091647084
0.91091647084
-0.0103504974862
0.0256291145177
0.91091647084
-0.0601596669741
0.91091647084
0.0256291145177
0.0298316307839
0.91091647084
0.91091647084
0.91091647084
0.0339610657497
0.63983213349
0.91091647084
0.91091647084
0.91091647084
-0.0508392875264
-0.0257472222916
0.0586731069683
0.0695025706724
0.91091647084
0.91091647084
-0.0703708003922
0.91091647084
0.253843300108
