-0.147506891414
0.0954399827538
-0.140678969269
0.217376512513
-0.11765629887
-0.288683742635
0.0954399827538
0.0967214888351
0.0960169346264
-0.142349582929
-0.140200389228
0.0963353002452
0.0955781074893
-0.140200389228
-0.308397375779
-0.140718888543
-0.142918359441
0.0955781074893
0.0960169346264
-0.140200389228
-0.142349582929
-0.142349582929
-0.142349582929
0.096111877291
0.0955781074893
0.0955781074893
-0.288836835394
-0.127777615834
-0.142349582929
0.096111877291
0.0955781074893
-0.288836835394
0.0955781074893
-0.288836835394
-0.140200389228
0.209285718053
-0.142349582929
0.209285718053
0.209285718053
0.228372532299
0.228372532299
0.097151997988
0.210792843521
0.096111877291
0.228372532299
0.233631430705
0.233063537121
0.231357285661
-0.140200389228
-0.474343086189
-0.474343086189
0.228372532299
0.231357285661
0.321710835785
0.233071500173
0.228589465353
0.097151997988
0.231357285661
0.233610296556
0.332687649093
0.324400718899
0.233610296556
0.247497698974
0.320420514794
0.321892669975
0.332687649093
0.332687649093
0.321892669975
0.332687649093
0.321892669975
0.321710835785
0.317398669248
0.332644702493
0.324400718899
0.332644702493
0.332600889106
0.332600889106
0.320420514794
0.332600889106
0.321892669975
0.332687649093
0.335491552031
0.335824514556
0.332687649093
0.332600889106
0.335491552031
0.332644702493
0.332600889106
0.335068839483
0.335417168944
0.228372532299
0.321892669975
0.335491552031
0.332687649093
0.335491552031
0.334665633405
0.334656751724
0.335444127545
0.335068839483
