-0.0526640160292
-0.0549105928968
-0.0523028970543
-0.0550524659979
-0.0530242415875
-0.0531410619453
0.18406711111
-0.0296417003573
0.183402369901
0.183609399713
0.183914533793
0.18414184395
0.184751373011
-0.0525423097999
0.183816115447
-0.0524375289635
-0.205121569787
-0.0528255812523
0.183402369901
0.18406711111
0.18413569254
0.18406711111
0.184091249095
-0.0531319034325
-0.385284257539
0.183842327295
-0.059659831056
0.183402369901
0.184228607536
-0.0410075244118
-0.0528211281326
-0.220504068488
0.183540810141
-0.0523070819375
-0.0388828261997
-0.0523070819375
-0.220504068488
-0.0544562756386
-0.0544562756386
0.185045305279
0.297179025344
-0.0544562756386
0.185045305279
0.31626583959
0.184005184582
0.18347141478
0.18347141478
0.408313822085
-0.385284257539
0.18347141478
0.185045305279
0.297179025344
0.316865676518
0.31626583959
0.184005184582
0.409604143076
-0.0523070819375
0.319250592952
0.408313822085
0.184005184582
0.409785977266
0.407427397076
0.31626583959
0.31626583959
0.409604143076
0.408313822085
0.41229402619
0.316482772644
0.407427397076
0.408313822085
0.408313822085
0.409604143076
0.41229402619
0.420580956384
0.408313822085
0.420580956384
0.420580956384
0.41229402619
0.407427397076
0.335391006265
0.409785977266
0.407427397076
0.423717821847
0.420494196397
0.41229402619
-0.385284257539
0.420494196397
0.41229402619
-0.396113721243
0.420494196397
0.423310476235
0.420580956384
0.420538009784
0.403407579591
0.420538009784
0.423384859322
0.423384859322
0.420494196397
0.405291976539
