0.00446611926531
0.00171699683533
-0.00428432045528
0.00613174593093
0.00544617899095
0.00181445539456
-0.000423826087392
0.00233698478323
0.00407030838563
-1.57745023006e-05
0.00460124335397
0.00510422070986
0.00233698478323
-0.000935679046939
0.00410156917957
0.00613174593093
0.00476554456473
0.00233698478323
0.00106057668066
0.00398656577746
0.00110606551258
0.00220516901608
0.00402850646233
0.00447656589965
0.00582971173059
0.00475269927047
0.00116272086545
0.00470065289679
0.00467977249254
0.00473490481719
0.00235899358675
0.00403896992511
0.00396554318334
0.00464252463394
0.00233698478323
0.00241385870999
0.00403896992511
0.00473190717404
0.00475269927047
0.00127535116261
0.00452866750166
0.00241385870999
0.00399706399534
0.00233698478323
0.00427726048334
0.00623070374027
0.00135365732051
0.00173871397885
-0.000389730903043
0.00409115752671
0.004153498693
0.00574783451344
0.00135365732051
0.00128656461516
0.00256629886609
-0.000390318088311
0.0042464343947
0.00471443576362
0.00429776909696
0.00128656461516
0.00241385870999
0.00475269927047
0.00465282339938
-0.00100526120607
0.00242480492758
0.00178204582652
-0.00210660634412
0.00464252463394
-0.00122773322144
-0.00196359040868
0.00442424464502
0.00249029549826
0.00469021712411
0.00425671819384
-0.00505337594121
0.00181445539456
0.00233698478323
0.00121914896058
0.00471443576362
0.00127535116261
-0.00386972675711
0.00156401315401
-0.00122773322144
0.00582971173059
0.00446611926531
0.00429776909696
0.00429776909696
-0.00170998284103
-0.00122773322144
-0.000103049660021
0.00167345970469
-0.00271661939225
-0.00505337594121
0.00410156917957
-0.000423826087392
0.00169524543765
0.00396554318334
-0.000423826087392
0.00472467455302
