0.109439618642
-0.171242338743
-0.238129822845
0.095494374801
0.0934809026008
0.333139565994
0.0935186234912
0.093060913891
0.0937379513041
0.0938636804147
-0.171267096091
0.0934093631566
-0.0563904110295
0.0952957144659
0.093403943306
0.0953047642773
0.0956515813334
0.0951880526208
0.0960170589991
0.0953047642773
0.08881696556
-0.0526235720501
0.0937379513041
-0.0730243911563
-0.0725255160804
0.0937326733305
0.0951788941081
0.332392644702
0.093060913891
0.0934809026008
0.0960128741158
0.332617190807
0.107312431642
0.604449598682
0.604449598682
0.604449598682
-0.0722693397985
0.464585795643
0.332441433333
0.604449598682
-0.0526235720501
0.604449598682
0.604449598682
-0.0721841124349
0.0954305722423
0.332276790549
0.331791370833
0.604449598682
0.465185632571
0.604449598682
0.604449598682
0.604449598682
0.0960128741158
0.604449598682
0.469276800465
0.604449598682
0.332325140635
0.331791370833
0.604449598682
0.604449598682
-0.236964301486
-0.0526235720501
0.604449598682
0.604449598682
0.332325140635
-0.0721841124349
-0.238129822845
0.0938636804147
0.604449598682
0.469284763517
0.604449598682
0.604449598682
0.332325140635
0.604449598682
-0.238129822845
0.604449598682
0.604449598682
0.604449598682
0.604449598682
0.469284763517
0.604449598682
0.4698235599
0.469844694049
0.604449598682
-0.316817369644
0.464802728698
0.604449598682
-0.276635241374
0.467570549006
0.604449598682
-0.276635241374
0.604449598682
0.604449598682
0.604449598682
0.604449598682
0.464802728698
0.604449598682
-0.28083775764
0.604449598682
