-0.0652104944044
0.0225719283058
-0.0196231665675
0.0216142267358
0.0199789981775
0.0224095643559
0.0135718028796
0.0223986829536
0.022803235274
0.0221249656667
0.0225719283058
0.00881002572312
0.0115554782606
0.0197660946989
0.00856240471672
0.0089977992784
0.0227719709381
0.00757527415584
0.0224421655391
0.0196878969343
0.00905327706067
0.0225027847022
0.0134950702341
0.00455342860997
0.0198881361191
0.0220355243187
0.0229689713677
0.0227651840242
0.0222345960252
0.00904742933631
0.019732664921
0.0198327665642
-0.0676771829071
0.0198424084547
0.0066888491463
0.0196880931192
0.0197994618547
0.00916752974425
0.00904742933631
0.0197994618547
0.00757527415584
0.0227406465555
0.0197994618547
0.0226463113924
0.00904742933631
0.0197994618547
0.0225988869067
0.0115554782606
0.0197994618547
0.0197556484675
0.0227510946989
0.0229792739172
0.0222235988449
0.0197994618547
0.0198424084547
0.0218203927661
0.0088655951463
0.00757527415584
0.0198424084547
0.0218203927661
0.0225719283058
0.0088655951463
0.0197556484675
0.0218203927661
0.0225719283058
0.0222235988449
0.0197556484675
0.0088655951463
0.0218115110858
0.0197556484675
0.0197556484675
0.0225719283058
0.0225988869067
0.0218115110858
0.0218203927661
0.0066888491463
-0.0797817035173
0.0218203927661
0.0214985921313
0.0233767062097
0.0218115110858
0.0214985921313
0.0214985921313
0.0210399496608
0.0222235988449
0.0222235988449
0.00455342860997
0.0222235988449
0.0214985921313
0.025990275942
0.0197994618547
0.0214985921313
0.0210399496608
0.0210399496608
0.025990275942
0.0237635182952
0.0233767062097
0.0237635182952
0.0244860174362
