-0.0075469730725
0.0829993089439
-0.145339428394
0.0758293876381
-0.140669562948
-0.00831524146981
-0.0128119446017
-0.00971234097919
-0.00856743660622
-0.0239856007964
-0.00776997924991
-0.0130684043707
-0.0126626694868
-0.0097242144027
-0.00810088450576
-0.0321037660139
0.0517564212429
-0.00799040212867
-0.0129272939044
0.00348938891364
-0.00704041337114
-0.0124290407284
-0.0124022045191
-0.0100441242938
-0.00776997924991
-0.145823302466
-0.0127185036449
-0.0321156919017
-0.0100441242938
-0.0306085664338
-0.013028877656
-0.0124290407284
-0.0124290407284
-0.0128119446017
-0.00833787283403
-0.0124290407284
-0.0100441242938
-0.013028877656
-0.013028877656
0.00376664777618
-0.00779111339892
-0.145823302466
-0.0128119446017
-0.0100441242938
-0.0321156919017
0.091243292538
-0.0321156919017
0.00376664777618
0.0759972592933
0.00376664777618
-0.00833787283403
-0.00832990978259
0.074112862345
-0.00832990978259
-0.00779111339892
0.0790191048392
0.0804912600196
-0.00832990978259
0.074112862345
0.0940901420757
-0.00832990978259
0.0944231046005
0.091286239138
0.0804912600196
0.0940901420757
0.0944231046005
0.0804912600196
0.0944231046005
0.0911994791508
0.0790191048392
0.0911994791508
0.0803094258296
0.0803094258296
0.091243292538
-0.00779111339892
0.0911994791508
0.091243292538
0.09404271759
0.091243292538
0.09404271759
0.0803094258296
0.09404271759
0.091243292538
0.0804912600196
0.0936674295282
0.074112862345
0.091243292538
0.0932642234494
0.0940901420757
0.0940157589891
-0.0321156919017
0.0936674295282
0.091286239138
0.0929424228146
0.09404271759
0.0924837803441
0.0929424228146
0.0940157589891
0.09404271759
