-0.0223775307402
-0.0219039355343
0.162765559436
-0.0571699142333
-0.0219414937368
-0.0574832048373
-0.0568590042934
-0.063337238188
-0.0220540611626
-0.0221908807146
-0.0606979802624
-0.0223029238309
-0.0280725589079
-0.0570312844962
-0.0221908807146
-0.0282442123633
-0.0571699142333
-0.0319935564091
-0.0223029238309
0.143642786579
-0.0574263621042
0.820276497696
-0.0570312844962
-0.0216028249848
-0.0567650328688
-0.0567363377767
0.31183977313
0.820276497696
-0.0222282461372
0.820276497696
0.820276497696
-0.0571549529721
-0.065010858626
0.820276497696
0.31183977313
0.820276497696
0.163203326964
-0.0211374024713
-0.056678907394
-0.0608083423598
0.143642786579
0.143642786579
0.163203326964
0.820276497696
0.820276497696
0.820276497696
0.820276497696
0.820276497696
0.820276497696
0.163203326964
0.820276497696
-0.0888766636828
-0.0211374024713
0.31183977313
0.143642786579
0.820276497696
0.820276497696
0.820276497696
-0.116387195435
-0.0223029238309
-0.0888766636828
-0.10099047063
0.143642786579
0.820276497696
0.820276497696
0.820276497696
-0.0211374024713
0.820276497696
0.820276497696
0.820276497696
0.820276497696
0.163203326964
0.820276497696
0.820276497696
0.820276497696
0.820276497696
-0.14147926067
-0.118971754052
-0.14147926067
-0.0211374024713
-0.0223029238309
0.309690579429
0.309690579429
0.820276497696
0.820276497696
0.820276497696
0.143642786579
0.31183977313
-0.0211374024713
0.820276497696
0.820276497696
-0.14169411596
-0.150799640118
0.820276497696
0.820276497696
0.820276497696
0.31183977313
0.820276497696
0.820276497696
