0.0180802682367
-0.352309228465
0.0130962955348
0.0203185976273
0.257686572029
0.0175780012741
0.256573395994
-0.312528130948
0.0179170731382
0.031748602179
0.0196242231583
0.0132301919196
0.256778644409
0.25706781473
0.0337498250933
0.0177036605928
0.0133487004644
-0.128347702359
-0.148588220619
0.012970000365
0.0430072388516
0.012970000365
0.0180429895246
0.0203185976273
0.0179655238203
0.0182998509522
0.0203313432334
0.0180802682367
-0.128264059966
0.018168843868
0.0196242231583
0.0203313432334
0.0180429895246
0.0201879560978
0.257507499601
0.0175780012741
0.0130962955348
0.257507499601
0.0180802682367
0.0203228503806
0.0197273533774
-0.131954240492
0.257507499601
0.0200658934426
0.0200658934426
0.0202138167909
0.0174522801608
0.0202095173598
0.0203228503806
0.0196242231583
0.0177801423681
0.257364247698
0.0177801423681
-0.12820142026
0.0204532295365
0.0177856212171
0.0203185976273
0.0180802682367
0.0196104785933
0.0133487004644
0.0175780012741
0.0180802682367
0.031748602179
0.256089416635
0.0131425424677
-0.246968006635
0.256641077611
0.0130962955348
0.256641077611
0.256857080694
0.043135769219
0.257053361344
0.0196058880015
0.0203185976273
0.0199704646128
0.257546595252
0.018168843868
0.0318723296969
0.257190511903
0.0202138167909
0.256641077611
0.256785615923
0.020575176314
0.257053361344
0.0204532295365
0.257571827394
0.0199305453384
-0.312892433458
-0.128117884861
0.257507499601
0.257274644188
0.0132301919196
-0.128187401513
0.0198667427797
0.257546595252
0.0180429895246
0.0180802682367
0.369935151935
0.0200921105616
