-0.0153098920508
-0.015210862757
-0.0162987394122
-0.0152250287544
-0.0172735636359
-0.0174442545979
-0.0154789391332
-0.015394528541
-0.0175607232
-0.0174307293064
-0.0153240138583
-0.0176411517395
-0.00652973755346
-0.017178915377
-0.0155070259539
-0.015210862757
0.000241685347986
-0.0175741426806
-0.0152250287544
-0.0174036607812
0.92135380108
-0.0151966904299
-0.016603211993
-0.0174307293064
-0.0177613982188
-0.015394528541
-0.0153663415221
-0.0153522385898
-0.00546448308988
-0.0172330358116
-0.0170975556371
0.0691104372091
0.0119509184448
0.0787743795536
0.92135380108
-0.00571083087656
0.92135380108
0.92135380108
0.92135380108
0.0360664447585
0.92135380108
0.92135380108
0.0691104372091
0.0122006397017
0.92135380108
0.92135380108
0.92135380108
0.92135380108
-0.0170872972367
0.244720089964
-0.0170872972367
0.0360664447585
0.92135380108
0.0799399009132
-0.0153098920508
0.92135380108
0.92135380108
0.92135380108
0.92135380108
0.92135380108
0.92135380108
0.0402689610247
0.92135380108
0.92135380108
0.92135380108
0.92135380108
0.92135380108
0.92135380108
0.92135380108
0.92135380108
0.92135380108
0.92135380108
0.92135380108
0.92135380108
0.0691104372091
0.92135380108
0.92135380108
0.0122006397017
-0.0453772570866
0.92135380108
-0.0552185923346
0.92135380108
0.92135380108
0.92135380108
0.0443983959905
0.92135380108
-0.00571083087656
0.92135380108
8.68327545634e-05
0.92135380108
0.0402689610247
0.92135380108
0.92135380108
0.92135380108
0.0402689610247
0.92135380108
0.92135380108
8.68327545634e-05
0.92135380108
