0.255600829076
-0.120823145178
0.122827992633
0.122779096495
-0.380868914785
-0.114178080897
-0.113461802309
0.122900247109
0.123084458328
0.122873222965
-0.447486797851
0.123235732772
0.123710632204
0.122922932902
0.1229182699
0.12344106275
0.122572380761
0.123104824998
-0.115493294591
-0.28154108744
-0.113344100889
-0.261980547055
0.123753449709
-0.115750156018
0.122922932902
0.122434395828
0.124008286327
-0.115493294591
0.123465889754
-0.113344100889
0.123260215801
-0.113344100889
0.124008286327
0.12296816563
-0.113344100889
0.12296816563
0.122434395828
-0.113705393672
0.255828657566
0.124008286327
0.23764913186
0.23764913186
0.12296816563
-0.115493294591
0.255445753692
0.12296816563
0.12296816563
0.124008286327
0.258213574
0.122434395828
0.23764913186
0.260487719044
0.255828657566
0.259927788511
0.255228820638
0.255228820638
0.255445753692
0.255445753692
0.347276803133
0.347276803133
0.260466584895
0.255445753692
0.255445753692
0.259927788511
-0.115493294591
0.25991982546
0.348748958314
0.348748958314
0.359500990832
0.351257007238
-0.28154108744
-0.457150740195
0.351257007238
-0.113344100889
0.36234784037
0.351257007238
0.259927788511
0.359543937432
0.359457177445
0.346390378124
0.359500990832
0.348567124124
-0.457150740195
0.348748958314
0.351257007238
0.359457177445
0.362680802895
0.359457177445
0.359543937432
0.36234784037
0.259927788511
0.359543937432
0.36234784037
0.362680802895
-0.447486797851
0.362300415884
0.36234784037
0.255228820638
0.361925127822
