-0.00841549168289
-0.00607112141108
-0.00941314164773
-0.00936609144806
-0.0101220578833
-0.00945606692932
-0.0107556509924
-0.00939748413872
-0.0108883163351
-0.00939748413872
-0.0110776535521
-0.0107751709956
-0.0108454268746
-0.0108240267976
-0.01102600796
-0.00938180076022
-0.00941705199037
-0.0108811963117
-0.00839054367523
-0.0108312757453
-0.0101220578833
-0.00967717784145
-0.00941314164773
-0.0101370313609
-0.0107556509924
-0.0110529579513
-0.00938180076022
-0.00711005531424
-0.00936609144806
-0.00945995959631
-0.00938180076022
-0.0101370313609
-0.00914348811967
-0.010759262993
-0.00888013912388
-0.0101220578833
-0.0086971744426
0.00488672802033
0.0349540930562
-0.00575967506111
0.971617786187
0.00488672802033
0.0327435557564
-0.00868492996445
0.000541648373626
0.971617786187
0.971617786187
0.971617786187
0.0331766878702
0.00986202782139
0.971617786187
0.971617786187
0.971617786187
0.0327435557564
0.971617786187
0.971617786187
0.00986202782139
0.971617786187
0.971617786187
0.00986202782139
0.971617786187
0.971617786187
-0.00575967506111
0.971617786187
0.971617786187
0.971617786187
0.971617786187
0.971617786187
-0.0108138368911
0.971617786187
0.00964717253132
0.00986202782139
0.971617786187
0.971617786187
0.971617786187
0.0323695344391
0.0331766878702
0.00964717253132
0.00964717253132
0.971617786187
0.971617786187
0.971617786187
0.0327435557564
0.0323695344391
0.971617786187
-0.0145785328311
0.00964717253132
0.971617786187
0.971617786187
0.971617786187
0.00986202782139
0.0445531542304
-0.0108132659067
0.971617786187
0.0323695344391
0.971617786187
0.971617786187
0.0323695344391
0.000541648373626
