-0.552450639953
0.149823675232
0.149576316252
0.017191011786
0.132279968407
0.0167266373451
0.130581227486
0.0172585158533
-0.219382343289
-0.221548727698
-0.219959820793
-0.219121254733
0.0174830619576
0.0167262519129
0.0165881971052
-0.221270448434
-0.367757700899
0.0179372002147
0.0166572419844
-0.219121254733
-0.219121254733
0.131871978016
0.017191011786
0.0166572419844
0.0166572419844
0.0166572419844
0.0182311324831
0.017191011786
0.150051503722
0.131871978016
-0.219121254733
0.017191011786
0.017191011786
0.131871978016
0.130364852549
0.017191011786
0.130364852549
0.0182311324831
0.0182311324831
0.130364852549
0.149668599849
0.017191011786
0.130364852549
0.149668599849
0.131871978016
0.149451666794
0.149451666794
0.130364852549
0.24278997028
0.150051503722
0.24297180447
0.241499649289
0.166247192226
0.150051503722
0.1547105652
0.152436420156
0.154689431051
0.253723836988
0.24297180447
0.241499649289
0.166247192226
0.24297180447
0.152436420156
0.253680023601
0.245479853394
0.24061322428
0.253766783588
0.253723836988
0.253680023601
0.253723836988
0.166247192226
0.253723836988
0.253723836988
0.253680023601
0.253723836988
0.241499649289
0.168576833469
0.253723836988
0.253766783588
0.130364852549
0.245479853394
0.253680023601
0.256570686526
0.245479853394
0.256570686526
0.24297180447
0.253680023601
0.256570686526
0.25652326204
0.24278997028
0.253680023601
0.25652326204
0.256903649051
0.24061322428
0.25652326204
0.253766783588
0.256496303439
0.256903649051
0.254964324794
