-0.143235592926
-0.208187379287
-0.215730873676
0.121753985397
-0.209849195482
0.136731870288
-0.0442640564543
-0.143235592926
-0.0286290871521
-0.143235592926
-0.0244760005717
0.360717147836
0.361007057897
-0.0243018950448
-0.210035845508
0.123924690628
-0.0244549878038
0.121561671871
0.124185643245
0.121229498137
0.361304241102
0.360785775053
0.360579789394
0.121512556077
0.121468954798
0.123920369807
0.124051011336
-0.0442714572556
-0.208159915055
0.123920369807
0.123347478354
0.632618182928
0.632618182928
-0.124972178518
0.632618182928
0.123536321768
0.49275437989
-0.0244549878038
0.117081114173
0.632618182928
0.632618182928
0.632618182928
0.492971312944
0.632618182928
0.495739133252
0.632618182928
0.493354216817
0.632618182928
0.632618182928
0.493354216817
0.49275437989
-0.219625180943
0.632618182928
-0.0244549878038
0.360493724882
0.632618182928
0.632618182928
0.632618182928
0.495739133252
0.360493724882
-0.208795717239
0.632618182928
0.632618182928
0.632618182928
0.473667565644
0.495739133252
0.632618182928
0.632618182928
0.632618182928
-0.219625180943
-0.209961238599
0.632618182928
0.492971312944
0.632618182928
0.632618182928
0.473667565644
0.632618182928
0.632618182928
0.632618182928
0.493354216817
0.492971312944
0.632618182928
0.632618182928
0.122032264661
-0.208795717239
0.632618182928
0.122032264661
0.49275437989
0.495739133252
-0.0244549878038
0.492971312944
0.632618182928
0.473667565644
0.632618182928
0.632618182928
-0.294446449029
0.632618182928
0.632618182928
-0.208795717239
