0.0103827230119
0.00563518462515
0.00864603537469
0.0060016748782
0.00595942156229
0.0109196257487
0.0105154062746
0.0059719387981
0.0114669471092
0.0090508933216
0.00543551346697
0.010662675917
-0.127207011685
0.00890394980117
0.00594699675332
0.00603960736324
0.00618725005193
0.00618725005193
0.00858348557023
-0.0128928976796
-0.0119922756535
0.0108463115305
-0.126673241884
0.00890394980117
-0.125633121187
0.00580434617865
-0.126673241884
0.00587386161003
-0.0119922756535
0.00857216648658
0.00580434617865
0.00618725005193
0.00618725005193
0.00558741312436
0.0108463115305
0.00618725005193
0.0102863809978
0.0108463115305
0.0108251773814
0.00618725005193
0.0102863809978
-0.511621954569
0.00857216648658
0.00558741312436
0.0102863809978
0.0927291531254
-0.0134994011213
0.00580434617865
0.0102784179463
0.00558741312436
0.024712579799
0.0108251773814
0.0108251773814
0.09674897061
0.109859583318
0.109902529918
0.0946135500736
0.0927291531254
0.00558741312436
0.0108251773814
0.0991075508
0.0991075508
0.09674897061
0.0991075508
0.0991075508
0.09674897061
-0.0119922756535
0.11265900837
0.109815769931
0.112632049769
0.109859583318
-0.362985508403
0.112632049769
0.112706432856
0.112706432856
0.112632049769
-0.125633121187
0.111871632549
0.101615599724
0.112706432856
0.09674897061
0.11188051423
0.112706432856
0.109859583318
0.109859583318
0.101615599724
0.11265900837
0.113039395381
0.112632049769
0.113039395381
0.11265900837
0.112283720309
0.0946135500736
0.111871632549
0.112283720309
0.112283720309
0.11188051423
0.0946135500736
0.112632049769
