0.367858708012
-0.0376563522316
-0.20910835712
-0.0378426338491
0.130673527892
0.130447040827
-0.213002664387
0.128200463959
-0.201450279403
-0.2019949327
0.1234512258
0.128309724294
-0.0215169498601
0.128272003403
-0.0179091297007
0.130568747056
0.128654781217
0.130221673045
0.130930106579
0.130564447625
0.128140551482
0.130325394878
0.639240699484
0.128195044109
0.127932931539
0.128529052107
0.128272003403
0.153355113674
0.367862429867
0.130673527892
0.129960818267
-0.0220065705958
-0.0182702387754
0.639240699484
0.130803974918
0.366582471636
0.639240699484
0.367116241438
0.639240699484
0.4995938295
0.367116241438
0.366582471636
0.4995938295
0.639240699484
0.130803974918
0.639240699484
0.639240699484
0.499376896446
0.367116241438
-0.0178324712475
0.499976733374
-0.0178324712475
0.639240699484
0.639240699484
0.639240699484
0.502361649808
0.639240699484
0.4802900822
0.481797207668
-0.202173200683
0.4802900822
-0.202173200683
0.639240699484
0.367116241438
0.639240699484
0.639240699484
0.130803974918
0.639240699484
0.639240699484
0.639240699484
0.639240699484
0.639240699484
0.639240699484
0.639240699484
0.639240699484
0.639240699484
-0.241844140571
0.639240699484
0.639240699484
0.4802900822
0.639240699484
0.128654781217
0.502361649808
-0.269912461894
0.4995938295
0.367116241438
0.639240699484
0.639240699484
0.639240699484
0.128654781217
0.639240699484
-0.0178324712475
0.639240699484
0.639240699484
0.639240699484
0.130803974918
0.367116241438
0.639240699484
0.128654781217
