-0.127367277609
-0.29253501999
-0.291954962463
0.038174348095
-0.292170365524
-0.127118382065
0.0339752040316
-0.127639558049
-0.127803699444
-0.107646301114
0.0385676016282
-0.127639558049
-0.127803699444
-0.127025873963
0.0385676016282
0.0385676016282
0.278366007088
0.0403462910925
0.0340783678453
0.278225845681
0.0409358847251
-0.111639432927
-0.107479352326
0.0404539529375
-0.107486346346
0.0389014625532
0.0409358847251
0.0638578371532
-0.127866152685
0.0411711125875
0.277981103231
0.0383000692083
0.0411752974707
-0.107625634425
-0.127944170587
0.0388023361709
0.0405709468338
0.0386768619629
0.0388023361709
-0.127025873963
0.0544718930275
0.0408141784958
0.0383000692083
0.040931585294
0.0410406655615
0.0340707683986
0.277887867372
0.0382191523626
0.277504178617
0.038174348095
0.0410406655615
0.038174348095
0.277912579837
0.0523468809779
-0.107465333578
-0.127639558049
0.277996712122
0.0408141784958
0.038174348095
0.277388436442
0.277415460586
0.277844021862
0.409592134458
0.0544718930275
0.415149481138
0.040910024032
0.277294309972
0.549607837153
0.277388436442
0.040931585294
0.0386391410724
0.549607837153
0.277294309972
0.27681148457
0.0383000692083
0.390710077689
0.39863000143
-0.207982524293
0.39133259832
0.496885774116
0.549607837153
0.549607837153
0.426539559547
0.549607837153
0.0411711125875
0.414435038937
0.50179201661
0.549607837153
0.498770171064
0.549607837153
0.42886920079
0.549607837153
0.549607837153
0.276949609305
0.549607837153
0.415002932521
0.549607837153
0.549607837153
0.50179201661
