0.123525388793
0.0244313060542
-0.0413788191253
-0.0764261662251
-0.0416799296748
0.024754594027
0.0429101421096
-0.0518737324578
-0.0766062380176
-0.0769459083738
-0.0413788191253
-0.0421535248806
-0.0402775944273
-0.048012946185
-0.0769309471125
-0.0770792337804
-0.0414918701338
-0.0413033618705
-0.0766349984338
-0.0412776991215
-0.0420789179714
-0.0414918701338
0.024754594027
0.800500503555
0.800500503555
0.800500503555
0.800500503555
0.800500503555
0.289914585289
0.800500503555
0.289914585289
0.800500503555
0.800500503555
-0.0420789179714
0.528376045509
0.800500503555
0.800500503555
0.800500503555
0.800500503555
0.289914585289
0.800500503555
0.29206377899
-0.0805843365002
0.529416166206
-0.0409133966118
0.800500503555
0.800500503555
0.800500503555
0.800500503555
0.529416166206
0.800500503555
0.800500503555
0.800500503555
0.800500503555
0.123866792439
0.800500503555
0.529416166206
0.29206377899
0.800500503555
0.800500503555
0.289914585289
0.528376045509
0.143427332824
-0.0517428603159
0.800500503555
0.143427332824
-0.0409133966118
0.800500503555
0.800500503555
0.123866792439
0.29206377899
0.123866792439
0.800500503555
0.800500503555
0.800500503555
0.123866792439
0.29206377899
0.800500503555
-0.0420789179714
0.800500503555
-0.0409133966118
0.800500503555
0.800500503555
0.289914585289
0.800500503555
-0.138373726876
0.800500503555
-0.0764549015345
0.29206377899
0.800500503555
0.289914585289
0.800500503555
0.641549886271
-0.0420789179714
0.528376045509
0.800500503555
0.800500503555
0.800500503555
0.527842275707
