0.000156447516998
0.24363239402
0.243287693353
0.243838796391
0.00699069732061
0.24442439968
0.00497722512036
0.244567651584
0.244861583852
0.24363239402
0.244635888513
0.244319187279
0.00715226254379
0.00727396877306
0.00714790385301
3.01523471439e-05
0.00699069732061
0.00686406004172
0.00737874960945
0.000313288079567
0.244266723206
0.00692689476187
0.00679203698547
0.000408852446621
0.00679203698547
0.0209359411613
0.244606747234
0.00666603998369
0.00510314150678
0.00667521662766
0.00484577319924
0.00668437514045
0.00715226254379
0.24363239402
0.00510314150678
0.00522899585014
0.00497722512036
0.00737874960945
0.00725242890116
0.00727396877306
0.00463815325627
0.00751338151867
0.000156447516998
0.00680560499568
0.00715226254379
0.00739149521559
0.00726966934201
0.00490568567618
0.00536000293435
0.244431074699
0.244157508103
0.000195005450293
-0.141405233112
0.00514042021889
0.00514042021889
0.243883389683
0.244746724011
0.030053286994
0.00751338151867
-0.324783270451
0.0198083682483
0.00523954660116
0.00536000293435
0.24363239402
0.0188087541611
0.244563929729
-0.160773017279
-0.140974156772
0.00667521662766
0.00490568567618
0.244793523511
0.00476381257501
0.24452094005
0.00455723641061
0.244250663885
0.0048894101447
0.24363239402
0.0300603353906
0.0301745782157
0.00738300236279
0.00668437514045
0.244567651584
0.00686406004172
0.244563929729
0.006796564129
0.00692689476187
0.244631979376
0.00667063057544
0.00686406004172
0.0048894101447
0.243633547976
-0.141141268278
0.243771567425
0.00725242890116
0.000156447516998
0.244499380321
0.00463815325627
0.244635888513
0.00514042021889
