0.297283010255
-0.30783239537
0.0538427537005
0.0580867020315
-0.278873669782
-0.0878689711545
-0.107158324294
0.297864261791
0.06065112632
0.0583261586917
-0.107748984551
0.0602138407614
0.0586698858398
0.0583697599712
0.0607775737008
0.0538427537005
-0.0874446911506
0.0586326071277
0.053559617968
0.0585444116317
0.0584351512971
-0.0876744423629
-0.107998603016
-0.0876118026567
-0.0875977839096
0.0538427537005
0.0609082152304
0.0606817281647
0.0583697599712
0.0581676188772
-0.0876187966775
0.0539610941273
0.0587690122221
0.058320692044
0.0585066907413
0.0581676188772
0.298028845942
-0.206216550603
0.0603935256626
0.0609082152304
0.0744654067822
0.412358456565
0.0602000961963
0.569475386822
0.0602138407614
0.0585444116317
0.0587690122221
0.0607991349629
0.0607991349629
0.0538121464893
0.0606467372325
0.569475386822
0.298097117204
0.569475386822
0.297350928776
0.569475386822
-0.0875977839096
0.569475386822
0.569475386822
0.569475386822
0.516753323785
0.0581676188772
0.0610386622564
0.569475386822
0.569475386822
0.569475386822
0.569475386822
0.569475386822
0.569475386822
0.569475386822
0.432596337146
0.569475386822
0.434310551657
0.434302588606
0.434302588606
0.569475386822
0.429828516838
0.434302588606
0.569475386822
0.569475386822
0.434310551657
0.569475386822
0.434849348041
0.569475386822
-0.107158324294
0.569475386822
0.569475386822
0.434849348041
0.569475386822
0.432596337146
0.569475386822
0.569475386822
0.569475386822
0.569475386822
0.430211420711
0.298391049473
0.448736750458
0.448736750458
0.446407109216
