-0.0119402918853
0.0674348691111
-0.399698210531
0.0362776141494
-0.0119322209631
-0.0255972450429
-0.0284511418595
-0.023148504238
-0.0225323313519
-0.0238646495856
-0.0253871963912
-0.023576341584
-0.024131876439
-0.0237610126702
-0.0238273914839
-0.0233344190827
-0.0255232424851
-0.0236284767662
-0.0226048532039
-0.0285933174888
-0.0252400152583
-0.0285933174888
-0.0279934805612
-0.0238943496153
-0.0283763844345
-0.0233555532317
-0.0278182434673
-0.0238943496153
-0.00946815081415
-0.0256085641265
-0.0238943496153
-0.0283763844345
-0.028431483583
-0.0285933174888
-0.0285634281928
-0.0233344190827
-0.0238943496153
-0.00946815081415
-0.00946815081415
-0.0238943496153
-0.0283763844345
-0.0279934805612
0.0634546650064
-0.0239023126668
-0.0283763844345
-0.0238943496153
-0.0117977920566
-0.00946815081415
-0.00946815081415
0.0585484225122
-0.0233344190827
0.0585484225122
-0.0238943496153
-0.0233555532317
-0.0239023126668
0.0757217993053
0.0756788527053
-0.00946815081415
0.0674348691111
-0.0233344190827
0.0585484225122
0.0757217993053
0.0634546650064
0.0647449859968
0.0784782777573
0.0625682399968
0.0625682399968
0.0634546650064
0.0649268201869
0.0756788527053
0.0757217993053
0.0784513191563
0.0785257022429
0.0647449859968
0.0674348691111
0.075635039318
0.0784782777573
0.0785257022429
0.0784782777573
0.075635039318
0.0757217993053
0.0776909019363
0.0784782777573
-0.0238943496153
0.0788586647678
0.0784513191563
0.0773779829819
0.0776909019363
0.0781029896954
0.0776997836166
0.0784782777573
0.0788586647678
0.075635039318
0.0788586647678
0.0781029896954
0.0784513191563
0.0785257022429
0.0776909019363
0.0773779829819
