0.00292196742039
0.00817007426769
0.00241087963856
0.00295219600181
0.00810742073113
0.00083002633516
0.00535746657477
0.00353727142588
0.00287621262555
0.00622852000321
0.00506042865576
0.00540093511597
0.00506042865576
0.00364644663482
0.00991261507403
0.00229228837072
0.00228037858359
0.00272654209018
0.00321601433046
0.000853208127295
0.00298723819048
0.00327249023408
0.00313741567764
0.0061416237164
0.00295219600181
0.00193809242386
0.00200936385235
0.00334979533153
0.00512698824601
0.0051822124563
0.00475692818734
0.00278428358778
0.00480230720914
0.0035591714771
0.00272654209018
0.00298723819048
0.00599920592035
0.00283031822797
0.00522623429113
0.00143825110364
0.00142682604415
0.0011629198518
0.00318237998153
0.00272654209018
0.00202840362563
0.00241087963856
0.00544426696364
0.00535746657477
0.00196071962868
0.002853282917
0.00166603805405
0.00255198407549
0.00284180495005
0.00142682604415
0.001555614793
0.0035591714771
-0.000207505619986
0.00293338438079
0.00205491297138
0.00281882274075
0.00343831609357
0.00169863072844
0.00278428358778
-0.000619593379086
0.000911016521437
-0.0135655093186
0.00295619228497
0.00255198407549
0.00303574780983
0.00166603805405
0.00265695993105
0.0030810189784
0.00241087963856
0.000215206927496
0.00272654209018
0.00205491297138
0.00323839504973
-0.00139115480409
-0.000932512333537
0.00133241383038
0.00323839504973
0.000945601744868
0.00286475213884
0.00243448791568
0.00323839504973
0.000945601744868
0.00243448791568
0.00323839504973
0.00205491297138
0.00169863072844
-0.00139115480409
0.000945601744868
0.000945601744868
0.0049935499624
0.00294049705669
0.00243448791568
0.0035591714771
0.0049935499624
0.00133241383038
