0.171112228924
0.0387912349935
-0.197583560031
-0.346103577918
0.153540119744
-0.197326981345
0.0384633686454
0.0391512036856
-0.346089559171
0.0389266575813
-0.366263783642
0.0395370706799
0.0388092577844
0.0386700843796
0.171369832855
-0.199602306706
-0.197453113005
0.0388139207861
-0.199602306706
-0.346089559171
-0.197453113005
0.039899274211
0.0396053419427
0.039899274211
0.038859153514
0.038859153514
-0.197453113005
0.153540119744
0.0383253837123
-0.574303744761
0.038859153514
-0.197453113005
0.0383253837123
-0.199602306706
-0.199602306706
0.153540119744
0.153540119744
0.0383253837123
0.175818776396
0.174104561884
0.038859153514
0.171119808522
0.171336741576
0.171336741576
0.171119808522
0.171119808522
0.176378706928
0.262281366008
-0.365650099556
0.039899274211
0.176378706928
0.176357572779
0.175818776396
0.258261548523
0.275348165329
0.264458112008
0.038859153514
0.187915333954
0.262281366008
0.264458112008
0.262281366008
0.264458112008
0.263167791017
0.275348165329
0.275434925316
0.264458112008
0.267147995122
0.278238828254
0.275391978716
0.275434925316
0.190244975197
0.176357572779
0.190244975197
0.171336741576
0.176357572779
0.264458112008
0.275391978716
0.278571790779
0.275391978716
0.275348165329
0.264639946198
0.275434925316
0.275434925316
0.278571790779
0.275434925316
0.275348165329
0.278191403768
0.278191403768
0.267147995122
0.275348165329
0.278571790779
0.275391978716
0.278191403768
0.038859153514
0.277404027947
0.275348165329
0.264639946198
0.275348165329
0.277091108993
