-0.0774321882243
0.158987932053
0.159096589834
-0.446506066087
0.158821456187
0.15840771064
0.291434904441
0.159302575493
0.159824950679
-0.0776630339808
-0.226098488211
-0.4102789168
-0.24633900647
-0.246260950805
-0.0775585089326
-0.0800471252588
-0.0778202405132
-0.0798337127134
0.159010525321
-0.0547646922003
-0.225938187364
0.158614740452
-0.245498727749
-0.0774321882243
0.159824950679
-0.0794509348995
0.158476755519
-0.0773017411983
0.158476755519
-0.0794509348995
0.160050646018
-0.0794509348995
-0.411444438159
-0.0798337127134
-0.0773017411983
-0.0794509348995
0.159010525321
0.160050646018
-0.0794509348995
0.160050646018
0.159010525321
-0.245498727749
0.159010525321
0.160050646018
0.272184366083
0.273691491551
0.291271180329
0.291271180329
0.273691491551
0.159010525321
0.382432737815
0.159010525321
0.291488113383
0.291871017257
0.291488113383
0.291271180329
0.383319162824
0.383319162824
0.384609483815
-0.225938187364
0.37841292033
0.384791318005
0.384609483815
0.383319162824
0.384609483815
0.384791318005
0.398723162586
0.380297317278
0.387299366929
0.384791318005
0.395586297123
0.395499537136
0.383319162824
0.383319162824
0.384609483815
0.395586297123
0.395543350523
0.398390200061
0.387299366929
0.383319162824
0.158476755519
0.395586297123
0.395586297123
0.395543350523
0.395499537136
0.398342775575
0.395586297123
-0.0794509348995
0.384609483815
0.295962185151
0.295962185151
-0.411444438159
0.398723162586
-0.0794509348995
0.294255933691
0.398723162586
0.398342775575
0.273691491551
0.395543350523
