0.0942071730912
0.0947279440542
-0.0712711027354
-0.105577290195
-0.106190248267
-0.00446078757875
-0.0691676157855
0.0944717677722
-0.0703192272509
-0.0708836763242
0.0947279440542
0.771446882534
-0.0706207687282
-0.0709211631148
0.114213410956
0.114366697304
-0.0693312154485
-0.0770665672062
0.771446882534
0.771446882534
0.498788654686
0.771446882534
0.771446882534
0.771446882534
0.500362545185
0.771446882534
-0.0711325389925
0.771446882534
0.771446882534
-0.0711325389925
0.771446882534
0.771446882534
0.771446882534
0.61249626525
0.771446882534
-0.105508522556
0.500362545185
0.771446882534
0.771446882534
0.771446882534
0.771446882534
0.771446882534
0.771446882534
0.114373711803
0.771446882534
0.771446882534
0.771446882534
0.771446882534
0.771446882534
0.500362545185
0.771446882534
0.0948131714178
0.771446882534
-0.137706278844
0.771446882534
0.771446882534
-0.137706278844
0.771446882534
0.771446882534
0.260860964267
0.771446882534
0.771446882534
0.500362545185
0.498788654686
-0.080796481337
0.771446882534
0.771446882534
0.771446882534
-0.0711325389925
0.771446882534
0.771446882534
0.771446882534
0.771446882534
0.771446882534
0.771446882534
0.498788654686
0.771446882534
-0.0699670176329
0.771446882534
0.771446882534
0.771446882534
0.771446882534
0.771446882534
0.0948131714178
-0.166994215783
0.771446882534
0.771446882534
0.771446882534
0.263010157969
0.500362545185
0.771446882534
-0.165216810597
-0.0699670176329
0.263010157969
0.771446882534
0.263010157969
0.500362545185
-0.113840473788
0.771446882534
