-0.127156784787
-0.0612862522231
0.0571104796303
0.0378171697606
-0.125954812602
-0.133799138451
0.203815916908
0.21748425085
0.057471588705
0.205463002048
0.203904492539
0.203313649945
-0.127571669118
0.71462141789
0.71462141789
-0.127521439253
0.443537080541
0.0572770599133
0.71462141789
0.204035499623
0.71462141789
0.203581182365
0.71462141789
0.0379024794099
0.71462141789
0.442447064114
0.198870502139
0.057471588705
0.555670800606
0.0379877067735
-0.126792482277
0.0379877067735
0.71462141789
0.71462141789
0.443537080541
0.71462141789
0.204035499623
0.71462141789
0.0575482471582
0.206184693324
0.71462141789
0.71462141789
0.71462141789
0.0575482471582
0.574757614852
0.442496959844
0.71462141789
0.71462141789
0.71462141789
0.441963190042
0.442496959844
0.71462141789
0.204035499623
0.574757614852
0.71462141789
0.441963190042
0.557177926074
-0.127958003637
-0.206645550436
0.204035499623
0.442496959844
0.71462141789
0.71462141789
0.0575482471582
0.557177926074
0.0575482471582
0.441963190042
0.71462141789
0.557177926074
0.71462141789
-0.247134340476
0.71462141789
0.71462141789
0.71462141789
0.71462141789
0.71462141789
0.441963190042
0.71462141789
0.443537080541
0.441963190042
0.71462141789
-0.194531743489
0.71462141789
0.71462141789
0.71462141789
0.71462141789
0.557177926074
0.71462141789
0.0379877067735
0.441963190042
-0.126792482277
-0.224626833858
0.71462141789
0.71462141789
0.71462141789
0.206184693324
0.71462141789
0.555670800606
-0.212443214067
