0.235966638338
0.233096068118
0.0677179629735
0.233614668778
0.0874423676976
-0.0978256185121
0.0675544424144
-0.0980871766468
0.744529557176
-0.0981244712596
-0.0980498643504
-0.0976884342562
0.233598581986
-0.0973497655042
0.744529557176
0.236092832611
-0.0315396403248
-0.031216352352
0.0671180205792
0.744529557176
0.744529557176
0.744529557176
0.744529557176
0.23394363891
0.744529557176
0.232718533554
0.236092832611
0.471871329328
0.744529557176
0.744529557176
0.744529557176
0.471871329328
0.473445219827
0.744529557176
0.236092832611
0.744529557176
0.744529557176
0.744529557176
0.744529557176
0.744529557176
0.47240509913
0.744529557176
0.744529557176
0.744529557176
0.744529557176
0.744529557176
0.744529557176
0.744529557176
0.744529557176
0.585578939892
0.0874563864447
0.744529557176
0.744529557176
-0.140757799145
0.744529557176
0.744529557176
-0.136555282879
0.744529557176
0.744529557176
0.471871329328
0.744529557176
0.744529557176
-0.164623604202
0.744529557176
0.744529557176
0.744529557176
-0.0968843429908
-0.107713806695
0.0874563864447
-0.136555282879
0.744529557176
0.744529557176
0.585578939892
0.744529557176
0.744529557176
0.473445219827
0.744529557176
0.744529557176
0.473445219827
-0.0968843429908
0.236092832611
0.605265591066
0.744529557176
0.744529557176
0.744529557176
0.744529557176
0.744529557176
0.473445219827
0.06789584606
0.744529557176
-0.0980498643504
0.744529557176
0.0874563864447
0.471871329328
0.236092832611
0.236092832611
0.471871329328
0.744529557176
0.744529557176
