-0.0384754461132
-0.055801928177
-0.0474095635704
-0.0177781699974
-0.0126107904794
-0.00619609882179
-0.0126107904794
-0.00617126277253
-0.0384339544241
-0.0112831772734
-0.0384754461132
-0.0124920482583
-0.0066253090532
-0.0382464564621
-0.0143806514053
-0.017702050527
0.870906704917
-0.0382671882829
-0.011255956821
-0.0127070309673
-0.0493749212474
-0.0177275755601
0.870906704917
-0.0125727597812
-0.0504797925914
0.870906704917
0.870906704917
0.870906704917
0.0294928047493
0.870906704917
-0.0068245828566
0.870906704917
0.0294928047493
0.870906704917
-0.0143806514053
0.870906704917
0.870906704917
0.870906704917
0.213833534185
0.870906704917
0.1942729938
0.870906704917
0.870906704917
0.870906704917
-0.0503602634093
0.870906704917
0.0294928047493
0.213833534185
0.870906704917
0.870906704917
0.870906704917
-0.0101781351391
0.870906704917
0.870906704917
0.0186633410453
0.213833534185
0.870906704917
0.870906704917
0.870906704917
0.870906704917
0.870906704917
-0.00604870017336
-0.0679675255144
0.870906704917
0.870906704917
0.870906704917
0.870906704917
0.870906704917
-0.0101781351391
-0.0503602634093
0.870906704917
0.870906704917
0.870906704917
0.870906704917
0.870906704917
-0.0503602634093
0.870906704917
0.870906704917
-0.0679675255144
0.870906704917
0.0283272833897
0.870906704917
0.0294928047493
0.870906704917
0.870906704917
0.870906704917
-0.0683415468317
0.870906704917
-0.106470756332
0.870906704917
-0.0101781351391
0.870906704917
0.0294928047493
0.1942729938
0.870906704917
0.870906704917
0.0186633410453
-0.00604870017336
-0.0910639087395
