-0.0329871852067
-0.0184538670795
-0.00993109583102
-0.0325299440229
-0.00960340844257
-0.032764017758
-0.0096343679737
-0.00768026468178
-0.0328552532506
-0.0100382868391
-0.00964393626688
-0.00758123538804
-0.0102648232989
-0.00964393626688
-0.00769730916451
-0.00945766986774
-0.00995462464799
-0.00960340844257
-0.00962081183333
-0.00960340844257
-0.00804371885817
-0.00945766986774
-0.00964393626688
-0.00997133659237
-0.00869676671587
-0.0101584279429
-0.00787739858488
-0.0098908019816
0.928983428449
0.928983428449
0.928983428449
0.928983428449
0.928983428449
-0.00953574299181
-0.00980110193739
0.928983428449
-0.00993109583102
-0.00960340844257
0.928983428449
0.928983428449
0.928983428449
0.0520280233595
0.928983428449
0.928983428449
0.928983428449
0.928983428449
0.928983428449
0.0436960721275
0.0478985883937
0.928983428449
0.928983428449
0.928983428449
0.928983428449
0.928983428449
0.0198302670707
0.928983428449
0.0436960721275
0.928983428449
0.928983428449
0.0520280233595
0.0875695282822
0.928983428449
0.928983428449
0.928983428449
-0.0098908019816
0.0198302670707
0.928983428449
0.928983428449
0.928983428449
-0.0098908019816
0.928983428449
0.928983428449
0.928983428449
0.928983428449
0.928983428449
0.0520280233595
0.928983428449
0.928983428449
0.928983428449
0.00191879649244
-0.0329871852067
0.928983428449
0.928983428449
0.928983428449
0.928983428449
0.928983428449
0.0198302670707
0.928983428449
0.928983428449
0.928983428449
0.928983428449
0.0767400645781
-0.0523038427824
-0.0534476236446
0.928983428449
0.928983428449
0.0478985883937
-0.0535431833201
0.0436960721275
