-0.229175705369
0.175986564232
-0.209443295172
-0.0609654184153
-0.20921354396
-0.395011451257
-0.0615550120479
0.175644002495
-0.0637269550454
-0.0612442367479
-0.0481797786274
0.175094423549
-0.0609869582872
0.175604623185
-0.0609697178463
0.175874126138
-0.0607260056697
-0.063157663518
0.176324542541
-0.062879384254
0.175532180237
0.288808774549
0.176417913063
-0.20921354396
-0.0615550120479
0.175491425178
0.176328264395
-0.0633990928381
-0.0633990928381
-0.0607301905529
-0.393707366154
-0.404536829858
0.175649580034
0.176396501325
0.175724990819
0.176191687511
-0.062879384254
0.175532180237
0.176622196663
-0.0483054300948
-0.404536829858
-0.394872887514
0.175048306165
0.176622196663
-0.062879384254
0.176622196663
0.307842730975
-0.209366636719
0.175048306165
0.310827484337
0.313101629381
0.308059664029
0.39989071347
0.40118103446
0.290263042197
0.40118103446
0.308059664029
0.290263042197
0.40118103446
0.39989071347
0.39900428846
0.39989071347
0.403870917575
0.175048306165
0.40118103446
0.290263042197
0.412157847769
0.396868867924
0.39900428846
-0.0607301905529
0.412157847769
0.412157847769
0.412157847769
-0.404536829858
0.40136286865
0.175048306165
0.40136286865
0.412114901169
0.40136286865
0.412114901169
0.412157847769
0.412157847769
0.412071087781
0.412114901169
-0.062879384254
0.415294713231
0.403870917575
0.412114901169
0.307842730975
0.415294713231
0.415294713231
0.40118103446
0.415294713231
-0.209366636719
0.40118103446
0.412114901169
0.324638256407
0.41488736762
0.41488736762
