0.0111214857875
-0.10380419767
0.0282856045761
0.0280679586712
0.0289569872127
0.0312779375367
-0.104012703562
0.0284569082861
0.031400230456
-0.341104558848
-0.103944923615
-0.340410184379
0.00918924527726
-0.103967470834
0.0282931841745
0.028397321591
0.0288930211021
-0.103967470834
0.0285101172288
0.0288930211021
0.0312779375367
0.017130213103
-0.488916183519
0.0288930211021
-0.342428931054
0.00920636992879
-0.102927350137
0.0107134953967
0.0288930211021
-0.103967470834
0.0285101172288
0.0107134953967
0.0107134953967
0.0312779375367
0.0285101172288
0.115434924175
0.0312779375367
0.0329841889965
0.0335309484316
0.0288930211021
0.12163148766
0.0282931841745
0.132565354369
0.00920636992879
0.0288930211021
0.0335520825806
0.0329921520479
0.0312779375367
0.0312779375367
0.0329921520479
0.0329841889965
0.0335309484316
0.11945474166
0.0335309484316
0.0329841889965
-0.103967470834
0.0288930211021
0.132521540981
0.124321370774
0.12181332185
0.135745166431
0.00920636992879
0.132608300969
0.12163148766
-0.104501240635
0.11945474166
0.0329841889965
0.135412203906
0.135364779421
0.0329841889965
0.0450887096067
0.13533782082
0.0450887096067
-0.104501240635
0.132608300969
0.12163148766
0.135412203906
0.00920636992879
0.12181332185
0.134989491359
0.132565354369
0.0474183508491
0.132608300969
0.132521540981
0.134989491359
0.115434924175
0.134989491359
0.135364779421
0.135364779421
0.132565354369
0.132565354369
0.12181332185
0.13533782082
0.134264484645
0.135745166431
0.135745166431
0.12181332185
0.134989491359
0.13458628528
