0.355640523229
-0.249947434007
-0.0495635687484
0.354428097004
-0.215562615538
0.116049742881
-0.029917801
0.355816195764
0.141269783921
0.355777100114
-0.130434991714
-0.0303555685279
-0.0501779636016
-0.0500920254706
0.118001485516
0.11858819814
0.116312590037
0.117884665158
0.3555442447
-0.0301056373225
0.118722830049
0.118592450893
0.355816195764
-0.0299944594532
-0.029764708241
-0.214837003957
0.11141214298
-0.0299944594532
0.355845337044
0.141405369732
0.118073508572
0.118073508572
0.627155369732
0.111239600878
0.627155369732
0.355777100114
0.627155369732
-0.0494783413847
0.141269783921
0.115847601787
0.117884665158
0.355030911685
0.627155369732
0.627155369732
0.627155369732
0.354497141884
0.627155369732
0.627155369732
0.469711877916
0.627155369732
0.4925504651
-0.029917801
0.116569451465
0.627155369732
0.487508499748
0.117893823671
0.487508499748
0.627155369732
0.469711877916
0.490276320056
-0.029917801
-0.22508799414
0.355030911685
0.627155369732
0.627155369732
0.627155369732
-0.249800035358
0.490276320056
0.627155369732
0.487508499748
-0.253929470324
0.627155369732
0.487291566694
0.627155369732
0.487508499748
0.627155369732
0.627155369732
0.627155369732
0.627155369732
0.627155369732
0.627155369732
0.354497141884
0.487891403621
0.627155369732
0.627155369732
0.355030911685
0.627155369732
0.116569451465
0.627155369732
0.627155369732
0.627155369732
0.468204752448
0.627155369732
0.627155369732
0.627155369732
-0.22508799414
0.469711877916
0.627155369732
0.468204752448
