-0.239323372222
0.264218968774
0.265079380725
0.0278261509584
0.0254677148899
0.264492287458
0.264330791032
-0.140488916832
-0.121117615709
0.0206038488659
0.024708205699
0.0254083805605
0.0258074042833
0.0279607828676
-0.120756506635
0.0254623473598
-0.120693866929
0.0275953052019
0.0255558841265
-0.239352586978
-0.12061033153
0.0277170706909
0.0274780179439
0.0253530870251
0.0252440944198
-0.140581792212
0.0274780179439
0.265015052932
0.0254623473598
0.025238627772
-0.120693866929
0.0505147921827
0.264918241158
-0.140488916832
-0.239323372222
0.0253530870251
0.264330791032
0.0278261509584
0.0256869479501
0.0254246264693
0.0254246264693
0.0207377452507
0.265083289862
0.0255878215678
0.0255878215678
0.0272394383344
0.0254784341518
0.0272394383344
-0.124857889865
0.0252876956992
0.0255878215678
0.0254246264693
-0.120756506635
0.0278261509584
0.0278261509584
-0.120679848182
-0.12068686268
0.0271226179766
0.0249598334919
0.264079795369
0.0249598334919
0.0253476671746
0.0250046377595
0.0506362011108
0.0254246264693
0.0506219795646
-0.140854072652
0.0252876956992
0.265015052932
0.26428619774
0.0252876956992
0.0255505428557
0.264270560402
0.264267178094
0.0256763971991
0.025238627772
0.265083289862
-0.120756506635
0.379357821125
0.379317117262
0.264358778481
0.0271226179766
-0.306111421283
0.264244646379
0.0254246264693
0.027721370122
0.264330791032
-0.239568215911
0.0274780179439
0.396466968
0.264294936693
0.26428619774
0.377577363734
0.264128691507
0.0207377452507
0.03925615551
0.53639332255
0.39654053601
0.0250046377595
