0.049951596428
0.0493184900346
-0.038964572184
-0.0388025050386
-0.0388666951506
-0.0269004030158
-0.0260040997308
0.0485559551705
-0.0385673603391
0.0499009421955
0.0449258564933
-0.0386920226615
-0.0271736928933
-0.0390394933669
-0.0437304981888
-0.0270734462055
-0.0435686642831
-0.0390168620027
-0.0269262492008
0.020876748407
-0.0385300367965
-0.0437304981888
-0.0431306612613
-0.0391430217934
-0.756110059022
-0.0384715997828
-0.0273961069153
-0.0384715997828
-0.0431306612613
-0.0384715997828
-0.0271888428016
-0.0384927339318
-0.0390315303154
0.0483174843063
0.0434112418121
-0.0269349727567
-0.0437304981888
-0.0628173124346
-0.0246053315142
0.0452956387604
-0.0384927339318
-0.0390394933669
-0.0269349727567
-0.0384927339318
-0.0246053315142
0.0474310592968
-0.0269349727567
-0.0628173124346
0.0604978586179
-0.0246053315142
0.0604978586179
-0.0384715997828
-0.0269349727567
0.0483174843063
0.0434112418121
0.0474310592968
0.0633410970572
0.0497896394868
0.0605846186052
0.0633410970572
0.0637214840677
0.0605416720052
0.0604978586179
0.0605416720052
-0.0246053315142
0.0637214840677
0.0605416720052
0.0637214840677
0.0633141384562
0.0633141384562
0.0633410970572
0.0633885215428
0.0637214840677
0.0637214840677
0.052297688411
0.0633141384562
0.0633141384562
0.0633885215428
0.0629658089953
0.0637214840677
0.0637214840677
0.0625537212362
0.0633885215428
0.0625537212362
0.0633410970572
0.0625626029165
0.0625626029165
0.0633885215428
0.0625626029165
0.0633141384562
0.0625537212362
-0.0407457448266
-0.0407457448266
0.0629658089953
0.0633141384562
0.0625537212362
0.0629658089953
0.052297688411
0.0648393526694
