0.35567482881
-0.142938349985
0.00360389219394
-0.142347489698
0.242190190703
0.242510056757
0.00341789349666
0.242259061094
0.243194318657
0.00600966943637
0.00313909921651
0.00565728366855
0.242327896667
-0.32719352151
0.00614004859225
0.00614004859225
0.243262555587
0.00372980858036
0.0286870024641
0.00541870405905
0.00600541668303
0.243194318657
0.242510056757
0.00360389219394
0.00288747142362
0.00346696142385
0.00541870405905
0.00600541668303
0.00575271249839
-0.000941704420056
0.00600541668303
0.0173116320995
0.00541870405905
0.00376708729247
0.00577892961737
0.00577892961737
0.00577892961737
0.00530188370124
0.00541870405905
-0.00117832747613
0.00600541668303
-0.00108298902462
0.243190596803
0.00590063584664
0.00353235274976
0.00589633641559
0.0174354212347
0.0186862756345
0.00587477515352
0.00541870405905
0.00313909921651
0.0174354212347
0.00360389219394
0.00347244027282
0.00614004859225
0.00561736439419
0.243233414307
0.00601816228917
0.243262555587
0.00577892961737
0.0054907271153
0.00341789349666
-0.00106004484685
0.00313909921651
0.00577457092659
0.24205234536
0.242510056757
-0.162231659855
0.00360389219394
0.00313909921651
0.242259061094
0.00600541668303
0.00313909921651
0.0174354212347
0.00530188370124
0.0054907271153
0.00351607721828
0.242945854353
0.243233414307
0.242398234499
-0.162061122842
0.243051066753
0.242591045081
0.0288225882748
0.0286870024641
0.242353187564
0.35753708685
-0.162901401563
-0.000823306153364
-0.142500582457
0.242259061094
0.243233414307
-0.261144106498
-0.146267421436
0.00600541668303
0.2424028975
0.00329807847087
0.355633896879
-0.00108298902462
