-0.0142897602778
-0.185407275846
-0.179411640832
0.165969006854
0.391796141207
0.391098008546
-0.189137189977
-0.0141412213079
-0.0143053627027
0.177356173894
0.391002515358
-0.178659935891
-0.178810850426
0.147473540773
0.167970229769
-0.0137760654878
0.177356173894
0.153826292677
0.152399799294
0.152520255628
0.15179840595
0.154434221466
0.391766999927
0.152389248543
-0.0138689408676
0.663106173894
0.663106173894
0.663106173894
-0.013527537222
0.663106173894
0.152137477814
0.505662682078
0.663106173894
0.663106173894
-0.0944841875513
0.153830883269
0.663106173894
0.663106173894
0.663106173894
0.00603300316276
0.663106173894
-0.0141412213079
0.154669449329
0.663106173894
0.663106173894
0.663106173894
0.663106173894
0.523459303911
0.663106173894
0.663106173894
0.523842207784
0.505662682078
0.663106173894
-0.178307726273
0.390981715848
0.523842207784
0.390447946046
-0.189137189977
0.663106173894
0.663106173894
0.663106173894
-0.213849231195
0.663106173894
0.523459303911
-0.178307726273
0.663106173894
0.663106173894
0.663106173894
0.663106173894
0.663106173894
0.663106173894
0.523242370856
0.663106173894
-0.222181182427
0.663106173894
0.663106173894
0.663106173894
-0.179473247632
0.00603300316276
0.505662682078
0.663106173894
-0.273557519237
0.663106173894
0.663106173894
0.663106173894
-0.275334924423
0.392021836545
0.390447946046
0.663106173894
0.663106173894
0.663106173894
0.390981715848
0.523242370856
0.152520255628
0.505662682078
0.390981715848
0.390447946046
-0.013527537222
0.663106173894
