0.0486961576001
0.0487023801067
0.0596613701023
0.044013424445
-0.0271800108583
-0.0271108308377
-0.0271108308377
-0.040379184808
0.0200600121891
-0.0285029791813
0.0441844808497
-0.0413780795199
-0.0400022015062
-0.0400691596376
-0.039530363254
-0.0444085438821
-0.0395092291049
-0.0417833741488
-0.0416980525074
-0.044768127511
-0.0415620064135
-0.0400691596376
-0.0445511944567
-0.0447757071094
-0.0401902380014
-0.0418203385155
-0.044768127511
-0.044768127511
-0.177028782519
-0.0397296519837
-0.0395092291049
-0.0417833741488
0.04237361249
0.04237361249
-0.0400771226891
-0.0400771226891
-0.0417833741488
-0.039530363254
0.04237361249
0.0442580094382
-0.0279726020789
-0.0279726020789
-0.0256429608364
-0.0395092291049
-0.0256429608364
-0.0400771226891
0.0442580094382
0.0626838547455
0.0463934299746
-0.0400771226891
0.0463934299746
-0.0256429608364
0.0512600590889
-0.0256429608364
0.059546989283
0.0487520101646
-0.0400771226891
0.0594602292957
0.0485701759746
0.059504042683
0.059546989283
0.0594602292957
0.0463934299746
0.0487520101646
0.062303467735
0.0623508922206
0.0442580094382
0.0623508922206
0.0512600590889
-0.41549024274
0.0512600590889
0.0623508922206
0.0623508922206
0.0594602292957
0.0512600590889
0.062276509134
0.059504042683
0.061516091914
0.0485701759746
0.0619281796731
0.062276509134
0.0623508922206
0.059546989283
-0.0400691596376
-0.0279726020789
0.0626838547455
0.0619281796731
0.0626838547455
0.0615249735943
0.062276509134
0.0615249735943
-0.0441682905835
0.0487520101646
0.061516091914
0.0615249735943
0.0615249735943
0.059504042683
0.061516091914
0.062303467735
