-0.00553061430388
-0.00569735216953
-0.00555134612465
-0.0343482105681
-0.0351619833119
-0.0231957370954
-0.0146937214121
-0.0176622301249
-0.0325905236504
-0.0352516833562
-0.0177639504331
-0.00555134612465
-0.00580105768275
-0.0237076267009
-0.0234420848821
-0.0176622301249
-0.0233715944304
-0.0325905236504
-0.0176087793172
-0.00571811226586
-0.0230860860187
-0.024260991559
-0.00550987301652
-0.0230696049378
0.0183615675393
0.903622547075
-0.0176087793172
0.018335190753
-0.0242932801023
-0.0329421167626
-0.03260479685
0.903622547075
0.0513791832035
0.903622547075
0.903622547075
0.903622547075
0.0266671419849
0.903622547075
0.903622547075
0.0225377070192
0.0622086469076
0.903622547075
-0.017644421251
0.0622086469076
0.903622547075
0.903622547075
0.903622547075
0.903622547075
0.903622547075
0.903622547075
0.061043125548
0.903622547075
0.903622547075
0.0513791832035
0.0225377070192
0.903622547075
0.903622547075
0.0225377070192
0.903622547075
0.903622547075
0.903622547075
0.903622547075
0.903622547075
0.0225377070192
0.903622547075
0.903622547075
0.903622547075
0.903622547075
0.903622547075
0.903622547075
0.903622547075
-0.0330411460563
0.903622547075
0.903622547075
0.903622547075
0.0225377070192
0.0225377070192
-0.0356257046735
0.0225377070192
0.0266671419849
-0.0330411460563
-0.0234420848821
0.903622547075
-0.0356257046735
0.903622547075
0.0513791832035
-0.0674535907389
0.246549376343
0.903622547075
0.226988835958
0.903622547075
0.226988835958
0.903622547075
0.226988835958
0.903622547075
0.0225377070192
0.903622547075
0.903622547075
0.903622547075
