0.0372729353424
-0.0955285579273
0.0369942628631
0.0371618554826
-0.0949699921842
-0.33394478542
0.0366254301514
0.0370273541414
0.0373771667364
0.0427657940937
-0.33394478542
-0.331795591719
0.017755396453
0.0373771667364
-0.33394478542
0.0367773298088
-0.0954833251993
-0.096017095001
0.0367322612309
-0.331795591719
0.0373771667364
0.0369942628631
0.0367773298088
-0.0944432045023
-0.0944432045023
0.0420362282149
0.0367773298088
0.0176905155631
0.039762083171
0.0373771667364
0.019197641031
0.0373771667364
0.0369942628631
0.0420362282149
-0.331795591719
0.0373771667364
0.0420362282149
-0.0954833251993
-0.096017095001
0.039762083171
0.0367773298088
0.0369942628631
0.0414683346308
-0.0954833251993
0.130115633294
0.132805516409
0.0559024964834
0.0176905155631
0.0369942628631
0.141005686616
0.0420150940659
0.0369942628631
0.0420150940659
-0.331795591719
0.0420362282149
0.0420150940659
0.039762083171
-0.096017095001
0.039762083171
0.0420362282149
0.141049500003
0.127938887294
0.0559024964834
0.12391906981
0.0176905155631
0.141049500003
0.141005686616
0.0414762976822
0.141049500003
0.141049500003
0.141049500003
0.130115633294
0.141005686616
0.141049500003
0.141049500003
0.143848925055
0.125803466758
0.144229312065
0.14389634954
0.141049500003
0.143848925055
0.0367773298088
0.141005686616
0.141092446603
0.143473636993
0.141049500003
0.14389634954
0.128825312304
0.144229312065
0.130115633294
0.144229312065
0.143061549234
0.141092446603
0.14389634954
0.143473636993
0.143848925055
0.143848925055
0.141092446603
0.143821966454
