0.37812682656
0.378589514591
-0.026166580335
-0.0260885890822
-0.0104533926142
-0.0260032794329
0.14192200039
0.379104534016
0.164965659047
0.164965659047
0.139872879353
-0.0264458812773
0.140009284447
-0.106874702399
-0.00654534800703
0.142152740209
0.141800354441
0.37933738943
0.14192200039
0.142017845926
0.650715659047
0.134964743296
-0.00628799503318
0.650715659047
0.142039407188
0.378402131866
0.141760435167
0.650715659047
0.650715659047
0.650715659047
0.16483712868
0.142405066142
0.139746962966
0.493272167231
0.650715659047
0.139282169989
0.510851856009
0.650715659047
0.378591201001
0.650715659047
0.510851856009
0.650715659047
0.378057431199
0.510851856009
0.650715659047
0.142278934481
0.650715659047
0.650715659047
0.650715659047
0.650715659047
0.511451692937
0.493272167231
0.491765041763
0.650715659047
-0.0063575116845
0.493272167231
0.650715659047
-0.226239746043
-0.0259180520693
0.378057431199
0.379631321698
0.650715659047
0.378057431199
0.650715659047
0.14012974078
0.650715659047
0.650715659047
0.491765041763
0.650715659047
0.510851856009
0.650715659047
0.650715659047
0.493272167231
0.650715659047
0.14012974078
0.650715659047
0.650715659047
-0.234571697275
0.650715659047
-0.258437502331
0.650715659047
0.650715659047
0.491765041763
0.650715659047
0.510851856009
0.650715659047
-0.258437502331
0.650715659047
0.650715659047
0.650715659047
0.650715659047
0.650715659047
-0.234571697275
0.491765041763
0.650715659047
0.650715659047
0.650715659047
0.491765041763
0.378057431199
