-0.0976390949227
0.229289416663
-0.0957266718683
-0.10712975627
-0.0306670191814
-0.0974389243798
-0.0957266718683
-0.0954973401452
0.0679173500225
0.0881588123743
0.229327974596
-0.0125114710988
0.229163121493
-0.0971015428832
0.745078890347
0.745078890347
0.745078890347
-0.0306670191814
0.745078890347
0.745078890347
0.229675467364
0.233690205556
0.745078890347
0.745078890347
0.745078890347
0.745078890347
0.745078890347
0.745078890347
0.745078890347
0.745078890347
0.745078890347
0.745078890347
0.745078890347
0.473994552998
0.23449297208
0.0880057196153
0.745078890347
-0.0963350098202
0.745078890347
0.745078890347
0.745078890347
-0.107164473524
0.745078890347
0.0880057196153
0.745078890347
-0.131876514743
-0.0975005311798
0.745078890347
0.745078890347
-0.131876514743
-0.140208465975
0.745078890347
-0.107164473524
-0.176188077979
0.23449297208
0.472954432301
0.236642165781
0.745078890347
0.472420662499
-0.140208465975
0.472420662499
0.0880057196153
0.745078890347
0.472954432301
0.745078890347
0.745078890347
0.745078890347
0.745078890347
0.236642165781
0.745078890347
0.745078890347
0.745078890347
0.745078890347
-0.176188077979
-0.0963350098202
0.745078890347
0.472420662499
0.745078890347
-0.193795340084
0.745078890347
0.745078890347
0.472954432301
-0.19336220797
0.745078890347
-0.136005949709
0.745078890347
-0.19336220797
0.472420662499
0.745078890347
-0.19336220797
0.745078890347
0.745078890347
0.0684451792305
0.745078890347
0.745078890347
0.473994552998
0.745078890347
0.473994552998
-0.231493503068
