0.328374769378
-0.077707222969
0.0883809432584
0.0838992375191
0.0882552221451
0.0840331339039
0.104678731163
0.0905348269876
-0.24292802262
0.0886484756783
0.102551544163
0.0886484756783
-0.176057198325
0.328349537236
0.0838992375191
-0.0776291295132
0.0904180066298
0.102427755028
0.0885340164252
0.0888459315089
0.113796076996
0.327626179685
-0.0573984782755
0.0882552221451
0.327469310492
0.0885340164252
0.0838992375191
0.599688711203
-0.0575654270635
0.0904134205776
0.599688711203
0.599688711203
0.327375184023
0.440738093919
0.0837729423493
0.327564253157
-0.176057198325
0.442245219387
0.599688711203
0.599688711203
0.327856303329
0.465062672422
0.088883210221
-0.0769449999131
0.599688711203
0.459824908165
0.599688711203
0.465083806571
0.464515912987
0.599688711203
0.0839377954524
0.599688711203
0.462809661527
0.462809661527
0.599688711203
0.599688711203
0.599688711203
0.599688711203
0.599688711203
0.599688711203
0.460424745093
0.599688711203
0.465083806571
0.599688711203
0.599688711203
0.599688711203
0.599688711203
0.599688711203
0.599688711203
0.464523876039
0.465062672422
0.599688711203
0.460424745093
0.599688711203
0.459824908165
-0.281396128852
0.440738093919
0.599688711203
0.599688711203
0.599688711203
0.599688711203
0.0912519866376
0.599688711203
-0.241725188964
0.599688711203
0.599688711203
0.460041841219
0.599688711203
0.327030483355
0.599688711203
0.599688711203
-0.321578257122
0.599688711203
0.440738093919
0.599688711203
0.465062672422
0.464523876039
0.599688711203
0.599688711203
