0.262501416113
-0.602710043641
-0.602710043641
-0.602710043641
-0.602710043641
-0.602710043641
-0.602710043641
-0.602710043641
-0.602710043641
-0.602710043641
-0.602710043641
-0.602710043641
-0.602710043641
-0.602710043641
-0.602710043641
-0.602710043641
-0.602710043641
-0.602710043641
-0.602710043641
-0.602710043641
-0.602710043641
-0.602710043641
-0.602710043641
-0.602710043641
-0.602710043641
-0.602710043641
-0.602710043641
-0.602710043641
-0.602710043641
-0.602710043641
-0.602710043641
-0.602710043641
-0.602710043641
-0.602710043641
-0.602710043641
-0.602710043641
-0.602710043641
-0.602710043641
-0.602710043641
-0.602710043641
-0.602710043641
-0.602710043641
-0.602710043641
-0.602710043641
-0.602710043641
-0.602710043641
-0.602710043641
-0.602710043641
-0.602710043641
-0.602710043641
-0.602710043641
-0.602710043641
-0.602710043641
-0.602710043641
-0.602710043641
-0.602710043641
-0.602710043641
-0.602710043641
-0.602710043641
-0.602710043641
-0.602710043641
-0.602710043641
-0.602710043641
-0.602710043641
-0.602710043641
-0.602710043641
-0.602710043641
-0.602710043641
-0.602710043641
-0.602710043641
-0.602710043641
-0.602710043641
-0.602710043641
-0.602710043641
-0.602710043641
-0.602710043641
-0.602710043641
-0.602710043641
-0.602710043641
-0.602710043641
-0.602710043641
-0.602710043641
-0.602710043641
-0.602710043641
-0.602710043641
-0.602710043641
-0.602710043641
-0.602710043641
-0.602710043641
-0.602710043641
-0.602710043641
-0.602710043641
-0.602710043641
-0.602710043641
-0.602710043641
-0.602710043641
-0.602710043641
-0.602710043641
-0.602710043641
