6.09317935145
6.43584010811
6.53466477927
6.53466477927
6.53466477927
6.53466477927
6.53466477927
6.53466477927
6.53466477927
6.53466477927
6.53466477927
6.53466477927
6.53466477927
6.53466477927
6.53466477927
6.53466477927
6.53466477927
6.53466477927
6.53466477927
6.53466477927
6.53466477927
6.53466477927
6.53466477927
6.53466477927
6.53466477927
6.53466477927
6.53466477927
6.53466477927
6.53466477927
6.53466477927
6.53466477927
6.53466477927
6.53466477927
6.53466477927
6.53466477927
6.53466477927
6.53466477927
6.53466477927
6.53466477927
6.53466477927
6.53466477927
6.53466477927
6.53466477927
6.53466477927
6.53466477927
6.53466477927
6.53466477927
6.53466477927
6.53466477927
6.53466477927
6.53466477927
6.53466477927
6.53466477927
6.53466477927
6.53466477927
6.53466477927
6.53466477927
6.53466477927
6.53466477927
6.53466477927
6.53466477927
6.53466477927
6.53466477927
6.53466477927
6.53466477927
6.53466477927
6.53466477927
6.53466477927
6.53466477927
6.53466477927
6.53466477927
6.53466477927
6.53466477927
6.53466477927
6.53466477927
6.53466477927
6.53466477927
6.53466477927
6.53466477927
6.53466477927
6.53466477927
6.53466477927
6.53466477927
6.53466477927
6.53466477927
6.53466477927
6.53466477927
6.53466477927
6.53466477927
6.53466477927
6.53466477927
6.53466477927
6.53466477927
6.53466477927
6.53466477927
6.53466477927
6.53466477927
6.53466477927
6.53466477927
6.53466477927
