26.8637526484
6.67671783368
10.9626218227
10.9626218227
10.9626218227
10.9626218227
10.9626218227
10.9626218227
10.9626218227
10.9626218227
10.9626218227
10.9626218227
10.9626218227
10.9626218227
10.9626218227
10.9626218227
10.9626218227
10.9626218227
10.9626218227
10.9626218227
10.9626218227
10.9626218227
10.9626218227
10.9626218227
10.9626218227
10.9626218227
10.9626218227
10.9626218227
10.9626218227
10.9626218227
10.9626218227
10.9626218227
10.9626218227
10.9626218227
10.9626218227
10.9626218227
10.9626218227
10.9626218227
10.9626218227
10.9626218227
10.9626218227
10.9626218227
10.9626218227
10.9626218227
10.9626218227
10.9626218227
10.9626218227
10.9626218227
10.9626218227
10.9626218227
10.9626218227
10.9626218227
10.9626218227
10.9626218227
10.9626218227
10.9626218227
10.9626218227
10.9626218227
10.9626218227
10.9626218227
10.9626218227
10.9626218227
10.9626218227
10.9626218227
10.9626218227
10.9626218227
10.9626218227
10.9626218227
10.9626218227
10.9626218227
10.9626218227
10.9626218227
10.9626218227
10.9626218227
10.9626218227
10.9626218227
10.9626218227
10.9626218227
10.9626218227
10.9626218227
10.9626218227
10.9626218227
10.9626218227
10.9626218227
10.9626218227
10.9626218227
10.9626218227
10.9626218227
10.9626218227
10.9626218227
10.9626218227
10.9626218227
10.9626218227
10.9626218227
10.9626218227
10.9626218227
10.9626218227
10.9626218227
10.9626218227
10.9626218227
