25.6087645225
29.2775967635
29.2781869332
29.2781689736
29.2781689452
29.2781689457
29.2781689457
29.2781689457
29.2781689457
29.2781689457
29.2781689457
29.2781689457
29.2781689457
29.2781689457
29.2781689457
29.2781689457
29.2781689457
29.2781689457
29.2781689457
29.2781689457
29.2781689457
29.2781689457
29.2781689457
29.2781689457
29.2781689457
29.2781689457
29.2781689457
29.2781689457
29.2781689457
29.2781689457
29.2781689457
29.2781689457
29.2781689457
29.2781689457
29.2781689457
29.2781689457
29.2781689457
29.2781689457
29.2781689457
29.2781689457
29.2781689457
29.2781689457
29.2781689457
29.2781689457
29.2781689457
29.2781689457
29.2781689457
29.2781689457
29.2781689457
29.2781689457
29.2781689457
29.2781689457
29.2781689457
29.2781689457
29.2781689457
29.2781689457
29.2781689457
29.2781689457
29.2781689457
29.2781689457
29.2781689457
29.2781689457
29.2781689457
29.2781689457
29.2781689457
29.2781689457
29.2781689457
29.2781689457
29.2781689457
29.2781689457
29.2781689457
29.2781689457
29.2781689457
29.2781689457
29.2781689457
29.2781689457
29.2781689457
29.2781689457
29.2781689457
29.2781689457
29.2781689457
29.2781689457
29.2781689457
29.2781689457
29.2781689457
29.2781689457
29.2781689457
29.2781689457
29.2781689457
29.2781689457
29.2781689457
29.2781689457
29.2781689457
29.2781689457
29.2781689457
29.2781689457
29.2781689457
29.2781689457
29.2781689457
29.2781689457
