0.380851411179
0.380368830059
0.502093759647
0.494198343322
0.602013851704
0.516548836425
0.495923653278
0.517782571433
0.380988977976
0.602184908109
0.518788325621
0.578060439448
0.51348142873
0.516180088744
0.513616825422
0.517916503115
0.605309529934
0.605336668824
0.517842330496
0.380997716929
0.513190245046
0.51633934603
0.513555084585
0.519329517354
0.38092174901
0.60031354398
0.529566691022
0.518208509114
0.381087937438
0.578017598647
0.577882427573
0.578017598647
0.519220764033
0.605546511188
0.516302374752
0.578017598647
0.605364812274
0.531352048426
0.532279313223
0.380575859871
0.532245038957
0.380923294654
0.60535152165
0.605126709025
0.605239379357
0.38099594949
0.502069328677
0.380506884867
0.577463461331
0.380787230375
0.381184262704
0.605169022516
0.380831471743
0.51339602386
0.380691939293
0.380507270299
0.496060601361
0.529993236007
0.380762175578
0.380437874938
0.5298238884
0.380997716929
0.513356949206
0.381108304108
0.501990771187
0.52953207925
0.530855016199
0.513007074245
0.513007074245
0.605280282243
0.494820863953
0.513431298317
0.519111833733
0.380782575606
0.530958698206
0.513536816323
0.600298398339
0.529819998086
0.605350744696
0.577839546344
0.513206541913
0.52998897996
0.380575859871
0.605350744696
0.381114559592
0.494820863953
0.519220764033
0.605421344085
0.577839546344
0.494198343322
0.578017598647
0.60188865443
0.494227208185
0.513190245046
0.381039148807
0.513169748236
0.516622347739
0.6020433194
0.605406965312
