16.3882907106
6.40386677131
3.2478899892
3.24722078293
3.24722078293
3.24722078293
3.24722078293
3.24722078293
3.24722078293
3.24722078293
3.24722078293
3.24722078293
3.24722078293
3.24722078293
3.24722078293
3.24722078293
3.24722078293
3.24722078293
3.24722078293
3.24722078293
3.24722078293
3.24722078293
3.24722078293
3.24722078293
3.24722078293
3.24722078293
3.24722078293
3.24722078293
3.24722078293
3.24722078293
3.24722078293
3.24722078293
3.24722078293
3.24722078293
3.24722078293
3.24722078293
3.24722078293
3.24722078293
3.24722078293
3.24722078293
3.24722078293
3.24722078293
3.24722078293
3.24722078293
3.24722078293
3.24722078293
3.24722078293
3.24722078293
3.24722078293
3.24722078293
3.24722078293
3.24722078293
3.24722078293
3.24722078293
3.24722078293
3.24722078293
3.24722078293
3.24722078293
3.24722078293
3.24722078293
3.24722078293
3.24722078293
3.24722078293
3.24722078293
3.24722078293
3.24722078293
3.24722078293
3.24722078293
3.24722078293
3.24722078293
3.24722078293
3.24722078293
3.24722078293
3.24722078293
3.24722078293
3.24722078293
3.24722078293
3.24722078293
3.24722078293
3.24722078293
3.24722078293
3.24722078293
3.24722078293
3.24722078293
3.24722078293
3.24722078293
3.24722078293
3.24722078293
3.24722078293
3.24722078293
3.24722078293
3.24722078293
3.24722078293
3.24722078293
3.24722078293
3.24722078293
3.24722078293
3.24722078293
3.24722078293
3.24722078293
