27.5971276581
4.02023336129
3.67330913488
3.67813642335
3.67813609536
3.67813609536
3.67813609536
3.67813609536
3.67813609536
3.67813609536
3.67813609536
3.67813609536
3.67813609536
3.67813609536
3.67813609536
3.67813609536
3.67813609536
3.67813609536
3.67813609536
3.67813609536
3.67813609536
3.67813609536
3.67813609536
3.67813609536
3.67813609536
3.67813609536
3.67813609536
3.67813609536
3.67813609536
3.67813609536
3.67813609536
3.67813609536
3.67813609536
3.67813609536
3.67813609536
3.67813609536
3.67813609536
3.67813609536
3.67813609536
3.67813609536
3.67813609536
3.67813609536
3.67813609536
3.67813609536
3.67813609536
3.67813609536
3.67813609536
3.67813609536
3.67813609536
3.67813609536
3.67813609536
3.67813609536
3.67813609536
3.67813609536
3.67813609536
3.67813609536
3.67813609536
3.67813609536
3.67813609536
3.67813609536
3.67813609536
3.67813609536
3.67813609536
3.67813609536
3.67813609536
3.67813609536
3.67813609536
3.67813609536
3.67813609536
3.67813609536
3.67813609536
3.67813609536
3.67813609536
3.67813609536
3.67813609536
3.67813609536
3.67813609536
3.67813609536
3.67813609536
3.67813609536
3.67813609536
3.67813609536
3.67813609536
3.67813609536
3.67813609536
3.67813609536
3.67813609536
3.67813609536
3.67813609536
3.67813609536
3.67813609536
3.67813609536
3.67813609536
3.67813609536
3.67813609536
3.67813609536
3.67813609536
3.67813609536
3.67813609536
3.67813609536
