6.74514792441
11.5637299456
11.5637299456
11.5637299456
11.5637299456
11.5637299456
11.5637299456
11.5637299456
11.5637299456
11.5637299456
11.5637299456
11.5637299456
11.5637299456
11.5637299456
11.5637299456
11.5637299456
11.5637299456
11.5637299456
11.5637299456
11.5637299456
11.5637299456
11.5637299456
11.5637299456
11.5637299456
11.5637299456
11.5637299456
11.5637299456
11.5637299456
11.5637299456
11.5637299456
11.5637299456
11.5637299456
11.5637299456
11.5637299456
11.5637299456
11.5637299456
11.5637299456
11.5637299456
11.5637299456
11.5637299456
11.5637299456
11.5637299456
11.5637299456
11.5637299456
11.5637299456
11.5637299456
11.5637299456
11.5637299456
11.5637299456
11.5637299456
11.5637299456
11.5637299456
11.5637299456
11.5637299456
11.5637299456
11.5637299456
11.5637299456
11.5637299456
11.5637299456
11.5637299456
11.5637299456
11.5637299456
11.5637299456
11.5637299456
11.5637299456
11.5637299456
11.5637299456
11.5637299456
11.5637299456
11.5637299456
11.5637299456
11.5637299456
11.5637299456
11.5637299456
11.5637299456
11.5637299456
11.5637299456
11.5637299456
11.5637299456
11.5637299456
11.5637299456
11.5637299456
11.5637299456
11.5637299456
11.5637299456
11.5637299456
11.5637299456
11.5637299456
11.5637299456
11.5637299456
11.5637299456
11.5637299456
11.5637299456
11.5637299456
11.5637299456
11.5637299456
11.5637299456
11.5637299456
11.5637299456
11.5637299456
