-0.510116885891
-0.510116885891
-0.510116885891
-0.510116885891
-0.510116885891
-0.510116885891
-0.510116885891
-0.510116885891
-0.510116885891
-0.510116885891
-0.510116885891
-0.510116885891
-0.510116885891
-0.510116885891
-0.510116885891
-0.510116885891
-0.510116885891
-0.510116885891
-0.510116885891
-0.510116885891
-0.510116885891
-0.510116885891
-0.510116885891
-0.510116885891
-0.510116885891
-0.510116885891
-0.510116885891
-0.510116885891
-0.510116885891
-0.510116885891
-0.510116885891
-0.510116885891
-0.510116885891
-0.510116885891
-0.510116885891
-0.510116885891
-0.510116885891
-0.510116885891
-0.510116885891
-0.510116885891
-0.510116885891
-0.510116885891
-0.510116885891
-0.510116885891
-0.510116885891
-0.510116885891
-0.510116885891
-0.510116885891
-0.510116885891
-0.510116885891
-0.510116885891
-0.510116885891
-0.510116885891
-0.510116885891
-0.510116885891
-0.510116885891
-0.510116885891
-0.510116885891
-0.510116885891
-0.510116885891
-0.510116885891
-0.510116885891
-0.510116885891
-0.510116885891
-0.510116885891
-0.510116885891
-0.510116885891
-0.510116885891
-0.510116885891
-0.510116885891
-0.510116885891
-0.510116885891
-0.510116885891
-0.510116885891
-0.510116885891
-0.510116885891
-0.510116885891
-0.510116885891
-0.510116885891
-0.510116885891
-0.510116885891
-0.510116885891
-0.510116885891
-0.510116885891
-0.510116885891
-0.510116885891
-0.510116885891
-0.510116885891
-0.510116885891
-0.510116885891
-0.510116885891
-0.510116885891
-0.510116885891
-0.510116885891
-0.510116885891
-0.510116885891
-0.510116885891
-0.510116885891
-0.510116885891
