16.2296659767
11.6802751603
11.4298023549
11.4401449418
11.4401449418
11.4401449418
11.4401449418
11.4401449418
11.4401449418
11.4401449418
11.4401449418
11.4401449418
11.4401449418
11.4401449418
11.4401449418
11.4401449418
11.4401449418
11.4401449418
11.4401449418
11.4401449418
11.4401449418
11.4401449418
11.4401449418
11.4401449418
11.4401449418
11.4401449418
11.4401449418
11.4401449418
11.4401449418
11.4401449418
11.4401449418
11.4401449418
11.4401449418
11.4401449418
11.4401449418
11.4401449418
11.4401449418
11.4401449418
11.4401449418
11.4401449418
11.4401449418
11.4401449418
11.4401449418
11.4401449418
11.4401449418
11.4401449418
11.4401449418
11.4401449418
11.4401449418
11.4401449418
11.4401449418
11.4401449418
11.4401449418
11.4401449418
11.4401449418
11.4401449418
11.4401449418
11.4401449418
11.4401449418
11.4401449418
11.4401449418
11.4401449418
11.4401449418
11.4401449418
11.4401449418
11.4401449418
11.4401449418
11.4401449418
11.4401449418
11.4401449418
11.4401449418
11.4401449418
11.4401449418
11.4401449418
11.4401449418
11.4401449418
11.4401449418
11.4401449418
11.4401449418
11.4401449418
11.4401449418
11.4401449418
11.4401449418
11.4401449418
11.4401449418
11.4401449418
11.4401449418
11.4401449418
11.4401449418
11.4401449418
11.4401449418
11.4401449418
11.4401449418
11.4401449418
11.4401449418
11.4401449418
11.4401449418
11.4401449418
11.4401449418
11.4401449418
