0.100938377275
-0.0642306412585
0.100938377275
0.100938377275
0.100938377275
0.100938377275
0.100938377275
0.100938377275
0.100938377275
0.100938377275
0.100938377275
0.100938377275
0.100938377275
0.100938377275
0.100938377275
0.100938377275
0.100938377275
0.100938377275
0.100938377275
0.100938377275
0.100938377275
0.100938377275
0.100938377275
0.100938377275
0.100938377275
0.100938377275
0.100938377275
0.100938377275
0.100938377275
0.100938377275
0.100938377275
0.100938377275
0.100938377275
0.100938377275
0.100938377275
0.100938377275
0.100938377275
0.100938377275
0.100938377275
0.100938377275
0.100938377275
0.100938377275
0.100938377275
0.100938377275
0.100938377275
0.100938377275
0.100938377275
0.100938377275
0.100938377275
0.100938377275
0.100938377275
0.100938377275
0.100938377275
0.100938377275
0.100938377275
0.100938377275
0.100938377275
0.100938377275
0.100938377275
0.100938377275
0.100938377275
0.100938377275
0.100938377275
0.100938377275
0.100938377275
0.100938377275
0.100938377275
0.100938377275
0.100938377275
0.100938377275
0.100938377275
0.100938377275
0.100938377275
0.100938377275
0.100938377275
0.100938377275
0.100938377275
0.100938377275
0.100938377275
0.100938377275
0.100938377275
0.100938377275
0.100938377275
0.100938377275
0.100938377275
0.100938377275
0.100938377275
0.100938377275
0.100938377275
0.100938377275
0.100938377275
0.100938377275
0.100938377275
0.100938377275
0.100938377275
0.100938377275
0.100938377275
0.100938377275
0.100938377275
