8.99731195305
11.7240425223
11.2000243375
11.1192442362
11.1198306657
11.1197970788
11.1197970788
11.1197970788
11.1197970788
11.1197970788
11.1197970788
11.1197970788
11.1197970788
11.1197970788
11.1197970788
11.1197970788
11.1197970788
11.1197970788
11.1197970788
11.1197970788
11.1197970788
11.1197970788
11.1197970788
11.1197970788
11.1197970788
11.1197970788
11.1197970788
11.1197970788
11.1197970788
11.1197970788
11.1197970788
11.1197970788
11.1197970788
11.1197970788
11.1197970788
11.1197970788
11.1197970788
11.1197970788
11.1197970788
11.1197970788
11.1197970788
11.1197970788
11.1197970788
11.1197970788
11.1197970788
11.1197970788
11.1197970788
11.1197970788
11.1197970788
11.1197970788
11.1197970788
11.1197970788
11.1197970788
11.1197970788
11.1197970788
11.1197970788
11.1197970788
11.1197970788
11.1197970788
11.1197970788
11.1197970788
11.1197970788
11.1197970788
11.1197970788
11.1197970788
11.1197970788
11.1197970788
11.1197970788
11.1197970788
11.1197970788
11.1197970788
11.1197970788
11.1197970788
11.1197970788
11.1197970788
11.1197970788
11.1197970788
11.1197970788
11.1197970788
11.1197970788
11.1197970788
11.1197970788
11.1197970788
11.1197970788
11.1197970788
11.1197970788
11.1197970788
11.1197970788
11.1197970788
11.1197970788
11.1197970788
11.1197970788
11.1197970788
11.1197970788
11.1197970788
11.1197970788
11.1197970788
11.1197970788
11.1197970788
11.1197970788
