0.21714917342
-0.270594713713
-0.269288955564
0.217622969813
0.217622969813
0.217622969813
0.217622969813
0.217622969813
0.217622969813
0.217622969813
0.217622969813
0.217622969813
0.217622969813
0.217622969813
0.217622969813
0.217622969813
0.217622969813
0.217622969813
0.217622969813
0.217622969813
0.217622969813
0.217622969813
0.217622969813
0.217622969813
0.217622969813
0.217622969813
0.217622969813
0.217622969813
0.217622969813
0.217622969813
0.217622969813
0.217622969813
0.217622969813
0.217622969813
0.217622969813
0.217622969813
0.217622969813
0.217622969813
0.217622969813
0.217622969813
0.217622969813
0.217622969813
0.217622969813
0.217622969813
0.217622969813
0.217622969813
0.217622969813
0.217622969813
0.217622969813
0.217622969813
0.217622969813
0.217622969813
0.217622969813
0.217622969813
0.217622969813
0.217622969813
0.217622969813
0.217622969813
0.217622969813
0.217622969813
0.217622969813
0.217622969813
0.217622969813
0.217622969813
0.217622969813
0.217622969813
0.217622969813
0.217622969813
0.217622969813
0.217622969813
0.217622969813
0.217622969813
0.217622969813
0.217622969813
0.217622969813
0.217622969813
0.217622969813
0.217622969813
0.217622969813
0.217622969813
0.217622969813
0.217622969813
0.217622969813
0.217622969813
0.217622969813
0.217622969813
0.217622969813
0.217622969813
0.217622969813
0.217622969813
0.217622969813
0.217622969813
0.217622969813
0.217622969813
0.217622969813
0.217622969813
0.217622969813
0.217622969813
0.217622969813
