0.219340896978
0.219111962921
-0.265014347183
-0.265144810327
-0.265144810327
-0.265144810327
-0.265144810327
-0.265144810327
-0.265144810327
-0.265144810327
-0.265144810327
-0.265144810327
-0.265144810327
-0.265144810327
-0.265144810327
-0.265144810327
-0.265144810327
-0.265144810327
-0.265144810327
-0.265144810327
-0.265144810327
-0.265144810327
-0.265144810327
-0.265144810327
-0.265144810327
-0.265144810327
-0.265144810327
-0.265144810327
-0.265144810327
-0.265144810327
-0.265144810327
-0.265144810327
-0.265144810327
-0.265144810327
-0.265144810327
-0.265144810327
-0.265144810327
-0.265144810327
-0.265144810327
-0.265144810327
-0.265144810327
-0.265144810327
-0.265144810327
-0.265144810327
-0.265144810327
-0.265144810327
-0.265144810327
-0.265144810327
-0.265144810327
-0.265144810327
-0.265144810327
-0.265144810327
-0.265144810327
-0.265144810327
-0.265144810327
-0.265144810327
-0.265144810327
-0.265144810327
-0.265144810327
-0.265144810327
-0.265144810327
-0.265144810327
-0.265144810327
-0.265144810327
-0.265144810327
-0.265144810327
-0.265144810327
-0.265144810327
-0.265144810327
-0.265144810327
-0.265144810327
-0.265144810327
-0.265144810327
-0.265144810327
-0.265144810327
-0.265144810327
-0.265144810327
-0.265144810327
-0.265144810327
-0.265144810327
-0.265144810327
-0.265144810327
-0.265144810327
-0.265144810327
-0.265144810327
-0.265144810327
-0.265144810327
-0.265144810327
-0.265144810327
-0.265144810327
-0.265144810327
-0.265144810327
-0.265144810327
-0.265144810327
-0.265144810327
-0.265144810327
-0.265144810327
-0.265144810327
-0.265144810327
