25.5858559388
25.5309696927
25.5334793774
25.5334792404
25.5334792404
25.5334792404
25.5334792404
25.5334792404
25.5334792404
25.5334792404
25.5334792404
25.5334792404
25.5334792404
25.5334792404
25.5334792404
25.5334792404
25.5334792404
25.5334792404
25.5334792404
25.5334792404
25.5334792404
25.5334792404
25.5334792404
25.5334792404
25.5334792404
25.5334792404
25.5334792404
25.5334792404
25.5334792404
25.5334792404
25.5334792404
25.5334792404
25.5334792404
25.5334792404
25.5334792404
25.5334792404
25.5334792404
25.5334792404
25.5334792404
25.5334792404
25.5334792404
25.5334792404
25.5334792404
25.5334792404
25.5334792404
25.5334792404
25.5334792404
25.5334792404
25.5334792404
25.5334792404
25.5334792404
25.5334792404
25.5334792404
25.5334792404
25.5334792404
25.5334792404
25.5334792404
25.5334792404
25.5334792404
25.5334792404
25.5334792404
25.5334792404
25.5334792404
25.5334792404
25.5334792404
25.5334792404
25.5334792404
25.5334792404
25.5334792404
25.5334792404
25.5334792404
25.5334792404
25.5334792404
25.5334792404
25.5334792404
25.5334792404
25.5334792404
25.5334792404
25.5334792404
25.5334792404
25.5334792404
25.5334792404
25.5334792404
25.5334792404
25.5334792404
25.5334792404
25.5334792404
25.5334792404
25.5334792404
25.5334792404
25.5334792404
25.5334792404
25.5334792404
25.5334792404
25.5334792404
25.5334792404
25.5334792404
25.5334792404
25.5334792404
25.5334792404
