5.12777761542
3.20409006144
2.59669688767
2.59669688767
2.59669688767
2.59669688767
2.59669688767
2.59669688767
2.59669688767
2.59669688767
2.59669688767
2.59669688767
2.59669688767
2.59669688767
2.59669688767
2.59669688767
2.59669688767
2.59669688767
2.59669688767
2.59669688767
2.59669688767
2.59669688767
2.59669688767
2.59669688767
2.59669688767
2.59669688767
2.59669688767
2.59669688767
2.59669688767
2.59669688767
2.59669688767
2.59669688767
2.59669688767
2.59669688767
2.59669688767
2.59669688767
2.59669688767
2.59669688767
2.59669688767
2.59669688767
2.59669688767
2.59669688767
2.59669688767
2.59669688767
2.59669688767
2.59669688767
2.59669688767
2.59669688767
2.59669688767
2.59669688767
2.59669688767
2.59669688767
2.59669688767
2.59669688767
2.59669688767
2.59669688767
2.59669688767
2.59669688767
2.59669688767
2.59669688767
2.59669688767
2.59669688767
2.59669688767
2.59669688767
2.59669688767
2.59669688767
2.59669688767
2.59669688767
2.59669688767
2.59669688767
2.59669688767
2.59669688767
2.59669688767
2.59669688767
2.59669688767
2.59669688767
2.59669688767
2.59669688767
2.59669688767
2.59669688767
2.59669688767
2.59669688767
2.59669688767
2.59669688767
2.59669688767
2.59669688767
2.59669688767
2.59669688767
2.59669688767
2.59669688767
2.59669688767
2.59669688767
2.59669688767
2.59669688767
2.59669688767
2.59669688767
2.59669688767
2.59669688767
2.59669688767
2.59669688767
