0.120730304518
-0.826502273629
-0.826502273629
-0.826239806437
-0.826239806437
-0.826239806437
-0.826239806437
-0.826239806437
-0.826239806437
-0.826239806437
-0.826239806437
-0.826239806437
-0.826239806437
-0.826239806437
-0.826239806437
-0.826239806437
-0.826239806437
-0.826239806437
-0.826239806437
-0.826239806437
-0.826239806437
-0.826239806437
-0.826239806437
-0.826239806437
-0.826239806437
-0.826239806437
-0.826239806437
-0.826239806437
-0.826239806437
-0.826239806437
-0.826239806437
-0.826239806437
-0.826239806437
-0.826239806437
-0.826239806437
-0.826239806437
-0.826239806437
-0.826239806437
-0.826239806437
-0.826239806437
-0.826239806437
-0.826239806437
-0.826239806437
-0.826239806437
-0.826239806437
-0.826239806437
-0.826239806437
-0.826239806437
-0.826239806437
-0.826239806437
-0.826239806437
-0.826239806437
-0.826239806437
-0.826239806437
-0.826239806437
-0.826239806437
-0.826239806437
-0.826239806437
-0.826239806437
-0.826239806437
-0.826239806437
-0.826239806437
-0.826239806437
-0.826239806437
-0.826239806437
-0.826239806437
-0.826239806437
-0.826239806437
-0.826239806437
-0.826239806437
-0.826239806437
-0.826239806437
-0.826239806437
-0.826239806437
-0.826239806437
-0.826239806437
-0.826239806437
-0.826239806437
-0.826239806437
-0.826239806437
-0.826239806437
-0.826239806437
-0.826239806437
-0.826239806437
-0.826239806437
-0.826239806437
-0.826239806437
-0.826239806437
-0.826239806437
-0.826239806437
-0.826239806437
-0.826239806437
-0.826239806437
-0.826239806437
-0.826239806437
-0.826239806437
-0.826239806437
-0.826239806437
-0.826239806437
