-0.839637432097
-0.839778259586
-0.111213841114
-0.111213841114
-0.111213841114
-0.111213841114
-0.111213841114
-0.111213841114
-0.111213841114
-0.111213841114
-0.111213841114
-0.111213841114
-0.111213841114
-0.111213841114
-0.111213841114
-0.111213841114
-0.111213841114
-0.111213841114
-0.111213841114
-0.111213841114
-0.111213841114
-0.111213841114
-0.111213841114
-0.111213841114
-0.111213841114
-0.111213841114
-0.111213841114
-0.111213841114
-0.111213841114
-0.111213841114
-0.111213841114
-0.111213841114
-0.111213841114
-0.111213841114
-0.111213841114
-0.111213841114
-0.111213841114
-0.111213841114
-0.111213841114
-0.111213841114
-0.111213841114
-0.111213841114
-0.111213841114
-0.111213841114
-0.111213841114
-0.111213841114
-0.111213841114
-0.111213841114
-0.111213841114
-0.111213841114
-0.111213841114
-0.111213841114
-0.111213841114
-0.111213841114
-0.111213841114
-0.111213841114
-0.111213841114
-0.111213841114
-0.111213841114
-0.111213841114
-0.111213841114
-0.111213841114
-0.111213841114
-0.111213841114
-0.111213841114
-0.111213841114
-0.111213841114
-0.111213841114
-0.111213841114
-0.111213841114
-0.111213841114
-0.111213841114
-0.111213841114
-0.111213841114
-0.111213841114
-0.111213841114
-0.111213841114
-0.111213841114
-0.111213841114
-0.111213841114
-0.111213841114
-0.111213841114
-0.111213841114
-0.111213841114
-0.111213841114
-0.111213841114
-0.111213841114
-0.111213841114
-0.111213841114
-0.111213841114
-0.111213841114
-0.111213841114
-0.111213841114
-0.111213841114
-0.111213841114
-0.111213841114
-0.111213841114
-0.111213841114
-0.111213841114
