9.09958450242
19.9042573153
19.9047645136
19.9046721319
19.9046721319
19.9046721319
19.9046721319
19.9046721319
19.9046721319
19.9046721319
19.9046721319
19.9046721319
19.9046721319
19.9046721319
19.9046721319
19.9046721319
19.9046721319
19.9046721319
19.9046721319
19.9046721319
19.9046721319
19.9046721319
19.9046721319
19.9046721319
19.9046721319
19.9046721319
19.9046721319
19.9046721319
19.9046721319
19.9046721319
19.9046721319
19.9046721319
19.9046721319
19.9046721319
19.9046721319
19.9046721319
19.9046721319
19.9046721319
19.9046721319
19.9046721319
19.9046721319
19.9046721319
19.9046721319
19.9046721319
19.9046721319
19.9046721319
19.9046721319
19.9046721319
19.9046721319
19.9046721319
19.9046721319
19.9046721319
19.9046721319
19.9046721319
19.9046721319
19.9046721319
19.9046721319
19.9046721319
19.9046721319
19.9046721319
19.9046721319
19.9046721319
19.9046721319
19.9046721319
19.9046721319
19.9046721319
19.9046721319
19.9046721319
19.9046721319
19.9046721319
19.9046721319
19.9046721319
19.9046721319
19.9046721319
19.9046721319
19.9046721319
19.9046721319
19.9046721319
19.9046721319
19.9046721319
19.9046721319
19.9046721319
19.9046721319
19.9046721319
19.9046721319
19.9046721319
19.9046721319
19.9046721319
19.9046721319
19.9046721319
19.9046721319
19.9046721319
19.9046721319
19.9046721319
19.9046721319
19.9046721319
19.9046721319
19.9046721319
19.9046721319
19.9046721319
