0.000677472314239
0.000705010241587
-0.000331486697701
-0.000331486697701
-0.000331486697701
-0.000331486697701
-0.000331486697701
-0.000331486697701
-0.000331486697701
-0.000331486697701
-0.000331486697701
-0.000331486697701
-0.000331486697701
-0.000331486697701
-0.000331486697701
-0.000331486697701
-0.000331486697701
-0.000331486697701
-0.000331486697701
-0.000331486697701
-0.000331486697701
-0.000331486697701
-0.000331486697701
-0.000331486697701
-0.000331486697701
-0.000331486697701
-0.000331486697701
-0.000331486697701
-0.000331486697701
-0.000331486697701
-0.000331486697701
-0.000331486697701
-0.000331486697701
-0.000331486697701
-0.000331486697701
-0.000331486697701
-0.000331486697701
-0.000331486697701
-0.000331486697701
-0.000331486697701
-0.000331486697701
-0.000331486697701
-0.000331486697701
-0.000331486697701
-0.000331486697701
-0.000331486697701
-0.000331486697701
-0.000331486697701
-0.000331486697701
-0.000331486697701
-0.000331486697701
-0.000331486697701
-0.000331486697701
-0.000331486697701
-0.000331486697701
-0.000331486697701
-0.000331486697701
-0.000331486697701
-0.000331486697701
-0.000331486697701
-0.000331486697701
-0.000331486697701
-0.000331486697701
-0.000331486697701
-0.000331486697701
-0.000331486697701
-0.000331486697701
-0.000331486697701
-0.000331486697701
-0.000331486697701
-0.000331486697701
-0.000331486697701
-0.000331486697701
-0.000331486697701
-0.000331486697701
-0.000331486697701
-0.000331486697701
-0.000331486697701
-0.000331486697701
-0.000331486697701
-0.000331486697701
-0.000331486697701
-0.000331486697701
-0.000331486697701
-0.000331486697701
-0.000331486697701
-0.000331486697701
-0.000331486697701
-0.000331486697701
-0.000331486697701
-0.000331486697701
-0.000331486697701
-0.000331486697701
-0.000331486697701
-0.000331486697701
-0.000331486697701
-0.000331486697701
-0.000331486697701
-0.000331486697701
