15.3475232806
6.40458972854
6.45593378214
6.45458454685
6.45458453143
6.45458453143
6.45458453143
6.45458453143
6.45458453143
6.45458453143
6.45458453143
6.45458453143
6.45458453143
6.45458453143
6.45458453143
6.45458453143
6.45458453143
6.45458453143
6.45458453143
6.45458453143
6.45458453143
6.45458453143
6.45458453143
6.45458453143
6.45458453143
6.45458453143
6.45458453143
6.45458453143
6.45458453143
6.45458453143
6.45458453143
6.45458453143
6.45458453143
6.45458453143
6.45458453143
6.45458453143
6.45458453143
6.45458453143
6.45458453143
6.45458453143
6.45458453143
6.45458453143
6.45458453143
6.45458453143
6.45458453143
6.45458453143
6.45458453143
6.45458453143
6.45458453143
6.45458453143
6.45458453143
6.45458453143
6.45458453143
6.45458453143
6.45458453143
6.45458453143
6.45458453143
6.45458453143
6.45458453143
6.45458453143
6.45458453143
6.45458453143
6.45458453143
6.45458453143
6.45458453143
6.45458453143
6.45458453143
6.45458453143
6.45458453143
6.45458453143
6.45458453143
6.45458453143
6.45458453143
6.45458453143
6.45458453143
6.45458453143
6.45458453143
6.45458453143
6.45458453143
6.45458453143
6.45458453143
6.45458453143
6.45458453143
6.45458453143
6.45458453143
6.45458453143
6.45458453143
6.45458453143
6.45458453143
6.45458453143
6.45458453143
6.45458453143
6.45458453143
6.45458453143
6.45458453143
6.45458453143
6.45458453143
6.45458453143
6.45458453143
6.45458453143
