-0.111698850879
-0.0944749545024
0.0106383113433
0.0105811768034
0.0105811768034
0.0105811768034
0.0105811768034
0.0105811768034
0.0105811768034
0.0105811768034
0.0105811768034
0.0105811768034
0.0105811768034
0.0105811768034
0.0105811768034
0.0105811768034
0.0105811768034
0.0105811768034
0.0105811768034
0.0105811768034
0.0105811768034
0.0105811768034
0.0105811768034
0.0105811768034
0.0105811768034
0.0105811768034
0.0105811768034
0.0105811768034
0.0105811768034
0.0105811768034
0.0105811768034
0.0105811768034
0.0105811768034
0.0105811768034
0.0105811768034
0.0105811768034
0.0105811768034
0.0105811768034
0.0105811768034
0.0105811768034
0.0105811768034
0.0105811768034
0.0105811768034
0.0105811768034
0.0105811768034
0.0105811768034
0.0105811768034
0.0105811768034
0.0105811768034
0.0105811768034
0.0105811768034
0.0105811768034
0.0105811768034
0.0105811768034
0.0105811768034
0.0105811768034
0.0105811768034
0.0105811768034
0.0105811768034
0.0105811768034
0.0105811768034
0.0105811768034
0.0105811768034
0.0105811768034
0.0105811768034
0.0105811768034
0.0105811768034
0.0105811768034
0.0105811768034
0.0105811768034
0.0105811768034
0.0105811768034
0.0105811768034
0.0105811768034
0.0105811768034
0.0105811768034
0.0105811768034
0.0105811768034
0.0105811768034
0.0105811768034
0.0105811768034
0.0105811768034
0.0105811768034
0.0105811768034
0.0105811768034
0.0105811768034
0.0105811768034
0.0105811768034
0.0105811768034
0.0105811768034
0.0105811768034
0.0105811768034
0.0105811768034
0.0105811768034
0.0105811768034
0.0105811768034
0.0105811768034
0.0105811768034
0.0105811768034
