-0.0323809206562
-0.0214115570412
-0.00725361974818
-0.00725361974818
-0.00725361974818
-0.00725361974818
-0.00725361974818
-0.00725361974818
-0.00725361974818
-0.00725361974818
-0.00725361974818
-0.00725361974818
-0.00725361974818
-0.00725361974818
-0.00725361974818
-0.00725361974818
-0.00725361974818
-0.00725361974818
-0.00725361974818
-0.00725361974818
-0.00725361974818
-0.00725361974818
-0.00725361974818
-0.00725361974818
-0.00725361974818
-0.00725361974818
-0.00725361974818
-0.00725361974818
-0.00725361974818
-0.00725361974818
-0.00725361974818
-0.00725361974818
-0.00725361974818
-0.00725361974818
-0.00725361974818
-0.00725361974818
-0.00725361974818
-0.00725361974818
-0.00725361974818
-0.00725361974818
-0.00725361974818
-0.00725361974818
-0.00725361974818
-0.00725361974818
-0.00725361974818
-0.00725361974818
-0.00725361974818
-0.00725361974818
-0.00725361974818
-0.00725361974818
-0.00725361974818
-0.00725361974818
-0.00725361974818
-0.00725361974818
-0.00725361974818
-0.00725361974818
-0.00725361974818
-0.00725361974818
-0.00725361974818
-0.00725361974818
-0.00725361974818
-0.00725361974818
-0.00725361974818
-0.00725361974818
-0.00725361974818
-0.00725361974818
-0.00725361974818
-0.00725361974818
-0.00725361974818
-0.00725361974818
-0.00725361974818
-0.00725361974818
-0.00725361974818
-0.00725361974818
-0.00725361974818
-0.00725361974818
-0.00725361974818
-0.00725361974818
-0.00725361974818
-0.00725361974818
-0.00725361974818
-0.00725361974818
-0.00725361974818
-0.00725361974818
-0.00725361974818
-0.00725361974818
-0.00725361974818
-0.00725361974818
-0.00725361974818
-0.00725361974818
-0.00725361974818
-0.00725361974818
-0.00725361974818
-0.00725361974818
-0.00725361974818
-0.00725361974818
-0.00725361974818
-0.00725361974818
-0.00725361974818
