5.31579086106
22.0257469115
21.9646477169
21.9648639765
21.9648639765
21.9648639765
21.9648639765
21.9648639765
21.9648639765
21.9648639765
21.9648639765
21.9648639765
21.9648639765
21.9648639765
21.9648639765
21.9648639765
21.9648639765
21.9648639765
21.9648639765
21.9648639765
21.9648639765
21.9648639765
21.9648639765
21.9648639765
21.9648639765
21.9648639765
21.9648639765
21.9648639765
21.9648639765
21.9648639765
21.9648639765
21.9648639765
21.9648639765
21.9648639765
21.9648639765
21.9648639765
21.9648639765
21.9648639765
21.9648639765
21.9648639765
21.9648639765
21.9648639765
21.9648639765
21.9648639765
21.9648639765
21.9648639765
21.9648639765
21.9648639765
21.9648639765
21.9648639765
21.9648639765
21.9648639765
21.9648639765
21.9648639765
21.9648639765
21.9648639765
21.9648639765
21.9648639765
21.9648639765
21.9648639765
21.9648639765
21.9648639765
21.9648639765
21.9648639765
21.9648639765
21.9648639765
21.9648639765
21.9648639765
21.9648639765
21.9648639765
21.9648639765
21.9648639765
21.9648639765
21.9648639765
21.9648639765
21.9648639765
21.9648639765
21.9648639765
21.9648639765
21.9648639765
21.9648639765
21.9648639765
21.9648639765
21.9648639765
21.9648639765
21.9648639765
21.9648639765
21.9648639765
21.9648639765
21.9648639765
21.9648639765
21.9648639765
21.9648639765
21.9648639765
21.9648639765
21.9648639765
21.9648639765
21.9648639765
21.9648639765
21.9648639765
