27.7770373308
18.6353057789
18.6336393686
18.6333518415
18.6333515711
18.6333515711
18.6333515711
18.6333515711
18.6333515711
18.6333515711
18.6333515711
18.6333515711
18.6333515711
18.6333515711
18.6333515711
18.6333515711
18.6333515711
18.6333515711
18.6333515711
18.6333515711
18.6333515711
18.6333515711
18.6333515711
18.6333515711
18.6333515711
18.6333515711
18.6333515711
18.6333515711
18.6333515711
18.6333515711
18.6333515711
18.6333515711
18.6333515711
18.6333515711
18.6333515711
18.6333515711
18.6333515711
18.6333515711
18.6333515711
18.6333515711
18.6333515711
18.6333515711
18.6333515711
18.6333515711
18.6333515711
18.6333515711
18.6333515711
18.6333515711
18.6333515711
18.6333515711
18.6333515711
18.6333515711
18.6333515711
18.6333515711
18.6333515711
18.6333515711
18.6333515711
18.6333515711
18.6333515711
18.6333515711
18.6333515711
18.6333515711
18.6333515711
18.6333515711
18.6333515711
18.6333515711
18.6333515711
18.6333515711
18.6333515711
18.6333515711
18.6333515711
18.6333515711
18.6333515711
18.6333515711
18.6333515711
18.6333515711
18.6333515711
18.6333515711
18.6333515711
18.6333515711
18.6333515711
18.6333515711
18.6333515711
18.6333515711
18.6333515711
18.6333515711
18.6333515711
18.6333515711
18.6333515711
18.6333515711
18.6333515711
18.6333515711
18.6333515711
18.6333515711
18.6333515711
18.6333515711
18.6333515711
18.6333515711
18.6333515711
18.6333515711
