0.348948153902
0.348401295686
-0.341769860875
-0.346472871577
-0.347366170185
-0.347366170185
-0.347366170185
-0.347366170185
-0.347366170185
-0.347366170185
-0.347366170185
-0.346930318664
-0.346930318664
-0.347366170185
-0.347366170185
-0.347366170185
-0.347366170185
-0.347366170185
-0.346930318664
-0.347366170185
-0.347366170185
-0.347366170185
-0.346930318664
-0.346930318664
-0.347366170185
-0.347366170185
-0.346930318664
-0.346930318664
-0.346930318664
-0.347366170185
-0.346930318664
-0.347366170185
-0.347366170185
-0.347366170185
-0.347366170185
-0.347366170185
-0.346930318664
-0.347366170185
-0.347366170185
-0.347366170185
-0.346930318664
-0.347366170185
-0.347366170185
-0.346930318664
-0.347366170185
-0.347366170185
-0.347366170185
-0.346930318664
-0.347366170185
-0.346930318664
-0.347366170185
-0.347366170185
-0.347366170185
-0.346930318664
-0.347366170185
-0.347366170185
-0.346930318664
-0.347366170185
-0.347366170185
-0.347366170185
-0.347366170185
-0.347366170185
-0.347366170185
-0.347366170185
-0.347366170185
-0.346930318664
-0.347366170185
-0.347366170185
-0.347366170185
-0.347366170185
-0.347366170185
-0.347366170185
-0.347366170185
-0.347366170185
-0.347366170185
-0.346930318664
-0.346930318664
-0.347366170185
-0.346930318664
-0.347366170185
-0.347366170185
-0.347366170185
-0.347366170185
-0.347366170185
-0.346930318664
-0.347366170185
-0.346930318664
-0.346930318664
-0.347366170185
-0.346930318664
-0.346930318664
-0.347366170185
-0.347366170185
-0.346930318664
-0.347366170185
-0.347366170185
-0.347366170185
-0.347366170185
-0.347366170185
