3.43802575092
12.4755269166
12.4780878407
12.4780872781
12.4780872781
12.4780872781
12.4780872781
12.4780872781
12.4780872781
12.4780872781
12.4780872781
12.4780872781
12.4780872781
12.4780872781
12.4780872781
12.4780872781
12.4780872781
12.4780872781
12.4780872781
12.4780872781
12.4780872781
12.4780872781
12.4780872781
12.4780872781
12.4780872781
12.4780872781
12.4780872781
12.4780872781
12.4780872781
12.4780872781
12.4780872781
12.4780872781
12.4780872781
12.4780872781
12.4780872781
12.4780872781
12.4780872781
12.4780872781
12.4780872781
12.4780872781
12.4780872781
12.4780872781
12.4780872781
12.4780872781
12.4780872781
12.4780872781
12.4780872781
12.4780872781
12.4780872781
12.4780872781
12.4780872781
12.4780872781
12.4780872781
12.4780872781
12.4780872781
12.4780872781
12.4780872781
12.4780872781
12.4780872781
12.4780872781
12.4780872781
12.4780872781
12.4780872781
12.4780872781
12.4780872781
12.4780872781
12.4780872781
12.4780872781
12.4780872781
12.4780872781
12.4780872781
12.4780872781
12.4780872781
12.4780872781
12.4780872781
12.4780872781
12.4780872781
12.4780872781
12.4780872781
12.4780872781
12.4780872781
12.4780872781
12.4780872781
12.4780872781
12.4780872781
12.4780872781
12.4780872781
12.4780872781
12.4780872781
12.4780872781
12.4780872781
12.4780872781
12.4780872781
12.4780872781
12.4780872781
12.4780872781
12.4780872781
12.4780872781
12.4780872781
12.4780872781
