10.7225918971
25.6913243849
25.6913243849
25.6913243849
25.6913243849
25.6913243849
25.6913243849
25.6913243849
25.6913243849
25.6913243849
25.6913243849
25.6913243849
25.6913243849
25.6913243849
25.6913243849
25.6913243849
25.6913243849
25.6913243849
25.6913243849
25.6913243849
25.6913243849
25.6913243849
25.6913243849
25.6913243849
25.6913243849
25.6913243849
25.6913243849
25.6913243849
25.6913243849
25.6913243849
25.6913243849
25.6913243849
25.6913243849
25.6913243849
25.6913243849
25.6913243849
25.6913243849
25.6913243849
25.6913243849
25.6913243849
25.6913243849
25.6913243849
25.6913243849
25.6913243849
25.6913243849
25.6913243849
25.6913243849
25.6913243849
25.6913243849
25.6913243849
25.6913243849
25.6913243849
25.6913243849
25.6913243849
25.6913243849
25.6913243849
25.6913243849
25.6913243849
25.6913243849
25.6913243849
25.6913243849
25.6913243849
25.6913243849
25.6913243849
25.6913243849
25.6913243849
25.6913243849
25.6913243849
25.6913243849
25.6913243849
25.6913243849
25.6913243849
25.6913243849
25.6913243849
25.6913243849
25.6913243849
25.6913243849
25.6913243849
25.6913243849
25.6913243849
25.6913243849
25.6913243849
25.6913243849
25.6913243849
25.6913243849
25.6913243849
25.6913243849
25.6913243849
25.6913243849
25.6913243849
25.6913243849
25.6913243849
25.6913243849
25.6913243849
25.6913243849
25.6913243849
25.6913243849
25.6913243849
25.6913243849
25.6913243849
