15.2608183506
14.890152621
14.7733697199
14.7742699017
14.7742679621
14.7742679621
14.7742679621
14.7742679621
14.7742679621
14.7742679621
14.7742679621
14.7742679621
14.7742679621
14.7742679621
14.7742679621
14.7742679621
14.7742679621
14.7742679621
14.7742679621
14.7742679621
14.7742679621
14.7742679621
14.7742679621
14.7742679621
14.7742679621
14.7742679621
14.7742679621
14.7742679621
14.7742679621
14.7742679621
14.7742679621
14.7742679621
14.7742679621
14.7742679621
14.7742679621
14.7742679621
14.7742679621
14.7742679621
14.7742679621
14.7742679621
14.7742679621
14.7742679621
14.7742679621
14.7742679621
14.7742679621
14.7742679621
14.7742679621
14.7742679621
14.7742679621
14.7742679621
14.7742679621
14.7742679621
14.7742679621
14.7742679621
14.7742679621
14.7742679621
14.7742679621
14.7742679621
14.7742679621
14.7742679621
14.7742679621
14.7742679621
14.7742679621
14.7742679621
14.7742679621
14.7742679621
14.7742679621
14.7742679621
14.7742679621
14.7742679621
14.7742679621
14.7742679621
14.7742679621
14.7742679621
14.7742679621
14.7742679621
14.7742679621
14.7742679621
14.7742679621
14.7742679621
14.7742679621
14.7742679621
14.7742679621
14.7742679621
14.7742679621
14.7742679621
14.7742679621
14.7742679621
14.7742679621
14.7742679621
14.7742679621
14.7742679621
14.7742679621
14.7742679621
14.7742679621
14.7742679621
14.7742679621
14.7742679621
14.7742679621
14.7742679621
