-0.280422654321
0.544016701229
0.216399305854
-0.2904278658
-0.290681432719
-0.290681432719
-0.290681432719
-0.290681432719
-0.290681432719
-0.290681432719
-0.290681432719
-0.290681432719
-0.290681432719
-0.290681432719
-0.290681432719
-0.290681432719
-0.290681432719
-0.290681432719
-0.290681432719
-0.290681432719
-0.290681432719
-0.290681432719
-0.290681432719
-0.290681432719
-0.290681432719
-0.290681432719
-0.290681432719
-0.290681432719
-0.290681432719
-0.290681432719
-0.290681432719
-0.290681432719
-0.290681432719
-0.290681432719
-0.290681432719
-0.290681432719
-0.290681432719
-0.290681432719
-0.290681432719
-0.290681432719
-0.290681432719
-0.290681432719
-0.290681432719
-0.290681432719
-0.290681432719
-0.290681432719
-0.290681432719
-0.290681432719
-0.290681432719
-0.290681432719
-0.290681432719
-0.290681432719
-0.290681432719
-0.290681432719
-0.290681432719
-0.290681432719
-0.290681432719
-0.290681432719
-0.290681432719
-0.290681432719
-0.290681432719
-0.290681432719
-0.290681432719
-0.290681432719
-0.290681432719
-0.290681432719
-0.290681432719
-0.290681432719
-0.290681432719
-0.290681432719
-0.290681432719
-0.290681432719
-0.290681432719
-0.290681432719
-0.290681432719
-0.290681432719
-0.290681432719
-0.290681432719
-0.290681432719
-0.290681432719
-0.290681432719
-0.290681432719
-0.290681432719
-0.290681432719
-0.290681432719
-0.290681432719
-0.290681432719
-0.290681432719
-0.290681432719
-0.290681432719
-0.290681432719
-0.290681432719
-0.290681432719
-0.290681432719
-0.290681432719
-0.290681432719
-0.290681432719
-0.290681432719
-0.290681432719
