3.39688642568
22.6211496565
17.3380699269
16.9053627218
16.861501168
16.8614993144
16.8614993144
16.8614993144
16.8614993144
16.8614993144
16.8614993144
16.8614993144
16.8614993144
16.8614993144
16.8614993144
16.8614993144
16.8614993144
16.8614993144
16.8614993144
16.8614993144
16.8614993144
16.8614993144
16.8614993144
16.8614993144
16.8614993144
16.8614993144
16.8614993144
16.8614993144
16.8614993144
16.8614993144
16.8614993144
16.8614993144
16.8614993144
16.8614993144
16.8614993144
16.8614993144
16.8614993144
16.8614993144
16.8614993144
16.8614993144
16.8614993144
16.8614993144
16.8614993144
16.8614993144
16.8614993144
16.8614993144
16.8614993144
16.8614993144
16.8614993144
16.8614993144
16.8614993144
16.8614993144
16.8614993144
16.8614993144
16.8614993144
16.8614993144
16.8614993144
16.8614993144
16.8614993144
16.8614993144
16.8614993144
16.8614993144
16.8614993144
16.8614993144
16.8614993144
16.8614993144
16.8614993144
16.8614993144
16.8614993144
16.8614993144
16.8614993144
16.8614993144
16.8614993144
16.8614993144
16.8614993144
16.8614993144
16.8614993144
16.8614993144
16.8614993144
16.8614993144
16.8614993144
16.8614993144
16.8614993144
16.8614993144
16.8614993144
16.8614993144
16.8614993144
16.8614993144
16.8614993144
16.8614993144
16.8614993144
16.8614993144
16.8614993144
16.8614993144
16.8614993144
16.8614993144
16.8614993144
16.8614993144
16.8614993144
16.8614993144
