-0.509422639708
-0.509689626759
-0.507809927511
-0.507809927511
-0.507809927511
-0.507809927511
-0.507809927511
-0.507809927511
-0.507809927511
-0.507809927511
-0.507809927511
-0.507809927511
-0.507809927511
-0.507809927511
-0.507809927511
-0.507809927511
-0.507809927511
-0.507809927511
-0.507809927511
-0.507809927511
-0.507809927511
-0.507809927511
-0.507809927511
-0.507809927511
-0.507809927511
-0.507809927511
-0.507809927511
-0.507809927511
-0.507809927511
-0.507809927511
-0.507809927511
-0.507809927511
-0.507809927511
-0.507809927511
-0.507809927511
-0.507809927511
-0.507809927511
-0.507809927511
-0.507809927511
-0.507809927511
-0.507809927511
-0.507809927511
-0.507809927511
-0.507809927511
-0.507809927511
-0.507809927511
-0.507809927511
-0.507809927511
-0.507809927511
-0.507809927511
-0.507809927511
-0.507809927511
-0.507809927511
-0.507809927511
-0.507809927511
-0.507809927511
-0.507809927511
-0.507809927511
-0.507809927511
-0.507809927511
-0.507809927511
-0.507809927511
-0.507809927511
-0.507809927511
-0.507809927511
-0.507809927511
-0.507809927511
-0.507809927511
-0.507809927511
-0.507809927511
-0.507809927511
-0.507809927511
-0.507809927511
-0.507809927511
-0.507809927511
-0.507809927511
-0.507809927511
-0.507809927511
-0.507809927511
-0.507809927511
-0.507809927511
-0.507809927511
-0.507809927511
-0.507809927511
-0.507809927511
-0.507809927511
-0.507809927511
-0.507809927511
-0.507809927511
-0.507809927511
-0.507809927511
-0.507809927511
-0.507809927511
-0.507809927511
-0.507809927511
-0.507809927511
-0.507809927511
-0.507809927511
-0.507809927511
