12.3588052315
1.62760092456
1.6266458937
1.62664634249
1.62664634249
1.62664634249
1.62664634249
1.62664634249
1.62664634249
1.62664634249
1.62664634249
1.62664634249
1.62664634249
1.62664634249
1.62664634249
1.62664634249
1.62664634249
1.62664634249
1.62664634249
1.62664634249
1.62664634249
1.62664634249
1.62664634249
1.62664634249
1.62664634249
1.62664634249
1.62664634249
1.62664634249
1.62664634249
1.62664634249
1.62664634249
1.62664634249
1.62664634249
1.62664634249
1.62664634249
1.62664634249
1.62664634249
1.62664634249
1.62664634249
1.62664634249
1.62664634249
1.62664634249
1.62664634249
1.62664634249
1.62664634249
1.62664634249
1.62664634249
1.62664634249
1.62664634249
1.62664634249
1.62664634249
1.62664634249
1.62664634249
1.62664634249
1.62664634249
1.62664634249
1.62664634249
1.62664634249
1.62664634249
1.62664634249
1.62664634249
1.62664634249
1.62664634249
1.62664634249
1.62664634249
1.62664634249
1.62664634249
1.62664634249
1.62664634249
1.62664634249
1.62664634249
1.62664634249
1.62664634249
1.62664634249
1.62664634249
1.62664634249
1.62664634249
1.62664634249
1.62664634249
1.62664634249
1.62664634249
1.62664634249
1.62664634249
1.62664634249
1.62664634249
1.62664634249
1.62664634249
1.62664634249
1.62664634249
1.62664634249
1.62664634249
1.62664634249
1.62664634249
1.62664634249
1.62664634249
1.62664634249
1.62664634249
1.62664634249
1.62664634249
1.62664634249
