-0.503372295297
-0.430190579467
-0.503248808016
-0.503108755964
-0.503108477859
-0.503108477859
-0.503108477859
-0.503108477859
-0.503108477859
-0.503108477859
-0.503108477859
-0.503108477859
-0.503108477859
-0.503108477859
-0.503108477859
-0.503108477859
-0.503108477859
-0.503108477859
-0.503108477859
-0.503108477859
-0.503108477859
-0.503108477859
-0.503108477859
-0.503108477859
-0.503108477859
-0.503108477859
-0.503108477859
-0.503108477859
-0.503108477859
-0.503108477859
-0.503108477859
-0.503108477859
-0.503108477859
-0.503108477859
-0.503108477859
-0.503108477859
-0.503108477859
-0.503108477859
-0.503108477859
-0.503108477859
-0.503108477859
-0.503108477859
-0.503108477859
-0.503108477859
-0.503108477859
-0.503108477859
-0.503108477859
-0.503108477859
-0.503108477859
-0.503108477859
-0.503108477859
-0.503108477859
-0.503108477859
-0.503108477859
-0.503108477859
-0.503108477859
-0.503108477859
-0.503108477859
-0.503108477859
-0.503108477859
-0.503108477859
-0.503108477859
-0.503108477859
-0.503108477859
-0.503108477859
-0.503108477859
-0.503108477859
-0.503108477859
-0.503108477859
-0.503108477859
-0.503108477859
-0.503108477859
-0.503108477859
-0.503108477859
-0.503108477859
-0.503108477859
-0.503108477859
-0.503108477859
-0.503108477859
-0.503108477859
-0.503108477859
-0.503108477859
-0.503108477859
-0.503108477859
-0.503108477859
-0.503108477859
-0.503108477859
-0.503108477859
-0.503108477859
-0.503108477859
-0.503108477859
-0.503108477859
-0.503108477859
-0.503108477859
-0.503108477859
-0.503108477859
-0.503108477859
-0.503108477859
-0.503108477859
