0.536575412784
-0.320444026523
0.403739408564
0.63442759041
0.4042718528
0.403946124298
0.552948840668
0.403946124298
0.553191373873
0.541874450173
0.629999513299
0.625280388806
0.519142721222
0.642791091641
0.403946124298
0.404041673378
0.403739408564
0.62985246585
0.540983324836
0.643734141275
0.167431001889
0.629291756116
0.536841662061
0.536553769126
0.418742303753
0.536590446963
0.536559572552
0.167692479887
0.539491375244
0.629263815667
0.536497432192
0.630091878395
0.541250086024
0.629938125593
0.404040250768
0.403946124298
0.404278108285
0.403972336145
0.404067274912
0.517874558311
0.54104297567
0.403739408564
0.180373338838
0.64277003326
0.403858217787
0.542348022311
0.536645872773
0.542275382425
0.539638794567
0.540784791143
0.625295067545
0.643584141935
0.628529051186
0.165416871784
0.625192138495
0.404881381861
0.553056944966
0.403463298895
0.623537588441
0.625348456801
0.629734151926
0.541543192281
0.403739408564
0.525154319879
0.404744804976
0.54155898629
0.180247687371
0.540935990764
0.517984412646
0.404197119961
0.625239243315
0.62536833463
0.625141440616
0.629249832972
0.404202697499
0.629319663362
0.640690228702
0.536681815067
0.403946124298
0.634027838902
0.617368856739
0.541034275853
0.6173183067
0.517361892014
0.404152526668
0.404133507023
0.643619651479
0.553200097428
0.617368856739
0.628473078626
0.404067274912
0.541302082357
0.519305494524
0.629235841955
0.536426928008
0.625177400396
0.525242437081
0.629249832972
0.625289480613
