10.9323083997
27.5119476646
32.2483053802
31.3908074301
31.4303703587
31.4318879645
31.4318880351
31.4318880338
31.4318880338
31.4318880338
31.4318880338
31.4318880338
31.4318880338
31.4318880338
31.4318880338
31.4318880338
31.4318880338
31.4318880338
31.4318880338
31.4318880338
31.4318880338
31.4318880338
31.4318880338
31.4318880338
31.4318880338
31.4318880338
31.4318880338
31.4318880338
31.4318880338
31.4318880338
31.4318880338
31.4318880338
31.4318880338
31.4318880338
31.4318880338
31.4318880338
31.4318880338
31.4318880338
31.4318880338
31.4318880338
31.4318880338
31.4318880338
31.4318880338
31.4318880338
31.4318880338
31.4318880338
31.4318880338
31.4318880338
31.4318880338
31.4318880338
31.4318880338
31.4318880338
31.4318880338
31.4318880338
31.4318880338
31.4318880338
31.4318880338
31.4318880338
31.4318880338
31.4318880338
31.4318880338
31.4318880338
31.4318880338
31.4318880338
31.4318880338
31.4318880338
31.4318880338
31.4318880338
31.4318880338
31.4318880338
31.4318880338
31.4318880338
31.4318880338
31.4318880338
31.4318880338
31.4318880338
31.4318880338
31.4318880338
31.4318880338
31.4318880338
31.4318880338
31.4318880338
31.4318880338
31.4318880338
31.4318880338
31.4318880338
31.4318880338
31.4318880338
31.4318880338
31.4318880338
31.4318880338
31.4318880338
31.4318880338
31.4318880338
31.4318880338
31.4318880338
31.4318880338
31.4318880338
31.4318880338
31.4318880338
