0.361044013807
-0.344316510078
0.361344856011
0.602860797724
0.362049410219
0.361638853496
0.361638853496
0.361638853496
0.361638853496
0.361638853496
0.361570306633
0.361570306633
0.361570306633
0.361570306633
0.361638853496
0.361707365817
0.361707365817
0.361707365817
0.361707365817
0.361570306633
0.361570306633
0.361638853496
0.361570306633
0.361570306633
0.361638853496
0.361570306633
0.361638853496
0.361638853496
0.361638853496
0.361707365817
0.361638853496
0.361570306633
0.361570306633
0.361638853496
0.361570306633
0.361570306633
0.361570306633
0.361570306633
0.361570306633
0.361707365817
0.361638853496
0.361638853496
0.361707365817
0.361638853496
0.361707365817
0.361638853496
0.361638853496
0.361638853496
0.361707365817
0.361570306633
0.361707365817
0.361707365817
0.361570306633
0.361570306633
0.361638853496
0.361638853496
0.361638853496
0.361638853496
0.361638853496
0.361570306633
0.361570306633
0.361570306633
0.361570306633
0.361501725204
0.361570306633
0.361707365817
0.361638853496
0.361570306633
0.361501725204
0.361501725204
0.361638853496
0.361501725204
0.361638853496
0.361638853496
0.361638853496
0.361570306633
0.361707365817
0.361638853496
0.361707365817
0.361638853496
0.361707365817
0.361707365817
0.361707365817
0.361570306633
0.361707365817
0.361570306633
0.361570306633
0.361707365817
0.361570306633
0.361570306633
0.361707365817
0.361570306633
0.361707365817
0.361638853496
0.361707365817
0.361707365817
0.361570306633
0.361638853496
0.361570306633
