7.29889710924
17.087829677
19.8953088942
19.8915562487
19.8916445112
19.8916445189
19.8916445189
19.8916445189
19.8916445189
19.8916445189
19.8916445189
19.8916445189
19.8916445189
19.8916445189
19.8916445189
19.8916445189
19.8916445189
19.8916445189
19.8916445189
19.8916445189
19.8916445189
19.8916445189
19.8916445189
19.8916445189
19.8916445189
19.8916445189
19.8916445189
19.8916445189
19.8916445189
19.8916445189
19.8916445189
19.8916445189
19.8916445189
19.8916445189
19.8916445189
19.8916445189
19.8916445189
19.8916445189
19.8916445189
19.8916445189
19.8916445189
19.8916445189
19.8916445189
19.8916445189
19.8916445189
19.8916445189
19.8916445189
19.8916445189
19.8916445189
19.8916445189
19.8916445189
19.8916445189
19.8916445189
19.8916445189
19.8916445189
19.8916445189
19.8916445189
19.8916445189
19.8916445189
19.8916445189
19.8916445189
19.8916445189
19.8916445189
19.8916445189
19.8916445189
19.8916445189
19.8916445189
19.8916445189
19.8916445189
19.8916445189
19.8916445189
19.8916445189
19.8916445189
19.8916445189
19.8916445189
19.8916445189
19.8916445189
19.8916445189
19.8916445189
19.8916445189
19.8916445189
19.8916445189
19.8916445189
19.8916445189
19.8916445189
19.8916445189
19.8916445189
19.8916445189
19.8916445189
19.8916445189
19.8916445189
19.8916445189
19.8916445189
19.8916445189
19.8916445189
19.8916445189
19.8916445189
19.8916445189
19.8916445189
19.8916445189
