-0.276515369126
0.432176221995
-0.278718182835
-0.295949806345
-0.295933323365
-0.295340179512
-0.295340179512
-0.295340179512
-0.295340179512
-0.295340179512
-0.295340179512
-0.295340179512
-0.295340179512
-0.295340179512
-0.295340179512
-0.295340179512
-0.295340179512
-0.295340179512
-0.295340179512
-0.295340179512
-0.295340179512
-0.295340179512
-0.295340179512
-0.295340179512
-0.295340179512
-0.295340179512
-0.295340179512
-0.295340179512
-0.295340179512
-0.295340179512
-0.295340179512
-0.295340179512
-0.295340179512
-0.295340179512
-0.295340179512
-0.295340179512
-0.295340179512
-0.295340179512
-0.295340179512
-0.295340179512
-0.295340179512
-0.295340179512
-0.295340179512
-0.295340179512
-0.295340179512
-0.295340179512
-0.295340179512
-0.295340179512
-0.295340179512
-0.295340179512
-0.295340179512
-0.295340179512
-0.295340179512
-0.295340179512
-0.295340179512
-0.295340179512
-0.295340179512
-0.295340179512
-0.295340179512
-0.295340179512
-0.295340179512
-0.295340179512
-0.295340179512
-0.295340179512
-0.295340179512
-0.295340179512
-0.295340179512
-0.295340179512
-0.295340179512
-0.295340179512
-0.295340179512
-0.295340179512
-0.295340179512
-0.295340179512
-0.295340179512
-0.295340179512
-0.295340179512
-0.295340179512
-0.295340179512
-0.295340179512
-0.295340179512
-0.295340179512
-0.295340179512
-0.295340179512
-0.295340179512
-0.295340179512
-0.295340179512
-0.295340179512
-0.295340179512
-0.295340179512
-0.295340179512
-0.295340179512
-0.295340179512
-0.295340179512
-0.295340179512
-0.295340179512
-0.295340179512
-0.295340179512
-0.295340179512
