5.53482683852
13.2514592148
11.4285550559
11.1045819641
11.1034654476
11.1034654507
11.1034654507
11.1034654507
11.1034654507
11.1034654507
11.1034654507
11.1034654507
11.1034654507
11.1034654507
11.1034654507
11.1034654507
11.1034654507
11.1034654507
11.1034654507
11.1034654507
11.1034654507
11.1034654507
11.1034654507
11.1034654507
11.1034654507
11.1034654507
11.1034654507
11.1034654507
11.1034654507
11.1034654507
11.1034654507
11.1034654507
11.1034654507
11.1034654507
11.1034654507
11.1034654507
11.1034654507
11.1034654507
11.1034654507
11.1034654507
11.1034654507
11.1034654507
11.1034654507
11.1034654507
11.1034654507
11.1034654507
11.1034654507
11.1034654507
11.1034654507
11.1034654507
11.1034654507
11.1034654507
11.1034654507
11.1034654507
11.1034654507
11.1034654507
11.1034654507
11.1034654507
11.1034654507
11.1034654507
11.1034654507
11.1034654507
11.1034654507
11.1034654507
11.1034654507
11.1034654507
11.1034654507
11.1034654507
11.1034654507
11.1034654507
11.1034654507
11.1034654507
11.1034654507
11.1034654507
11.1034654507
11.1034654507
11.1034654507
11.1034654507
11.1034654507
11.1034654507
11.1034654507
11.1034654507
11.1034654507
11.1034654507
11.1034654507
11.1034654507
11.1034654507
11.1034654507
11.1034654507
11.1034654507
11.1034654507
11.1034654507
11.1034654507
11.1034654507
11.1034654507
11.1034654507
11.1034654507
11.1034654507
11.1034654507
11.1034654507
