-0.656168718975
-0.713862334579
-0.717703787347
-0.717703787347
-0.717703787347
-0.717703787347
-0.717703787347
-0.717703787347
-0.717703787347
-0.717703787347
-0.717703787347
-0.717703787347
-0.717703787347
-0.717703787347
-0.717703787347
-0.717703787347
-0.717703787347
-0.717703787347
-0.717703787347
-0.717703787347
-0.717703787347
-0.717703787347
-0.717703787347
-0.717703787347
-0.717703787347
-0.717703787347
-0.717703787347
-0.717703787347
-0.717703787347
-0.717703787347
-0.717703787347
-0.717703787347
-0.717703787347
-0.717703787347
-0.717703787347
-0.717703787347
-0.717703787347
-0.717703787347
-0.717703787347
-0.717703787347
-0.717703787347
-0.717703787347
-0.717703787347
-0.717703787347
-0.717703787347
-0.717703787347
-0.717703787347
-0.717703787347
-0.717703787347
-0.717703787347
-0.717703787347
-0.717703787347
-0.717703787347
-0.717703787347
-0.717703787347
-0.717703787347
-0.717703787347
-0.717703787347
-0.717703787347
-0.717703787347
-0.717703787347
-0.717703787347
-0.717703787347
-0.717703787347
-0.717703787347
-0.717703787347
-0.717703787347
-0.717703787347
-0.717703787347
-0.717703787347
-0.717703787347
-0.717703787347
-0.717703787347
-0.717703787347
-0.717703787347
-0.717703787347
-0.717703787347
-0.717703787347
-0.717703787347
-0.717703787347
-0.717703787347
-0.717703787347
-0.717703787347
-0.717703787347
-0.717703787347
-0.717703787347
-0.717703787347
-0.717703787347
-0.717703787347
-0.717703787347
-0.717703787347
-0.717703787347
-0.717703787347
-0.717703787347
-0.717703787347
-0.717703787347
-0.717703787347
-0.717703787347
-0.717703787347
