20.8124589732
15.9569241051
14.6920660746
14.6728402123
14.6728392053
14.6728392053
14.6728392053
14.6728392053
14.6728392053
14.6728392053
14.6728392053
14.6728392053
14.6728392053
14.6728392053
14.6728392053
14.6728392053
14.6728392053
14.6728392053
14.6728392053
14.6728392053
14.6728392053
14.6728392053
14.6728392053
14.6728392053
14.6728392053
14.6728392053
14.6728392053
14.6728392053
14.6728392053
14.6728392053
14.6728392053
14.6728392053
14.6728392053
14.6728392053
14.6728392053
14.6728392053
14.6728392053
14.6728392053
14.6728392053
14.6728392053
14.6728392053
14.6728392053
14.6728392053
14.6728392053
14.6728392053
14.6728392053
14.6728392053
14.6728392053
14.6728392053
14.6728392053
14.6728392053
14.6728392053
14.6728392053
14.6728392053
14.6728392053
14.6728392053
14.6728392053
14.6728392053
14.6728392053
14.6728392053
14.6728392053
14.6728392053
14.6728392053
14.6728392053
14.6728392053
14.6728392053
14.6728392053
14.6728392053
14.6728392053
14.6728392053
14.6728392053
14.6728392053
14.6728392053
14.6728392053
14.6728392053
14.6728392053
14.6728392053
14.6728392053
14.6728392053
14.6728392053
14.6728392053
14.6728392053
14.6728392053
14.6728392053
14.6728392053
14.6728392053
14.6728392053
14.6728392053
14.6728392053
14.6728392053
14.6728392053
14.6728392053
14.6728392053
14.6728392053
14.6728392053
14.6728392053
14.6728392053
14.6728392053
14.6728392053
14.6728392053
