0.238961427768
-0.542533133514
-0.603333197478
-0.603595080416
-0.603595080416
-0.603595080416
-0.603595080416
-0.603595080416
-0.603595080416
-0.603595080416
-0.603595080416
-0.603595080416
-0.603595080416
-0.603595080416
-0.603595080416
-0.603595080416
-0.603595080416
-0.603595080416
-0.603595080416
-0.603595080416
-0.603595080416
-0.603595080416
-0.603595080416
-0.603595080416
-0.603595080416
-0.603595080416
-0.603595080416
-0.603595080416
-0.603595080416
-0.603595080416
-0.603595080416
-0.603595080416
-0.603595080416
-0.603595080416
-0.603595080416
-0.603595080416
-0.603595080416
-0.603595080416
-0.603595080416
-0.603595080416
-0.603595080416
-0.603595080416
-0.603595080416
-0.603595080416
-0.603595080416
-0.603595080416
-0.603595080416
-0.603595080416
-0.603595080416
-0.603595080416
-0.603595080416
-0.603595080416
-0.603595080416
-0.603595080416
-0.603595080416
-0.603595080416
-0.603595080416
-0.603595080416
-0.603595080416
-0.603595080416
-0.603595080416
-0.603595080416
-0.603595080416
-0.603595080416
-0.603595080416
-0.603595080416
-0.603595080416
-0.603595080416
-0.603595080416
-0.603595080416
-0.603595080416
-0.603595080416
-0.603595080416
-0.603595080416
-0.603595080416
-0.603595080416
-0.603595080416
-0.603595080416
-0.603595080416
-0.603595080416
-0.603595080416
-0.603595080416
-0.603595080416
-0.603595080416
-0.603595080416
-0.603595080416
-0.603595080416
-0.603595080416
-0.603595080416
-0.603595080416
-0.603595080416
-0.603595080416
-0.603595080416
-0.603595080416
-0.603595080416
-0.603595080416
-0.603595080416
-0.603595080416
-0.603595080416
