21.9288930928
17.5395532772
18.5480193605
18.6018122884
18.6038728367
18.6037335272
18.603733519
18.603733519
18.603733519
18.603733519
18.603733519
18.603733519
18.603733519
18.603733519
18.603733519
18.603733519
18.603733519
18.603733519
18.603733519
18.603733519
18.603733519
18.603733519
18.603733519
18.603733519
18.603733519
18.603733519
18.603733519
18.603733519
18.603733519
18.603733519
18.603733519
18.603733519
18.603733519
18.603733519
18.603733519
18.603733519
18.603733519
18.603733519
18.603733519
18.603733519
18.603733519
18.603733519
18.603733519
18.603733519
18.603733519
18.603733519
18.603733519
18.603733519
18.603733519
18.603733519
18.603733519
18.603733519
18.603733519
18.603733519
18.603733519
18.603733519
18.603733519
18.603733519
18.603733519
18.603733519
18.603733519
18.603733519
18.603733519
18.603733519
18.603733519
18.603733519
18.603733519
18.603733519
18.603733519
18.603733519
18.603733519
18.603733519
18.603733519
18.603733519
18.603733519
18.603733519
18.603733519
18.603733519
18.603733519
18.603733519
18.603733519
18.603733519
18.603733519
18.603733519
18.603733519
18.603733519
18.603733519
18.603733519
18.603733519
18.603733519
18.603733519
18.603733519
18.603733519
18.603733519
18.603733519
18.603733519
18.603733519
18.603733519
18.603733519
18.603733519
