-0.395235063269
0.294025366997
0.0806600241018
-0.110865926685
0.294781794621
0.294371256136
0.293933499449
0.293933499449
0.293933499449
0.293933499449
0.293933499449
0.293933499449
0.293933499449
0.293933499449
0.293933499449
0.293933499449
0.293933499449
0.293933499449
0.293933499449
0.293933499449
0.293933499449
0.293933499449
0.293933499449
0.293933499449
0.293933499449
0.293933499449
0.293933499449
0.293933499449
0.293933499449
0.293933499449
0.293933499449
0.293933499449
0.293933499449
0.293933499449
0.293933499449
0.293933499449
0.293933499449
0.293933499449
0.293933499449
0.293933499449
0.293933499449
0.293933499449
0.293933499449
0.293933499449
0.293933499449
0.293933499449
0.293933499449
0.293933499449
0.293933499449
0.293933499449
0.293933499449
0.293933499449
0.293933499449
0.293933499449
0.293933499449
0.293933499449
0.293933499449
0.293933499449
0.293933499449
0.293933499449
0.293933499449
0.293933499449
0.293933499449
0.293933499449
0.293933499449
0.293933499449
0.293933499449
0.293933499449
0.293933499449
0.293933499449
0.293933499449
0.293933499449
0.293933499449
0.293933499449
0.293933499449
0.293933499449
0.293933499449
0.293933499449
0.293933499449
0.293933499449
0.293933499449
0.293933499449
0.293933499449
0.293933499449
0.293933499449
0.293933499449
0.293933499449
0.293933499449
0.293933499449
0.293933499449
0.293933499449
0.293933499449
0.293933499449
0.293933499449
0.293933499449
0.293933499449
0.293933499449
0.293933499449
0.293933499449
