22.1614613248
3.25285760413
3.2512667292
3.25127867646
3.25127867646
3.25127867646
3.25127867646
3.25127867646
3.25127867646
3.25127867646
3.25127867646
3.25127867646
3.25127867646
3.25127867646
3.25127867646
3.25127867646
3.25127867646
3.25127867646
3.25127867646
3.25127867646
3.25127867646
3.25127867646
3.25127867646
3.25127867646
3.25127867646
3.25127867646
3.25127867646
3.25127867646
3.25127867646
3.25127867646
3.25127867646
3.25127867646
3.25127867646
3.25127867646
3.25127867646
3.25127867646
3.25127867646
3.25127867646
3.25127867646
3.25127867646
3.25127867646
3.25127867646
3.25127867646
3.25127867646
3.25127867646
3.25127867646
3.25127867646
3.25127867646
3.25127867646
3.25127867646
3.25127867646
3.25127867646
3.25127867646
3.25127867646
3.25127867646
3.25127867646
3.25127867646
3.25127867646
3.25127867646
3.25127867646
3.25127867646
3.25127867646
3.25127867646
3.25127867646
3.25127867646
3.25127867646
3.25127867646
3.25127867646
3.25127867646
3.25127867646
3.25127867646
3.25127867646
3.25127867646
3.25127867646
3.25127867646
3.25127867646
3.25127867646
3.25127867646
3.25127867646
3.25127867646
3.25127867646
3.25127867646
3.25127867646
3.25127867646
3.25127867646
3.25127867646
3.25127867646
3.25127867646
3.25127867646
3.25127867646
3.25127867646
3.25127867646
3.25127867646
3.25127867646
3.25127867646
3.25127867646
3.25127867646
3.25127867646
3.25127867646
3.25127867646
