0.223377082678
0.223124677749
0.253164151433
0.253164151433
0.253164151433
0.253164151433
0.253164151433
0.253164151433
0.253164151433
0.253164151433
0.253164151433
0.253164151433
0.253164151433
0.253164151433
0.253164151433
0.253164151433
0.253164151433
0.253164151433
0.253164151433
0.253164151433
0.253164151433
0.253164151433
0.253164151433
0.253164151433
0.253164151433
0.253164151433
0.253164151433
0.253164151433
0.253164151433
0.253164151433
0.253164151433
0.253164151433
0.253164151433
0.253164151433
0.253164151433
0.253164151433
0.253164151433
0.253164151433
0.253164151433
0.253164151433
0.253164151433
0.253164151433
0.253164151433
0.253164151433
0.253164151433
0.253164151433
0.253164151433
0.253164151433
0.253164151433
0.253164151433
0.253164151433
0.253164151433
0.253164151433
0.253164151433
0.253164151433
0.253164151433
0.253164151433
0.253164151433
0.253164151433
0.253164151433
0.253164151433
0.253164151433
0.253164151433
0.253164151433
0.253164151433
0.253164151433
0.253164151433
0.253164151433
0.253164151433
0.253164151433
0.253164151433
0.253164151433
0.253164151433
0.253164151433
0.253164151433
0.253164151433
0.253164151433
0.253164151433
0.253164151433
0.253164151433
0.253164151433
0.253164151433
0.253164151433
0.253164151433
0.253164151433
0.253164151433
0.253164151433
0.253164151433
0.253164151433
0.253164151433
0.253164151433
0.253164151433
0.253164151433
0.253164151433
0.253164151433
0.253164151433
0.253164151433
0.253164151433
0.253164151433
