2.7063105123
20.4364491893
19.0393818426
18.8979983613
18.9133279582
18.9147128223
18.9147324026
18.9147324027
18.9147324027
18.9147324027
18.9147324027
18.9147324027
18.9147324027
18.9147324027
18.9147324027
18.9147324027
18.9147324027
18.9147324027
18.9147324027
18.9147324027
18.9147324027
18.9147324027
18.9147324027
18.9147324027
18.9147324027
18.9147324027
18.9147324027
18.9147324027
18.9147324027
18.9147324027
18.9147324027
18.9147324027
18.9147324027
18.9147324027
18.9147324027
18.9147324027
18.9147324027
18.9147324027
18.9147324027
18.9147324027
18.9147324027
18.9147324027
18.9147324027
18.9147324027
18.9147324027
18.9147324027
18.9147324027
18.9147324027
18.9147324027
18.9147324027
18.9147324027
18.9147324027
18.9147324027
18.9147324027
18.9147324027
18.9147324027
18.9147324027
18.9147324027
18.9147324027
18.9147324027
18.9147324027
18.9147324027
18.9147324027
18.9147324027
18.9147324027
18.9147324027
18.9147324027
18.9147324027
18.9147324027
18.9147324027
18.9147324027
18.9147324027
18.9147324027
18.9147324027
18.9147324027
18.9147324027
18.9147324027
18.9147324027
18.9147324027
18.9147324027
18.9147324027
18.9147324027
18.9147324027
18.9147324027
18.9147324027
18.9147324027
18.9147324027
18.9147324027
18.9147324027
18.9147324027
18.9147324027
18.9147324027
18.9147324027
18.9147324027
18.9147324027
18.9147324027
18.9147324027
18.9147324027
18.9147324027
18.9147324027
