16.9241979764
15.6980165461
15.6579558019
15.6589830203
15.6589829371
15.6589829371
15.6589829371
15.6589829371
15.6589829371
15.6589829371
15.6589829371
15.6589829371
15.6589829371
15.6589829371
15.6589829371
15.6589829371
15.6589829371
15.6589829371
15.6589829371
15.6589829371
15.6589829371
15.6589829371
15.6589829371
15.6589829371
15.6589829371
15.6589829371
15.6589829371
15.6589829371
15.6589829371
15.6589829371
15.6589829371
15.6589829371
15.6589829371
15.6589829371
15.6589829371
15.6589829371
15.6589829371
15.6589829371
15.6589829371
15.6589829371
15.6589829371
15.6589829371
15.6589829371
15.6589829371
15.6589829371
15.6589829371
15.6589829371
15.6589829371
15.6589829371
15.6589829371
15.6589829371
15.6589829371
15.6589829371
15.6589829371
15.6589829371
15.6589829371
15.6589829371
15.6589829371
15.6589829371
15.6589829371
15.6589829371
15.6589829371
15.6589829371
15.6589829371
15.6589829371
15.6589829371
15.6589829371
15.6589829371
15.6589829371
15.6589829371
15.6589829371
15.6589829371
15.6589829371
15.6589829371
15.6589829371
15.6589829371
15.6589829371
15.6589829371
15.6589829371
15.6589829371
15.6589829371
15.6589829371
15.6589829371
15.6589829371
15.6589829371
15.6589829371
15.6589829371
15.6589829371
15.6589829371
15.6589829371
15.6589829371
15.6589829371
15.6589829371
15.6589829371
15.6589829371
15.6589829371
15.6589829371
15.6589829371
15.6589829371
15.6589829371
