-0.367243375171
-0.465256792861
-0.362690712598
-0.362285831233
-0.362285831233
-0.362285831233
-0.362285831233
-0.362285831233
-0.362285831233
-0.362285831233
-0.362285831233
-0.362285831233
-0.362285831233
-0.362285831233
-0.362285831233
-0.362285831233
-0.362285831233
-0.362285831233
-0.362285831233
-0.362285831233
-0.362285831233
-0.362285831233
-0.362285831233
-0.362285831233
-0.362285831233
-0.362285831233
-0.362285831233
-0.362285831233
-0.362285831233
-0.362285831233
-0.362285831233
-0.362285831233
-0.362285831233
-0.362285831233
-0.362285831233
-0.362285831233
-0.362285831233
-0.362285831233
-0.362285831233
-0.362285831233
-0.362285831233
-0.362285831233
-0.362285831233
-0.362285831233
-0.362285831233
-0.362285831233
-0.362285831233
-0.362285831233
-0.362285831233
-0.362285831233
-0.362285831233
-0.362285831233
-0.362285831233
-0.362285831233
-0.362285831233
-0.362285831233
-0.362285831233
-0.362285831233
-0.362285831233
-0.362285831233
-0.362285831233
-0.362285831233
-0.362285831233
-0.362285831233
-0.362285831233
-0.362285831233
-0.362285831233
-0.362285831233
-0.362285831233
-0.362285831233
-0.362285831233
-0.362285831233
-0.362285831233
-0.362285831233
-0.362285831233
-0.362285831233
-0.362285831233
-0.362285831233
-0.362285831233
-0.362285831233
-0.362285831233
-0.362285831233
-0.362285831233
-0.362285831233
-0.362285831233
-0.362285831233
-0.362285831233
-0.362285831233
-0.362285831233
-0.362285831233
-0.362285831233
-0.362285831233
-0.362285831233
-0.362285831233
-0.362285831233
-0.362285831233
-0.362285831233
-0.362285831233
-0.362285831233
