-0.280389065134
0.433342362755
-0.287524609613
-0.276950511675
-0.276923306478
-0.276780392357
-0.276780392357
-0.276780392357
-0.276780392357
-0.276780392357
-0.276780392357
-0.276780392357
-0.276780392357
-0.276780392357
-0.276780392357
-0.276780392357
-0.276780392357
-0.276780392357
-0.276780392357
-0.276780392357
-0.276780392357
-0.276780392357
-0.276780392357
-0.276780392357
-0.276780392357
-0.276780392357
-0.276780392357
-0.276780392357
-0.276780392357
-0.276780392357
-0.276780392357
-0.276780392357
-0.276780392357
-0.276780392357
-0.276780392357
-0.276780392357
-0.276780392357
-0.276780392357
-0.276780392357
-0.276780392357
-0.276780392357
-0.276780392357
-0.276780392357
-0.276780392357
-0.276780392357
-0.276780392357
-0.276780392357
-0.276780392357
-0.276780392357
-0.276780392357
-0.276780392357
-0.276780392357
-0.276780392357
-0.276780392357
-0.276780392357
-0.276780392357
-0.276780392357
-0.276780392357
-0.276780392357
-0.276780392357
-0.276780392357
-0.276780392357
-0.276780392357
-0.276780392357
-0.276780392357
-0.276780392357
-0.276780392357
-0.276780392357
-0.276780392357
-0.276780392357
-0.276780392357
-0.276780392357
-0.276780392357
-0.276780392357
-0.276780392357
-0.276780392357
-0.276780392357
-0.276780392357
-0.276780392357
-0.276780392357
-0.276780392357
-0.276780392357
-0.276780392357
-0.276780392357
-0.276780392357
-0.276780392357
-0.276780392357
-0.276780392357
-0.276780392357
-0.276780392357
-0.276780392357
-0.276780392357
-0.276780392357
-0.276780392357
-0.276780392357
-0.276780392357
-0.276780392357
-0.276780392357
-0.276780392357
