-0.372049925547
0.416091033627
0.283825447738
0.283771081568
0.284001205212
0.283520085906
0.284069797795
0.283795219553
0.283771081568
0.283520085906
0.283175385238
0.283932577994
0.283863916117
0.283771081568
0.283771081568
0.283520085906
0.283726488276
0.283588921479
0.284069797795
0.283520085906
0.283795219553
0.283976722182
0.283795219553
0.284206879165
0.283313370171
0.284206879165
0.283313370171
0.283863916117
0.283520085906
0.283520085906
0.283588921479
0.28413835577
0.283795219553
0.283588921479
0.283520085906
0.283520085906
0.284001205212
0.283726488276
0.284001205212
0.283795219553
0.283520085906
0.284001205212
0.283520085906
0.283795219553
0.284001205212
0.283976722182
0.283839662998
0.283313370171
0.284206879165
0.283771081568
0.283795219553
0.284206879165
0.28413835577
0.283588921479
0.283588921479
0.283520085906
0.283795219553
0.283726488276
0.283795219553
0.283771081568
0.283771081568
0.283520085906
0.283795219553
0.284206879165
0.283771081568
0.284001205212
0.284001205212
0.284001205212
0.283908209861
0.284001205212
0.283771081568
0.283520085906
0.284001205212
0.283795219553
0.283520085906
0.283520085906
0.283771081568
0.284069797795
0.283908209861
0.283863916117
0.283726488276
0.284206879165
0.284206879165
0.28413835577
0.283313370171
0.28365772226
0.283863916117
0.283795219553
0.284001205212
0.283771081568
0.28413835577
0.283932577994
0.283771081568
0.283932577994
0.284206879165
0.283908209861
0.283771081568
0.283771081568
0.283520085906
