28.9171788091
23.5647259075
24.9708883621
25.0173850873
25.0173855929
25.0173855929
25.0173855929
25.0173855929
25.0173855929
25.0173855929
25.0173855929
25.0173855929
25.0173855929
25.0173855929
25.0173855929
25.0173855929
25.0173855929
25.0173855929
25.0173855929
25.0173855929
25.0173855929
25.0173855929
25.0173855929
25.0173855929
25.0173855929
25.0173855929
25.0173855929
25.0173855929
25.0173855929
25.0173855929
25.0173855929
25.0173855929
25.0173855929
25.0173855929
25.0173855929
25.0173855929
25.0173855929
25.0173855929
25.0173855929
25.0173855929
25.0173855929
25.0173855929
25.0173855929
25.0173855929
25.0173855929
25.0173855929
25.0173855929
25.0173855929
25.0173855929
25.0173855929
25.0173855929
25.0173855929
25.0173855929
25.0173855929
25.0173855929
25.0173855929
25.0173855929
25.0173855929
25.0173855929
25.0173855929
25.0173855929
25.0173855929
25.0173855929
25.0173855929
25.0173855929
25.0173855929
25.0173855929
25.0173855929
25.0173855929
25.0173855929
25.0173855929
25.0173855929
25.0173855929
25.0173855929
25.0173855929
25.0173855929
25.0173855929
25.0173855929
25.0173855929
25.0173855929
25.0173855929
25.0173855929
25.0173855929
25.0173855929
25.0173855929
25.0173855929
25.0173855929
25.0173855929
25.0173855929
25.0173855929
25.0173855929
25.0173855929
25.0173855929
25.0173855929
25.0173855929
25.0173855929
25.0173855929
25.0173855929
25.0173855929
25.0173855929
