-0.733298745689
0.215642362521
-0.00551385452409
0.126612225769
0.127288256407
0.127288256407
0.127288256407
0.127288256407
0.127288256407
0.127288256407
0.127288256407
0.127288256407
0.127288256407
0.127288256407
0.127288256407
0.127288256407
0.127288256407
0.127288256407
0.127288256407
0.127288256407
0.127288256407
0.127288256407
0.127288256407
0.127288256407
0.127288256407
0.127288256407
0.127288256407
0.127288256407
0.127288256407
0.127288256407
0.127288256407
0.127288256407
0.127288256407
0.127288256407
0.127288256407
0.127288256407
0.127288256407
0.127288256407
0.127288256407
0.127288256407
0.127288256407
0.127288256407
0.127288256407
0.127288256407
0.127288256407
0.127288256407
0.127288256407
0.127288256407
0.127288256407
0.127288256407
0.127288256407
0.127288256407
0.127288256407
0.127288256407
0.127288256407
0.127288256407
0.127288256407
0.127288256407
0.127288256407
0.127288256407
0.127288256407
0.127288256407
0.127288256407
0.127288256407
0.127288256407
0.127288256407
0.127288256407
0.127288256407
0.127288256407
0.127288256407
0.127288256407
0.127288256407
0.127288256407
0.127288256407
0.127288256407
0.127288256407
0.127288256407
0.127288256407
0.127288256407
0.127288256407
0.127288256407
0.127288256407
0.127288256407
0.127288256407
0.127288256407
0.127288256407
0.127288256407
0.127288256407
0.127288256407
0.127288256407
0.127288256407
0.127288256407
0.127288256407
0.127288256407
0.127288256407
0.127288256407
0.127288256407
0.127288256407
0.127288256407
