-0.490551276847
-0.431784618051
-0.402687262726
-0.402687262726
-0.402687262726
-0.402687262726
-0.402687262726
-0.402687262726
-0.402687262726
-0.402687262726
-0.402687262726
-0.402687262726
-0.402687262726
-0.402687262726
-0.402687262726
-0.402687262726
-0.402687262726
-0.402687262726
-0.402687262726
-0.402687262726
-0.402687262726
-0.402687262726
-0.402687262726
-0.402687262726
-0.402687262726
-0.402687262726
-0.402687262726
-0.402687262726
-0.402687262726
-0.402687262726
-0.402687262726
-0.402687262726
-0.402687262726
-0.402687262726
-0.402687262726
-0.402687262726
-0.402687262726
-0.402687262726
-0.402687262726
-0.402687262726
-0.402687262726
-0.402687262726
-0.402687262726
-0.402687262726
-0.402687262726
-0.402687262726
-0.402687262726
-0.402687262726
-0.402687262726
-0.402687262726
-0.402687262726
-0.402687262726
-0.402687262726
-0.402687262726
-0.402687262726
-0.402687262726
-0.402687262726
-0.402687262726
-0.402687262726
-0.402687262726
-0.402687262726
-0.402687262726
-0.402687262726
-0.402687262726
-0.402687262726
-0.402687262726
-0.402687262726
-0.402687262726
-0.402687262726
-0.402687262726
-0.402687262726
-0.402687262726
-0.402687262726
-0.402687262726
-0.402687262726
-0.402687262726
-0.402687262726
-0.402687262726
-0.402687262726
-0.402687262726
-0.402687262726
-0.402687262726
-0.402687262726
-0.402687262726
-0.402687262726
-0.402687262726
-0.402687262726
-0.402687262726
-0.402687262726
-0.402687262726
-0.402687262726
-0.402687262726
-0.402687262726
-0.402687262726
-0.402687262726
-0.402687262726
-0.402687262726
-0.402687262726
-0.402687262726
