23.0202125897
24.0256170853
24.005922331
24.0060655973
24.0060655973
24.0060655973
24.0060655973
24.0060655973
24.0060655973
24.0060655973
24.0060655973
24.0060655973
24.0060655973
24.0060655973
24.0060655973
24.0060655973
24.0060655973
24.0060655973
24.0060655973
24.0060655973
24.0060655973
24.0060655973
24.0060655973
24.0060655973
24.0060655973
24.0060655973
24.0060655973
24.0060655973
24.0060655973
24.0060655973
24.0060655973
24.0060655973
24.0060655973
24.0060655973
24.0060655973
24.0060655973
24.0060655973
24.0060655973
24.0060655973
24.0060655973
24.0060655973
24.0060655973
24.0060655973
24.0060655973
24.0060655973
24.0060655973
24.0060655973
24.0060655973
24.0060655973
24.0060655973
24.0060655973
24.0060655973
24.0060655973
24.0060655973
24.0060655973
24.0060655973
24.0060655973
24.0060655973
24.0060655973
24.0060655973
24.0060655973
24.0060655973
24.0060655973
24.0060655973
24.0060655973
24.0060655973
24.0060655973
24.0060655973
24.0060655973
24.0060655973
24.0060655973
24.0060655973
24.0060655973
24.0060655973
24.0060655973
24.0060655973
24.0060655973
24.0060655973
24.0060655973
24.0060655973
24.0060655973
24.0060655973
24.0060655973
24.0060655973
24.0060655973
24.0060655973
24.0060655973
24.0060655973
24.0060655973
24.0060655973
24.0060655973
24.0060655973
24.0060655973
24.0060655973
24.0060655973
24.0060655973
24.0060655973
24.0060655973
24.0060655973
24.0060655973
