0.558663822014
0.659224728474
0.533832132251
0.420475282935
0.420544432531
0.420544432531
0.420544432531
0.420544432531
0.420544432531
0.420544432531
0.420544432531
0.420544432531
0.420544432531
0.420544432531
0.420544432531
0.420544432531
0.420544432531
0.420544432531
0.420544432531
0.420544432531
0.420544432531
0.420544432531
0.420544432531
0.420544432531
0.420544432531
0.420544432531
0.420544432531
0.420544432531
0.420544432531
0.420544432531
0.420544432531
0.420544432531
0.420544432531
0.420544432531
0.420544432531
0.420544432531
0.420544432531
0.420544432531
0.420544432531
0.420544432531
0.420544432531
0.420544432531
0.420544432531
0.420544432531
0.420544432531
0.420544432531
0.420544432531
0.420544432531
0.420544432531
0.420544432531
0.420544432531
0.420544432531
0.420544432531
0.420544432531
0.420544432531
0.420544432531
0.420544432531
0.420544432531
0.420544432531
0.420544432531
0.420544432531
0.420544432531
0.420544432531
0.420544432531
0.420544432531
0.420544432531
0.420544432531
0.420544432531
0.420544432531
0.420544432531
0.420544432531
0.420544432531
0.420544432531
0.420544432531
0.420544432531
0.420544432531
0.420544432531
0.420544432531
0.420544432531
0.420544432531
0.420544432531
0.420544432531
0.420544432531
0.420544432531
0.420544432531
0.420544432531
0.420544432531
0.420544432531
0.420544432531
0.420544432531
0.420544432531
0.420544432531
0.420544432531
0.420544432531
0.420544432531
0.420544432531
0.420544432531
0.420544432531
0.420544432531
