14.9035466801
7.28390100008
7.28422851548
7.28422852604
7.28422852604
7.28422852604
7.28422852604
7.28422852604
7.28422852604
7.28422852604
7.28422852604
7.28422852604
7.28422852604
7.28422852604
7.28422852604
7.28422852604
7.28422852604
7.28422852604
7.28422852604
7.28422852604
7.28422852604
7.28422852604
7.28422852604
7.28422852604
7.28422852604
7.28422852604
7.28422852604
7.28422852604
7.28422852604
7.28422852604
7.28422852604
7.28422852604
7.28422852604
7.28422852604
7.28422852604
7.28422852604
7.28422852604
7.28422852604
7.28422852604
7.28422852604
7.28422852604
7.28422852604
7.28422852604
7.28422852604
7.28422852604
7.28422852604
7.28422852604
7.28422852604
7.28422852604
7.28422852604
7.28422852604
7.28422852604
7.28422852604
7.28422852604
7.28422852604
7.28422852604
7.28422852604
7.28422852604
7.28422852604
7.28422852604
7.28422852604
7.28422852604
7.28422852604
7.28422852604
7.28422852604
7.28422852604
7.28422852604
7.28422852604
7.28422852604
7.28422852604
7.28422852604
7.28422852604
7.28422852604
7.28422852604
7.28422852604
7.28422852604
7.28422852604
7.28422852604
7.28422852604
7.28422852604
7.28422852604
7.28422852604
7.28422852604
7.28422852604
7.28422852604
7.28422852604
7.28422852604
7.28422852604
7.28422852604
7.28422852604
7.28422852604
7.28422852604
7.28422852604
7.28422852604
7.28422852604
7.28422852604
7.28422852604
7.28422852604
7.28422852604
7.28422852604
