-0.665639210181
-0.665510261116
-0.665639210181
-0.665639210181
-0.665639210181
-0.665639210181
-0.665639210181
-0.665639210181
-0.665639210181
-0.665639210181
-0.665639210181
-0.665639210181
-0.665639210181
-0.665639210181
-0.665639210181
-0.665639210181
-0.665639210181
-0.665639210181
-0.665639210181
-0.665639210181
-0.665639210181
-0.665639210181
-0.665639210181
-0.665639210181
-0.665639210181
-0.665639210181
-0.665639210181
-0.665639210181
-0.665639210181
-0.665639210181
-0.665639210181
-0.665639210181
-0.665639210181
-0.665639210181
-0.665639210181
-0.665639210181
-0.665639210181
-0.665639210181
-0.665639210181
-0.665639210181
-0.665639210181
-0.665639210181
-0.665639210181
-0.665639210181
-0.665639210181
-0.665639210181
-0.665639210181
-0.665639210181
-0.665639210181
-0.665639210181
-0.665639210181
-0.665639210181
-0.665639210181
-0.665639210181
-0.665639210181
-0.665639210181
-0.665639210181
-0.665639210181
-0.665639210181
-0.665639210181
-0.665639210181
-0.665639210181
-0.665639210181
-0.665639210181
-0.665639210181
-0.665639210181
-0.665639210181
-0.665639210181
-0.665639210181
-0.665639210181
-0.665639210181
-0.665639210181
-0.665639210181
-0.665639210181
-0.665639210181
-0.665639210181
-0.665639210181
-0.665639210181
-0.665639210181
-0.665639210181
-0.665639210181
-0.665639210181
-0.665639210181
-0.665639210181
-0.665639210181
-0.665639210181
-0.665639210181
-0.665639210181
-0.665639210181
-0.665639210181
-0.665639210181
-0.665639210181
-0.665639210181
-0.665639210181
-0.665639210181
-0.665639210181
-0.665639210181
-0.665639210181
-0.665639210181
