-0.0136151248308
-0.0709953694051
-0.0136151248308
-0.0135987532555
-0.0135987532555
-0.0135987532555
-0.0135987532555
-0.0135987532555
-0.0135987532555
-0.0135987532555
-0.0135987532555
-0.0135987532555
-0.0135987532555
-0.0135987532555
-0.0135987532555
-0.0135987532555
-0.0135987532555
-0.0135987532555
-0.0135987532555
-0.0135987532555
-0.0135987532555
-0.0135987532555
-0.0135987532555
-0.0135987532555
-0.0135987532555
-0.0135987532555
-0.0135987532555
-0.0135987532555
-0.0135987532555
-0.0135987532555
-0.0135987532555
-0.0135987532555
-0.0135987532555
-0.0135987532555
-0.0135987532555
-0.0135987532555
-0.0135987532555
-0.0135987532555
-0.0135987532555
-0.0135987532555
-0.0135987532555
-0.0135987532555
-0.0135987532555
-0.0135987532555
-0.0135987532555
-0.0135987532555
-0.0135987532555
-0.0135987532555
-0.0135987532555
-0.0135987532555
-0.0135987532555
-0.0135987532555
-0.0135987532555
-0.0135987532555
-0.0135987532555
-0.0135987532555
-0.0135987532555
-0.0135987532555
-0.0135987532555
-0.0135987532555
-0.0135987532555
-0.0135987532555
-0.0135987532555
-0.0135987532555
-0.0135987532555
-0.0135987532555
-0.0135987532555
-0.0135987532555
-0.0135987532555
-0.0135987532555
-0.0135987532555
-0.0135987532555
-0.0135987532555
-0.0135987532555
-0.0135987532555
-0.0135987532555
-0.0135987532555
-0.0135987532555
-0.0135987532555
-0.0135987532555
-0.0135987532555
-0.0135987532555
-0.0135987532555
-0.0135987532555
-0.0135987532555
-0.0135987532555
-0.0135987532555
-0.0135987532555
-0.0135987532555
-0.0135987532555
-0.0135987532555
-0.0135987532555
-0.0135987532555
-0.0135987532555
-0.0135987532555
-0.0135987532555
-0.0135987532555
-0.0135987532555
-0.0135987532555
