0.0191656239509
-0.25294150086
0.0140109847757
0.0140980563834
0.0138558894377
0.0138558894377
0.0138558894377
0.0138558894377
0.0138558894377
0.0138558894377
0.0138558894377
0.0138558894377
0.0138558894377
0.0138558894377
0.0138558894377
0.0138558894377
0.0138558894377
0.0138558894377
0.0138558894377
0.0138558894377
0.0138558894377
0.0138558894377
0.0138558894377
0.0138558894377
0.0138558894377
0.0138558894377
0.0138558894377
0.0138558894377
0.0138558894377
0.0138558894377
0.0138558894377
0.0138558894377
0.0138558894377
0.0138558894377
0.0138558894377
0.0138558894377
0.0138558894377
0.0138558894377
0.0138558894377
0.0138558894377
0.0138558894377
0.0138558894377
0.0138558894377
0.0138558894377
0.0138558894377
0.0138558894377
0.0138558894377
0.0138558894377
0.0138558894377
0.0138558894377
0.0138558894377
0.0138558894377
0.0138558894377
0.0138558894377
0.0138558894377
0.0138558894377
0.0138558894377
0.0138558894377
0.0138558894377
0.0138558894377
0.0138558894377
0.0138558894377
0.0138558894377
0.0138558894377
0.0138558894377
0.0138558894377
0.0138558894377
0.0138558894377
0.0138558894377
0.0138558894377
0.0138558894377
0.0138558894377
0.0138558894377
0.0138558894377
0.0138558894377
0.0138558894377
0.0138558894377
0.0138558894377
0.0138558894377
0.0138558894377
0.0138558894377
0.0138558894377
0.0138558894377
0.0138558894377
0.0138558894377
0.0138558894377
0.0138558894377
0.0138558894377
0.0138558894377
0.0138558894377
0.0138558894377
0.0138558894377
0.0138558894377
0.0138558894377
0.0138558894377
0.0138558894377
0.0138558894377
0.0138558894377
0.0138558894377
