11.1751782641
28.5637871939
28.9865353913
28.8846053777
28.8846074352
28.8846074352
28.8846074352
28.8846074352
28.8846074352
28.8846074352
28.8846074352
28.8846074352
28.8846074352
28.8846074352
28.8846074352
28.8846074352
28.8846074352
28.8846074352
28.8846074352
28.8846074352
28.8846074352
28.8846074352
28.8846074352
28.8846074352
28.8846074352
28.8846074352
28.8846074352
28.8846074352
28.8846074352
28.8846074352
28.8846074352
28.8846074352
28.8846074352
28.8846074352
28.8846074352
28.8846074352
28.8846074352
28.8846074352
28.8846074352
28.8846074352
28.8846074352
28.8846074352
28.8846074352
28.8846074352
28.8846074352
28.8846074352
28.8846074352
28.8846074352
28.8846074352
28.8846074352
28.8846074352
28.8846074352
28.8846074352
28.8846074352
28.8846074352
28.8846074352
28.8846074352
28.8846074352
28.8846074352
28.8846074352
28.8846074352
28.8846074352
28.8846074352
28.8846074352
28.8846074352
28.8846074352
28.8846074352
28.8846074352
28.8846074352
28.8846074352
28.8846074352
28.8846074352
28.8846074352
28.8846074352
28.8846074352
28.8846074352
28.8846074352
28.8846074352
28.8846074352
28.8846074352
28.8846074352
28.8846074352
28.8846074352
28.8846074352
28.8846074352
28.8846074352
28.8846074352
28.8846074352
28.8846074352
28.8846074352
28.8846074352
28.8846074352
28.8846074352
28.8846074352
28.8846074352
28.8846074352
28.8846074352
28.8846074352
28.8846074352
28.8846074352
