18.650454006
23.484407558
24.993371207
24.6754342103
24.6754482521
24.6754482521
24.6754482521
24.6754482521
24.6754482521
24.6754482521
24.6754482521
24.6754482521
24.6754482521
24.6754482521
24.6754482521
24.6754482521
24.6754482521
24.6754482521
24.6754482521
24.6754482521
24.6754482521
24.6754482521
24.6754482521
24.6754482521
24.6754482521
24.6754482521
24.6754482521
24.6754482521
24.6754482521
24.6754482521
24.6754482521
24.6754482521
24.6754482521
24.6754482521
24.6754482521
24.6754482521
24.6754482521
24.6754482521
24.6754482521
24.6754482521
24.6754482521
24.6754482521
24.6754482521
24.6754482521
24.6754482521
24.6754482521
24.6754482521
24.6754482521
24.6754482521
24.6754482521
24.6754482521
24.6754482521
24.6754482521
24.6754482521
24.6754482521
24.6754482521
24.6754482521
24.6754482521
24.6754482521
24.6754482521
24.6754482521
24.6754482521
24.6754482521
24.6754482521
24.6754482521
24.6754482521
24.6754482521
24.6754482521
24.6754482521
24.6754482521
24.6754482521
24.6754482521
24.6754482521
24.6754482521
24.6754482521
24.6754482521
24.6754482521
24.6754482521
24.6754482521
24.6754482521
24.6754482521
24.6754482521
24.6754482521
24.6754482521
24.6754482521
24.6754482521
24.6754482521
24.6754482521
24.6754482521
24.6754482521
24.6754482521
24.6754482521
24.6754482521
24.6754482521
24.6754482521
24.6754482521
24.6754482521
24.6754482521
24.6754482521
24.6754482521
