0.206097416677
-0.730380540381
0.112415101287
0.112635927448
0.112655585725
0.112655585725
0.112655585725
0.112655585725
0.112655585725
0.112655585725
0.112655585725
0.112655585725
0.112655585725
0.112655585725
0.112655585725
0.112655585725
0.112655585725
0.112655585725
0.112655585725
0.112655585725
0.112655585725
0.112655585725
0.112655585725
0.112655585725
0.112655585725
0.112655585725
0.112655585725
0.112655585725
0.112655585725
0.112655585725
0.112655585725
0.112655585725
0.112655585725
0.112655585725
0.112655585725
0.112655585725
0.112655585725
0.112655585725
0.112655585725
0.112655585725
0.112655585725
0.112655585725
0.112655585725
0.112655585725
0.112655585725
0.112655585725
0.112655585725
0.112655585725
0.112655585725
0.112655585725
0.112655585725
0.112655585725
0.112655585725
0.112655585725
0.112655585725
0.112655585725
0.112655585725
0.112655585725
0.112655585725
0.112655585725
0.112655585725
0.112655585725
0.112655585725
0.112655585725
0.112655585725
0.112655585725
0.112655585725
0.112655585725
0.112655585725
0.112655585725
0.112655585725
0.112655585725
0.112655585725
0.112655585725
0.112655585725
0.112655585725
0.112655585725
0.112655585725
0.112655585725
0.112655585725
0.112655585725
0.112655585725
0.112655585725
0.112655585725
0.112655585725
0.112655585725
0.112655585725
0.112655585725
0.112655585725
0.112655585725
0.112655585725
0.112655585725
0.112655585725
0.112655585725
0.112655585725
0.112655585725
0.112655585725
0.112655585725
0.112655585725
