0.425030798026
0.425030798026
-0.144437267269
-0.0797283667874
-0.0797283667874
-0.144437267269
-0.144437267269
-0.144437267269
-0.0797283667874
-0.0797283667874
-0.144437267269
-0.144437267269
-0.144437267269
-0.144399020355
-0.144437267269
-0.144437267269
-0.144437267269
-0.144437267269
-0.0797283667874
-0.0797283667874
-0.144399020355
-0.0797283667874
-0.144437267269
-0.144437267269
-0.144399020355
-0.144437267269
-0.144437267269
-0.0797283667874
-0.144437267269
-0.144437267269
-0.0797283667874
-0.144399020355
-0.144437267269
-0.0797283667874
-0.144437267269
-0.144437267269
-0.0797283667874
-0.144437267269
-0.0797283667874
-0.144437267269
-0.0797283667874
-0.0797283667874
-0.0797283667874
-0.144437267269
-0.144437267269
-0.144437267269
-0.144437267269
-0.144399020355
-0.0797283667874
-0.0797283667874
-0.144437267269
-0.144399020355
-0.144399020355
-0.0797283667874
-0.0797283667874
-0.144437267269
-0.144399020355
-0.0797283667874
-0.0797283667874
-0.0797283667874
-0.0797283667874
-0.144437267269
-0.144437267269
-0.0797283667874
-0.144437267269
-0.144437267269
-0.144437267269
-0.144437267269
-0.144399020355
-0.144437267269
-0.144437267269
-0.0797283667874
-0.0797283667874
-0.0797283667874
-0.144399020355
-0.144437267269
-0.144437267269
-0.144437267269
-0.144437267269
-0.0797283667874
-0.144437267269
-0.144399020355
-0.144399020355
-0.144437267269
-0.0797283667874
-0.144437267269
-0.144399020355
-0.144399020355
-0.144437267269
-0.0797283667874
-0.0797283667874
-0.144437267269
-0.144399020355
-0.0797283667874
-0.0797283667874
-0.144399020355
-0.0797283667874
-0.144399020355
-0.0797283667874
