9.58671042764
18.3255646778
18.3255646778
18.3255646778
18.3255646778
18.3255646778
18.3255646778
18.3255646778
18.3255646778
18.3255646778
18.3255646778
18.3255646778
18.3255646778
18.3255646778
18.3255646778
18.3255646778
18.3255646778
18.3255646778
18.3255646778
18.3255646778
18.3255646778
18.3255646778
18.3255646778
18.3255646778
18.3255646778
18.3255646778
18.3255646778
18.3255646778
18.3255646778
18.3255646778
18.3255646778
18.3255646778
18.3255646778
18.3255646778
18.3255646778
18.3255646778
18.3255646778
18.3255646778
18.3255646778
18.3255646778
18.3255646778
18.3255646778
18.3255646778
18.3255646778
18.3255646778
18.3255646778
18.3255646778
18.3255646778
18.3255646778
18.3255646778
18.3255646778
18.3255646778
18.3255646778
18.3255646778
18.3255646778
18.3255646778
18.3255646778
18.3255646778
18.3255646778
18.3255646778
18.3255646778
18.3255646778
18.3255646778
18.3255646778
18.3255646778
18.3255646778
18.3255646778
18.3255646778
18.3255646778
18.3255646778
18.3255646778
18.3255646778
18.3255646778
18.3255646778
18.3255646778
18.3255646778
18.3255646778
18.3255646778
18.3255646778
18.3255646778
18.3255646778
18.3255646778
18.3255646778
18.3255646778
18.3255646778
18.3255646778
18.3255646778
18.3255646778
18.3255646778
18.3255646778
18.3255646778
18.3255646778
18.3255646778
18.3255646778
18.3255646778
18.3255646778
18.3255646778
18.3255646778
18.3255646778
18.3255646778
