0.0682142418545
-0.033443759176
-0.0112454252348
0.0114892359728
0.933447539903
0.933604202609
0.93358477852
0.93358477852
0.93358477852
0.93358477852
0.93358477852
0.93358477852
0.93358477852
0.93358477852
0.93358477852
0.933604202609
0.93358477852
0.93358477852
0.93358477852
0.93358477852
0.93358477852
0.93358477852
0.93358477852
0.93358477852
0.93358477852
0.93358477852
0.93358477852
0.93358477852
0.93358477852
0.93358477852
0.93358477852
0.93358477852
0.93358477852
0.93358477852
0.93358477852
0.93358477852
0.93358477852
0.93358477852
0.93358477852
0.93358477852
0.93358477852
0.93358477852
0.93358477852
0.93358477852
0.93358477852
0.93358477852
0.93358477852
0.93358477852
0.93358477852
0.93358477852
0.93358477852
0.93358477852
0.93358477852
0.93358477852
0.93358477852
0.93358477852
0.93358477852
0.93358477852
0.93358477852
0.93358477852
0.93358477852
0.93358477852
0.933594496185
0.93358477852
0.93358477852
0.93358477852
0.93358477852
0.93358477852
0.93358477852
0.93358477852
0.93358477852
0.93358477852
0.93358477852
0.93358477852
0.93358477852
0.93358477852
0.93358477852
0.93358477852
0.93358477852
0.93358477852
0.93358477852
0.93358477852
0.93358477852
0.93358477852
0.93358477852
0.93358477852
0.93358477852
0.93358477852
0.93358477852
0.93358477852
0.93358477852
0.93358477852
0.93358477852
0.93358477852
0.93358477852
0.93358477852
0.93358477852
0.93358477852
0.93358477852
