27.3949840895
17.4241009291
17.0862275789
17.0881026353
17.0880941095
17.0880954196
17.0880954196
17.0880954196
17.0880954196
17.0880954196
17.0880954196
17.0880954196
17.0880954196
17.0880954196
17.0880954196
17.0880954196
17.0880954196
17.0880954196
17.0880954196
17.0880954196
17.0880954196
17.0880954196
17.0880954196
17.0880954196
17.0880954196
17.0880954196
17.0880954196
17.0880954196
17.0880954196
17.0880954196
17.0880954196
17.0880954196
17.0880954196
17.0880954196
17.0880954196
17.0880954196
17.0880954196
17.0880954196
17.0880954196
17.0880954196
17.0880954196
17.0880954196
17.0880954196
17.0880954196
17.0880954196
17.0880954196
17.0880954196
17.0880954196
17.0880954196
17.0880954196
17.0880954196
17.0880954196
17.0880954196
17.0880954196
17.0880954196
17.0880954196
17.0880954196
17.0880954196
17.0880954196
17.0880954196
17.0880954196
17.0880954196
17.0880954196
17.0880954196
17.0880954196
17.0880954196
17.0880954196
17.0880954196
17.0880954196
17.0880954196
17.0880954196
17.0880954196
17.0880954196
17.0880954196
17.0880954196
17.0880954196
17.0880954196
17.0880954196
17.0880954196
17.0880954196
17.0880954196
17.0880954196
17.0880954196
17.0880954196
17.0880954196
17.0880954196
17.0880954196
17.0880954196
17.0880954196
17.0880954196
17.0880954196
17.0880954196
17.0880954196
17.0880954196
17.0880954196
17.0880954196
17.0880954196
17.0880954196
17.0880954196
17.0880954196
