18.6978374085
24.3989703311
24.4461125843
24.4376904715
24.4376904715
24.4376904715
24.4376904715
24.4376904715
24.4376904715
24.4376904715
24.4376904715
24.4376904715
24.4376904715
24.4376904715
24.4376904715
24.4376904715
24.4376904715
24.4376904715
24.4376904715
24.4376904715
24.4376904715
24.4376904715
24.4376904715
24.4376904715
24.4376904715
24.4376904715
24.4376904715
24.4376904715
24.4376904715
24.4376904715
24.4376904715
24.4376904715
24.4376904715
24.4376904715
24.4376904715
24.4376904715
24.4376904715
24.4376904715
24.4376904715
24.4376904715
24.4376904715
24.4376904715
24.4376904715
24.4376904715
24.4376904715
24.4376904715
24.4376904715
24.4376904715
24.4376904715
24.4376904715
24.4376904715
24.4376904715
24.4376904715
24.4376904715
24.4376904715
24.4376904715
24.4376904715
24.4376904715
24.4376904715
24.4376904715
24.4376904715
24.4376904715
24.4376904715
24.4376904715
24.4376904715
24.4376904715
24.4376904715
24.4376904715
24.4376904715
24.4376904715
24.4376904715
24.4376904715
24.4376904715
24.4376904715
24.4376904715
24.4376904715
24.4376904715
24.4376904715
24.4376904715
24.4376904715
24.4376904715
24.4376904715
24.4376904715
24.4376904715
24.4376904715
24.4376904715
24.4376904715
24.4376904715
24.4376904715
24.4376904715
24.4376904715
24.4376904715
24.4376904715
24.4376904715
24.4376904715
24.4376904715
24.4376904715
24.4376904715
24.4376904715
24.4376904715
