18.7278729629
0.697963283389
0.910942976362
0.912132731054
0.912135001417
0.912135001417
0.912135001417
0.912135001417
0.912135001417
0.912135001417
0.912135001417
0.912135001417
0.912135001417
0.912135001417
0.912135001417
0.912135001417
0.912135001417
0.912135001417
0.912135001417
0.912135001417
0.912135001417
0.912135001417
0.912135001417
0.912135001417
0.912135001417
0.912135001417
0.912135001417
0.912135001417
0.912135001417
0.912135001417
0.912135001417
0.912135001417
0.912135001417
0.912135001417
0.912135001417
0.912135001417
0.912135001417
0.912135001417
0.912135001417
0.912135001417
0.912135001417
0.912135001417
0.912135001417
0.912135001417
0.912135001417
0.912135001417
0.912135001417
0.912135001417
0.912135001417
0.912135001417
0.912135001417
0.912135001417
0.912135001417
0.912135001417
0.912135001417
0.912135001417
0.912135001417
0.912135001417
0.912135001417
0.912135001417
0.912135001417
0.912135001417
0.912135001417
0.912135001417
0.912135001417
0.912135001417
0.912135001417
0.912135001417
0.912135001417
0.912135001417
0.912135001417
0.912135001417
0.912135001417
0.912135001417
0.912135001417
0.912135001417
0.912135001417
0.912135001417
0.912135001417
0.912135001417
0.912135001417
0.912135001417
0.912135001417
0.912135001417
0.912135001417
0.912135001417
0.912135001417
0.912135001417
0.912135001417
0.912135001417
0.912135001417
0.912135001417
0.912135001417
0.912135001417
0.912135001417
0.912135001417
0.912135001417
0.912135001417
0.912135001417
0.912135001417
