-0.0231223943835
-0.0114769527141
-0.0364376158045
-0.0339187521874
-0.0337167105486
-0.0337167105486
-0.0337167105486
-0.0337167105486
-0.0337167105486
-0.0337167105486
-0.0337167105486
-0.0337167105486
-0.0337167105486
-0.0337167105486
-0.0337167105486
-0.0337167105486
-0.0337167105486
-0.0337167105486
-0.0337167105486
-0.0337167105486
-0.0337167105486
-0.0337167105486
-0.0337167105486
-0.0337167105486
-0.0337167105486
-0.0337167105486
-0.0337167105486
-0.0337167105486
-0.0337167105486
-0.0337167105486
-0.0337167105486
-0.0337167105486
-0.0337167105486
-0.0337167105486
-0.0337167105486
-0.0337167105486
-0.0337167105486
-0.0337167105486
-0.0337167105486
-0.0337167105486
-0.0337167105486
-0.0337167105486
-0.0337167105486
-0.0337167105486
-0.0337167105486
-0.0337167105486
-0.0337167105486
-0.0337167105486
-0.0337167105486
-0.0337167105486
-0.0337167105486
-0.0337167105486
-0.0337167105486
-0.0337167105486
-0.0337167105486
-0.0337167105486
-0.0337167105486
-0.0337167105486
-0.0337167105486
-0.0337167105486
-0.0337167105486
-0.0337167105486
-0.0337167105486
-0.0337167105486
-0.0337167105486
-0.0337167105486
-0.0337167105486
-0.0337167105486
-0.0337167105486
-0.0337167105486
-0.0337167105486
-0.0337167105486
-0.0337167105486
-0.0337167105486
-0.0337167105486
-0.0337167105486
-0.0337167105486
-0.0337167105486
-0.0337167105486
-0.0337167105486
-0.0337167105486
-0.0337167105486
-0.0337167105486
-0.0337167105486
-0.0337167105486
-0.0337167105486
-0.0337167105486
-0.0337167105486
-0.0337167105486
-0.0337167105486
-0.0337167105486
-0.0337167105486
-0.0337167105486
-0.0337167105486
-0.0337167105486
-0.0337167105486
-0.0337167105486
-0.0337167105486
-0.0337167105486
