10.1761903101
13.8855506162
13.8894586296
13.889457024
13.889457024
13.889457024
13.889457024
13.889457024
13.889457024
13.889457024
13.889457024
13.889457024
13.889457024
13.889457024
13.889457024
13.889457024
13.889457024
13.889457024
13.889457024
13.889457024
13.889457024
13.889457024
13.889457024
13.889457024
13.889457024
13.889457024
13.889457024
13.889457024
13.889457024
13.889457024
13.889457024
13.889457024
13.889457024
13.889457024
13.889457024
13.889457024
13.889457024
13.889457024
13.889457024
13.889457024
13.889457024
13.889457024
13.889457024
13.889457024
13.889457024
13.889457024
13.889457024
13.889457024
13.889457024
13.889457024
13.889457024
13.889457024
13.889457024
13.889457024
13.889457024
13.889457024
13.889457024
13.889457024
13.889457024
13.889457024
13.889457024
13.889457024
13.889457024
13.889457024
13.889457024
13.889457024
13.889457024
13.889457024
13.889457024
13.889457024
13.889457024
13.889457024
13.889457024
13.889457024
13.889457024
13.889457024
13.889457024
13.889457024
13.889457024
13.889457024
13.889457024
13.889457024
13.889457024
13.889457024
13.889457024
13.889457024
13.889457024
13.889457024
13.889457024
13.889457024
13.889457024
13.889457024
13.889457024
13.889457024
13.889457024
13.889457024
13.889457024
13.889457024
13.889457024
13.889457024
