-0.903805658132
-0.897452417979
-0.560885843362
-0.56089284761
-0.56089284761
-0.56089284761
-0.56089284761
-0.56089284761
-0.56089284761
-0.56089284761
-0.56089284761
-0.56089284761
-0.56089284761
-0.56089284761
-0.56089284761
-0.56089284761
-0.56089284761
-0.56089284761
-0.56089284761
-0.56089284761
-0.56089284761
-0.56089284761
-0.56089284761
-0.56089284761
-0.56089284761
-0.56089284761
-0.56089284761
-0.56089284761
-0.56089284761
-0.56089284761
-0.56089284761
-0.56089284761
-0.56089284761
-0.56089284761
-0.56089284761
-0.56089284761
-0.56089284761
-0.56089284761
-0.56089284761
-0.56089284761
-0.56089284761
-0.56089284761
-0.56089284761
-0.56089284761
-0.56089284761
-0.56089284761
-0.56089284761
-0.56089284761
-0.56089284761
-0.56089284761
-0.56089284761
-0.56089284761
-0.56089284761
-0.56089284761
-0.56089284761
-0.56089284761
-0.56089284761
-0.56089284761
-0.56089284761
-0.56089284761
-0.56089284761
-0.56089284761
-0.56089284761
-0.56089284761
-0.56089284761
-0.56089284761
-0.56089284761
-0.56089284761
-0.56089284761
-0.56089284761
-0.56089284761
-0.56089284761
-0.56089284761
-0.56089284761
-0.56089284761
-0.56089284761
-0.56089284761
-0.56089284761
-0.56089284761
-0.56089284761
-0.56089284761
-0.56089284761
-0.56089284761
-0.56089284761
-0.56089284761
-0.56089284761
-0.56089284761
-0.56089284761
-0.56089284761
-0.56089284761
-0.56089284761
-0.56089284761
-0.56089284761
-0.56089284761
-0.56089284761
-0.56089284761
-0.56089284761
-0.56089284761
-0.56089284761
