11.1137709698
17.9406315538
17.9261739922
17.9273904752
17.9273904769
17.9273904769
17.9273904769
17.9273904769
17.9273904769
17.9273904769
17.9273904769
17.9273904769
17.9273904769
17.9273904769
17.9273904769
17.9273904769
17.9273904769
17.9273904769
17.9273904769
17.9273904769
17.9273904769
17.9273904769
17.9273904769
17.9273904769
17.9273904769
17.9273904769
17.9273904769
17.9273904769
17.9273904769
17.9273904769
17.9273904769
17.9273904769
17.9273904769
17.9273904769
17.9273904769
17.9273904769
17.9273904769
17.9273904769
17.9273904769
17.9273904769
17.9273904769
17.9273904769
17.9273904769
17.9273904769
17.9273904769
17.9273904769
17.9273904769
17.9273904769
17.9273904769
17.9273904769
17.9273904769
17.9273904769
17.9273904769
17.9273904769
17.9273904769
17.9273904769
17.9273904769
17.9273904769
17.9273904769
17.9273904769
17.9273904769
17.9273904769
17.9273904769
17.9273904769
17.9273904769
17.9273904769
17.9273904769
17.9273904769
17.9273904769
17.9273904769
17.9273904769
17.9273904769
17.9273904769
17.9273904769
17.9273904769
17.9273904769
17.9273904769
17.9273904769
17.9273904769
17.9273904769
17.9273904769
17.9273904769
17.9273904769
17.9273904769
17.9273904769
17.9273904769
17.9273904769
17.9273904769
17.9273904769
17.9273904769
17.9273904769
17.9273904769
17.9273904769
17.9273904769
17.9273904769
17.9273904769
17.9273904769
17.9273904769
17.9273904769
17.9273904769
