0.119490312999
0.119566848927
-0.0656154825643
-0.15949248756
-0.20578466089
-0.132380899771
-0.0714764452245
-0.161810323736
-0.161602989024
-0.0651791819713
0.00103971279735
0.099527261421
-0.161463680369
-0.150063380698
-0.219143158135
0.099527261421
-0.149943506351
0.100119011877
-0.149948625118
-0.161783279128
-0.0656527771771
-0.20549371856
-0.200715797301
-0.0653164879954
-0.100306530933
-0.10640888699
-0.0655408402754
0.00128455648654
-0.067822250281
-0.161585585633
-0.20919506776
-0.064802614167
0.00123053834945
-0.0640329838381
-0.100639798195
-0.065516563468
-0.100758451274
-0.0715121984816
-0.149690900754
0.0194108898131
0.099527261421
-0.064776951418
-0.106516244137
-0.132255891598
0.0194108898131
-0.100101552479
-0.132027476511
-0.100668200923
-0.220639463268
-0.064234380925
-0.194136269964
-0.144367432176
-0.111607504185
-0.100616245251
-0.0657167340108
-0.100105490314
-0.106516244137
-0.0652167401738
-0.161756210603
0.100282312779
-0.0713478053449
-0.0644126489083
-0.0999828757252
-0.0644126489083
-0.144265717067
-0.162207145855
0.000932053757687
-0.100126284297
-0.104943193186
-0.0653293075996
-0.162247000489
-0.0752768135603
-0.0638043109564
-0.204025764621
-0.0655034925741
0.0994492435182
-0.149948625118
-0.13215191012
-0.204014019067
-0.100105490314
0.099527261421
-0.0649911224303
-0.141221983365
0.0995663428693
-0.184728478471
0.0013093138341
0.100367540142
0.00114747540511
-0.100306530933
-0.067859004544
-0.144230075133
-0.099954153831
-0.0715194588003
-0.132048108887
0.099527261421
-0.106462590289
0.10019700313
-0.108286105063
-0.144110864473
