-0.000681614785466
-0.00394141419489
-0.0038174278669
-0.0038174278669
-0.0038174278669
-0.0038174278669
-0.0038174278669
-0.0038174278669
-0.0038174278669
-0.0038174278669
-0.0038174278669
-0.0038174278669
-0.0038174278669
-0.0038174278669
-0.0038174278669
-0.0038174278669
-0.0038174278669
-0.0038174278669
-0.0038174278669
-0.0038174278669
-0.0038174278669
-0.0038174278669
-0.0038174278669
-0.0038174278669
-0.0038174278669
-0.0038174278669
-0.0038174278669
-0.0038174278669
-0.0038174278669
-0.0038174278669
-0.0038174278669
-0.0038174278669
-0.0038174278669
-0.0038174278669
-0.0038174278669
-0.0038174278669
-0.0038174278669
-0.0038174278669
-0.0038174278669
-0.0038174278669
-0.0038174278669
-0.0038174278669
-0.0038174278669
-0.0038174278669
-0.0038174278669
-0.0038174278669
-0.0038174278669
-0.0038174278669
-0.0038174278669
-0.0038174278669
-0.0038174278669
-0.0038174278669
-0.0038174278669
-0.0038174278669
-0.0038174278669
-0.0038174278669
-0.0038174278669
-0.0038174278669
-0.0038174278669
-0.0038174278669
-0.0038174278669
-0.0038174278669
-0.0038174278669
-0.0038174278669
-0.0038174278669
-0.0038174278669
-0.0038174278669
-0.0038174278669
-0.0038174278669
-0.0038174278669
-0.0038174278669
-0.0038174278669
-0.0038174278669
-0.0038174278669
-0.0038174278669
-0.0038174278669
-0.0038174278669
-0.0038174278669
-0.0038174278669
-0.0038174278669
-0.0038174278669
-0.0038174278669
-0.0038174278669
-0.0038174278669
-0.0038174278669
-0.0038174278669
-0.0038174278669
-0.0038174278669
-0.0038174278669
-0.0038174278669
-0.0038174278669
-0.0038174278669
-0.0038174278669
-0.0038174278669
-0.0038174278669
-0.0038174278669
-0.0038174278669
-0.0038174278669
-0.0038174278669
