5.40316027552
20.3547910274
20.5714400371
20.5704223639
20.5704223163
20.5704223163
20.5704223163
20.5704223163
20.5704223163
20.5704223163
20.5704223163
20.5704223163
20.5704223163
20.5704223163
20.5704223163
20.5704223163
20.5704223163
20.5704223163
20.5704223163
20.5704223163
20.5704223163
20.5704223163
20.5704223163
20.5704223163
20.5704223163
20.5704223163
20.5704223163
20.5704223163
20.5704223163
20.5704223163
20.5704223163
20.5704223163
20.5704223163
20.5704223163
20.5704223163
20.5704223163
20.5704223163
20.5704223163
20.5704223163
20.5704223163
20.5704223163
20.5704223163
20.5704223163
20.5704223163
20.5704223163
20.5704223163
20.5704223163
20.5704223163
20.5704223163
20.5704223163
20.5704223163
20.5704223163
20.5704223163
20.5704223163
20.5704223163
20.5704223163
20.5704223163
20.5704223163
20.5704223163
20.5704223163
20.5704223163
20.5704223163
20.5704223163
20.5704223163
20.5704223163
20.5704223163
20.5704223163
20.5704223163
20.5704223163
20.5704223163
20.5704223163
20.5704223163
20.5704223163
20.5704223163
20.5704223163
20.5704223163
20.5704223163
20.5704223163
20.5704223163
20.5704223163
20.5704223163
20.5704223163
20.5704223163
20.5704223163
20.5704223163
20.5704223163
20.5704223163
20.5704223163
20.5704223163
20.5704223163
20.5704223163
20.5704223163
20.5704223163
20.5704223163
20.5704223163
20.5704223163
20.5704223163
20.5704223163
20.5704223163
20.5704223163
