-0.442223806422
-0.46473131304
-0.43025649415
-0.429760866681
-0.429760866681
-0.429760866681
-0.429760866681
-0.429760866681
-0.429760866681
-0.429760866681
-0.429760866681
-0.429760866681
-0.429760866681
-0.429760866681
-0.429760866681
-0.429760866681
-0.429760866681
-0.429760866681
-0.429760866681
-0.429760866681
-0.429760866681
-0.429760866681
-0.429760866681
-0.429760866681
-0.429760866681
-0.429760866681
-0.429760866681
-0.429760866681
-0.429760866681
-0.429760866681
-0.429760866681
-0.429760866681
-0.429760866681
-0.429760866681
-0.429760866681
-0.429760866681
-0.429760866681
-0.429760866681
-0.429760866681
-0.429760866681
-0.429760866681
-0.429760866681
-0.429760866681
-0.429760866681
-0.429760866681
-0.429760866681
-0.429760866681
-0.429760866681
-0.429760866681
-0.429760866681
-0.429760866681
-0.429760866681
-0.429760866681
-0.429760866681
-0.429760866681
-0.429760866681
-0.429760866681
-0.429760866681
-0.429760866681
-0.429760866681
-0.429760866681
-0.429760866681
-0.429760866681
-0.429760866681
-0.429760866681
-0.429760866681
-0.429760866681
-0.429760866681
-0.429760866681
-0.429760866681
-0.429760866681
-0.429760866681
-0.429760866681
-0.429760866681
-0.429760866681
-0.429760866681
-0.429760866681
-0.429760866681
-0.429760866681
-0.429760866681
-0.429760866681
-0.429760866681
-0.429760866681
-0.429760866681
-0.429760866681
-0.429760866681
-0.429760866681
-0.429760866681
-0.429760866681
-0.429760866681
-0.429760866681
-0.429760866681
-0.429760866681
-0.429760866681
-0.429760866681
-0.429760866681
-0.429760866681
-0.429760866681
-0.429760866681
