29.9136453903
10.4265785275
16.6114963343
18.08375003
18.0834973187
18.0834973825
18.0834973825
18.0834973825
18.0834973825
18.0834973825
18.0834973825
18.0834973825
18.0834973825
18.0834973825
18.0834973825
18.0834973825
18.0834973825
18.0834973825
18.0834973825
18.0834973825
18.0834973825
18.0834973825
18.0834973825
18.0834973825
18.0834973825
18.0834973825
18.0834973825
18.0834973825
18.0834973825
18.0834973825
18.0834973825
18.0834973825
18.0834973825
18.0834973825
18.0834973825
18.0834973825
18.0834973825
18.0834973825
18.0834973825
18.0834973825
18.0834973825
18.0834973825
18.0834973825
18.0834973825
18.0834973825
18.0834973825
18.0834973825
18.0834973825
18.0834973825
18.0834973825
18.0834973825
18.0834973825
18.0834973825
18.0834973825
18.0834973825
18.0834973825
18.0834973825
18.0834973825
18.0834973825
18.0834973825
18.0834973825
18.0834973825
18.0834973825
18.0834973825
18.0834973825
18.0834973825
18.0834973825
18.0834973825
18.0834973825
18.0834973825
18.0834973825
18.0834973825
18.0834973825
18.0834973825
18.0834973825
18.0834973825
18.0834973825
18.0834973825
18.0834973825
18.0834973825
18.0834973825
18.0834973825
18.0834973825
18.0834973825
18.0834973825
18.0834973825
18.0834973825
18.0834973825
18.0834973825
18.0834973825
18.0834973825
18.0834973825
18.0834973825
18.0834973825
18.0834973825
18.0834973825
18.0834973825
18.0834973825
18.0834973825
18.0834973825
