-0.63774529252
0.314412030638
-0.63774529252
-0.636887046203
-0.635373215258
-0.635373215258
-0.635373215258
-0.635373215258
-0.635373215258
-0.635373215258
-0.635373215258
-0.635373215258
-0.635373215258
-0.635373215258
-0.635373215258
-0.635373215258
-0.635373215258
-0.635373215258
-0.635373215258
-0.635373215258
-0.635373215258
-0.635373215258
-0.635373215258
-0.635373215258
-0.635373215258
-0.635373215258
-0.635373215258
-0.635373215258
-0.635373215258
-0.635373215258
-0.635373215258
-0.635373215258
-0.635373215258
-0.635373215258
-0.635373215258
-0.635373215258
-0.635373215258
-0.635373215258
-0.635373215258
-0.635373215258
-0.635373215258
-0.635373215258
-0.635373215258
-0.635373215258
-0.635373215258
-0.635373215258
-0.635373215258
-0.635373215258
-0.635373215258
-0.635373215258
-0.635373215258
-0.635373215258
-0.635373215258
-0.635373215258
-0.635373215258
-0.635373215258
-0.635373215258
-0.635373215258
-0.635373215258
-0.635373215258
-0.635373215258
-0.635373215258
-0.635373215258
-0.635373215258
-0.635373215258
-0.635373215258
-0.635373215258
-0.635373215258
-0.635373215258
-0.635373215258
-0.635373215258
-0.635373215258
-0.635373215258
-0.635373215258
-0.635373215258
-0.635373215258
-0.635373215258
-0.635373215258
-0.635373215258
-0.635373215258
-0.635373215258
-0.635373215258
-0.635373215258
-0.635373215258
-0.635373215258
-0.635373215258
-0.635373215258
-0.635373215258
-0.635373215258
-0.635373215258
-0.635373215258
-0.635373215258
-0.635373215258
-0.635373215258
-0.635373215258
-0.635373215258
-0.635373215258
-0.635373215258
-0.635373215258
