21.2973092253
19.6893082718
20.0165572845
20.0750648371
20.0751479999
20.0751480006
20.0751480006
20.0751480006
20.0751480006
20.0751480006
20.0751480006
20.0751480006
20.0751480006
20.0751480006
20.0751480006
20.0751480006
20.0751480006
20.0751480006
20.0751480006
20.0751480006
20.0751480006
20.0751480006
20.0751480006
20.0751480006
20.0751480006
20.0751480006
20.0751480006
20.0751480006
20.0751480006
20.0751480006
20.0751480006
20.0751480006
20.0751480006
20.0751480006
20.0751480006
20.0751480006
20.0751480006
20.0751480006
20.0751480006
20.0751480006
20.0751480006
20.0751480006
20.0751480006
20.0751480006
20.0751480006
20.0751480006
20.0751480006
20.0751480006
20.0751480006
20.0751480006
20.0751480006
20.0751480006
20.0751480006
20.0751480006
20.0751480006
20.0751480006
20.0751480006
20.0751480006
20.0751480006
20.0751480006
20.0751480006
20.0751480006
20.0751480006
20.0751480006
20.0751480006
20.0751480006
20.0751480006
20.0751480006
20.0751480006
20.0751480006
20.0751480006
20.0751480006
20.0751480006
20.0751480006
20.0751480006
20.0751480006
20.0751480006
20.0751480006
20.0751480006
20.0751480006
20.0751480006
20.0751480006
20.0751480006
20.0751480006
20.0751480006
20.0751480006
20.0751480006
20.0751480006
20.0751480006
20.0751480006
20.0751480006
20.0751480006
20.0751480006
20.0751480006
20.0751480006
20.0751480006
20.0751480006
20.0751480006
20.0751480006
20.0751480006
