26.6076137878
21.4270937731
21.4237502578
21.4237518796
21.4237518796
21.4237518796
21.4237518796
21.4237518796
21.4237518796
21.4237518796
21.4237518796
21.4237518796
21.4237518796
21.4237518796
21.4237518796
21.4237518796
21.4237518796
21.4237518796
21.4237518796
21.4237518796
21.4237518796
21.4237518796
21.4237518796
21.4237518796
21.4237518796
21.4237518796
21.4237518796
21.4237518796
21.4237518796
21.4237518796
21.4237518796
21.4237518796
21.4237518796
21.4237518796
21.4237518796
21.4237518796
21.4237518796
21.4237518796
21.4237518796
21.4237518796
21.4237518796
21.4237518796
21.4237518796
21.4237518796
21.4237518796
21.4237518796
21.4237518796
21.4237518796
21.4237518796
21.4237518796
21.4237518796
21.4237518796
21.4237518796
21.4237518796
21.4237518796
21.4237518796
21.4237518796
21.4237518796
21.4237518796
21.4237518796
21.4237518796
21.4237518796
21.4237518796
21.4237518796
21.4237518796
21.4237518796
21.4237518796
21.4237518796
21.4237518796
21.4237518796
21.4237518796
21.4237518796
21.4237518796
21.4237518796
21.4237518796
21.4237518796
21.4237518796
21.4237518796
21.4237518796
21.4237518796
21.4237518796
21.4237518796
21.4237518796
21.4237518796
21.4237518796
21.4237518796
21.4237518796
21.4237518796
21.4237518796
21.4237518796
21.4237518796
21.4237518796
21.4237518796
21.4237518796
21.4237518796
21.4237518796
21.4237518796
21.4237518796
21.4237518796
21.4237518796
