9.77697372079
17.0329520245
16.8843140661
16.8820768371
16.8820568124
16.8820568123
16.8820568123
16.8820568123
16.8820568123
16.8820568123
16.8820568123
16.8820568123
16.8820568123
16.8820568123
16.8820568123
16.8820568123
16.8820568123
16.8820568123
16.8820568123
16.8820568123
16.8820568123
16.8820568123
16.8820568123
16.8820568123
16.8820568123
16.8820568123
16.8820568123
16.8820568123
16.8820568123
16.8820568123
16.8820568123
16.8820568123
16.8820568123
16.8820568123
16.8820568123
16.8820568123
16.8820568123
16.8820568123
16.8820568123
16.8820568123
16.8820568123
16.8820568123
16.8820568123
16.8820568123
16.8820568123
16.8820568123
16.8820568123
16.8820568123
16.8820568123
16.8820568123
16.8820568123
16.8820568123
16.8820568123
16.8820568123
16.8820568123
16.8820568123
16.8820568123
16.8820568123
16.8820568123
16.8820568123
16.8820568123
16.8820568123
16.8820568123
16.8820568123
16.8820568123
16.8820568123
16.8820568123
16.8820568123
16.8820568123
16.8820568123
16.8820568123
16.8820568123
16.8820568123
16.8820568123
16.8820568123
16.8820568123
16.8820568123
16.8820568123
16.8820568123
16.8820568123
16.8820568123
16.8820568123
16.8820568123
16.8820568123
16.8820568123
16.8820568123
16.8820568123
16.8820568123
16.8820568123
16.8820568123
16.8820568123
16.8820568123
16.8820568123
16.8820568123
16.8820568123
16.8820568123
16.8820568123
16.8820568123
16.8820568123
16.8820568123
