-0.710654011658
-0.710390402854
-0.710654011658
-0.710654011658
-0.710654011658
-0.710654011658
-0.710654011658
-0.710654011658
-0.710654011658
-0.710654011658
-0.710654011658
-0.710654011658
-0.710654011658
-0.710654011658
-0.710654011658
-0.710654011658
-0.710654011658
-0.710654011658
-0.710654011658
-0.710654011658
-0.710654011658
-0.710654011658
-0.710654011658
-0.710654011658
-0.710654011658
-0.710654011658
-0.710654011658
-0.710654011658
-0.710654011658
-0.710654011658
-0.710654011658
-0.710654011658
-0.710654011658
-0.710654011658
-0.710654011658
-0.710654011658
-0.710654011658
-0.710654011658
-0.710654011658
-0.710654011658
-0.710654011658
-0.710654011658
-0.710654011658
-0.710654011658
-0.710654011658
-0.710654011658
-0.710654011658
-0.710654011658
-0.710654011658
-0.710654011658
-0.710654011658
-0.710654011658
-0.710654011658
-0.710654011658
-0.710654011658
-0.710654011658
-0.710654011658
-0.710654011658
-0.710654011658
-0.710654011658
-0.710654011658
-0.710654011658
-0.710654011658
-0.710654011658
-0.710654011658
-0.710654011658
-0.710654011658
-0.710654011658
-0.710654011658
-0.710654011658
-0.710654011658
-0.710654011658
-0.710654011658
-0.710654011658
-0.710654011658
-0.710654011658
-0.710654011658
-0.710654011658
-0.710654011658
-0.710654011658
-0.710654011658
-0.710654011658
-0.710654011658
-0.710654011658
-0.710654011658
-0.710654011658
-0.710654011658
-0.710654011658
-0.710654011658
-0.710654011658
-0.710654011658
-0.710654011658
-0.710654011658
-0.710654011658
-0.710654011658
-0.710654011658
-0.710654011658
-0.710654011658
-0.710654011658
