16.1427907262
11.9599155376
11.9835266855
11.9836165379
11.9836165349
11.9836165349
11.9836165349
11.9836165349
11.9836165349
11.9836165349
11.9836165349
11.9836165349
11.9836165349
11.9836165349
11.9836165349
11.9836165349
11.9836165349
11.9836165349
11.9836165349
11.9836165349
11.9836165349
11.9836165349
11.9836165349
11.9836165349
11.9836165349
11.9836165349
11.9836165349
11.9836165349
11.9836165349
11.9836165349
11.9836165349
11.9836165349
11.9836165349
11.9836165349
11.9836165349
11.9836165349
11.9836165349
11.9836165349
11.9836165349
11.9836165349
11.9836165349
11.9836165349
11.9836165349
11.9836165349
11.9836165349
11.9836165349
11.9836165349
11.9836165349
11.9836165349
11.9836165349
11.9836165349
11.9836165349
11.9836165349
11.9836165349
11.9836165349
11.9836165349
11.9836165349
11.9836165349
11.9836165349
11.9836165349
11.9836165349
11.9836165349
11.9836165349
11.9836165349
11.9836165349
11.9836165349
11.9836165349
11.9836165349
11.9836165349
11.9836165349
11.9836165349
11.9836165349
11.9836165349
11.9836165349
11.9836165349
11.9836165349
11.9836165349
11.9836165349
11.9836165349
11.9836165349
11.9836165349
11.9836165349
11.9836165349
11.9836165349
11.9836165349
11.9836165349
11.9836165349
11.9836165349
11.9836165349
11.9836165349
11.9836165349
11.9836165349
11.9836165349
11.9836165349
11.9836165349
11.9836165349
11.9836165349
11.9836165349
11.9836165349
11.9836165349
