-0.878152375309
-0.861218223451
-0.876440249365
-0.8762711656
-0.8762711656
-0.8762711656
-0.8762711656
-0.8762711656
-0.8762711656
-0.8762711656
-0.8762711656
-0.8762711656
-0.8762711656
-0.8762711656
-0.8762711656
-0.8762711656
-0.8762711656
-0.8762711656
-0.8762711656
-0.8762711656
-0.8762711656
-0.8762711656
-0.8762711656
-0.8762711656
-0.8762711656
-0.8762711656
-0.8762711656
-0.8762711656
-0.8762711656
-0.8762711656
-0.8762711656
-0.8762711656
-0.8762711656
-0.8762711656
-0.8762711656
-0.8762711656
-0.8762711656
-0.8762711656
-0.8762711656
-0.8762711656
-0.8762711656
-0.8762711656
-0.8762711656
-0.8762711656
-0.8762711656
-0.8762711656
-0.8762711656
-0.8762711656
-0.8762711656
-0.8762711656
-0.8762711656
-0.8762711656
-0.8762711656
-0.8762711656
-0.8762711656
-0.8762711656
-0.8762711656
-0.8762711656
-0.8762711656
-0.8762711656
-0.8762711656
-0.8762711656
-0.8762711656
-0.8762711656
-0.8762711656
-0.8762711656
-0.8762711656
-0.8762711656
-0.8762711656
-0.8762711656
-0.8762711656
-0.8762711656
-0.8762711656
-0.8762711656
-0.8762711656
-0.8762711656
-0.8762711656
-0.8762711656
-0.8762711656
-0.8762711656
-0.8762711656
-0.8762711656
-0.8762711656
-0.8762711656
-0.8762711656
-0.8762711656
-0.8762711656
-0.8762711656
-0.8762711656
-0.8762711656
-0.8762711656
-0.8762711656
-0.8762711656
-0.8762711656
-0.8762711656
-0.8762711656
-0.8762711656
-0.8762711656
-0.8762711656
