20.2258261877
14.498129354
14.4321396116
14.4325570017
14.4325563091
14.4325563091
14.4325563091
14.4325563091
14.4325563091
14.4325563091
14.4325563091
14.4325563091
14.4325563091
14.4325563091
14.4325563091
14.4325563091
14.4325563091
14.4325563091
14.4325563091
14.4325563091
14.4325563091
14.4325563091
14.4325563091
14.4325563091
14.4325563091
14.4325563091
14.4325563091
14.4325563091
14.4325563091
14.4325563091
14.4325563091
14.4325563091
14.4325563091
14.4325563091
14.4325563091
14.4325563091
14.4325563091
14.4325563091
14.4325563091
14.4325563091
14.4325563091
14.4325563091
14.4325563091
14.4325563091
14.4325563091
14.4325563091
14.4325563091
14.4325563091
14.4325563091
14.4325563091
14.4325563091
14.4325563091
14.4325563091
14.4325563091
14.4325563091
14.4325563091
14.4325563091
14.4325563091
14.4325563091
14.4325563091
14.4325563091
14.4325563091
14.4325563091
14.4325563091
14.4325563091
14.4325563091
14.4325563091
14.4325563091
14.4325563091
14.4325563091
14.4325563091
14.4325563091
14.4325563091
14.4325563091
14.4325563091
14.4325563091
14.4325563091
14.4325563091
14.4325563091
14.4325563091
14.4325563091
14.4325563091
14.4325563091
14.4325563091
14.4325563091
14.4325563091
14.4325563091
14.4325563091
14.4325563091
14.4325563091
14.4325563091
14.4325563091
14.4325563091
14.4325563091
14.4325563091
14.4325563091
14.4325563091
14.4325563091
14.4325563091
14.4325563091
