-0.515305032502
-0.514455053752
-0.515305032502
-0.515305032502
-0.515305032502
-0.515305032502
-0.515305032502
-0.515305032502
-0.515305032502
-0.515305032502
-0.515305032502
-0.515305032502
-0.515305032502
-0.515305032502
-0.515305032502
-0.515305032502
-0.515305032502
-0.515305032502
-0.515305032502
-0.515305032502
-0.515305032502
-0.515305032502
-0.515305032502
-0.515305032502
-0.515305032502
-0.515305032502
-0.515305032502
-0.515305032502
-0.515305032502
-0.515305032502
-0.515305032502
-0.515305032502
-0.515305032502
-0.515305032502
-0.515305032502
-0.515305032502
-0.515305032502
-0.515305032502
-0.515305032502
-0.515305032502
-0.515305032502
-0.515305032502
-0.515305032502
-0.515305032502
-0.515305032502
-0.515305032502
-0.515305032502
-0.515305032502
-0.515305032502
-0.515305032502
-0.515305032502
-0.515305032502
-0.515305032502
-0.515305032502
-0.515305032502
-0.515305032502
-0.515305032502
-0.515305032502
-0.515305032502
-0.515305032502
-0.515305032502
-0.515305032502
-0.515305032502
-0.515305032502
-0.515305032502
-0.515305032502
-0.515305032502
-0.515305032502
-0.515305032502
-0.515305032502
-0.515305032502
-0.515305032502
-0.515305032502
-0.515305032502
-0.515305032502
-0.515305032502
-0.515305032502
-0.515305032502
-0.515305032502
-0.515305032502
-0.515305032502
-0.515305032502
-0.515305032502
-0.515305032502
-0.515305032502
-0.515305032502
-0.515305032502
-0.515305032502
-0.515305032502
-0.515305032502
-0.515305032502
-0.515305032502
-0.515305032502
-0.515305032502
-0.515305032502
-0.515305032502
-0.515305032502
-0.515305032502
-0.515305032502
