-0.426052878485
-0.940153202918
-0.939295692556
-0.938772199388
-0.938772199388
-0.938772199388
-0.938772199388
-0.938772199388
-0.938772199388
-0.938772199388
-0.938772199388
-0.938772199388
-0.938772199388
-0.938772199388
-0.938772199388
-0.938772199388
-0.938772199388
-0.938772199388
-0.938772199388
-0.938772199388
-0.938772199388
-0.938772199388
-0.938772199388
-0.938772199388
-0.938772199388
-0.938772199388
-0.938772199388
-0.938772199388
-0.938772199388
-0.938772199388
-0.938772199388
-0.938772199388
-0.938772199388
-0.938772199388
-0.938772199388
-0.938772199388
-0.938772199388
-0.938772199388
-0.938772199388
-0.938772199388
-0.938772199388
-0.938772199388
-0.938772199388
-0.938772199388
-0.938772199388
-0.938772199388
-0.938772199388
-0.938772199388
-0.938772199388
-0.938772199388
-0.938772199388
-0.938772199388
-0.938772199388
-0.938772199388
-0.938772199388
-0.938772199388
-0.938772199388
-0.938772199388
-0.938772199388
-0.938772199388
-0.938772199388
-0.938772199388
-0.938772199388
-0.938772199388
-0.938772199388
-0.938772199388
-0.938772199388
-0.938772199388
-0.938772199388
-0.938772199388
-0.938772199388
-0.938772199388
-0.938772199388
-0.938772199388
-0.938772199388
-0.938772199388
-0.938772199388
-0.938772199388
-0.938772199388
-0.938772199388
-0.938772199388
-0.938772199388
-0.938772199388
-0.938772199388
-0.938772199388
-0.938772199388
-0.938772199388
-0.938772199388
-0.938772199388
-0.938772199388
-0.938772199388
-0.938772199388
-0.938772199388
-0.938772199388
-0.938772199388
-0.938772199388
-0.938772199388
-0.938772199388
-0.938772199388
