4.40497722569
2.1280916773
1.73790914426
1.73799279065
1.73799278189
1.73799278189
1.73799278189
1.73799278189
1.73799278189
1.73799278189
1.73799278189
1.73799278189
1.73799278189
1.73799278189
1.73799278189
1.73799278189
1.73799278189
1.73799278189
1.73799278189
1.73799278189
1.73799278189
1.73799278189
1.73799278189
1.73799278189
1.73799278189
1.73799278189
1.73799278189
1.73799278189
1.73799278189
1.73799278189
1.73799278189
1.73799278189
1.73799278189
1.73799278189
1.73799278189
1.73799278189
1.73799278189
1.73799278189
1.73799278189
1.73799278189
1.73799278189
1.73799278189
1.73799278189
1.73799278189
1.73799278189
1.73799278189
1.73799278189
1.73799278189
1.73799278189
1.73799278189
1.73799278189
1.73799278189
1.73799278189
1.73799278189
1.73799278189
1.73799278189
1.73799278189
1.73799278189
1.73799278189
1.73799278189
1.73799278189
1.73799278189
1.73799278189
1.73799278189
1.73799278189
1.73799278189
1.73799278189
1.73799278189
1.73799278189
1.73799278189
1.73799278189
1.73799278189
1.73799278189
1.73799278189
1.73799278189
1.73799278189
1.73799278189
1.73799278189
1.73799278189
1.73799278189
1.73799278189
1.73799278189
1.73799278189
1.73799278189
1.73799278189
1.73799278189
1.73799278189
1.73799278189
1.73799278189
1.73799278189
1.73799278189
1.73799278189
1.73799278189
1.73799278189
1.73799278189
1.73799278189
1.73799278189
1.73799278189
1.73799278189
1.73799278189
