-0.675305907082
-0.676686910611
0.275652270675
0.275680126209
0.275568508252
0.275680126209
0.275596461754
0.275680126209
0.275582489096
0.275526516536
0.275666202514
0.275680126209
0.275624382543
0.275526516536
0.275568508252
0.275638330687
0.275680126209
0.275638330687
0.275624382543
0.27569404177
0.275568508252
0.275526516536
0.275680126209
0.275568508252
0.275470412547
0.275680126209
0.275610426234
0.27573573971
0.2757496228
0.27573573971
0.275568508252
0.275526516536
0.275568508252
0.275526516536
0.275680126209
0.27569404177
0.275526516536
0.275680126209
0.27576349779
0.275568508252
0.275400097031
0.275652270675
0.275652270675
0.275568508252
0.275707949202
0.275680126209
0.27573573971
0.27554052198
0.27554052198
0.275568508252
0.275526516536
0.27554052198
0.275666202514
0.275526516536
0.275666202514
0.27569404177
0.27573573971
0.275568508252
0.275568508252
0.275707949202
0.275680126209
0.275680126209
0.275707949202
0.27569404177
0.275526516536
0.275707949202
0.275624382543
0.275568508252
0.275680126209
0.275526516536
0.275371912918
0.275624382543
0.275652270675
0.275568508252
0.275638330687
0.275707949202
0.275568508252
0.275568508252
0.275568508252
0.27569404177
0.275400097031
0.275680126209
0.275666202514
0.275707949202
0.27569404177
0.275596461754
0.27569404177
0.275568508252
0.275680126209
0.275568508252
0.275596461754
0.275568508252
0.27576349779
0.27569404177
0.275680126209
0.275568508252
0.275680126209
0.275680126209
0.275400097031
