25.6651195643
25.1516178363
25.1509572255
25.1509569487
25.1509569488
25.1509569488
25.1509569488
25.1509569488
25.1509569488
25.1509569488
25.1509569488
25.1509569488
25.1509569488
25.1509569488
25.1509569488
25.1509569488
25.1509569488
25.1509569488
25.1509569488
25.1509569488
25.1509569488
25.1509569488
25.1509569488
25.1509569488
25.1509569488
25.1509569488
25.1509569488
25.1509569488
25.1509569488
25.1509569488
25.1509569488
25.1509569488
25.1509569488
25.1509569488
25.1509569488
25.1509569488
25.1509569488
25.1509569488
25.1509569488
25.1509569488
25.1509569488
25.1509569488
25.1509569488
25.1509569488
25.1509569488
25.1509569488
25.1509569488
25.1509569488
25.1509569488
25.1509569488
25.1509569488
25.1509569488
25.1509569488
25.1509569488
25.1509569488
25.1509569488
25.1509569488
25.1509569488
25.1509569488
25.1509569488
25.1509569488
25.1509569488
25.1509569488
25.1509569488
25.1509569488
25.1509569488
25.1509569488
25.1509569488
25.1509569488
25.1509569488
25.1509569488
25.1509569488
25.1509569488
25.1509569488
25.1509569488
25.1509569488
25.1509569488
25.1509569488
25.1509569488
25.1509569488
25.1509569488
25.1509569488
25.1509569488
25.1509569488
25.1509569488
25.1509569488
25.1509569488
25.1509569488
25.1509569488
25.1509569488
25.1509569488
25.1509569488
25.1509569488
25.1509569488
25.1509569488
25.1509569488
25.1509569488
25.1509569488
25.1509569488
25.1509569488
