0.00179459915046
0.577906283081
-0.132279814327
0.00157288866772
0.00170170575136
0.00170170575136
0.00170170575136
0.00170170575136
0.00170170575136
0.00170170575136
0.00170170575136
0.00170170575136
0.00170170575136
0.00170170575136
0.00170170575136
0.00170170575136
0.00170170575136
0.00170170575136
0.00170170575136
0.00170170575136
0.00170170575136
0.00170170575136
0.00170170575136
0.00170170575136
0.00170170575136
0.00170170575136
0.00170170575136
0.00170170575136
0.00170170575136
0.00170170575136
0.00170170575136
0.00170170575136
0.00170170575136
0.00170170575136
0.00170170575136
0.00170170575136
0.00170170575136
0.00170170575136
0.00170170575136
0.00170170575136
0.00170170575136
0.00170170575136
0.00170170575136
0.00170170575136
0.00170170575136
0.00170170575136
0.00170170575136
0.00170170575136
0.00170170575136
0.00170170575136
0.00170170575136
0.00170170575136
0.00170170575136
0.00170170575136
0.00170170575136
0.00170170575136
0.00170170575136
0.00170170575136
0.00170170575136
0.00170170575136
0.00170170575136
0.00170170575136
0.00170170575136
0.00170170575136
0.00170170575136
0.00170170575136
0.00170170575136
0.00170170575136
0.00170170575136
0.00170170575136
0.00170170575136
0.00170170575136
0.00170170575136
0.00170170575136
0.00170170575136
0.00170170575136
0.00170170575136
0.00170170575136
0.00170170575136
0.00170170575136
0.00170170575136
0.00170170575136
0.00170170575136
0.00170170575136
0.00170170575136
0.00170170575136
0.00170170575136
0.00170170575136
0.00170170575136
0.00170170575136
0.00170170575136
0.00170170575136
0.00170170575136
0.00170170575136
0.00170170575136
0.00170170575136
0.00170170575136
0.00170170575136
0.00170170575136
