29.8996945295
0.684120155038
6.29459807166
7.29071892571
7.26405223195
7.26405280447
7.26405280447
7.26405280447
7.26405280447
7.26405280447
7.26405280447
7.26405280447
7.26405280447
7.26405280447
7.26405280447
7.26405280447
7.26405280447
7.26405280447
7.26405280447
7.26405280447
7.26405280447
7.26405280447
7.26405280447
7.26405280447
7.26405280447
7.26405280447
7.26405280447
7.26405280447
7.26405280447
7.26405280447
7.26405280447
7.26405280447
7.26405280447
7.26405280447
7.26405280447
7.26405280447
7.26405280447
7.26405280447
7.26405280447
7.26405280447
7.26405280447
7.26405280447
7.26405280447
7.26405280447
7.26405280447
7.26405280447
7.26405280447
7.26405280447
7.26405280447
7.26405280447
7.26405280447
7.26405280447
7.26405280447
7.26405280447
7.26405280447
7.26405280447
7.26405280447
7.26405280447
7.26405280447
7.26405280447
7.26405280447
7.26405280447
7.26405280447
7.26405280447
7.26405280447
7.26405280447
7.26405280447
7.26405280447
7.26405280447
7.26405280447
7.26405280447
7.26405280447
7.26405280447
7.26405280447
7.26405280447
7.26405280447
7.26405280447
7.26405280447
7.26405280447
7.26405280447
7.26405280447
7.26405280447
7.26405280447
7.26405280447
7.26405280447
7.26405280447
7.26405280447
7.26405280447
7.26405280447
7.26405280447
7.26405280447
7.26405280447
7.26405280447
7.26405280447
7.26405280447
7.26405280447
7.26405280447
7.26405280447
7.26405280447
7.26405280447
