-0.80779442732
-0.80779442732
-0.788539768935
-0.788539768935
-0.788539768935
-0.788539768935
-0.788539768935
-0.788539768935
-0.788539768935
-0.788539768935
-0.788539768935
-0.788539768935
-0.788539768935
-0.788539768935
-0.788539768935
-0.788539768935
-0.788539768935
-0.788539768935
-0.788539768935
-0.788539768935
-0.788539768935
-0.788539768935
-0.788539768935
-0.788539768935
-0.788539768935
-0.788539768935
-0.788539768935
-0.788539768935
-0.788539768935
-0.788539768935
-0.788539768935
-0.788539768935
-0.788539768935
-0.788539768935
-0.788539768935
-0.788539768935
-0.788539768935
-0.788539768935
-0.788539768935
-0.788539768935
-0.788539768935
-0.788539768935
-0.788539768935
-0.788539768935
-0.788539768935
-0.788539768935
-0.788539768935
-0.788539768935
-0.788539768935
-0.788539768935
-0.788539768935
-0.788539768935
-0.788539768935
-0.788539768935
-0.788539768935
-0.788539768935
-0.788539768935
-0.788539768935
-0.788539768935
-0.788539768935
-0.788539768935
-0.788539768935
-0.788539768935
-0.788539768935
-0.788539768935
-0.788539768935
-0.788539768935
-0.788539768935
-0.788539768935
-0.788539768935
-0.788539768935
-0.788539768935
-0.788539768935
-0.788539768935
-0.788539768935
-0.788539768935
-0.788539768935
-0.788539768935
-0.788539768935
-0.788539768935
-0.788539768935
-0.788539768935
-0.788539768935
-0.788539768935
-0.788539768935
-0.788539768935
-0.788539768935
-0.788539768935
-0.788539768935
-0.788539768935
-0.788539768935
-0.788539768935
-0.788539768935
-0.788539768935
-0.788539768935
-0.788539768935
-0.788539768935
-0.788539768935
-0.788539768935
