25.1628965074
8.05716639043
7.30112796725
7.30135120063
7.30135120063
7.30135120063
7.30135120063
7.30135120063
7.30135120063
7.30135120063
7.30135120063
7.30135120063
7.30135120063
7.30135120063
7.30135120063
7.30135120063
7.30135120063
7.30135120063
7.30135120063
7.30135120063
7.30135120063
7.30135120063
7.30135120063
7.30135120063
7.30135120063
7.30135120063
7.30135120063
7.30135120063
7.30135120063
7.30135120063
7.30135120063
7.30135120063
7.30135120063
7.30135120063
7.30135120063
7.30135120063
7.30135120063
7.30135120063
7.30135120063
7.30135120063
7.30135120063
7.30135120063
7.30135120063
7.30135120063
7.30135120063
7.30135120063
7.30135120063
7.30135120063
7.30135120063
7.30135120063
7.30135120063
7.30135120063
7.30135120063
7.30135120063
7.30135120063
7.30135120063
7.30135120063
7.30135120063
7.30135120063
7.30135120063
7.30135120063
7.30135120063
7.30135120063
7.30135120063
7.30135120063
7.30135120063
7.30135120063
7.30135120063
7.30135120063
7.30135120063
7.30135120063
7.30135120063
7.30135120063
7.30135120063
7.30135120063
7.30135120063
7.30135120063
7.30135120063
7.30135120063
7.30135120063
7.30135120063
7.30135120063
7.30135120063
7.30135120063
7.30135120063
7.30135120063
7.30135120063
7.30135120063
7.30135120063
7.30135120063
7.30135120063
7.30135120063
7.30135120063
7.30135120063
7.30135120063
7.30135120063
7.30135120063
7.30135120063
7.30135120063
7.30135120063
