-0.806604205451
0.0581194679066
-0.483851600653
0.0424082685619
0.0534167259989
0.0534533409789
0.0534533409789
0.0534533409789
0.0534533409789
0.0534533409789
0.0534533409789
0.0534533409789
0.0534533409789
0.0534533409789
0.0534533409789
0.0534533409789
0.0534533409789
0.0534533409789
0.0534533409789
0.0534533409789
0.0534533409789
0.0534533409789
0.0534533409789
0.0534533409789
0.0534533409789
0.0534533409789
0.0534533409789
0.0534533409789
0.0534533409789
0.0534533409789
0.0534533409789
0.0534533409789
0.0534533409789
0.0534533409789
0.0534533409789
0.0534533409789
0.0534533409789
0.0534533409789
0.0534533409789
0.0534533409789
0.0534533409789
0.0534533409789
0.0534533409789
0.0534533409789
0.0534533409789
0.0534533409789
0.0534533409789
0.0534533409789
0.0534533409789
0.0534533409789
0.0534533409789
0.0534533409789
0.0534533409789
0.0534533409789
0.0534533409789
0.0534533409789
0.0534533409789
0.0534533409789
0.0534533409789
0.0534533409789
0.0534533409789
0.0534533409789
0.0534533409789
0.0534533409789
0.0534533409789
0.0534533409789
0.0534533409789
0.0534533409789
0.0534533409789
0.0534533409789
0.0534533409789
0.0534533409789
0.0534533409789
0.0534533409789
0.0534533409789
0.0534533409789
0.0534533409789
0.0534533409789
0.0534533409789
0.0534533409789
0.0534533409789
0.0534533409789
0.0534533409789
0.0534533409789
0.0534533409789
0.0534533409789
0.0534533409789
0.0534533409789
0.0534533409789
0.0534533409789
0.0534533409789
0.0534533409789
0.0534533409789
0.0534533409789
0.0534533409789
0.0534533409789
0.0534533409789
0.0534533409789
0.0534533409789
