16.9440303175
25.4473074348
25.6679700796
25.6278207033
25.6278150887
25.6278150887
25.6278150887
25.6278150887
25.6278150887
25.6278150887
25.6278150887
25.6278150887
25.6278150887
25.6278150887
25.6278150887
25.6278150887
25.6278150887
25.6278150887
25.6278150887
25.6278150887
25.6278150887
25.6278150887
25.6278150887
25.6278150887
25.6278150887
25.6278150887
25.6278150887
25.6278150887
25.6278150887
25.6278150887
25.6278150887
25.6278150887
25.6278150887
25.6278150887
25.6278150887
25.6278150887
25.6278150887
25.6278150887
25.6278150887
25.6278150887
25.6278150887
25.6278150887
25.6278150887
25.6278150887
25.6278150887
25.6278150887
25.6278150887
25.6278150887
25.6278150887
25.6278150887
25.6278150887
25.6278150887
25.6278150887
25.6278150887
25.6278150887
25.6278150887
25.6278150887
25.6278150887
25.6278150887
25.6278150887
25.6278150887
25.6278150887
25.6278150887
25.6278150887
25.6278150887
25.6278150887
25.6278150887
25.6278150887
25.6278150887
25.6278150887
25.6278150887
25.6278150887
25.6278150887
25.6278150887
25.6278150887
25.6278150887
25.6278150887
25.6278150887
25.6278150887
25.6278150887
25.6278150887
25.6278150887
25.6278150887
25.6278150887
25.6278150887
25.6278150887
25.6278150887
25.6278150887
25.6278150887
25.6278150887
25.6278150887
25.6278150887
25.6278150887
25.6278150887
25.6278150887
25.6278150887
25.6278150887
25.6278150887
25.6278150887
25.6278150887
