-0.525490227806
-0.603341146371
0.124455375427
0.12375615586
0.123732017876
0.123732017876
0.123732017876
0.123732017876
0.123732017876
0.123732017876
0.123732017876
0.123732017876
0.123732017876
0.123732017876
0.123732017876
0.123732017876
0.123732017876
0.123732017876
0.123732017876
0.123732017876
0.123732017876
0.123732017876
0.123732017876
0.123732017876
0.123732017876
0.123732017876
0.123732017876
0.123732017876
0.123732017876
0.123732017876
0.123732017876
0.123732017876
0.123732017876
0.123732017876
0.123732017876
0.123732017876
0.123732017876
0.123732017876
0.123732017876
0.123732017876
0.123732017876
0.123732017876
0.123732017876
0.123732017876
0.123732017876
0.123732017876
0.123732017876
0.123732017876
0.123732017876
0.123732017876
0.123732017876
0.123732017876
0.123732017876
0.123732017876
0.123732017876
0.123732017876
0.123732017876
0.123732017876
0.123732017876
0.123732017876
0.123732017876
0.123732017876
0.123732017876
0.123732017876
0.123732017876
0.123732017876
0.123732017876
0.123732017876
0.124167815472
0.123732017876
0.123732017876
0.124167815472
0.123732017876
0.123732017876
0.123732017876
0.123732017876
0.123732017876
0.123732017876
0.123732017876
0.123732017876
0.123732017876
0.123732017876
0.123732017876
0.123732017876
0.123732017876
0.123732017876
0.123732017876
0.123732017876
0.123732017876
0.123732017876
0.123732017876
0.123732017876
0.123732017876
0.123732017876
0.123732017876
0.123732017876
0.123732017876
0.123732017876
0.123732017876
