-0.0170490073959
0.00529961653386
-0.0367394029496
-0.0367394029496
-0.0367394029496
-0.0367394029496
-0.0367394029496
-0.0367394029496
-0.0367394029496
-0.0367394029496
-0.0367394029496
-0.0367394029496
-0.0367394029496
-0.0367394029496
-0.0367394029496
-0.0367394029496
-0.0367394029496
-0.0367394029496
-0.0367394029496
-0.0367394029496
-0.0367394029496
-0.0367394029496
-0.0367394029496
-0.0367394029496
-0.0367394029496
-0.0367394029496
-0.0367394029496
-0.0367394029496
-0.0367394029496
-0.0367394029496
-0.0367394029496
-0.0367394029496
-0.0367394029496
-0.0367394029496
-0.0367394029496
-0.0367394029496
-0.0367394029496
-0.0367394029496
-0.0367394029496
-0.0367394029496
-0.0367394029496
-0.0367394029496
-0.0367394029496
-0.0367394029496
-0.0367394029496
-0.0367394029496
-0.0367394029496
-0.0367394029496
-0.0367394029496
-0.0367394029496
-0.0367394029496
-0.0367394029496
-0.0367394029496
-0.0367394029496
-0.0367394029496
-0.0367394029496
-0.0367394029496
-0.0367394029496
-0.0367394029496
-0.0367394029496
-0.0367394029496
-0.0367394029496
-0.0367394029496
-0.0367394029496
-0.0367394029496
-0.0367394029496
-0.0367394029496
-0.0367394029496
-0.0367394029496
-0.0367394029496
-0.0367394029496
-0.0367394029496
-0.0367394029496
-0.0367394029496
-0.0367394029496
-0.0367394029496
-0.0367394029496
-0.0367394029496
-0.0367394029496
-0.0367394029496
-0.0367394029496
-0.0367394029496
-0.0367394029496
-0.0367394029496
-0.0367394029496
-0.0367394029496
-0.0367394029496
-0.0367394029496
-0.0367394029496
-0.0367394029496
-0.0367394029496
-0.0367394029496
-0.0367394029496
-0.0367394029496
-0.0367394029496
-0.0367394029496
-0.0367394029496
-0.0367394029496
-0.0367394029496
