14.0522324111
29.5499085649
34.4755899951
33.3015396808
33.3015396808
33.3015396808
33.3015396808
33.3015396808
33.3015396808
33.3015396808
33.3015396808
33.3015396808
33.3015396808
33.3015396808
33.3015396808
33.3015396808
33.3015396808
33.3015396808
33.3015396808
33.3015396808
33.3015396808
33.3015396808
33.3015396808
33.3015396808
33.3015396808
33.3015396808
33.3015396808
33.3015396808
33.3015396808
33.3015396808
33.3015396808
33.3015396808
33.3015396808
33.3015396808
33.3015396808
33.3015396808
33.3015396808
33.3015396808
33.3015396808
33.3015396808
33.3015396808
33.3015396808
33.3015396808
33.3015396808
33.3015396808
33.3015396808
33.3015396808
33.3015396808
33.3015396808
33.3015396808
33.3015396808
33.3015396808
33.3015396808
33.3015396808
33.3015396808
33.3015396808
33.3015396808
33.3015396808
33.3015396808
33.3015396808
33.3015396808
33.3015396808
33.3015396808
33.3015396808
33.3015396808
33.3015396808
33.3015396808
33.3015396808
33.3015396808
33.3015396808
33.3015396808
33.3015396808
33.3015396808
33.3015396808
33.3015396808
33.3015396808
33.3015396808
33.3015396808
33.3015396808
33.3015396808
33.3015396808
33.3015396808
33.3015396808
33.3015396808
33.3015396808
33.3015396808
33.3015396808
33.3015396808
33.3015396808
33.3015396808
33.3015396808
33.3015396808
33.3015396808
33.3015396808
33.3015396808
33.3015396808
33.3015396808
33.3015396808
33.3015396808
33.3015396808
