28.7266988398
11.5295221152
11.5295221152
11.5295221152
11.5295221152
11.5295221152
11.5295221152
11.5295221152
11.5295221152
11.5295221152
11.5295221152
11.5295221152
11.5295221152
11.5295221152
11.5295221152
11.5295221152
11.5295221152
11.5295221152
11.5295221152
11.5295221152
11.5295221152
11.5295221152
11.5295221152
11.5295221152
11.5295221152
11.5295221152
11.5295221152
11.5295221152
11.5295221152
11.5295221152
11.5295221152
11.5295221152
11.5295221152
11.5295221152
11.5295221152
11.5295221152
11.5295221152
11.5295221152
11.5295221152
11.5295221152
11.5295221152
11.5295221152
11.5295221152
11.5295221152
11.5295221152
11.5295221152
11.5295221152
11.5295221152
11.5295221152
11.5295221152
11.5295221152
11.5295221152
11.5295221152
11.5295221152
11.5295221152
11.5295221152
11.5295221152
11.5295221152
11.5295221152
11.5295221152
11.5295221152
11.5295221152
11.5295221152
11.5295221152
11.5295221152
11.5295221152
11.5295221152
11.5295221152
11.5295221152
11.5295221152
11.5295221152
11.5295221152
11.5295221152
11.5295221152
11.5295221152
11.5295221152
11.5295221152
11.5295221152
11.5295221152
11.5295221152
11.5295221152
11.5295221152
11.5295221152
11.5295221152
11.5295221152
11.5295221152
11.5295221152
11.5295221152
11.5295221152
11.5295221152
11.5295221152
11.5295221152
11.5295221152
11.5295221152
11.5295221152
11.5295221152
11.5295221152
11.5295221152
11.5295221152
11.5295221152
