10.4888662936
20.9703926788
20.9708454896
20.9708337773
20.9708337773
20.9708337773
20.9708337773
20.9708337773
20.9708337773
20.9708337773
20.9708337773
20.9708337773
20.9708337773
20.9708337773
20.9708337773
20.9708337773
20.9708337773
20.9708337773
20.9708337773
20.9708337773
20.9708337773
20.9708337773
20.9708337773
20.9708337773
20.9708337773
20.9708337773
20.9708337773
20.9708337773
20.9708337773
20.9708337773
20.9708337773
20.9708337773
20.9708337773
20.9708337773
20.9708337773
20.9708337773
20.9708337773
20.9708337773
20.9708337773
20.9708337773
20.9708337773
20.9708337773
20.9708337773
20.9708337773
20.9708337773
20.9708337773
20.9708337773
20.9708337773
20.9708337773
20.9708337773
20.9708337773
20.9708337773
20.9708337773
20.9708337773
20.9708337773
20.9708337773
20.9708337773
20.9708337773
20.9708337773
20.9708337773
20.9708337773
20.9708337773
20.9708337773
20.9708337773
20.9708337773
20.9708337773
20.9708337773
20.9708337773
20.9708337773
20.9708337773
20.9708337773
20.9708337773
20.9708337773
20.9708337773
20.9708337773
20.9708337773
20.9708337773
20.9708337773
20.9708337773
20.9708337773
20.9708337773
20.9708337773
20.9708337773
20.9708337773
20.9708337773
20.9708337773
20.9708337773
20.9708337773
20.9708337773
20.9708337773
20.9708337773
20.9708337773
20.9708337773
20.9708337773
20.9708337773
20.9708337773
20.9708337773
20.9708337773
20.9708337773
20.9708337773
