-0.081444677819
-0.0815742803566
0.0218888222327
0.0218888222327
0.0218888222327
0.0218888222327
0.0218888222327
0.0218888222327
0.0218888222327
0.0218888222327
0.0218888222327
0.0218888222327
0.0218888222327
0.0218888222327
0.0218888222327
0.0218888222327
0.0218888222327
0.0218888222327
0.0218888222327
0.0218888222327
0.0218888222327
0.0218888222327
0.0218888222327
0.0218888222327
0.0218888222327
0.0218888222327
0.0218888222327
0.0218888222327
0.0218888222327
0.0218888222327
0.0218888222327
0.0218888222327
0.0218888222327
0.0218888222327
0.0218888222327
0.0218888222327
0.0218888222327
0.0218888222327
0.0218888222327
0.0218888222327
0.0218888222327
0.0218888222327
0.0218888222327
0.0218888222327
0.0218888222327
0.0218888222327
0.0218888222327
0.0218888222327
0.0218888222327
0.0218888222327
0.0218888222327
0.0218888222327
0.0218888222327
0.0218888222327
0.0218888222327
0.0218888222327
0.0218888222327
0.0218888222327
0.0218888222327
0.0218888222327
0.0218888222327
0.0218888222327
0.0218888222327
0.0218888222327
0.0218888222327
0.0218888222327
0.0218888222327
0.0218888222327
0.0218888222327
0.0218888222327
0.0218888222327
0.0218888222327
0.0218888222327
0.0218888222327
0.0218888222327
0.0218888222327
0.0218888222327
0.0218888222327
0.0218888222327
0.0218888222327
0.0218888222327
0.0218888222327
0.0218888222327
0.0218888222327
0.0218888222327
0.0218888222327
0.0218888222327
0.0218888222327
0.0218888222327
0.0218888222327
0.0218888222327
0.0218888222327
0.0218888222327
0.0218888222327
0.0218888222327
0.0218888222327
0.0218888222327
0.0218888222327
0.0218888222327
