21.1437971522
3.45160113914
3.45160113914
3.45160113914
3.45160113914
3.45160113914
3.45160113914
3.45160113914
3.45160113914
3.45160113914
3.45160113914
3.45160113914
3.45160113914
3.45160113914
3.45160113914
3.45160113914
3.45160113914
3.45160113914
3.45160113914
3.45160113914
3.45160113914
3.45160113914
3.45160113914
3.45160113914
3.45160113914
3.45160113914
3.45160113914
3.45160113914
3.45160113914
3.45160113914
3.45160113914
3.45160113914
3.45160113914
3.45160113914
3.45160113914
3.45160113914
3.45160113914
3.45160113914
3.45160113914
3.45160113914
3.45160113914
3.45160113914
3.45160113914
3.45160113914
3.45160113914
3.45160113914
3.45160113914
3.45160113914
3.45160113914
3.45160113914
3.45160113914
3.45160113914
3.45160113914
3.45160113914
3.45160113914
3.45160113914
3.45160113914
3.45160113914
3.45160113914
3.45160113914
3.45160113914
3.45160113914
3.45160113914
3.45160113914
3.45160113914
3.45160113914
3.45160113914
3.45160113914
3.45160113914
3.45160113914
3.45160113914
3.45160113914
3.45160113914
3.45160113914
3.45160113914
3.45160113914
3.45160113914
3.45160113914
3.45160113914
3.45160113914
3.45160113914
3.45160113914
3.45160113914
3.45160113914
3.45160113914
3.45160113914
3.45160113914
3.45160113914
3.45160113914
3.45160113914
3.45160113914
3.45160113914
3.45160113914
3.45160113914
3.45160113914
3.45160113914
3.45160113914
3.45160113914
3.45160113914
3.45160113914
