0.0817468589312
0.00526110974385
0.00516476752211
0.00516476752211
0.00516476752211
0.00516476752211
0.00516476752211
0.00516476752211
0.00516476752211
0.00516476752211
0.00516476752211
0.00516476752211
0.00516476752211
0.00516476752211
0.00516476752211
0.00516476752211
0.00516476752211
0.00516476752211
0.00516476752211
0.00516476752211
0.00516476752211
0.00516476752211
0.00516476752211
0.00516476752211
0.00516476752211
0.00516476752211
0.00516476752211
0.00516476752211
0.00516476752211
0.00516476752211
0.00516476752211
0.00516476752211
0.00516476752211
0.00516476752211
0.00516476752211
0.00516476752211
0.00516476752211
0.00516476752211
0.00516476752211
0.00516476752211
0.00516476752211
0.00516476752211
0.00516476752211
0.00516476752211
0.00516476752211
0.00516476752211
0.00516476752211
0.00516476752211
0.00516476752211
0.00516476752211
0.00516476752211
0.00516476752211
0.00516476752211
0.00516476752211
0.00516476752211
0.00516476752211
0.00516476752211
0.00516476752211
0.00516476752211
0.00516476752211
0.00516476752211
0.00516476752211
0.00516476752211
0.00516476752211
0.00516476752211
0.00516476752211
0.00516476752211
0.00516476752211
0.00516476752211
0.00516476752211
0.00516476752211
0.00516476752211
0.00516476752211
0.00516476752211
0.00516476752211
0.00516476752211
0.00516476752211
0.00516476752211
0.00516476752211
0.00516476752211
0.00516476752211
0.00516476752211
0.00516476752211
0.00516476752211
0.00516476752211
0.00516476752211
0.00516476752211
0.00516476752211
0.00516476752211
0.00516476752211
0.00516476752211
0.00516476752211
0.00516476752211
0.00516476752211
0.00516476752211
0.00516476752211
0.00516476752211
0.00516476752211
0.00516476752211
