0.322215316831
0.434586748863
-0.345230039588
-0.315557178532
-0.32470598279
-0.324915106104
-0.324915106104
-0.324915106104
-0.324915106104
-0.324915106104
-0.324915106104
-0.324915106104
-0.324915106104
-0.324915106104
-0.324915106104
-0.324915106104
-0.324915106104
-0.324915106104
-0.324915106104
-0.324915106104
-0.324915106104
-0.324915106104
-0.324915106104
-0.324915106104
-0.324915106104
-0.324915106104
-0.324915106104
-0.324915106104
-0.324915106104
-0.324915106104
-0.324915106104
-0.324915106104
-0.324915106104
-0.324915106104
-0.324915106104
-0.324915106104
-0.324915106104
-0.324915106104
-0.324915106104
-0.324915106104
-0.324915106104
-0.324915106104
-0.324915106104
-0.324915106104
-0.324915106104
-0.324915106104
-0.324915106104
-0.324915106104
-0.324915106104
-0.324915106104
-0.324915106104
-0.324915106104
-0.324915106104
-0.324915106104
-0.324915106104
-0.324915106104
-0.324915106104
-0.324915106104
-0.324915106104
-0.324915106104
-0.324915106104
-0.324915106104
-0.324915106104
-0.324915106104
-0.324915106104
-0.324915106104
-0.324915106104
-0.324915106104
-0.324915106104
-0.324915106104
-0.324915106104
-0.324915106104
-0.324915106104
-0.324915106104
-0.324915106104
-0.324915106104
-0.324915106104
-0.324915106104
-0.324915106104
-0.324915106104
-0.324915106104
-0.324915106104
-0.324915106104
-0.324915106104
-0.324915106104
-0.324915106104
-0.324915106104
-0.324915106104
-0.324915106104
-0.324915106104
-0.324915106104
-0.324915106104
-0.324915106104
-0.324915106104
-0.324915106104
-0.324915106104
-0.324915106104
-0.324915106104
-0.324915106104
