-0.0208647135462
0.0450259752013
-0.0240344249365
-0.0204098013175
-0.0216789129666
-0.149380596033
-0.0562271958816
-0.0566056198015
-0.0601762568163
-0.148204498053
-0.0240344249365
0.143601459493
-0.0315484051467
-0.116826709626
-0.115880208804
-0.0562809107066
-0.0277307237952
-0.11843569415
-0.0215293448221
-0.0275232257374
-0.0974904376205
-0.0275232257374
-0.17781670307
-0.0213921605662
-0.0218281975696
-0.0678590440475
-0.0562521368226
-0.0566205810628
-0.0563056804627
-0.140385762073
-0.157421397747
-0.021641547544
-0.0217909029568
-0.160212916042
-0.159182498996
-0.0563056804627
-0.0211665428228
-0.0275232257374
-0.0564819513257
-0.0993374714697
-0.177311971741
-0.144795140341
-0.100458946333
-0.0216919838604
-0.161565651525
-0.0240344249365
-0.0217535906604
-0.0885148284742
-0.116812873084
-0.0213546023638
-0.117706885591
-0.0214919083879
0.681119948513
-0.0276948791928
-0.0561295742235
-0.0884313119907
-0.176078193901
-0.0562443814032
-0.0562156996982
-0.141070683531
-0.0216789129666
-0.0562809107066
-0.0209402789188
-0.027687618874
0.0449720550126
-0.17830397334
-0.0215047279921
0.549199096945
-0.161587257068
-0.0276518656169
-0.159672094445
-0.0626380106813
-0.0568436213156
0.548512303686
-0.0275232257374
-0.0612005397096
-0.0567539064694
-0.115667907953
-0.0217535906604
-0.150372813776
-0.0216789129666
0.681119948513
-0.0216789129666
-0.0312868451899
-0.0315136941747
-0.0601762568163
-0.0217535906604
-0.126611464662
-0.0569054569067
-0.140921615341
-0.0275947254749
-0.021641547544
-0.0625729223084
-0.10672015388
-0.0215047279921
-0.0563017046897
-0.0883273305123
-0.140687541606
-0.0602590091892
