(0.318570645912, 0.277272086572)
(0.627252483525, 0.379224245328)
(0.186747582243, 0.18024839252)
(0.691745035276, 0.454748342568)
(0.210933530059, 0.132306318165)
(0.417253358367, 0.213838082395)
(0.826787638803, 0.507788668714)
(0.382350295119, 0.439451313666)
(0.131932263711, 0.0932105501266)
(1.0, 0.721330998433)
(0.13033459265, 0.0711721283003)
(0.247043377855, 0.240100005617)
(0.343607857688, 0.187548543385)
(0.430865515806, 0.190186191473)
(0.396682180104, 0.286669438825)
(0.423098662858, 0.431879901256)
(0.841465117102, 0.562067246139)
(0.227453759056, 0.13320329516)
(0.236343014703, 0.178086814005)
(0.269935677453, 0.182062062155)
(0.533581804791, 0.248174915249)
(0.488725405948, 0.230460154443)
(0.519810190473, 0.416109284594)
(0.0770102269562, 0.0838035774748)
(0.677759984513, 0.471532469556)
(0.359824063842, 0.162026288562)
(0.258041559302, 0.194781400748)
(0.532834777235, 0.316023811804)
(0.189571271951, 0.140982402832)
(0.184018822116, 0.15376552499)
(0.204326927551, 0.172042266964)
(0.259386084812, 0.148528681266)
(0.336452152699, 0.283500865867)
(0.343502380375, 0.184472536761)
(0.629238559279, 0.348018343825)
(0.184203717641, 0.11529093434)
(0.478441367954, 0.333384098563)
(0.143636522698, 0.161867338138)
(0.139996934953, 0.118991054872)
(0.20658352159, 0.156751921942)
(0.0759504901903, 0.0795371348528)
(0.624748948484, 0.415706688413)
(0.300396284469, 0.144739455052)
(0.492305430034, 0.271580391893)
(0.241065916495, 0.142919101537)
(0.504004725384, 0.478538637286)
(0.456594534662, 0.366578518982)
(0.771081967661, 0.434446300197)
(0.442641127093, 0.513337094543)
(0.0633614626849, 0.0353598448655)
(0.200841212592, 0.17165074487)
(0.364877668033, 0.259263194776)
(0.160051274383, 0.105095835163)
(0.199210036973, 0.159987284412)
(0.286274113199, 0.151522454228)
(0.512079944358, 0.382594284374)
(0.626727578781, 0.406581408547)
(0.232857299744, 0.128246641249)
(0.802788447877, 0.386363221524)
(0.323531181886, 0.150523597352)
(0.804937082783, 0.667610556246)
(0.182300782828, 0.0992182171169)
(0.481884271533, 0.222598645113)
(0.175855498563, 0.0839648215722)
(0.4911848887, 0.354408960778)
(0.310937811197, 0.263843652031)
(0.53875329539, 0.2380107738)
(0.177612626503, 0.165965447362)
(0.437898370748, 0.174738280286)
(0.541935607962, 0.292534074391)
(0.0843787479347, 0.0627001102458)
(0.354769839197, 0.321418201549)
(0.52317615766, 0.468717846512)
(0.238937136142, 0.205070479662)
(0.657667797342, 0.273298697531)
(0.800495247006, 0.413455925789)
(0.231832308445, 0.199704565833)
(0.265105436983, 0.202000751496)
(0.370830931656, 0.285379436763)
(0.316971733942, 0.27576741866)
(0.536448305879, 0.421434067021)
(0.38590239874, 0.267383052599)
(0.410762780903, 0.296278589838)
(0.290977780894, 0.119378829605)
(0.429619642606, 0.308820884046)
(0.536168480773, 0.344594379036)
(0.500572369535, 0.397538866335)
(0.126674529897, 0.0884474128745)
(0.226982213423, 0.172744412467)
(0.69187657169, 0.532331999588)
(0.357365822, 0.227185094117)
(0.69644994388, 0.420092531457)
(0.192952750507, 0.129560630451)
(0.122960487578, 0.0860293449772)
(0.593798182192, 0.332501181457)
(0.423343122042, 0.211692353452)
(0.570730293891, 0.433094017542)
(0.397192814389, 0.257198384662)
(0.292201938177, 0.200999462093)
(0.201386592344, 0.179788983362)
(0.194469762446, 0.0953244119291)
(0.252642361798, 0.167688123064)
(0.0657371840412, 0.0665203927571)
(0.741107797193, 0.660291213869)
(0.38209218593, 0.198130053178)
(0.619303216872, 0.476592387608)
(0.470986603761, 0.407845416506)
(0.218920644454, 0.0687357290185)
(0.216732920896, 0.139601169412)
(0.674866183415, 0.552523430951)
(0.573284706224, 0.266877597698)
(0.325279003004, 0.27771201751)
(0.409334493997, 0.494412320949)
(0.131890072786, 0.104250084817)
(0.345050415053, 0.337518227709)
(0.372970259741, 0.298592296042)
(0.435071578766, 0.316210644584)
(0.245803709203, 0.220936648461)
(0.356959424119, 0.169287700268)
(0.759467054161, 0.627609604217)
(0.130791867823, 0.0880767532618)
(0.103473243818, 0.0734178981567)
(0.298345060963, 0.217981357092)
(0.241115552878, 0.194154350322)
(0.56798416103, 0.513311555145)
(0.342688964157, 0.204310374346)
(0.308488255722, 0.247019016343)
(0.381104421919, 0.222779940849)
(0.277657857657, 0.142325302513)
(0.0926723669916, 0.0888409620755)
(0.308374712497, 0.247788000643)
(0.37266127326, 0.252675956647)
(0.287081945324, 0.222643998725)
(0.372396339069, 0.164443496332)
(0.255480321966, 0.169491529455)
(0.206790133032, 0.14738615012)
(0.763169928294, 0.451226175833)
(0.411214471984, 0.222122120834)
(0.649925762585, 0.353667404128)
(0.175073725539, 0.0643192843824)
(0.424600783883, 0.225813718519)
(0.31573082438, 0.218672329939)
(0.859946603662, 0.425179135743)
(0.426914459761, 0.223261715461)
(0.433875341948, 0.344309868443)
(0.152054232711, 0.0910137132465)
(0.123047351248, 0.0954854186021)
(0.34397020328, 0.306936440113)
(0.0928566420615, 0.0599164449299)
(0.211854284954, 0.115109806601)
(0.474201800436, 0.25865187521)
(0.216003886529, 0.179281284073)
(0.786709982683, 0.470220151324)
(0.688367899903, 0.47046496406)
(0.480751321103, 0.392942846218)
(0.256460020066, 0.209797953128)
(0.279933065338, 0.120255873674)
(0.358789765722, 0.386215631895)
(0.468221236802, 0.225514287909)
(0.636344007431, 0.545915923902)
(0.266850776282, 0.3311355109)
(0.937739844551, 0.744766789961)
(0.112333958545, 0.0724694570881)
(0.355603730422, 0.310444833668)
(0.514870129508, 0.318610737233)
(0.210579870834, 0.133963351192)
(0.21329560141, 0.0848575965)
(0.184226054013, 0.13402312083)
(0.349830398686, 0.164420844168)
(0.529538300984, 0.293021316619)
(0.106631358653, 0.191233002484)
(0.399296776551, 0.33707650709)
(0.682572231794, 0.644086420595)
(0.541309569088, 0.365983335697)
(0.166327794947, 0.085720224542)
(0.591416876742, 0.302487485491)
(0.153939174336, 0.119213907574)
(0.418949681738, 0.171578418315)
(0.300323070804, 0.219079533608)
(0.206245994189, 0.128652173948)
(0.322465861027, 0.237532795833)
(0.427562214552, 0.168521197781)
(0.151103695987, 0.0643084477204)
(0.354885864241, 0.157511236558)
(0.518934728777, 0.35936769108)
(0.195980569838, 0.148052443696)
(0.25932217797, 0.149136490895)
(0.444516141441, 0.194006068563)
(0.449767670707, 0.224090113262)
(0.339189599192, 0.180211107048)
(0.36801654877, 0.186834602523)
(0.334605058816, 0.17189088069)
(0.413089486332, 0.186227821018)
(0.332176598803, 0.229675033863)
(0.176938192156, 0.146436206078)
(0.153614056031, 0.0825094226301)
(0.3034501629, 0.297777433998)
(0.540507321056, 0.373562816248)
(0.526202115627, 0.247214371969)
(0.514482965724, 0.398148158795)
(0.503656029797, 0.24530429007)
(0.739855719445, 0.45899846077)
(0.478979922704, 0.283784753757)
(0.235776539488, 0.16172614568)
(0.404136944297, 0.222942450495)
(0.448161313279, 0.223335307565)
(0.568391799821, 0.354975381438)
(0.746279908247, 0.556342062635)
(0.516600577892, 0.410123340212)
(0.34211442303, 0.231121029689)
(0.332531498938, 0.251510367917)
(0.45424797468, 0.370672307427)
(0.200403791971, 0.128117907138)
(0.290815221741, 0.277126860044)
(0.410523905812, 0.427105185926)
(0.248510132957, 0.151282269123)
(0.0494452824031, 0.127865263686)
(0.655454635138, 0.352028346349)
(0.777204615439, 0.523197029897)
(0.243454046947, 0.213656094529)
(0.37791466389, 0.321282496849)
(0.896774317639, 0.511230084617)
(0.432841664283, 0.305698930248)
(0.436431615646, 0.307954676639)
(0.72296197667, 0.375874208637)
(0.397065621159, 0.3334375696)
(0.405862429043, 0.247709969048)
(0.304751256576, 0.236218519921)
(0.44134809933, 0.224292054198)
(0.456951916616, 0.292367579959)
(0.131110781581, 0.111222497154)
(0.32451150044, 0.238809884842)
(0.124197674411, 0.101060817374)
(0.480965378003, 0.313909614007)
(0.159845283396, 0.107339696625)
(0.660692514399, 0.471396527432)
(0.180288027518, 0.284179568506)
(0.401459061463, 0.184703269464)
(0.190395856355, 0.251739093656)
(0.15858824201, 0.160853254394)
(0.430743906669, 0.244372677413)
(0.348502005, 0.277469924011)
(0.341148374936, 0.206557053614)
(0.739948787662, 0.32853244919)
(0.214752429236, 0.237228520311)
(0.325475066714, 0.246928645114)
(0.468271493639, 0.351252846167)
(0.46706470909, 0.293319026974)
(0.395366195514, 0.315839174128)
(0.22115614303, 0.198954248912)
(0.488337001255, 0.260940180871)
(0.122691210203, 0.0833766088759)
(0.534252516409, 0.477741434637)
(0.128900101196, 0.04087773853)
(0.529428480488, 0.250506666129)
(0.760691211444, 0.485726497172)
(0.295260780247, 0.146667176206)
(0.525745460908, 0.33197078072)
(0.337027314281, 0.171152833976)
(0.463744655558, 0.236729511865)
(0.299469945481, 0.176421950262)
(0.626189644486, 0.494779233201)
(0.651077326659, 0.405514239045)
(0.165681281065, 0.162941408802)
(0.500687774125, 0.318167632353)
(0.167819988695, 0.0857331375953)
(0.546834098457, 0.339059726387)
(0.16072694964, 0.0918381956895)
(0.15160626436, 0.101919312776)
(0.120584766222, 0.0451421540459)
(0.307849807752, 0.165521601067)
(0.354741298277, 0.216240014012)
(0.403683391853, 0.245833138549)
(0.284651003493, 0.120152372108)
(0.175166173302, 0.165446960696)
(0.47958424566, 0.295954766667)
(0.414249736772, 0.16749928332)
(0.554332294485, 0.421116473024)
(0.42343122662, 0.201488731428)
(0.512963471966, 0.245570350566)
(0.202500308676, 0.230702247942)
(0.311696006939, 0.128194366333)
(0.431368704633, 0.293830186915)
(0.101606915837, 0.0499818199202)
(0.456365586848, 0.411369946342)
(0.234269454825, 0.233899919519)
(0.16517188769, 0.145181294384)
(0.454272792872, 0.205817593498)
(0.487468364562, 0.240651792969)
(0.212017464561, 0.140779433771)
(0.179757538681, 0.0858612490033)
(0.51904020609, 0.356232942942)
(0.240567070852, 0.163316913328)
(0.231255285499, 0.296783807314)
(0.29105906047, 0.216664046093)
(0.173762704587, 0.147470865595)
(0.38468506646, 0.338406395149)
(0.254134555547, 0.121395369731)
(0.38537811445, 0.335481992081)
(0.629755398112, 0.311884383038)
(0.282825005072, 0.168909664644)
(0.217314287026, 0.132841801239)
(0.19658427234, 0.134963661755)
(0.121501798388, 0.157371309649)
(0.320183828342, 0.195743328287)
(0.185023338407, 0.0977676630875)
(0.143703531815, 0.0871103862301)
(0.309603212963, 0.239496991615)
(0.302357542031, 0.21662566307)
(0.333437362918, 0.227748815682)
(0.321474374287, 0.114840670732)
(0.186647068568, 0.147125033107)
(0.265406357552, 0.145364379802)
(0.808157863551, 0.576293210323)
(0.315383990157, 0.126529670587)
(0.444520484625, 0.28464444528)
(0.489888138208, 0.302976636113)
(0.244065194907, 0.331143411043)
(0.257787172842, 0.151715229472)
(0.626309392258, 0.324021619395)
(0.357484328863, 0.406340224461)
(0.515920559452, 0.471900360648)
(0.133196750554, 0.125627156549)
(0.108073295564, 0.0843652226497)
(0.269931334269, 0.328276869219)
(0.056976982989, 0.0290340104602)
(0.172165033526, 0.106714603878)
(0.515778475307, 0.38477937518)
(0.191115583901, 0.102922727855)
(0.401701659282, 0.264672573965)
