0.2320902402081637
0.3898200700166091
0.5081174423729432
0.4074408615750219
0.32518393345141317
0.25865754187918144
0.2067206186931071
0.1618031828593477
0.13155046232464696
0.09479983300611661
0.06061030366258846
0.029539745805073236
0.026868572316392725
0.01460315933156775
0.042506108579484336
0.060990748117212945
0.07215575304578603
0.08271368235831378
0.09273679319321693
0.10227932351901459
0.11141637513944003
0.12012912021951605
0.12850287391594584
0.13653795856395323
0.14424538690402056
0.1516699134483933
0.158829278330467
0.16575607544081816
0.17245507839796204
0.1789394874719359
0.18522487920462916
0.19131770784007118
0.19722996317222385
0.20297196570691856
0.2085571054674441
0.21398998874563835
0.21926895340190222
0.22440723896194714
0.22943257892692093
0.23435480380027773
0.23915266788195266
0.24384262062390183
0.2435540729787813
0.24275937783799284
0.24199029779089676
0.24123758114905802
0.24049791442250146
0.2397680014744349
0.23931155198078813
0.23906274725643373
0.24294448409216218
0.2467465650625461
0.24651396301486717
0.24607855069459905
0.245671006503843
0.24504131577166477
0.2448243872620064
0.24461149725226639
0.24439989564584463
0.2441936357514154
0.2439910468711789
0.2436446898772966
0.2434463133712762
0.2431106135156672
0.24291814162503234
0.24256071360093168
0.24220854187130314
0.24202454047441468
0.24184306697753033
0.24166605807592545
0.24149150763128735
0.2413174919493435
0.24114592307927174
0.24097673586671076
0.24362636132640436
0.24772695869795347
0.2503180503912348
0.25285729433434645
0.25240863968766947
0.2519735403017781
0.2515422605876283
0.25111617701461286
0.25069661689250333
0.25027743587660845
0.25000041320106414
0.24985603951629787
0.2497118458692289
0.2519744473853718
0.25421345062348677
0.2538204205745279
0.2534320964964746
0.2530466405728826
0.2526652852442225
0.2522879441821798
0.25191833519256723
0.2515512819015149
0.25118921595250665
0.2508308072353066
0.25047476554298576
