0.00160537957543
-0.0598065253043
-0.0481598778468
0.000988954141448
0.00137930393914
0.0360043778874
0.0374227741395
0.0303093497197
0.0366660326342
0.0361536624904
0.0303093497197
0.0303093497197
0.0301376962643
0.00135062413133
0.00170300123355
0.00160537957543
0.0015229043342
0.0265457302671
0.00161687575881
0.00158819405378
0.00161687575881
0.00153087076736
0.00161687575881
0.00158819405378
0.00161687575881
0.00170300123355
0.00161687575881
0.00152689499431
0.00155560258512
0.00173173654296
0.00170300123355
0.00152689499431
0.00173173654296
0.00155560258512
0.00135062413133
0.00135062413133
0.00135062413133
0.00152689499431
0.00152689499431
0.00161687575881
0.00161687575881
0.00161687575881
0.00161687575881
0.00161687575881
0.00164557085086
0.00152689499431
0.0015229043342
0.0015229043342
0.0015229043342
0.0015516647504
0.00122695565552
0.0015516647504
0.00140799715813
0.0015516647504
0.0015516647504
0.0015229043342
0.0015229043342
0.0015516647504
0.00158043863437
0.00122695565552
0.00104996552625
0.0263803415043
0.0264150424522
0.0262841703103
0.0262841703103
0.02648449328
0.0262572763799
0.0262225390605
0.0264497597069
0.0302378499821
0.0264150424522
0.0263803415043
0.0263803415043
0.0010786689876
0.00102127552175
0.0010786689876
0.0265457302671
0.0265804537524
0.00160537957543
0.00160537957543
0.0263803415043
0.0264497597069
0.0263188812823
0.02648449328
0.00158043863437
0.0015516647504
0.0015516647504
0.0015516647504
0.00158043863437
0.00160537957543
0.0013750339581
0.0010786689876
0.00122695565552
0.00102127552175
0.00102127552175
0.00160537957543
0.00160537957543
0.0010786689876
0.00160537957543
