0.255159209015
0.239106591073
0.239106591073
0.129453192117
-0.246417700243
-0.511793320437
0.239106591073
0.239106591073
-0.613468912777
0.239106591073
0.239106591073
0.239106591073
-0.00855905470304
0.106724726208
-0.612963293305
0.237425916566
0.237425916566
0.237425916566
-0.00800613575174
-0.00821417954785
-0.00814530915655
-0.00849000982387
-0.00855905470304
-0.00862813455936
-0.00855905470304
-0.00800613575174
-0.00842061446308
-0.00805118268679
-0.00805118268679
-0.00805118268679
-0.00793544051235
-0.00800459010792
-0.00800459010792
-0.00800459010792
-0.00788873595492
-0.00781958065396
-0.00800459010792
-0.00781958065396
-0.00800459010792
-0.00800459010792
-0.00793544051235
-0.00805118268679
-0.00805118268679
-0.00842061446308
-0.00800459010792
-0.00805118268679
-0.00823594546904
-0.00816570918371
-0.00795792643152
-0.00783994732407
-0.00783994732407
-0.00800147275011
-0.00783994732407
0.124904251914
-0.00797883329055
-0.00809641301903
-0.00802565952679
-0.00783994732407
-0.00795624002218
-0.00783994732407
-0.00797883329055
-0.00800147275011
-0.00783994732407
-0.00790937258322
-0.00783994732407
-0.00788873595492
-0.00793544051235
-0.00800459010792
-0.00781958065396
-0.00816570918371
-0.00816570918371
-0.00793544051235
0.12452134804
-0.00781958065396
-0.00800459010792
-0.00781958065396
-0.00800459010792
-0.00800459010792
-0.00800459010792
-0.00800459010792
-0.00793544051235
-0.00805118268679
-0.00805118268679
-0.00842061446308
-0.00805118268679
-0.00805118268679
-0.00793544051235
-0.00800459010792
-0.00788873595492
-0.00842061446308
0.127289168348
-0.00793544051235
-0.00823594546904
-0.00793544051235
-0.00800459010792
-0.00805118268679
-0.00800459010792
-0.00800459010792
-0.00781958065396
