0.039503186159883436
0.06048777095230201
0.07622620954661596
0.0888169604220671
0.0993092528182764
0.10830264630074152
0.1161718655978985
0.12316672719537136
0.12946210263309693
0.13518517121284745
0.1404313174109521
0.14527391390151023
0.1321762988912596
0.13626117088259992
0.1400907383744815
0.14369503719037002
0.14709909718315362
0.15032399612368547
0.15338765011719072
0.15630541582529095
0.1591669501151662
0.16190406987069908
0.1644571148652868
0.16690803806009102
0.15986692436699018
0.16213629769551258
0.16432462197658776
0.16643748679969483
0.16853594527893667
0.17051249624248843
0.17242727998842922
0.1743349695150127
0.1761865505261085
0.17798522922260152
0.17973394462196973
0.18143539744297665
0.18309207518974652
0.18470627401993256
0.18628011787936394
0.18781557530319942
0.18927445815724953
0.1906994135030659
0.19209198350011375
0.19349095581960835
0.19482297929504538
0.19612666184547317
0.19740318434276705
0.19868795484026208
0.19994702992780722
0.20118141726853772
0.20239206639117724
0.20357987307754055
0.204745683343786
0.2058902970597361
0.20701447124504424
0.20812749382021678
0.20083283441466226
0.20190812741101544
0.20296549885742937
0.2040055363457054
0.20502879903578342
0.20603581946093952
0.20702710519195255
0.20800314037325773
0.20163114355109135
0.2025780433538501
0.20351101815950945
0.20442339141135374
0.20532970979399423
0.20622326312899192
0.20710440600100355
0.20797347842271363
0.20028247237060293
0.20112836952773405
0.20196313645911346
0.20278706226151394
0.20360091731737984
0.20440398423870687
0.20519701282351732
0.20598072509953635
0.20675487990877467
0.20751970755163662
0.20074521005874457
0.20149204175706859
0.20223018936587722
0.20295985251941218
0.20368122404620242
0.2043940587291781
0.20509897302678737
0.20579656307467242
0.20648615314842061
0.2071837782510243
0.2078739818099833
0.20167799939116549
0.20235382370931282
0.20300826385732867
0.2036702958424526
0.2043256406358076
0.20497443198122905
