0.25293524177
0.371363860479
0.238328131449
-0.330961310672
-0.398888069845
-0.371710072242
-0.166359004707
0.238664176397
0.238348930959
0.238328131449
0.238395635516
0.237863757008
0.238390057978
0.0245599552883
0.239142556808
0.23913864767
-0.000390190198902
-0.166266348985
-0.330325508487
-0.146975078873
-0.265616608006
-0.331577431948
-0.33131352029
0.00129870527979
0.23875733218
0.238482892526
0.239027608344
0.00165893083811
-0.000532352494103
0.00119104343477
0.00119104343477
0.00119104343477
0.00130775509118
0.00118188492198
0.00118188492198
0.00129870527979
0.00117270827801
0.00153728488929
0.00165893083811
0.00165457214733
0.00189816350991
0.00165457214733
0.00202004981299
0.00165457214733
0.00178063706738
0.00165893083811
0.00178063706738
0.00178063706738
0.00165457214733
0.00214199659054
0.00202004981299
0.00165457214733
0.00178063706738
0.00177633763633
0.00165457214733
0.00189816350991
0.00178063706738
0.00165457214733
0.00178063706738
0.00178063706738
0.00165893083811
0.00177633763633
0.00165457214733
0.00202004981299
0.00178063706738
0.00202004981299
0.00188541790377
0.00188541790377
0.00188541790377
0.00188541790377
0.00188967065711
0.00165893083811
0.00189816350991
0.00178063706738
0.00188967065711
0.00188541790377
0.00188541790377
0.00177633763633
0.00178063706738
0.00178063706738
0.00165893083811
0.00153728488929
0.00165893083811
0.00165893083811
0.00165893083811
0.00165457214733
0.00165893083811
0.00165457214733
0.00188967065711
0.00178063706738
0.00153728488929
0.00129870527979
0.00117729886976
0.00130775509118
0.00129870527979
0.00119104343477
0.00119104343477
-0.000647558506444
-0.000516106585319
