0.1264676208850043
0.25025557437791845
0.3098376072401966
0.24364534510586555
0.1771640001316772
0.12406256123996384
0.10326768565154265
0.12978592747346396
0.15362082056935833
0.1752870143374594
0.19515331729715757
0.21345052937471287
0.23047839065882914
0.23211572101138167
0.24706213081185502
0.26112911008656403
0.26110743285329174
0.25235657238041975
0.2358402969560608
0.22884148367639134
0.2167680014943153
0.20235159140960401
0.1885468613975343
0.1885988096087261
0.19778178392332946
0.20661448364650847
0.21515118394452581
0.21520838845618473
0.21519064337304794
0.21522906412900833
0.21526628423634497
0.2153023764616412
0.21534083984667585
0.2153746079873039
0.21540743812402563
0.21544253826672277
0.21547339901088092
0.21551281657214472
0.21555428984309744
0.21559464526132488
0.2156398396306085
0.21567831805263937
0.21572422827566184
0.21576099654560243
0.21579970604706722
0.21583500244787812
0.21587209905344862
0.21590843858543607
0.21594153002838257
0.21598352996153047
0.21602237707331873
0.2160535954157211
0.21608657017622823
0.21611886722416151
0.21614841315536382
0.21618171426957278
0.2162124149086656
0.216240458504383
0.21627013578883936
0.21629932656043582
0.2163260835094376
0.2163542793449349
0.21638013203473683
0.21641120972416739
0.21643818907367318
0.21646833907088203
0.2164960658047611
0.21652339070191728
0.2165503252433998
0.21657688042514311
0.21660312585093633
0.21662585093091047
0.2166515017891525
0.21667524361671764
0.21670010770431114
0.2167245936511134
0.2167487656755207
0.21677125096205652
0.21679350892539884
0.21681549209907025
0.21683572296294962
0.2168542444676398
0.21687399364428395
0.21689351047767347
0.2169128003711399
0.21693181844179887
0.21695066992859557
0.21696926062688016
0.21699025696751473
0.2170098244078157
0.21702653402617755
0.2170404985990786
0.21705302305513985
0.21706678889820485
0.21708031707820274
0.21709259587649943
0.21710474938093594
0.2170982083859213
0.21709304732006807
