0.205780260683
0.189727642741
0.189727642741
0.189727642741
0.189727642741
0.0578351127379
-0.442304913808
0.189727642741
0.189727642741
0.189727642741
-0.633631286649
0.189727642741
0.188046968233
0.188046968233
0.0749254666538
-0.626244965405
0.188046968233
0.188046968233
0.188046968233
0.188046968233
-0.0580070828915
-0.0579380030352
0.057345777876
-0.0573850840839
0.0749254666538
-0.0576148938012
-0.057430131019
0.0749254666538
-0.0573835384401
0.0749254666538
-0.0573835384401
0.0749254666538
-0.0572676842871
-0.0571985289861
0.0749254666538
-0.0573368747637
0.0749254666538
-0.0573368747637
0.0749254666538
-0.0572676842871
-0.0573835384401
0.0755253035814
-0.0573835384401
0.0755253035814
-0.0573368747637
0.0755253035814
-0.0573835384401
-0.0574753613512
0.0755253035814
-0.0573577816227
0.0755253035814
-0.0573804210823
0.0755253035814
-0.0573804210823
-0.0573850840839
0.0755253035814
-0.0573108836038
0.0755253035814
-0.0572188956562
0.0755253035814
-0.0573804210823
0.0755253035814
-0.0573108836038
-0.0572188956562
0.0749254666538
-0.057404607859
0.0751423997081
-0.0572676842871
0.0749254666538
-0.0574980456416
-0.0574753613512
0.0751423997081
-0.0573368747637
0.0751423997081
-0.0572676842871
0.0751423997081
-0.0571985289861
-0.0573835384401
0.0751423997081
-0.0572676842871
0.0751423997081
-0.0573143888445
0.0755253035814
-0.057430131019
-0.057430131019
0.077910220016
-0.0573835384401
0.077910220016
-0.0572676842871
0.077910220016
-0.0573143888445
-0.057430131019
0.077910220016
-0.0571985289861
0.077910220016
-0.0573835384401
-0.057430131019
0.0749254666538
-0.0573368747637
