0.04818570210580464
0.0749586308621707
0.09503832742944524
0.11110208468326488
0.1244885490614479
0.13596266138560478
0.14600250966924205
0.15492681925469742
0.16295869788160722
0.1702604057242525
0.176953637913344
0.18313200608789004
0.1887490140708863
0.19399155485501612
0.1989064368401378
0.20353220812025236
0.20163713137693573
0.2057759793644066
0.20970788495250398
0.21345255694116816
0.2171034108624908
0.2205955320046255
0.22387211999470663
0.22701764446518452
0.23004218722525943
0.23295470988310935
0.23576321387460747
0.23847487290088154
0.24109614329294643
0.24363285657558992
0.24609029756815076
0.24852420018236587
0.25088651742557466
0.25318133989040603
0.2554124172867699
0.25758319529404283
0.25969684756428224
0.26175630362246427
0.2637642732791917
0.26568227600509287
0.26755461199942493
0.2693834052962144
0.2711706351089859
0.27291814870369585
0.27462767287243384
0.2763008241865178
0.27793911818155836
0.2795782770850094
0.28118465281039134
0.28275953097253054
0.28430412301616703
0.28581957181369716
0.2873069567446064
0.2887672983131354
0.290201562353655
0.2916192346111406
0.2930124642434971
0.29438207981428827
0.29572886845889956
0.2970535786011402
0.298356922450764
0.29963957830277477
0.3009021926570979
0.3021378662920071
0.30336221960529014
0.3045610074600528
0.3057493503817687
0.30691339076248025
0.30806778102928994
0.3092059122782572
0.31032823614876665
0.31143518571968004
0.31252717651260814
0.3136046074282972
0.3146678616214114
0.3157173073185111
0.316753790988375
0.3177766684399785
0.31878675992343697
0.31978485530923184
0.320770778800078
0.32174482369464885
0.32270727281666534
0.32365839900783455
0.3245984655921297
0.32552772681338693
0.326446428248039
0.3273543756489005
0.32825223474530807
0.3291402272582386
0.3300185676786373
0.33090291355427154
0.3317778514950586
0.3326435795627848
0.3335002896298055
0.33434816763427955
0.33518739382238144
0.3360181429782803
0.3368405846426202
