0.344486886251
0.216616845584
0.196460393835
0.0813005251256
0.0811823680797
0.0813230871283
0.0812764945495
0.0807686225332
0.0814575017268
0.08138877045
-0.132396738947
-0.32405611248
-0.32322304322
-0.30350775882
-0.155657988955
0.0812512036528
0.0811835220353
0.0811835220353
0.0813922367239
0.0812764945495
0.0813230871283
0.0809762302008
0.0813215414845
0.0813215414845
0.0813215414845
0.0812764945495
0.0812085799268
0.0814389412813
0.0814389412813
0.0813472190894
0.0806995426769
0.0811823680797
0.0815704920347
0.0814333637426
0.0816634873857
0.0821858625725
0.082020813868
-0.132382635107
0.0817921174271
0.0822966980703
0.082156721293
-0.13225410474
-0.13225410474
0.082156721293
0.082181953435
0.081974373739
-0.13225410474
-0.13225410474
0.0822966980703
0.0817759254796
0.081844334334
0.0821176256428
0.08204935438
0.0814333637426
0.081844334334
0.081844334334
0.0821858625725
0.0821858625725
0.0821858625725
0.082156721293
0.0818847702292
-0.132275447725
-0.143765060915
-0.15545932862
-0.132396738947
-0.13225410474
0.08204935438
0.0808376674124
0.0819810487582
0.0820709141094
0.0821139037882
0.082156721293
0.0816779407719
0.0815261982908
0.196052403444
0.35349589526
0.0824115579111
-0.1554548755
-0.155071276331
-0.155585965899
0.0819528090881
0.35349589526
0.35349589526
-0.155071276331
-0.155657988955
-0.155180356599
-0.155071276331
-0.132382635107
0.0817759254796
0.196052403444
0.196052403444
0.0820887845945
-0.155297763397
-0.155662520581
-0.154940829305
0.0809756523455
0.0813714372141
-0.154940829305
-0.155201917861
