0.1722434431257332
0.2444490583205497
0.2935641567793586
0.3098242618044886
0.3233546564844371
0.3349722403599125
0.34513180217859435
0.35410609357117245
0.36225184374384795
0.3696508228756629
0.35861776129676576
0.3336903680290572
0.3106030077990843
0.29036915721108997
0.2806405329013863
0.28542001546919754
0.28993021113782663
0.2942030280870542
0.29827263992324865
0.30214294918750845
0.305839453147887
0.30936015880879336
0.3127485563706475
0.3160014180300275
0.3191291696255852
0.32213941016445385
0.32503971659041103
0.3278479559449395
0.3305625873209836
0.333186691162577
0.3357085518712298
0.3381686236312204
0.3405677557498871
0.34289442328538927
0.3451628534905466
0.3473840930195336
0.3495425354897452
0.3461481089485418
0.34819291188421936
0.3502001484225196
0.35215626083425805
0.3490805839798505
0.346074808872134
0.34790051378975656
0.34968707799486526
0.3514312136063324
0.3486759197575923
0.34597685639556125
0.34762279035696747
0.34922623987617457
0.35080016938259745
0.3523495585456686
0.3538689910341866
0.355349597647688
0.35681110361793783
0.3582469691325692
0.3596639667631299
0.361056947484698
0.36242671186090664
0.3637735433575135
0.3650942654579838
0.3629946551766338
0.3607483260998397
0.35835664412106855
0.3563506329249055
0.3543766910631216
0.3555832992157682
0.35675485961304904
0.35792601745245206
0.35908194582019054
0.3602224167061376
0.3613478512443981
0.36245160720077446
0.36353862317798485
0.3661182600654114
0.37070911584801497
0.37176567428277235
0.3697978910485908
0.36785950009444973
0.36593868570063476
0.3669381102017096
0.3711970968915948
0.37540538135898144
0.37358101340214284
0.37177103678638396
0.3699873545266285
0.36822518093195483
0.3667377355936747
0.367646356987892
0.3698007790037648
0.37193178338903027
0.3728144584921967
0.37116235462627173
0.3695238017780495
0.36790983480611944
0.3687446353457637
0.36957495613366226
0.36800989725179073
0.3664578780731828
