0.050746232545
0.0346936146025
0.0346936146025
0.0346936146025
0.0346936146025
0.0346936146025
0.0346936146025
0.0346936146025
0.0346936146025
0.0346936146025
0.0346936146025
0.0346936146025
0.0330129400953
0.0330129400953
0.0330129400953
0.0330129400953
0.0330129400953
0.0330129400953
0.0330129400953
0.0330129400953
0.0346936146025
0.0346936146025
0.0330129400953
0.0330129400953
0.0330129400953
0.0330129400953
0.0330129400953
0.0330129400953
0.0330129400953
0.0330129400953
0.0330129400953
0.0346936146025
0.0346936146025
0.0346936146025
0.0346936146025
0.0346936146025
0.0346936146025
0.0346936146025
0.0346936146025
0.0346936146025
0.0346936146025
0.0330129400953
0.0330129400953
0.0330129400953
0.0330129400953
0.0330129400953
0.0346936146025
0.0346936146025
0.0346936146025
0.0346936146025
0.0346936146025
0.0346936146025
0.0346936146025
0.0346936146025
0.0346936146025
0.0351821470101
0.0351821470101
-0.207749246776
0.0351821470101
0.0351821470101
0.0351821470101
0.0351821470101
0.0351821470101
0.0351821470101
0.0346936146025
-0.212438635997
0.0351821470101
0.0351821470101
0.0351821470101
0.0351821470101
0.0351821470101
-0.212440128581
0.0351821470101
0.0351821470101
0.0351821470101
0.0352205545828
0.0352205545828
0.0351821470101
0.0352205545828
-0.212369216492
0.0352205545828
0.0352205545828
0.0352205545828
0.0352205545828
0.0352205545828
0.0352205545828
0.0352205545828
-0.450830676713
0.0351821470101
0.0351821470101
0.0351821470101
0.0352205545828
0.0366189947674
0.0366189947674
0.0352205545828
0.0366189947674
0.0366189947674
0.0366189947674
0.0366189947674
