0.02537311627249674
0.03693765447332419
0.04561105812394479
0.05254978104444127
0.05833205014485499
0.06328828080235246
0.06762498262766278
0.07147982869460526
0.07494919015485349
0.07810315511871552
0.08099428966892239
0.08366302925372873
0.08602109640339528
0.08822195907641739
0.09028526783237562
0.09222720548504218
0.0940612577125606
0.09579878087547278
0.09744942788023936
0.0990214726466837
0.10059845512861473
0.10210687315480962
0.10348241232544844
0.10480292992926171
0.10607265839446678
0.10729535987947905
0.10847439345431231
0.10961277069897893
0.11071320203548998
0.11177813558695229
0.1128097899649314
0.11386111161955209
0.11488151204903688
0.11587275818053638
0.11683646969727202
0.11777413495679856
0.11868712481475863
0.11957670467636075
0.12044404504142281
0.12129023076343456
0.12211626920635082
0.12288401199926552
0.12363430609234125
0.12436792698334861
0.1250855995941167
0.1257880025748684
0.12651078621242012
0.1272188191634912
0.12791269145554085
0.1285929584085307
0.12926014330473226
0.1299147398066659
0.13055721415115631
0.13118800714392873
0.1318075359761159
0.13242476662541525
0.13303135536696806
0.12951018169279283
0.1300965508096272
0.13067330731798887
0.13124076130202214
0.13179920807995965
0.13234892912699187
0.13289019292714668
0.13341585375445703
0.13024512784405376
0.13076251235890762
0.13127239854745926
0.131775000647603
0.13227052384492782
0.13275916477562313
0.12984902602794063
0.13032446044699553
0.13079355574046303
0.13125647872743754
0.13171388852721375
0.1321654340987877
0.13261077773182647
0.13305103466411106
0.13042919248519236
0.1308587114435188
0.13128305547463648
0.131702347791098
0.1321167072567776
0.13252624858913536
0.13293108254985683
0.133331316124661
0.1282658029031682
0.12865671564772443
0.12904333264783502
0.12942574728924874
0.12980446292992365
0.13019402670404462
0.13057948980685904
0.13094637058376288
0.13132388599373576
0.1316975492056477
0.13206743804168172
0.13243362798935543
