0.23388780791
0.217835189968
0.217835189968
0.217835189968
0.0839990574551
-0.609504313024
0.217835189968
0.217835189968
-0.267689101347
0.217835189968
-0.266383064298
0.217835189968
0.0854533251034
-0.265670354672
0.216154515461
-0.0290150231625
0.103033013881
-0.0298304558078
-0.0298304558078
-0.433822121561
0.217835189968
0.217835189968
-0.0293225837916
0.103033013881
-0.0292775368565
-0.0294155563057
-0.0293225837916
0.103033013881
-0.0292068416171
-0.0291377271496
-0.0292068416171
-0.0292759912127
0.103033013881
-0.0291601370597
-0.0292759912127
-0.0291601370597
-0.0290909817587
0.103033013881
-0.0291601370597
-0.0292759912127
-0.0292759912127
-0.0293225837916
0.103632850809
-0.0292759912127
-0.0292759912127
-0.0293225837916
0.103632850809
-0.029227641127
-0.0292759912127
-0.029227641127
-0.0291113484288
0.103632850809
-0.0294120554917
-0.0292033363764
-0.0291113484288
-0.0291601370597
0.103632850809
-0.0292728738549
-0.029227641127
-0.0292502343953
0.103632850809
-0.0292728738549
-0.0291113484288
-0.029180773688
-0.0291113484288
0.103033013881
-0.0291601370597
-0.0292068416171
-0.0292759912127
-0.0290909817587
0.103033013881
-0.0292293275363
-0.0290909817587
-0.0292759912127
0.103249946936
-0.0291601370597
-0.0292759912127
-0.0292759912127
-0.0292068416171
0.103632850809
-0.0292759912127
-0.0293225837916
-0.0293225837916
0.103249946936
-0.0293225837916
-0.0293225837916
-0.0292068416171
-0.0292759912127
0.106017767243
-0.0292759912127
-0.0293225837916
-0.0292068416171
-0.0293225837916
0.106017767243
-0.0291601370597
-0.0293225837916
-0.0292759912127
0.103033013881
-0.0291601370597
