0.2327150722720953
0.3498693180892517
0.5055060867894684
0.6300155017496417
0.7337733475497862
0.82270864394991
0.9005270283000183
0.9696989255001146
1.0319536329802013
1.088548821598462
1.1404277444985342
1.188315981021678
1.2327836292217396
1.2742867675417973
1.3131959597168517
1.3498163758816082
1.3844023244816563
1.4171679599974913
1.4482953137375345
1.477940412537576
1.506238006846706
1.5333052709684827
1.5592447324185188
1.5841466154105537
1.6080907336721255
1.6311480327388241
1.653381856838855
1.6748489973492298
1.6956005665092588
1.7156827302125124
1.7351373263000394
1.754002389172793
1.7723125972551714
1.790099656535196
1.8073926308352202
1.82421822745146
1.8406010452093775
1.8565637907170922
1.8721274675871138
1.8873115425822569
1.9021340919822776
1.916611930931135
1.9307607280857
1.944595107525719
1.9581287395866074
1.9713744220291791
1.984344152754197
1.997049195097072
2.0095001365930893
2.021706941981342
2.0336790011121275
2.0454251723347854
2.056953821868135
2.068272859591787
2.0793897716418024
2.090311650147081
2.101045220402268
2.111596865737876
2.1219726503178906
2.1321783400687244
2.1422194219203514
2.1521011215203654
2.161828419564129
2.171406066868758
2.1808385983051344
2.190130345690222
2.1992854497314114
2.2083078711053368
2.217201400745349
2.2259696694045163
2.2346161565545284
2.2431441986750884
2.2515569969832083
2.25985762464722
2.2680490335261787
2.2761340604716445
2.2841154332255016
2.2919957759444998
2.2997776143795106
2.3074633807350766
2.315055418232648
2.3225559853989237
2.329967260098934
2.337291343331885
2.344530262806314
2.351685976309772
2.3587603748870545
2.365755285839873
2.3726724755598827
2.3795136522060463
2.3862804682364906
2.392974522804242
2.3995973640255275
2.4061504911286944
2.4126353564912035
2.419053367571625
2.4254058887430623
2.4316942430339803
2.437919713781989
