-0.0215077394662
0.198726871994
-0.0294873135959
-0.0812271045816
-0.105929687004
-0.0711662494089
-0.0218410067285
-0.0216463692033
-0.0212414878387
0.00720766042168
0.00713605596781
0.010939786923
-0.021155362364
0.00719352406743
0.00352197790675
0.00339891278241
0.00349524498367
0.00737948638456
0.0132822279991
0.00727933266674
0.0131833089027
0.0131833089027
0.0132822279991
0.0130820574563
0.0130820574563
0.00362612968244
0.00346051768477
-0.0212779249632
0.00737948638456
0.00356474860827
-0.0213066988471
-0.0212529840221
0.0135820512933
0.00355667885464
0.0134823034716
0.0134448670374
0.0131833089027
-0.021631407942
-0.0213642062212
0.00734376179261
0.00745098612214
0.00346051768477
0.00355667885464
0.00346051768477
0.00734376179261
0.00737948638456
0.00734376179261
0.00734376179261
0.00339891278241
0.00336417546303
0.00737948638456
0.00745098612214
0.00717943437883
0.0132952988929
0.0132952988929
0.0132206211991
0.0131833089027
0.00995585612871
0.010939786923
0.0136196094957
0.0135820512933
0.0131833089027
0.0131460142899
0.0131833089027
0.0132579511916
0.0136196094957
0.0141851358936
0.0798385042644
0.855800042726
0.855800042726
0.855800042726
0.855800042726
0.855800042726
-0.021155362364
-0.0710182414443
-0.0711662494089
-0.071264589231
-0.0712154524459
-0.0710676440428
-0.071144714884
-0.0710017590759
-0.0715137270258
-0.0710182414443
-0.0710676440428
-0.0711940987793
-0.0710182414443
-0.0709852692813
-0.0710511839227
-0.0710182414443
-0.0711662494089
-0.0710676440428
-0.0715137270258
-0.0654491086658
-0.065395609448
-0.0654491086658
-0.0655686407094
-0.0644815834381
-0.0533531186528
-0.0536235620316
