0.23529468370314344
0.34217727008025856
0.2517233891422864
0.16031880644721574
0.0886950926263218
0.03545513714005499
0.014258538582045621
0.036245544691707265
0.06848553797526025
0.08734062887056926
0.10462221017925888
0.1205779042284374
0.13539068820731415
0.14921895638326887
0.16215559800524715
0.17436116964517134
0.18588481232756848
0.19680558695276373
0.2071780719649745
0.21705326128422575
0.22648483936962172
0.23550327513654867
0.24417895784250743
0.24301601480199342
0.24188844064080328
0.24079379220374997
0.23974241670717533
0.2387314881488669
0.23774630455551893
0.23678913267944623
0.23586552306068254
0.23496990161218434
0.23409691617682482
0.23326276525562128
0.2324517851933401
0.23166589666782922
0.23090699276913285
0.23015749858517498
0.22971902881955542
0.22932176208236166
0.22917478668783242
0.2290317256742347
0.22888899490259573
0.22874943592588215
0.22861260423475294
0.228478833822086
0.2283506749974047
0.23260086280246262
0.23675924637086876
0.24084192058543763
0.24484339856416404
0.24451481246780826
0.24397858932761707
0.24345188396077233
0.24293458404690693
0.2424240676134688
0.241920248658967
0.2414205285785569
0.2409291371661536
0.24044580135067495
0.23997026127415566
0.2396899028652667
0.23941585926175446
0.238964215454596
0.2385174959887748
0.23825572299437503
0.23816316037978758
0.23807400641479182
0.2379861260778675
0.2378994834921675
0.24079197241505412
0.2436349291944705
0.24644924274106284
0.24621539219939903
0.24583422384181408
0.24545466690562168
0.24507991981364274
0.2447132262038142
0.24435111626410844
0.24399186395909633
0.24363704547269693
0.24328340216732924
0.2429354227247773
0.24538233156458877
0.24780395019770318
0.24746651516936635
0.24713475059843315
0.2468107712358798
0.2464888957339192
0.24617337687139507
0.2458573130078744
0.245544693910962
0.24523410580200322
0.2449267870415598
0.2446264311741927
0.24432665926239994
0.2440323904037217
0.24373977631103017
0.24581537613984594
