0.470589367406
0.320647759131
-0.361815523752
-0.457022913475
-0.429742282925
-0.372679688404
-0.397709405777
0.454536749464
0.322399932836
0.207405999848
0.207378975704
0.207424022639
0.207378975704
0.207424022639
0.206986265952
0.207494717879
0.207425568283
0.207494717879
0.207449700244
0.207378975704
0.207494717879
0.207424022639
0.208216384943
-0.0290735760129
-0.0293169281909
-0.0295555078004
-0.0294385139041
-0.0293169281909
-0.0295555078004
-0.0296723281583
-0.0295555078004
-0.0295555078004
-0.0296815048022
-0.0291952822421
-0.0291952822421
-0.0290778754439
-0.0288383481505
-0.0292302731744
-0.0175387906248
-0.0162879362249
-0.00617296657023
-0.0061516235847
-0.00628015395211
-0.00628015395211
-0.00629425779195
-0.00628720939535
-0.0061516235847
0.208259202448
0.20791917842
0.208216384943
0.208076854894
-0.0174150631069
-0.0289560495703
-0.0289687951765
-0.0289687951765
-0.029099436706
-0.0292214993611
-0.0294834847442
-0.0294834847442
-0.0294834847442
-0.0294834847442
-0.01766257976
-0.0175387906248
-0.0293568474653
-0.0294834847442
-0.0175387906248
-0.00629425779195
-0.0061516235847
-0.0061516235847
-0.0061516235847
0.208259202448
0.207535844897
0.208259202448
-0.0175387906248
-0.0289687951765
-0.0292258840868
-0.0292302731744
-0.0289687951765
-0.0289687951765
-0.029099436706
-0.0290951158848
-0.0293523943455
-0.0292302731744
0.207987251384
0.208259202448
-0.0293568474653
-0.0291952822421
-0.0288341632672
-0.0289687951765
-0.0287122164897
-0.0290778754439
-0.0290735760129
-0.0291952822421
-0.0291952822421
-0.0288341632672
-0.0290778754439
-0.0288383481505
-0.0289687951765
0.207559982882
