0.06477136788901272
0.18696230394978441
0.1363121889958817
0.0886535287515896
0.04827496213424631
0.04285989097302867
0.040567842368854246
0.05503965000883404
0.09170355866639379
0.12498411935951204
0.1358169164074433
0.13412256491824937
0.11958562788204019
0.10535465291753421
0.10293836857463945
0.11045443944678934
0.11756273071460654
0.1242914014656974
0.1306855247237575
0.136779365707431
0.14257507808955083
0.14815018774540778
0.13973950374091793
0.13159933178480754
0.12377752436639944
0.1223427626112471
0.11509402109962963
0.1080917492951784
0.11219383344853362
0.11633020512868553
0.12031082860660114
0.1241898570723361
0.12795110604766557
0.13159412525928382
0.1351927889895843
0.1386515998525013
0.14200370383390393
0.1452730800494587
0.14845757883179123
0.1435001590534758
0.14023729392247097
0.13933821137627755
0.13846133651671533
0.1358218493812885
0.1349827603324708
0.1341601954497832
0.13377601424321606
0.133401802226208
0.13066373713779256
0.12797244778191752
0.12762424321228028
0.12727971999756071
0.12693655485635547
0.12660316596847554
0.12627709935454456
0.12595650726459307
0.12564432385733204
0.12533743169426192
0.1250258067291281
0.1247205450573119
0.12442165928916549
0.12406556675379243
0.12372397599416551
0.1234374996559996
0.12315420423315071
0.12287627942746726
0.12260244175127921
0.12204667218645371
0.12149761568858586
0.12095629238082872
0.12042248745234607
0.11989374640788564
0.11959831656172182
0.11935457331974764
0.11911184217892301
0.11887452076168614
0.11864024192672151
0.11840813573895703
0.1181798891092054
0.11795222617198042
0.11773141351806415
0.11751049317067386
0.11729311542805321
0.11708009616192216
0.11686769215170423
0.11665860923528104
0.11645103258893164
0.11624758722240203
0.11604470132928946
0.1158422834037196
0.11564297482944352
0.11696717052856964
0.11827736056103944
0.11808588462705194
0.1178911190238433
0.11769915034362899
0.11750835954864913
0.11732202049104634
0.11713928299977394
