0.231782030757
0.215729412814
0.215729412814
0.215729412814
-0.0312171255827
-0.640211047917
0.215729412814
0.215729412814
0.215729412814
-0.636135630015
0.215729412814
0.215729412814
0.214048738307
0.214048738307
-0.0312659142135
-0.636488062619
0.214048738307
0.214048738307
0.214048738307
-0.031821070698
-0.416282130966
0.215729412814
0.214048738307
-0.0317977927217
-0.0313833140104
0.100927236727
-0.0314283609454
-0.0314283609454
-0.0314283609454
-0.031312618771
0.100927236727
-0.0311967589126
-0.0313817683665
-0.0311967589126
0.100927236727
-0.0312659142135
-0.0313817683665
-0.0312659142135
-0.0311967589126
0.100927236727
-0.0311967589126
-0.0314283609454
-0.0314283609454
0.101527073655
-0.0312659142135
-0.0316131237277
-0.0316131237277
0.101527073655
-0.0313576364055
-0.0313108710624
-0.0314028377854
-0.0313786510087
0.101527073655
-0.0313786510087
-0.0312171255827
-0.0314028377854
0.101527073655
-0.0313786510087
-0.0313334182808
-0.0312865508418
0.101527073655
-0.0313786510087
-0.0312171255827
-0.0312865508418
-0.0318671880825
0.100927236727
-0.0312659142135
-0.0313817683665
-0.0311967589126
0.101144169782
-0.0313576364055
-0.0311967589126
-0.0312659142135
0.101144169782
-0.0311967589126
-0.0311967589126
-0.0313817683665
-0.0314283609454
0.101144169782
-0.0312659142135
-0.0313817683665
-0.031312618771
0.101144169782
-0.0314283609454
-0.0314283609454
-0.0314283609454
0.10391199009
-0.0311967589126
-0.0313817683665
-0.031312618771
0.10391199009
-0.031312618771
-0.0314283609454
-0.0313817683665
-0.0312659142135
0.100927236727
-0.0312659142135
-0.0313817683665
-0.0312659142135
