0.03439133582265391
0.05196802039025282
0.065150533815952
0.07569654455651133
0.08448488684031079
0.09201775165499602
0.0986090083678456
0.1044679032237119
0.10974090859399156
0.11453454983970036
0.11892872098160008
0.12298487895873829
0.1266312631869987
0.13003455513337508
0.13322514133310298
0.13622804599167038
0.1390641226136507
0.14175093204500044
0.14430340100478273
0.146734323823623
0.1491311444464774
0.1514237554770338
0.15355081294351908
0.15559278811134492
0.13901111026704016
0.14090182801502704
0.14272502012915722
0.14448534354969672
0.14624301200645662
0.14788976617405813
0.14948505927392203
0.1510829396891583
0.1526338236215935
0.15414039658453055
0.1556051202984971
0.13939854657592227
0.14078617956810113
0.14213823222714722
0.14345648356971713
0.14470159037936703
0.14595706784848123
0.1471833481671509
0.14834356133068832
0.1495153403018616
0.1506251094148104
0.15174702545104013
0.15281055418428274
0.15388667772923775
0.15494127880329372
0.15597520142491716
0.15698924091920174
0.1579841475928394
0.1589606300688171
0.1599193583179589
0.16086096641979453
0.16179462582523974
0.162712187654729
0.1636141975888032
0.16450117402397613
0.16537360986185118
0.16623197415395402
0.1670767136160235
0.16790825402399812
0.16872700150261932
0.16953334371641288
0.17032765097179164
0.17111027723812072
0.17188156109479286
0.1726348475762614
0.17338440512711178
0.17411676698409506
0.17484578871163448
0.17556495879420714
0.1762745399423455
0.1769683564384349
0.17128007341207263
0.17196285538236855
0.1726365083711075
0.17330222079214602
0.17395971454131987
0.17460919007404035
0.17525084060034252
0.17588485242990304
0.17651140529676285
0.1771306726651708
0.17047226473324678
0.17107745784328182
0.17167541948497145
0.17226673710842005
0.1728515567360066
0.17343001962851068
0.1740177124657976
0.17459915325162406
0.17515975318513016
0.17572908062125187
0.176292538702362
0.17685024721121595
0.1774023223007885
0.17309587186167413
