0.021710724206923326
0.03645469898881737
0.04685593961083734
0.04338656456672085
0.036273764173150425
0.033718790448373115
0.02790593074060732
0.021950105492231198
0.017311292051879645
0.015683147885558246
0.01419307910111367
0.01280377738475369
0.011870071459173293
0.01070445056365077
0.00961168097409848
0.008587934275982811
0.007611827860793952
0.006667295485377256
0.005772855893052431
0.004929591835411085
0.004124657962207956
0.003347057263362707
0.0025981073951152345
0.0018825557212553967
0.0011901137239480608
0.0005265045830016302
9.70870355978537e-05
0.0005765328560485283
0.00104367418004514
0.0014912994384197464
0.0019257972132030732
0.0023384398690660113
0.0027237109561347728
0.003094852579751395
0.0034541693171702414
0.0038015656864958114
0.0041383877215822595
0.004434894237677178
0.004725048966520262
0.005006816914200685
0.005282515278932087
0.005551177740673818
0.005813734237375967
0.0060281767581580326
0.0061658170296501336
0.006371694771632241
0.006574381669147478
0.006771856237987484
0.006966435659602088
0.007094078585204722
0.007218283530271208
0.007402346697573892
0.007584468013435042
0.007794513210796827
0.007999849496629352
0.0081705331998001
0.008338274080502361
0.008447742845645645
0.008209003980010787
0.00797315881225702
0.007741451979560554
0.007843970346916973
0.007946085547483439
0.008045449503536584
0.008142920847408641
0.008288129371001651
0.008457229841687286
0.008551204005612267
0.008348657031932993
0.00814925469676564
0.007951753731652467
0.008083944326655046
0.0082154169088271
0.008024702617603574
0.007838418857118223
0.0079222975213189
0.00804702791978984
0.00786465732035968
0.007685603171133537
0.007763769251240227
0.007841293725936116
0.007919108872242786
0.0077480871623953895
0.007579809846609997
0.007654910511068813
0.007729147949499304
0.0078019612672159955
0.0076410137173498205
0.007481393454825569
0.007324211346674381
0.007394136441191246
0.007462491354364054
0.007565991046712295
0.007668401268614677
0.007734620090750766
0.00783464696104863
0.007934999522849706
0.008039254832131637
0.008103080563103382
