-0.0434214484138
-0.0442319243457
-0.0416049624881
0.0173468752206
0.0426768023614
0.0178848160734
0.0465028776621
0.0536024272354
0.0463881344035
0.0179095858295
0.0178808254133
0.0180609223127
0.0130718829581
0.0174843134328
0.0174843134328
0.017403693868
0.0175699154734
0.0179461151329
0.0178887918465
0.0177085452105
0.0177085452105
0.0178848160734
0.0179747968379
0.0178887918465
0.01800349193
0.0179174468056
0.0174605653208
0.0139039287931
0.0140142397199
0.0138763830096
0.0139039287931
0.0136172076435
0.0130992169603
0.0129899568266
0.0129354025471
0.012853665665
0.0127992373333
0.0115637541277
0.0116061891537
0.0115524858549
0.0115793313187
0.0115524858549
0.0115524858549
0.00964991343519
0.00633145248864
0.00967625387316
0.00972897108073
0.00967625387316
0.00972897108073
0.00650978920574
0.00645865714345
0.00975534786704
0.0098345510565
0.0115524858549
0.0114988320066
0.00972897108073
0.00972897108073
0.00645865714345
-0.0143243319381
-0.014386555233
-0.0143658236272
0.00645865714345
0.00653537283625
0.00645865714345
0.00643310869555
0.00972897108073
0.0114988320066
0.00648421731083
-0.0141782881575
-0.0141575657969
-0.0142200694881
0.00964991343519
0.00972897108073
-0.0143035718418
-0.0141575657969
0.00645865714345
0.00972897108073
-0.014407277355
-0.0143243319381
0.00633145248864
0.00635700692507
0.00645865714345
-0.0143658236272
-0.0143035718418
0.00645865714345
0.00645865714345
0.00640757195907
-0.0143243319381
-0.0143658236272
-0.0143035718418
0.00643310869555
0.00635700692507
0.00972897108073
0.00972897108073
0.00635700692507
0.00970260641889
0.0098345510565
0.0103212756189
0.00638257309717
