0.449592632887
0.30115815008
0.186477183849
-0.0519842763711
-0.383903101937
-0.450780509134
-0.42248319816
-0.382812258271
0.186563248362
0.186012809409
0.186382241185
0.186544687917
0.186544687917
0.186337010853
0.186382241185
0.18642728812
-0.0499527840898
-0.0501920167616
-0.0503136627104
0.187517304546
0.186769234021
0.187402444706
-0.0503136627104
-0.0504173845435
-0.0506782393217
-0.0505522423199
-0.0505567739458
-0.0503136627104
-0.0505522423199
-0.0505522423199
-0.0506782393217
-0.0503136627104
-0.0501920167616
-0.0501963754524
-0.0498308977867
-0.0500746099634
-0.0499655296959
-0.0504802192637
0.187262467928
0.186990516864
-0.0271483581042
-0.0272909923114
-0.0272909923114
-0.0272839439148
-0.0272980336719
-0.0272839439148
-0.0271483581042
-0.0271697010897
-0.0271483581042
0.187126560503
0.187223372278
0.187291609208
0.187176660745
0.186783687407
-0.0374103222119
-0.0500961712255
-0.0502182338806
-0.0384117976263
-0.0385355251443
-0.0385355251443
-0.0385355251443
-0.0504802192637
-0.0364108269321
-0.0375359110571
-0.0271697010897
-0.0385355251443
-0.0374103222119
-0.0272768884716
-0.0272839439148
-0.0271483581042
-0.0271483581042
-0.0271483581042
0.187262467928
0.187262467928
0.30115815008
0.458601641896
0.187262467928
-0.0499655296959
-0.0505522423199
-0.0505431925085
-0.05067364873
-0.0505522423199
-0.0503136627104
-0.0501920167616
-0.0501963754524
-0.0499655296959
-0.0499655296959
-0.0385355251443
-0.0272768884716
0.186783687407
0.187223372278
-0.0501963754524
-0.0505522423199
-0.0505522423199
-0.0501920167616
-0.0503136627104
-0.0501920167616
-0.0501920167616
0.187517304546
