0.22479631644340042
0.32518236646998494
0.3718016624323332
0.36140480715812245
0.29742095683525455
0.23302374124469188
0.18021334147471396
0.13767864611122788
0.1563349709474368
0.17324522634820955
0.1887770797802753
0.20312667115847988
0.21645129172395555
0.22887375911412572
0.24052264918817506
0.2514889602540477
0.2487138055823917
0.24607212048967547
0.24355643735415394
0.252485832808745
0.26097534344606316
0.26912327582456946
0.2670268732116348
0.2650101778298937
0.2630610147790587
0.2611887095079503
0.25938311043845835
0.2576481565518918
0.25596308180789434
0.25433236431370326
0.25274866933489976
0.25122401288912916
0.24974777710202295
0.24831359494624033
0.24692940334105334
0.2455760355042051
0.24426115314378544
0.24296678854728077
0.24764835024548953
0.2522090945592576
0.25156270508058637
0.2509280308407857
0.2503077810155259
0.24970147115075186
0.2491080356361443
0.24852752619114787
0.24796193539731054
0.2474074517016021
0.24686448453951831
0.2505336327846825
0.25413408225156914
0.2576678861988871
0.26113412065712355
0.2645301877008906
0.2638621462328215
0.26298326603588357
0.2621174344172527
0.2614663869998571
0.26082412824745255
0.2601923983270547
0.25957085759892135
0.25876958427727564
0.2582006651064613
0.25762318955173674
0.2572115274140138
0.2566363703223083
0.2560862185250749
0.25569090130084887
0.2553011306734941
0.25491875943258996
0.25454169890336514
0.2541698035868694
0.2567003774777931
0.25919721038350446
0.263159817621396
0.2691156831005624
0.2715164839714386
0.2708840089119963
0.27025210588299725
0.26962811585202767
0.2690101445260525
0.26840108136557145
0.2678021091904473
0.2672116148756048
0.2666279360912746
0.26605361965798785
0.2654858295478067
0.26505284611921937
0.26474976958064605
0.2668023375741317
0.26883737422932846
0.26829762825672204
0.26775983844480794
0.2672277095782824
0.26670487607034893
0.2661861785166331
0.26567401508029015
0.265167025011991
0.26704219805745516
