-0.180428449162
-0.19195226765
-0.145660992822
0.185738356747
0.537809293363
0.556874329357
0.439189705102
0.188270328262
0.185318368037
0.210957052828
-0.143962803632
-0.184377787228
-0.155466860216
-0.0608833086182
0.185273563769
-0.145909680996
-0.0793083280905
0.186121134561
0.187553168612
0.186121134561
0.0397033987472
-0.0790096419448
-0.145610686427
-0.145610686427
-0.145946975608
0.019272144438
-0.144071045155
-0.145835038707
-0.145322968616
-0.0608833086182
0.185557824697
0.185273563769
-0.0790096419448
0.0198248134453
0.185901551845
-0.145021283291
0.0199808336098
0.0198248134453
0.0198100011117
-0.144907854005
0.0192330629896
0.185666817303
0.199569885787
0.019545512503
-0.14469208469
0.0358670431164
-0.144855746789
-0.145909680996
0.186000678227
0.424668659294
0.187791748221
0.0199881143474
-0.144855746789
-0.145134550226
-0.145810761899
-0.145810761899
-0.145623506031
-0.145510938605
0.0200733417111
0.0193111186552
0.0354597827475
0.0354597827475
0.019389212111
0.0193111186552
0.0198248134453
-0.0789848845972
-0.0789848845972
-0.0791467230262
0.0199881143474
0.0353776011051
0.0194596576252
0.0199028046982
0.0197319380655
0.0193111186552
0.019545512503
0.0194596576252
0.0194596576252
0.0194596576252
0.0193111186552
0.0192330629896
0.0197319380655
0.0198248134453
0.0198248134453
0.0199881143474
0.0198248134453
0.0199028046982
0.0198248134453
0.0191550450869
0.0193111186552
0.0193111186552
0.0198954586246
0.0198248134453
0.0198248134453
0.0199808336098
0.0199101401406
0.0198248134453
0.0198248134453
0.0199881143474
0.0199881143474
