0.09021422458084749
0.1541983137975017
0.19061356200288493
0.15346589065354654
0.06383100842634515
0.01572246719601944
0.07062118033377185
0.0915401056961922
0.11007194249988661
0.12924985639329933
0.11725295609065012
0.10307004938079678
0.09196527365108687
0.0879063864098707
0.09948598414544985
0.09090306173394158
0.08649704350669107
0.09629289269409513
0.10567055112468537
0.11453346229424144
0.11633816223729376
0.11290296041360659
0.10683584847915684
0.10101142102208505
0.09539807580637427
0.09611185893370588
0.09096646446387846
0.0859376700257155
0.08109357107183723
0.07912959337447456
0.08492827539626147
0.09054262581351191
0.08821881281513533
0.08878523605642963
0.09394916805213027
0.09002967390913386
0.0905554853199173
0.09106381386979678
0.09155906389759016
0.08802472599503508
0.08848265606621719
0.09280048902674076
0.09733616824918301
0.09777051297147199
0.09462503286950619
0.09538816144645179
0.09237033338834866
0.08939258479660084
0.0931125983611506
0.1014394348178922
0.10505081459137866
0.10542794882434925
0.10274543499492428
0.10010662499081713
0.09750286138547248
0.09494477784337951
0.09243402773939746
0.08996774064439561
0.09030229633958009
0.09061887205523955
0.09119080403503732
0.09175365772944144
0.09205661416867594
0.09235370830183331
0.09265408426312571
0.09147520538853993
0.09031366296799215
0.08916660901109019
0.08945215350176794
0.08995042957367039
0.09022070259624282
0.09049334375649165
0.09075999156818781
0.09101747315025754
0.09127465094634968
0.09152737377265119
0.09177685656271806
0.09202318134278409
0.09226457032597446
0.09250201554806892
0.09274264893911188
0.09298150211315159
0.0932175117970242
0.0934526660834647
0.09368318717003798
0.09391195504013183
0.0941372370111011
0.09435246223679605
0.09456703022185409
0.0947792403169665
0.0949954953020169
0.09520866533906314
0.09541956760975778
0.09562989217407114
0.09583728946720249
0.09604166898725719
0.0962439630020051
0.09644586314692882
0.09664574429040329
