0.09133879122342026
0.15594005856943316
0.11010996377873261
0.002946928413754879
0.08635361340909942
0.11297034821700214
0.13620016866885654
0.15660007682918364
0.1603604807327944
0.14694441794757385
0.1275223340750158
0.11301031330364875
0.10176106361434911
0.09150994082514274
0.09386410824653424
0.09491996825192839
0.10487645711117777
0.1145626119990727
0.12351275962258068
0.11652894857752794
0.10981639734876247
0.10338919937894886
0.09723758579020958
0.09796239207439383
0.09230807509115824
0.08684783194267276
0.08156834789604017
0.07653471605357132
0.07164108500705746
0.0774153737964175
0.08314413564525502
0.08869929865018844
0.09415812170916904
0.08996783508213735
0.08586260665677092
0.09069606880182524
0.09553252070025231
0.10024914550124608
0.09822507483746434
0.09914411623964403
0.09956148521220998
0.09613733392225299
0.100205757592021
0.0969304467270925
0.0977479258365731
0.09462749962495376
0.0915493563830383
0.08853479495060235
0.08560515967134574
0.08594551131936068
0.08938787578994067
0.0928942637826734
0.0963445812577719
0.09971912642150538
0.097093907822146
0.09450155788344838
0.0919571321828031
0.09058488088532402
0.0908827413659713
0.0914387062595775
0.09204354061367881
0.0926386653941047
0.09316220599005776
0.09343021421909992
0.0936995892715099
0.09396760353321365
0.09423282308822811
0.09449183220183444
0.0935941680129101
0.09384818110785342
0.09409164634185019
0.0943364631752589
0.09458133016315895
0.09482179589303863
0.09505694890407601
0.095289047979905
0.09551907713398422
0.09574412464612414
0.09596752000660957
0.09618393354794008
0.09639371233428629
0.09660903316366987
0.09682373470820538
0.09703691302708306
0.09609548481137065
0.09630376247923966
0.09650482152738227
0.09670642011185615
0.09689841876055827
0.09708745019440868
0.09728170702961347
0.09747563100532297
0.09766749196001423
0.09785561436884405
0.09720106756442004
0.09738699467515177
0.09756841052677478
0.09774893203019741
0.09793013360124347
