-0.182677582447
-0.193803802038
0.183320379163
0.535815176825
0.535803250937
0.186317143655
0.185838563615
0.183599173443
0.0376040390361
-0.147576690637
-0.233065006471
-0.188656270028
-0.15748949565
-0.153766841838
0.0376666787423
0.0179496200917
0.179216799466
0.18403694287
0.17900295247
-0.146660031946
-0.147676127033
-0.147825553306
-0.14763872613
0.0181201571046
-0.147012241564
-0.147426565009
-0.147825553306
-0.145975323432
-0.146808931395
0.17900295247
0.183320379163
0.183320379163
0.185599984005
-0.146660031946
-0.147788223313
0.178838099367
0.18378517214
0.183948367239
-0.0809628265513
0.0376806974894
0.0175294968478
-0.147238505468
0.17901064147
-0.147388988922
0.0376040390361
-0.146660031946
-0.147750875612
-0.147713510189
-0.146481763963
0.0173579340488
0.17900295247
0.185838563615
0.186317143655
0.185599984005
-0.147012241564
-0.147763946506
-0.147576690637
-0.0809628265513
0.0178716288388
0.03391385851
0.0374997299543
0.0374928611668
0.033506598141
0.0174205348877
0.0177787534591
0.0179569555341
0.018034929741
0.0178716288388
-0.0628364932247
0.018034929741
0.0175294968478
0.0178716288388
0.0181201571046
0.018034929741
0.0178716288388
0.0178716288388
0.0179422740182
0.0177787534591
0.0178716288388
0.0175294968478
0.0172018604804
0.0178716288388
0.018034929741
0.0181201571046
-0.0809628265513
0.0181201571046
0.0176931962365
0.0179422740182
0.0172798783832
0.0172018604804
0.0178716288388
0.018034929741
0.018034929741
0.0178716288388
-0.0628364932247
0.018034929741
0.0177787534591
0.0178716288388
0.0181201571046
