0.431708786334
0.281767178059
0.168059567495
-0.0677147443397
-0.335082060322
-0.444463981003
-0.401612763516
-0.411560269476
-0.399896702977
-0.401199228978
0.415656168391
0.168615884515
0.168614136806
0.168498394632
0.168105684879
0.167921442759
0.167990522616
0.168404268162
0.168498394632
0.16831363185
0.167990522616
0.167990522616
0.167990522616
0.167990522616
0.168405422118
0.168544987211
0.168660841364
0.168614136806
0.168498394632
0.168498394632
0.168548104569
0.168544987211
0.16831363185
0.168404268162
0.168404268162
0.169335803871
0.169106670312
-0.0450322046571
-0.0562956441793
-0.05541975761
-0.0451748388644
-0.05541975761
-0.0451607350245
-0.0450322046571
-0.0450322046571
-0.0450322046571
0.169378621375
0.169335803871
0.169407762655
0.169633457993
0.169106670312
0.169335803871
-0.0451818802249
-0.0683640658166
-0.0682374285377
-0.0683640658166
-0.0450322046571
-0.0451818802249
-0.0450322046571
-0.0450322046571
-0.0450322046571
0.168970490254
0.169106670312
-0.0450393260964
-0.0564193716972
-0.0451818802249
-0.0564193716972
-0.0451748388644
-0.0451748388644
-0.0450322046571
-0.0450322046571
-0.0450322046571
0.169106670312
0.169407762655
0.283274303527
0.440717795343
0.169518598153
-0.0677231182619
-0.0680758633145
-0.0680758633145
-0.0679541570853
-0.0679584565163
-0.0677147443397
-0.0683640658166
-0.0451677904678
0.169335803871
0.169475965278
-0.0452961906711
-0.0682374285377
-0.0682374285377
-0.0450535476426
-0.0544181487828
0.169091061421
0.283274303527
-0.0679800177784
-0.0685437507179
-0.0684360888729
-0.0684360888729
-0.0684360888729
