0.21585439316693322
0.30977678585324153
0.3517916777269351
0.33824872885900226
0.28240171880529097
0.21890686437626383
0.1687052689368106
0.12297635010611185
0.08298667980842633
0.04651402262864612
0.08115203666125903
0.09412248931624745
0.10616635623098247
0.11739958253977278
0.12790618784472485
0.13778391977174187
0.14711672658371977
0.15598010911856675
0.1644050288501595
0.17241996370014057
0.18005589654630438
0.18735983231220021
0.19435943742118367
0.20107905832580775
0.20755618994572023
0.2137985968794509
0.21982219835672678
0.22563647893625405
0.23125309209064926
0.23668852417554775
0.2419556524433144
0.2470630762981849
0.25201347723493794
0.25682502775385485
0.26150292409169074
0.26607956743954453
0.2705297429740592
0.269375071059774
0.26796767995529214
0.2666159785501695
0.26554038714863704
0.26425155557631086
0.26322517523484423
0.262224459575797
0.2612454986049899
0.2602873665910085
0.26381608786966304
0.2672719206017159
0.27066007585481433
0.2739862220899806
0.2772382734421258
0.28043328860949546
0.2795965871238495
0.2783536041090019
0.2771350785993997
0.2759357090236696
0.27515929170199505
0.2743934971219123
0.2736429603776269
0.2729047275143953
0.2721784016328288
0.2748604729066999
0.277502764630318
0.2768098519211425
0.2759550129560333
0.2752806565347664
0.2744509598921605
0.273796252082532
0.27315089724161246
0.272516640837991
0.2718911935510865
0.2712743140352355
0.273559539309716
0.2758183094784482
0.27954560294590636
0.285269210677632
0.28744252603856413
0.28658527137702117
0.2857343230855893
0.2848938803286196
0.28406517109587237
0.2832463945113384
0.28244026660253285
0.2816359834752785
0.2811107766093742
0.2830571651596109
0.2849830284014009
0.2844740824388041
0.28371588878838494
0.2829660269363221
0.28247631446194554
0.2818911730771838
0.28369001415613126
0.2866718489300978
0.2859637237449062
0.2852570871395672
0.2845587597020891
0.28386748607711076
0.2831831251883822
