-0.0628485392213
-0.0585250284453
-0.0695070435592
0.308023136577
0.310741106789
0.819177831355
-0.15739456206
-0.163348780415
-0.161813904182
-0.161813904182
-0.147996594734
-0.117849315953
-0.102089136971
-0.102053495037
-0.107607480652
-0.061824256328
-0.0582114460346
-0.0293428787045
-0.0233399833721
-0.0233399833721
-0.0232895470557
-0.0581055410106
-0.0292427249866
-0.0292427249866
-0.0293356183857
-0.0293356183857
-0.0234015901721
-0.0579864175924
-0.0232521638992
-0.0293356183857
-0.0295219322387
-0.0230401600779
-0.0331885449109
-0.0329960816888
-0.0230026018755
-0.0231527275038
-0.0231152228793
-0.0230026018755
-0.0227391929657
-0.0231527275038
-0.0230026018755
-0.0230026018755
-0.0230401600779
-0.0230026018755
-0.0230026018755
-0.0230026018755
-0.0228898199078
-0.0228521900892
-0.0227014913259
-0.0229650257881
-0.0228521900892
-0.0226637716987
-0.0222360688125
-0.0225882784305
-0.0222360688125
-0.0225505047637
-0.0226260340712
-0.0227014913259
-0.0229650257881
-0.0226260340712
-0.0226003713221
-0.0230152556536
-0.0222360688125
-0.0222360688125
-0.0228145423345
-0.0233399833721
-0.0231527275038
-0.0233269124783
-0.0234761970813
-0.0232895470557
-0.0233399833721
-0.0232895470557
-0.0233642601795
-0.0233642601795
-0.0234015901721
-0.0231399078996
-0.0233269124783
-0.0231399078996
-0.0231399078996
-0.0233399833721
-0.0231902142944
-0.0231527275038
-0.0231152228793
-0.0230026018755
-0.0230026018755
-0.0230026018755
-0.0230026018755
-0.0229650257881
-0.0229650257881
-0.0230026018755
-0.0229650257881
-0.0228521900892
-0.0228145423345
-0.0227014913259
-0.0225882784305
-0.0225127130579
-0.0226003713221
-0.0220578008292
-0.0216277308606
