0.03142426961063616
0.05093261242574609
0.06830937331554976
0.006704746000232853
0.045085438464593786
0.16211084294383904
0.1424365226863108
0.12428665819578688
0.1081052677775396
0.09339491285186019
0.08106186329068477
0.07199653129431516
0.06470445008209547
0.057900883746274445
0.05117541620549371
0.04753869524502574
0.044304726020883534
0.042760363983807004
0.04159336481520082
0.0404819370355759
0.03942332126031578
0.036896993390288735
0.03567854651584579
0.034508837516380564
0.03338054450154493
0.03229404011688841
0.03145826903931437
0.029458737398196932
0.028683665268223635
0.027737354997716346
0.026814794615258153
0.02611660794622983
0.02514047427238031
0.024197729081272823
0.023558767918065437
0.022933018526071214
0.02232472318714107
0.021734912882641955
0.021166433058498413
0.020601732387674376
0.020054051390639427
0.019519107160977378
0.018995467159206192
0.018484298228640283
0.017984241666130107
0.01749482460495
0.017017953356871063
0.016551582130561404
0.01609755230404253
0.015647257680745708
0.015207792486723215
0.014780174152785097
0.014368395100702314
0.013957699129238943
0.013560626471873505
0.013165003581282475
0.012774899545572205
0.012390128506149511
0.01200737807634722
0.011636459485016126
0.011271937366917006
0.010906615848605528
0.010559177273410714
0.010217083907065105
0.009871409023208821
0.009523051062430898
0.009182569775610494
0.008844498580272808
0.00850912433625417
0.008181102546736985
0.007856936111013013
0.007537901219838772
0.007222167974169191
0.006910644505108476
0.006602728844949612
0.006302210560539034
0.006003147580048052
0.0057102373534706485
0.005420988504725388
0.005132840561859697
0.004850033070465165
0.004571084546323156
0.004295903321569039
0.004025284475975277
0.0037578123611442527
0.003493414638437775
0.0032320214353074306
0.0029739874376878417
0.0027188204844862396
0.002466044639700904
0.002216424794177607
0.001970702320100437
0.0017279944229248168
0.0014890313563359348
0.0012537367893517004
0.0010216469640126347
0.0007910309301131235
0.0005682248611313945
0.00035194755252554444
