0.347609132543
-0.221796602276
-0.289535863488
-0.15634424057
-0.0378171044412
-0.232556615152
0.347097054976
0.460666680607
0.347424921324
0.347629499213
0.347213134398
0.122356341716
-0.221945501725
-0.257435728857
-0.228731758713
-0.222600693541
-0.057794238706
0.11045888205
0.111184758209
0.110823639234
0.110346593318
0.11035575183
0.10864860181
0.108774518197
0.109031379624
0.108183808833
0.10864860181
0.108811796909
0.108560786835
0.108811796909
0.108183808833
0.108811796909
0.108183808833
0.108309529946
0.10851167104
-0.222160904786
-0.0575442424334
-0.156153415018
-0.0571016405889
-0.221073680996
-0.0576300973112
0.103827824207
0.10851167104
-0.221160800092
-0.156290372222
-0.222525559252
-0.156153415018
-0.0376368403756
0.108309529946
0.108910923291
0.108462603113
0.104103005196
0.108228613101
0.108228613101
0.104103005196
0.10864860181
0.110823639234
0.10864860181
-0.0374558728405
-0.0412227118199
-0.0411403514532
-0.0378936403684
-0.0378171044412
0.109031379624
0.108309529946
-0.0374628873391
-0.041633914524
-0.0577160354422
-0.0378936403684
-0.0376368403756
-0.0376368403756
-0.0374558728405
-0.0374628873391
-0.0375325312938
0.104213874908
0.104080229137
-0.0374698915876
-0.0375533863065
-0.0374698915876
-0.0374628873391
-0.0374628873391
-0.0374558728405
-0.0373027800815
-0.0373792891395
-0.0373027800815
-0.0373863561892
-0.0411403514532
-0.0411403514532
-0.057794238706
-0.0577005428254
-0.0576300973112
-0.0577160354422
-0.0576300973112
-0.0578566919467
-0.0576224115519
-0.0576300973112
-0.0579347098495
-0.0577786362811
-0.057794238706
