-0.0523042554319
0.119233206969
-0.0447607610434
-0.080910603918
-0.0523042554319
-0.124100389391
0.118609892782
-0.0453690989953
0.0203281063996
-0.045733401505
0.13861039884
0.285458882905
0.524057002494
0.285458882905
0.138957611693
0.118633264575
-0.0461356320583
-0.0812629810202
-0.0810619404011
-0.081386649496
-0.0524114797614
-0.0562947238692
-0.0523042554319
-0.0524686485685
-0.0524686485685
-0.0461356320583
-0.0812629810202
-0.0524686485685
-0.0464225772385
-0.0462857576866
-0.045759064254
-0.0458722231485
-0.0460980559709
-0.0462857576866
-0.0525833918271
-0.0525259524307
-0.0464599426611
-0.0466731840977
-0.0463232444772
-0.0466731840977
-0.0461356320583
-0.0462729380824
-0.0465346203549
-0.0465346203549
-0.0465719326513
-0.048778700368
-0.0464225772385
-0.0461731902607
-0.0461356320583
-0.0461356320583
-0.0461356320583
-0.0461356320583
-0.0461356320583
-0.045985220272
-0.0460228500906
-0.0459475725173
-0.0460980559709
-0.0461356320583
-0.045985220272
-0.045759064254
-0.044989433925
-0.0455179984446
-0.0453543363461
0.0200832627104
0.119325862692
0.11916256179
0.0202449455068
-0.0446843904808
-0.0447332968108
0.0201371310589
0.119411090055
0.119325862692
0.0203281063996
-0.0447332968108
-0.0446843904808
-0.0455179984446
-0.0445696971478
-0.0447607610434
0.0199756036707
0.0202988916435
0.0202449455068
0.0202449455068
0.0202449455068
0.0202449455068
0.0202449455068
0.0202988916435
0.119325862692
0.0203281063996
0.0200832627104
0.0200294202539
0.0201910253181
0.0202449455068
0.0199756036707
-0.045190831012
-0.045190831012
-0.0447332968108
0.0200832627104
0.0202449455068
0.0202449455068
