0.02615212771593134
0.013592274607072796
0.002402084346226463
0.013780036437369358
0.022497412342679768
0.04022603939849445
0.025399802800703752
0.0304408138001786
0.028408003160221962
0.03256558511521768
0.021014718545255273
0.0009436570628252872
0.03837630009809101
0.05740689229176088
0.06609174302257959
0.07307017035050445
0.07050707968060044
0.06623008067953784
0.062176983659481655
0.05830142892157664
0.05591908893242248
0.05347149224245562
0.051292148266128046
0.04919340232338676
0.04717537737844324
0.045466650265173936
0.04256440094302427
0.04075513719928181
0.03920771795799749
0.037714629000365485
0.03628465824242788
0.03489459087429014
0.03353876569867409
0.032216315479057234
0.030755665706081015
0.02933604537011525
0.028113415300086153
0.026916666989887483
0.02575858587795843
0.024620215534110867
0.023521748104151974
0.02244563326502591
0.021388028256960512
0.020353925582407673
0.019341492263901805
0.01830364757522074
0.017336510549418094
0.016394200544096904
0.015471487902931402
0.014566867666494732
0.013679643973066424
0.012809160349325444
0.011954796792690736
0.011118701878654824
0.010296865269894151
0.009490767506432407
0.008695973437967797
0.007914013572573375
0.007147593234707039
0.0063974446403791685
0.005671808609330031
0.004949300697511316
0.004240639192104156
0.0045496124645714175
0.006357580081114089
0.008136125779467429
0.008433845566331644
0.007786245704291539
0.0071471986069944204
0.007430820171204333
0.009089307533085456
0.010723908391877424
0.010998612532412078
0.010402168574934811
0.009814216068608994
0.009223073231666379
0.008651666857976359
0.00808507494603472
0.008334769991918622
0.008585373592455925
0.008832263171806742
0.009076178177912397
0.009317189433945328
0.0095553652634367
0.009790771606538629
0.010024092200142332
0.011380067912549308
0.011608473602432112
0.01183162096588064
0.012051724485153903
0.012271192151655397
0.012488879737749703
0.01270138615977856
0.012225693201757482
0.011754955378715848
0.011293787370357133
0.011498718622503845
0.011703213021562076
0.01190566247662972
