-0.00368783536681
-0.00369535091343
-0.00121535019757
-0.00117939721387
-0.00122111120605
0.0065805492293
0.00677249492127
0.00800167045182
0.00978498882566
0.00336037139859
0.00335214020917
-0.000543262193272
-0.000780844982225
-0.00368715068879
-0.00373115794119
-0.00409214327895
-0.00372847863771
-0.000311426226489
-0.000288396211537
-0.000292470947062
-0.000288396211537
-0.000287036951989
-0.000282956126248
-0.000281594834352
-0.000282956126248
-0.000282956126248
0.00196411993033
-0.000281594834352
-0.000282956126248
0.00196411993033
0.00329486722628
0.00329486722628
-0.000282956126248
-0.000289754963709
-0.000296541123868
-0.0003006067496
-0.000296541123868
-0.000288396211537
-0.000293828178811
-0.000293828178811
-0.000293828178811
-0.000297896837743
-0.000291113208789
-0.0003006067496
-0.000306020517645
-0.000301960948147
-0.000304667831888
-0.000301960948147
-0.000296541123868
-0.000288396211537
-0.000288396211537
-0.000288396211537
-0.000288396211537
-0.000288396211537
-0.000281594834352
0.00329486722628
0.00329486722628
0.00328470306313
-0.000288396211537
-0.000308724378342
-0.000301960948147
-0.000296541123868
-0.000288396211537
-0.000288396211537
-0.000281594834352
0.00328673437389
0.00328470306313
0.00327658541659
-0.000288396211537
-0.000324905357477
-0.000316823894116
-0.000308724378342
-0.000316823894116
-0.000327595177378
-0.000323559697995
-0.000318172056684
-0.000308724378342
-0.000318172056684
-0.000318172056684
-0.000308724378342
-0.000322213538453
-0.000312776396559
-0.000314126064333
-0.000311426226489
-0.000287036951989
0.00328876644516
0.00330301227413
0.00331729553584
0.00336655293804
0.00328064272141
-0.000310075553844
-0.000535460607312
-0.000327595177378
-0.000323559697995
-0.000311426226489
-0.000316823894116
-0.000322213538453
-0.000316823894116
-0.000315475230092
