0.2284737968352581
0.3837926643950998
0.37263533549826516
0.29615684471341547
0.2175408550779085
0.15249651712844187
0.10554574251132115
0.10333062789713049
0.12272931846811336
0.14030820666740568
0.15645297349811443
0.17132741735905405
0.1851245780801925
0.1980466086284443
0.21016241763737803
0.22156155580543074
0.23232473369256984
0.23008207217087345
0.2279463046834424
0.2372097152324178
0.24601799927348827
0.24474933225408863
0.24296445492167634
0.24125079833492918
0.23960305161690315
0.23802100162621348
0.24496919776955367
0.2516771847188117
0.25025333972719094
0.2488600250693625
0.24751011002135598
0.24619728339899244
0.2449337921658537
0.24371335360160734
0.24252331430525514
0.24137179224690658
0.24024358048611366
0.23915100179605647
0.23837148768704258
0.237885414927747
0.23741397400489567
0.23695067336099146
0.2413722527249353
0.24568801489361375
0.24525477612989383
0.2445939923672848
0.24394181833612288
0.24353510439467146
0.2474238060178316
0.25124032877967567
0.25498566350062485
0.2586486568627174
0.257857152965648
0.257082415349062
0.2563215123327722
0.2555716665355486
0.2548347491141391
0.2543083620490099
0.253788685976334
0.253277529183538
0.25277461685514196
0.25209410817402883
0.2516069118558952
0.2511272108657328
0.2506718266016699
0.250374273892301
0.25008319451994104
0.24979426652678577
0.2493791827246657
0.24909849282141056
0.24882170138903398
0.24854860506673654
0.24827929448388358
0.24801366878137848
0.2505672300933263
0.25457389387077395
0.25707225624680125
0.25952952453546857
0.2591397674809616
0.2586137635777654
0.2580957643460213
0.25758395564859676
0.25707673759908606
0.25684219605170117
0.256610545729749
0.25884596551465805
0.2610559828020113
0.2605714293359443
0.2600979785702528
0.2596312100317581
0.2591668660189356
0.258707561182929
0.25825314256858195
0.26030250415262185
0.2599998648051178
0.25955448528798314
0.25911613118669014
0.2586822049046021
0.25825018677298145
