0.21751765193337508
0.3125488837973112
0.3555288475046468
0.3425789783483148
0.2872912450093678
0.2191293178566895
0.1649433552199428
0.12001266150154394
0.07957503715498498
0.04341507783224374
0.07833030165926363
0.09155130620181201
0.10383771825943139
0.11529271240374733
0.12600722505450462
0.13608469800441564
0.14560614717261883
0.15462283349622336
0.16321407910446023
0.17137862578962454
0.17916890238179078
0.18661746934476847
0.19375280102360898
0.20061100482185873
0.2072160794238052
0.21358425180673762
0.21972665748161652
0.22565165445281438
0.23137605244116793
0.2369174165141899
0.24228336606630924
0.24749510421469129
0.25254803425198763
0.25745462812898695
0.2622528025786482
0.26049845363257146
0.2588039164828347
0.25713953414937735
0.2614571626220848
0.2656611898142987
0.26976019862154327
0.2687873098426677
0.26730918374531015
0.2661293425416586
0.2649751500598256
0.26386945535276346
0.26299776216662
0.26652235683821796
0.2699756032662874
0.273356646165198
0.2766770754229571
0.27589017566589596
0.27469054700614864
0.2735174041204032
0.2725916541246089
0.271857473048618
0.2709442122443699
0.27023721548905594
0.2731111019531299
0.2759427473801837
0.27872243342925446
0.2778777248054522
0.2768675813769476
0.27586895197687317
0.2750663894519278
0.2740975698846914
0.2733333397195162
0.27272704671239084
0.27518742326077855
0.2776209029886662
0.2800148629175658
0.27930295006420763
0.27842577559116927
0.2777195205692174
0.277170761528109
0.2794101535780367
0.2816208354734782
0.2807975753686209
0.2799926702224959
0.27919609171982934
0.2784092275891465
0.27762564267006534
0.27712744836850006
0.27914862038341853
0.2843119263470902
0.2862907581850704
0.285553134196379
0.28482561345725926
0.28410227432916385
0.2833855007940233
0.28267778806206706
0.28197768514443294
0.28128498192139223
0.28060212937686085
0.27992888001245003
0.2792613160488166
0.2786029195313064
0.2779524911303973
0.27730730507077067
