0.435035303867
0.285093695592
0.171919854829
-0.0647493457817
-0.331726400034
-0.477133490069
-0.433487701094
-0.404376243466
-0.404376243466
-0.39775955255
0.418982685924
0.171873059053
0.172009768807
0.171824912165
0.171432202412
0.171317040148
0.171386085028
0.171317040148
0.171824912165
0.171455480388
0.171386085028
0.171317040148
0.171247960292
0.171455094956
0.171731939651
0.171940654339
0.171987358897
0.171824912165
0.171731939651
0.171782286264
0.171710385668
0.171987358897
0.171799621268
0.171730785695
0.172734280188
-0.0649109110048
-0.06439241169
-0.0649109110048
0.172705138908
0.172365114881
0.172158369904
-0.0418342174916
-0.0650375482837
-0.0530928541643
-0.0530928541643
-0.0519676512319
-0.0418412729349
0.172705138908
0.172662321403
0.172433187844
0.172662321403
-0.0417056871242
-0.0647799476264
-0.064522858716
-0.0518419997645
-0.0418483213315
-0.0529691266464
-0.0417128085635
0.172433187844
0.17273037105
0.172340535042
-0.0532166432995
-0.0646491794243
-0.0649109110048
-0.0529691266464
-0.0649109110048
-0.0519676512319
-0.0418342174916
0.172226358387
0.17277706068
0.172365114881
-0.0519696382951
-0.0649109110048
-0.0529691266464
-0.0417056871242
0.172433187844
0.172433187844
-0.0650375482837
-0.06439241169
-0.064522858716
-0.064522858716
-0.0650375482837
-0.0418483213315
0.171799621268
0.444044312876
0.172158369904
-0.0649109110048
-0.0647493457817
-0.0651005215286
-0.0652263916978
-0.06510957134
-0.06510957134
-0.0651141029658
-0.0648709917305
-0.0646319389834
-0.0647537044724
-0.064522858716
-0.06439241169
-0.0645186059627
