-0.00185348561139
-0.0612679993843
-0.0511907284535
-0.0521243907106
0.0235157840519
-0.00125368754936
0.0308988921203
0.0334285890647
0.034345247756
0.0334285890647
0.0339809452464
0.0337291264793
0.0308988921203
0.033578714693
0.0233849119101
-0.00149126124209
0.0333291526693
0.033578714693
0.0334285890647
0.0334285890647
0.027166765619
0.0272456981828
-0.00128238264141
-0.00128238264141
-0.00128238264141
-0.00128238264141
-0.00136838763286
-0.00128238264141
-0.00128238264141
-0.00128238264141
-0.00154863426889
-0.00137236340591
-0.00151995446108
-0.00137635406602
-0.00140510102391
-0.00134759364982
-0.00134759364982
-0.00137635406602
-0.00137635406602
-0.00131881976585
-0.0016723027447
-0.00182058941262
-0.00182058941262
-0.00182058941262
-0.00146671899337
-0.00129387882479
-0.00152422444212
-0.0016723027447
-0.00129387882479
-0.00182058941262
0.0234810831041
0.0235852348797
0.0235852348797
0.0234810831041
0.0233849119101
0.0270315324661
0.0233580179797
0.0273385915819
0.0270315324661
0.0273385915819
0.0274100913194
0.0274100913194
0.0233927716576
0.0273028669899
0.0274100913194
0.0271385395761
0.0270315324661
0.0274100913194
0.0274100913194
0.0274100913194
0.0274100913194
0.0274100913194
0.0273385915819
0.0233580179797
0.0233232806603
0.0274100913194
0.0272599751508
0.0308988921203
0.0273172215776
0.0272456981828
0.0271385395761
0.0271385395761
0.0273385915819
0.0272456981828
0.0274100913194
0.0331797263964
0.0331797263964
0.033993038138
0.875759147923
0.875759147923
0.034345247756
-0.0127985223359
-0.0128496075203
-0.0129257269907
-0.0129257269907
-0.00775834747273
-0.00952820839862
-0.0129001725543
-0.0094490416328
