0.0870357646687491
0.13970873513374474
0.1792134629824915
0.2108172452614889
0.23715373049398672
0.2597278606932706
0.2794802246176439
0.2970378814393091
0.3128397725788078
0.3167685666977412
0.3187837982712558
0.29356577134419237
0.30473278826475203
0.31515533739060775
0.3166769808906218
0.27585506980818075
0.28454052741306046
0.2927688556703151
0.3005857675147069
0.3080304454617466
0.3152131232524279
0.3113274713229497
0.3178415645266095
0.3142667647514896
0.31592894687873063
0.31262066446588754
0.31416411929832566
0.31565435155033483
0.31268691421066563
0.3140810024464161
0.31543152542479946
0.31273736602080915
0.3140084464710523
0.31524321033700275
0.31277164323609596
0.31393966310929244
0.31507694561740474
0.312793724947937
0.3138741433306437
0.31492821004547944
0.3128113705137727
0.31383036056576896
0.314826191752947
0.3128504748566874
0.31380300903572733
0.3147352765301069
0.3128830419398635
0.3137772576997785
0.31465358914449526
0.3129089535438552
0.31375157993300595
0.31457830771104056
0.3153897257154079
0.31376992294399275
0.31455236173391843
0.3153210735275296
0.3137866415919961
0.3145292953587052
0.31495657946754607
0.31349724151755665
0.3142039604245862
0.31489946157118687
0.3135074435645019
0.31417231641539833
0.3148271154352206
0.31349810170835624
0.3141368321254526
0.3147631616226739
0.31349206997077894
0.3141038117787023
0.31470404421353937
0.31348360216168125
0.31407054362604014
0.3146496592042076
0.31347739249650175
0.3140414661115999
0.31459830801368405
0.3151481012840962
0.3140367605299501
0.3145729786578829
0.31510265754035316
0.3140300898272197
0.3145471573077264
0.31505814164140356
0.31402164324181614
0.3145526948357298
0.3150777117524398
0.3140787537711849
0.3145921036453013
0.3150998123120099
0.31413216970124824
0.3146289599020061
0.3151204651006282
0.3141826517344636
0.3146639172414478
0.3137461531157769
0.3141871402107592
0.31462367289064064
0.31505584024372335
