0.061595064297195634
0.08924275259231085
0.05404153145967827
0.051203791524824904
0.09911597561323537
0.09275591865188348
0.07659907528258769
0.062276608223398755
0.049294156639749565
0.04136670602718606
0.03685134427102399
0.033431437199522906
0.030259411798586267
0.02498791256313282
0.022209238067538162
0.019613860983252462
0.017150884785836262
0.014811636310273602
0.01259805950721482
0.010488106038084033
0.008458153198432461
0.006541464748626824
0.011576241891294248
0.009826448186150749
0.008123696799182456
0.00648957048685439
0.0049084441989553085
0.0033818395071906204
0.0019123783623395951
0.00321781905109908
0.007009696686012479
0.005682951829766747
0.004372430917241599
0.0030964605608891915
0.0018698225432413063
0.0006875294992254588
0.00046861131371933595
0.0031503359894760052
0.006570629807407191
0.005498166425783713
0.004436380577243382
0.0034062374867507295
0.0024034781587312093
0.0014322095590005857
0.0004787747432803968
0.00045997867018465755
0.0013903737216915957
0.00229387445763396
0.0031870537070806115
0.004058794725306347
0.004917620926697341
0.005752932927851617
0.006576243889509281
0.007381180908803353
0.008166377313206241
0.008940437145361635
0.00855522459320679
0.008181603544405447
0.00890666649139149
0.009623176114143539
0.0076687118655131
0.0057497042072147675
0.0038643434474489036
0.003523553406151736
0.004188068580744608
0.004839849376581662
0.005471837792752732
0.006100169348837614
0.006724556305807261
0.007335188381439095
0.007026378412483214
0.005366422475290289
0.004819548673242413
0.00452132086827528
0.004227342867946571
0.003937884297974037
0.0023811495328348586
0.0008451990984394975
0.0006715519555259286
0.0021695776878374318
0.0036391754324306413
0.005101104159144221
0.006543684914085746
0.006806827094939072
0.007063774587215632
0.007319007310704673
0.007572565416033461
0.008936894760762204
0.010277162698625997
0.010522361745537334
0.010058023971783125
0.009600438213477669
0.009836664244792015
0.010069836378311159
0.009624846011796806
0.009184443174834134
0.009411577533325777
0.00963696251584023
0.009860093648529578
