0.01995571699973475
0.02336827947590414
0.03212724300637071
0.03421328117039524
0.0342652916389905
0.01074961417178355
0.030587624390444712
0.12414381066186275
0.20834437830613894
0.2848903488918446
0.3550574885954081
0.41982715601408205
0.4799704186171365
0.5361041303799874
0.5887294851576601
0.6382592308307637
0.6850373239664729
0.7293534122003025
0.7714536960224405
0.8115492044244768
0.8498221897173297
0.8864311321713629
0.9215147020231447
0.9551949290808552
0.9875797627901923
1.0187651582139983
1.0488367895155255
1.0778714680135517
1.1059383238949771
1.1330997973286145
1.1594124747174508
1.1849277982460196
1.2096926710825713
1.233749976123793
1.2571390226916472
1.279895932865776
1.3020539769826907
1.3236438661222487
1.3446940080333176
1.3652307318489947
1.3852784860500127
1.404860013409147
1.4239965060555733
1.4427077433098567
1.4610122145368734
1.4789272289292725
1.4964690138551635
1.5136528031703218
1.5304929166991772
1.5470028319235452
1.5631952487782135
1.5790821483337374
1.5946748460456406
1.6099840401627818
1.6250198558135454
1.639791885224822
1.654309224473835
1.6685805071254074
1.68261393506612
1.6964173068110835
1.7099980435279023
1.7233632129952476
1.7365195516896659
1.7494734851734006
1.762231146937685
1.7747983958398157
1.7871808322580915
1.7993838130761026
1.8114124655967134
1.8232717004761891
1.8349662237601163
1.8465005480949488
1.857879003182013
1.8691057455345832
1.8801847675930405
1.8911199062481412
1.9019148508179202
1.9125731505197274
1.923098221475262
1.9334933532831973
1.943761715191036
1.9539063618951658
1.9639302389956748
1.9738361881302957
1.9836269518098626
1.9933051779758713
2.0028734242990844
2.0123341622366437
2.0216897808637855
2.0309425904950245
2.0400948261085325
2.0491486505864116
2.0581061577826114
2.066969375429377
2.0757402678923227
2.084420738783485
2.0930126334410644
2.1015177412839208
2.1099377980483482
