-0.0399114339995
-0.0102376874285
-0.0350358541219
-0.0104301908201
-0.000312062811571
0.16460974227
0.330697908498
0.842005676443
0.842005676443
0.842005676443
0.842005676443
0.842005676443
0.842005676443
0.842005676443
0.842005676443
0.842005676443
0.842005676443
0.842005676443
0.842005676443
0.842005676443
0.842005676443
0.842005676443
0.842005676443
0.842005676443
0.842005676443
0.842005676443
0.842005676443
0.842005676443
0.842005676443
0.842005676443
0.842005676443
0.842005676443
0.842005676443
0.842005676443
0.842005676443
0.842005676443
0.842005676443
0.842005676443
0.842005676443
0.842005676443
0.842005676443
0.842005676443
0.842005676443
0.842005676443
0.842005676443
0.842005676443
0.842005676443
0.842005676443
0.842005676443
0.842005676443
0.842005676443
0.842005676443
0.842005676443
0.842005676443
0.842005676443
0.842005676443
0.842005676443
0.842005676443
0.842005676443
0.842005676443
0.842005676443
0.842005676443
0.842005676443
0.842005676443
0.842005676443
0.842005676443
0.842005676443
0.842005676443
0.842005676443
0.842005676443
0.842005676443
0.842005676443
0.842005676443
0.842005676443
0.842005676443
0.842005676443
0.842005676443
0.842005676443
0.842005676443
0.842005676443
0.842005676443
0.842005676443
0.842005676443
0.842005676443
0.842005676443
0.842005676443
0.842005676443
0.842005676443
0.842005676443
0.842005676443
0.842005676443
0.842005676443
0.842005676443
0.842005676443
0.842005676443
0.842005676443
0.842005676443
0.842005676443
0.842005676443
