0.33523977788
0.204676594376
0.185281044954
0.0718663893172
-0.166719909192
0.0724849715978
0.0720293861782
0.0720293861782
0.071844623396
0.0720293861782
0.0722609882111
0.0721918329101
0.0720293861782
0.0717982541647
0.0721918329101
0.0720759787571
0.0720744331133
-0.164318384703
0.0719352597085
0.0717291218296
0.0720744331133
0.0719364136641
0.0720744331133
0.0714524343057
0.0719352597085
-0.164571088887
0.072460373791
0.0723477517971
0.0726220529674
0.0728416762232
-0.164423165539
-0.164666517717
-0.164423165539
-0.164549230459
0.072733940387
0.0714524343057
0.0724163790144
0.0730495896991
0.0728705172715
0.072733940387
0.072733940387
0.0729815346935
0.0729387542013
0.0729348450638
0.0729096129218
-0.141629743478
-0.141636798921
0.0726376618579
0.0728705172715
0.0728705172715
0.0728705172715
0.0728705172715
0.0721862553713
0.0723918959847
0.0728705172715
0.072733940387
0.0729387542013
0.0729387542013
0.0729387542013
0.0729096129218
0.0729348450638
-0.141636798921
-0.164571088887
-0.152888380151
-0.141629743478
0.0729096129218
0.344248786889
0.0724163790144
0.0729096129218
0.0728416762232
0.0726376618579
0.0726376618579
0.072866795417
0.072866795417
0.0725695888943
0.0726376618579
-0.141629743478
-0.16483307427
-0.141629743478
0.0727272653677
0.0730495896991
0.344248786889
0.344248786889
-0.164706436991
-0.164666517717
-0.164314131949
-0.16483307427
0.0726376618579
0.186805295073
0.0717285439743
0.0728705172715
-0.164318384703
-0.164423165539
0.186805295073
0.0731644495399
0.0721862553713
-0.164314131949
-0.164544871768
-0.164571088887
