0.1676198889401197
0.23584542039874612
0.28216568163718725
0.29653895950062115
0.2687523079686879
0.27910730391123106
0.28811097718350953
0.29611424231442374
0.3032987046540213
0.3098468306702238
0.315868579687812
0.3214217976039734
0.326566753759561
0.3313533040372105
0.3358652935940917
0.34010505705039173
0.34410919222335135
0.33546085618637733
0.33905761917180055
0.3424732916398776
0.3457494022359354
0.3488770723952439
0.3518801737749636
0.35473827114719003
0.3575050119052079
0.35140978639086906
0.35399765688340523
0.3564924069453742
0.3589131420442886
0.36126287353536113
0.3561246496122705
0.351134755135998
0.3462987796789716
0.34159737309443006
0.3436177603274019
0.3455489072005279
0.3474546013851183
0.3493276677876589
0.3511494307194475
0.3529234292654715
0.35465518975087584
0.3563524347437482
0.3580101337028685
0.359630908037619
0.36121589962287526
0.35820250082546756
0.35525173418127187
0.3567341354436786
0.3581915457891094
0.35962037946110037
0.3610217355624762
0.3623966509826939
0.36373343348957066
0.36504964978020227
0.36635090901719414
0.36762694305907107
0.3688845077866796
0.3701207578578879
0.3713364037612428
0.3725316433173377
0.37370801178610824
0.3714598086286258
0.3688883853647641
0.3665362564393667
0.3643903512351522
0.3654785544130893
0.37054103657322535
0.3715905493125651
0.3726321152114478
0.37365805431318366
0.37466691072787706
0.37566194719168433
0.37664663361623785
0.37761819088846404
0.37857305390023066
0.3795164001581258
0.3777006342160981
0.3756141396050824
0.37384376781160544
0.37474163528528104
0.3756324839401479
0.37978005968580153
0.3838782595297211
0.38194053674158757
0.38002580979139
0.3781371416080662
0.3762640384913589
0.37708019199538056
0.3791558063850827
0.37994403214304173
0.3807361029829498
0.37896923863130993
0.37722005601919395
0.3791864275462802
0.3799485572289869
0.38069274542869147
0.37901607061288356
0.37735400120108387
0.3757082903122124
