0.03144440843829788
0.05717149213077355
0.07044058778401308
0.06907714960817835
0.03301733963486331
0.037632356032153536
0.03452814698497286
0.029778271466321726
0.025547996666685835
0.022209952150914036
0.01866693937552988
0.015396466044406143
0.013641952424506498
0.013585668180931654
0.01365416226702132
0.011153212072632535
0.01120514222643576
0.011342196658428283
0.011509870706837733
0.011672181862044662
0.011824612815144131
0.011939020128625466
0.012047521553952834
0.01215277628235567
0.012252931444196369
0.012349377155598473
0.012438478035178835
0.012520747583964376
0.012604817853174799
0.012686176178217212
0.012766698455009329
0.012845608582520152
0.012922197823927783
0.012994258054679575
0.013064316612354965
0.013133219427213239
0.0132017466432095
0.013267816203654359
0.013328823592985484
0.013391004182004007
0.013451054374297167
0.013510977929119261
0.01357016052475235
0.01362802795159368
0.013684637390894983
0.013758331829122006
0.013829916830013667
0.01390004091251984
0.013970968731912503
0.014038883214200104
0.014104961676561611
0.01417031334819685
0.014219042389124081
0.014280014770363891
0.01432700348840088
0.014372688299065017
0.014418056716479999
0.014461266956306451
0.01450466752643742
0.014546013560475357
0.014588014112214998
0.014628047573743808
0.014681736324412609
0.014730187999692723
0.014767988372847984
0.014805631776972028
0.014842320374446327
0.014880060000647122
0.014917260489330841
0.01496604413153746
0.015061980648175322
0.015156213887494663
0.015204138089786934
0.015249952490357654
0.015283138122940687
0.015313769245829278
0.015344356642172596
0.015357888464382241
0.01536957274898798
0.01538177539209351
0.015394812147636938
0.015406397355393842
0.01541912371199583
0.015430436326628993
0.015442866721449455
0.015455154238168567
0.015467784721900912
0.015459186493458454
0.015471238016843247
0.015483157105905088
0.015475986335212522
0.015487072176678662
0.015479211775938917
0.015490064231268974
0.015482642347068754
0.015474210024232882
0.015466670456176335
0.015477626386526167
0.015470237609830795
