0.20306411334
0.187011495397
0.187011495397
0.187011495397
0.187011495397
0.187011495397
0.0537978835158
-0.303670104403
0.187011495397
-0.465400867489
0.187011495397
0.187011495397
0.0546296305326
-0.0601462783623
0.0722093193105
-0.664968408216
0.18533082089
0.18533082089
0.18533082089
0.18533082089
-0.0605389881149
-0.0606541503786
0.0546296305326
0.0722093193105
-0.0601012314273
-0.0602392508764
0.0722093193105
-0.0600996857834
0.0722093193105
-0.0600996857834
0.0722093193105
-0.0599838316304
0.0722093193105
-0.0599838316304
-0.0600996857834
0.0722093193105
-0.0599838316304
0.0722093193105
-0.0599838316304
0.0722093193105
-0.0599838316304
0.072809156238
-0.0600996857834
0.072809156238
-0.0599838316304
-0.0601462783623
0.072809156238
-0.0599350429996
0.072809156238
-0.0600044682587
0.072809156238
-0.0600965684256
0.072809156238
-0.0600965684256
0.072809156238
-0.0599350429996
-0.0599350429996
0.072809156238
-0.0599350429996
0.072809156238
-0.0600965684256
0.072809156238
-0.0600965684256
0.0722093193105
-0.0600739289661
-0.0604471205663
0.0724262523648
-0.060053022107
0.0722093193105
-0.0600981314739
0.0722093193105
-0.060053022107
0.0724262523648
-0.0599146763295
0.0724262523648
-0.0599838316304
-0.0601462783623
0.0724262523648
-0.0599838316304
0.072809156238
-0.0599146763295
0.072809156238
-0.0601462783623
0.0724262523648
-0.0601462783623
0.0751940726727
-0.0600996857834
-0.0600996857834
0.0751940726727
-0.0600996857834
0.0751940726727
-0.0600996857834
0.0751940726727
-0.0599146763295
0.0751940726727
-0.0600305361879
-0.0600996857834
0.0722093193105
-0.060053022107
