0.005171706771736007
0.009702084977091005
0.0125706985741003
0.013580577922602692
0.014724033582664844
0.015707077869632442
0.016564669614679062
0.017326973388053835
0.01801304678409113
0.01863674987139776
0.01920847770142884
0.019736226467611376
0.020106230714270097
0.02045156801115157
0.02077532172697795
0.021080031106579245
0.021367812187313803
0.02164044689537812
0.021899449868039225
0.022146119365811706
0.022457970909465018
0.022756263690350796
0.02297209950090172
0.023179301879030605
0.02344317626212187
0.023697277519913462
0.023942303732783922
0.024178880765900232
0.024407571897912664
0.024628885896634374
0.02484328383289603
0.02505118486199824
0.025252971154950385
0.025448992125246754
0.025639568068590447
0.02582499331076269
0.02600553894129882
0.026181455196692995
0.02635297354570232
0.026520308520345558
0.026683659328925864
0.026843211281492675
0.026999137053319335
0.02715159780799429
0.027300744198437178
0.027446717261423836
0.027589649218931603
0.02772966419771472
0.02786687887692218
0.02800140307222361
0.028133340263769242
0.028262788074342314
0.028389838703238107
0.02851457932069943
0.028645816220127164
0.02877475071781055
0.02890146220691319
0.029026026043658157
0.029148513816457375
0.029268993592981192
0.029387530147303012
0.029504185169016553
0.02961901745601582
0.029724567209252324
0.029828517723803426
0.02993091673813735
0.030031809884613424
0.030131240811575352
0.03022925129672354
0.030325881352503442
0.03042116932417529
0.0305151519811667
0.030607864602252823
0.03069934105505779
0.030789613870325853
0.030885557687736993
0.03098027145620697
0.031073786316215303
0.031166132240473522
0.03125733809159275
0.03134743167623492
0.03143643979600188
0.03152438829529542
0.03161130210636199
0.03169720529171848
0.03178212108413984
0.03186607192437458
0.03194907949674152
0.03203116476274883
0.03211234799286595
0.03219264879656875
0.03227208615076938
0.03236555544997428
0.0324433204388233
0.032520275375705156
0.03259643696272225
0.032671821390688145
0.032746444359785694
0.03282032109919227
