0.153183758476
0.176213477271
0.153662338516
0.151513144815
0.662099063082
-0.314473330333
-0.320331989012
-0.304631995085
-0.276775167349
-0.27463517617
-0.223241010448
-0.186249993522
-0.180193991152
-0.19014430079
0.00494923389679
0.151392688482
0.151234865551
0.150665574023
0.151392688482
0.150665574023
-0.17860890152
-0.180418751645
-0.180043794061
-0.0147051850476
-0.179314837085
-0.113592874343
-0.17860890152
0.146309589398
0.151382137731
0.151392688482
0.150791295137
0.151173455422
0.151130367001
0.151513144815
0.151392688482
0.151256283387
0.150993436231
-0.0152968710906
-0.0151253082915
-0.0149616089028
-0.0152968710906
-0.095491298364
-0.0151483321206
0.151168087891
0.176213477271
-0.179679139595
-0.180480358445
0.00502589235005
-0.0153749267561
0.00517898510905
-0.0152968710906
-0.113646846447
-0.17847716741
-0.113617631691
-0.179314837085
-0.179463736535
0.000847850666628
0.14635583633
0.151293562099
0.150944368304
0.00458812482216
0.000851793001681
0.00134141373742
0.000851793001681
0.00474790876827
0.00134141373742
-0.0153124735154
-0.0152968710906
-0.0151483321206
-0.0152968710906
-0.0151483321206
0.000847850666628
-0.0149842702516
-0.0152968710906
-0.0152968710906
-0.0151483321206
0.000851793001681
0.000769611359294
0.000851793001681
0.0046646607494
0.0046646607494
0.00458812482216
0.00125905337066
-0.0152342702516
-0.0151483321206
-0.0152968710906
-0.0152968710906
-0.0153124735154
0.00142381411406
0.00458812482216
0.00500487958212
0.00458812482216
0.00134141373742
0.0046646607494
0.00484492481496
0.00509540900137
0.00502589235005
0.00501887785144
0.00501887785144
