0.07659187923775923
0.13532970499479824
0.17374528962379887
0.20404791858677795
0.31439776243373785
0.26947300095756876
0.22943150233104193
0.19558350287712756
0.16790598614220764
0.1429391519449581
0.12433573440765366
0.11000881182903721
0.0971378124610155
0.08446152574171473
0.0847708528602642
0.09367630512389413
0.1020782420989439
0.1100080091528115
0.11757764357689704
0.12475219472087251
0.11663360828814473
0.10878931473835851
0.10128748998581272
0.10069928258390803
0.09380255808062243
0.08959541458643616
0.08321652524643575
0.08826168350152364
0.09330775475921327
0.09819138987152654
0.10290361784455226
0.1074846316452055
0.11192964243934989
0.1162585894340612
0.12046394189188647
0.12455194955100346
0.1285254610307619
0.12813323356690154
0.12775510085961284
0.12739018356930132
0.1270259723528595
0.12480524448392871
0.12446096420846131
0.1278202550504921
0.1316509828172555
0.12782802240033841
0.12406801493273356
0.12417058416436721
0.12386308562924464
0.1239646343568731
0.12367046375897783
0.12152618363734324
0.11822105090752033
0.11615527578587337
0.1129532251236336
0.10980473851776107
0.10981935663270292
0.1122999640281348
0.11482152339645879
0.11729602123750182
0.1173700232507624
0.11738354377459859
0.11740450336424568
0.11741760787196387
0.11748954588360438
0.11750956698416282
0.11728438355011239
0.11706268976619127
0.11684628502161176
0.1166308361330124
0.11642044263133788
0.11643205702403137
0.11622956688549657
0.11602560860428923
0.11582433398467662
0.11562760239869518
0.11563852282179365
0.11564826473773404
0.11565891215025503
0.11571650055456861
0.11577338666126857
0.11582866527358371
0.11584365400418684
0.11566442729534476
0.115488283898594
0.11531245779410482
0.11513862971353028
0.11496657944931199
0.11498239960613488
0.11503281856022451
0.11508721942524758
0.11513655410075463
0.11515082445966329
0.11519992615176222
0.11525039411858473
0.11530292410828957
0.1153542087241064
0.11540490445997953
0.1154550932384939
