0.24933221873304967
0.2364304495531495
0.17655094746504918
0.11174250544920161
0.06453129734967755
0.03036707390506377
0.0048826411739207876
0.01848167837638537
0.055068823336147266
0.08832577722239665
0.11878226646008527
0.1287136916754985
0.1549168392631679
0.17933799116619786
0.18737909735389924
0.17537533440610753
0.16368529812682953
0.1525969762804238
0.15145963401087748
0.14175667492345656
0.1324844648896525
0.12363079549662115
0.11511301332529866
0.11435000330515388
0.11359977258378495
0.1183080282354313
0.12284230350314274
0.12720853231803353
0.13144177993091344
0.13552226104441334
0.1394830827616187
0.14332007172015904
0.14704051038246768
0.15066401828891995
0.15012776639998482
0.15343625588328003
0.1502872569919902
0.14927326760067938
0.14830563491218685
0.14331232698879048
0.14237448324736757
0.14146390348558702
0.1442433528141126
0.14705714471704223
0.1498206860777912
0.1576041175409031
0.1652467022539733
0.16773933347627046
0.16366962354446213
0.15966173814678108
0.15561257574470266
0.15174982810584892
0.1479593034716561
0.14423769746717585
0.14061538149564123
0.1381980430536136
0.13780443536796583
0.13747535139508638
0.13709349129284765
0.13671121479279336
0.13634300115138087
0.1359728604132331
0.13535850116908377
0.13475359360561368
0.13440027744647265
0.13410800080941543
0.13382124691541808
0.13353744206494222
0.1332637451234845
0.13299625675171067
0.13273248349621147
0.1324691762960991
0.13221149814131605
0.13195521246654007
0.1335674823237587
0.1333178534197561
0.13306893092744987
0.13282852998572914
0.13259113405577994
0.132354778905719
0.1321212205928708
0.13188955327419838
0.1316616393794967
0.13315034195345166
0.13462718100203297
0.13440624507550192
0.13418458599873384
0.13392257626274162
0.13348474370989094
0.13326955102106863
0.1330613033482203
0.13285537021216065
0.13415472053016664
0.13543906405356354
0.13523775431720908
0.13500240126805885
0.13480690345273183
0.13461352196631826
0.1358353737345731
