0.498664437466
-0.0387053075397
-0.239518008352
-0.324042210079
-0.283267248597
-0.239149564112
-0.203875461849
0.122391334822
0.365871449598
0.365826492749
0.365477870852
0.1291085278
0.366844066227
0.366317278545
0.128657699003
-0.204063970112
-0.210420653027
-0.210678115082
-0.0227468453909
-0.203762140836
-0.203988620744
-0.20363439604
-0.204426772112
-0.0190752505036
-0.0195059987556
0.127122902594
0.126959707496
0.126620635632
0.126997428386
0.126494914518
0.126746294951
0.126620635632
0.126494914518
0.126822776726
-0.0193050680017
0.122414110882
-0.119661957869
-0.0395455862611
-0.0387053075397
-0.204725624859
-0.0393894371398
-0.0391549297566
0.122295770455
0.126620635632
0.127122902594
0.365821278766
0.366844066227
0.122138929893
-0.20348549659
-0.204402155282
-0.210556444908
-0.204725624859
-0.204688330246
-0.204688330246
-0.202849694406
-0.137788291196
-0.0228292457676
-0.0194159543999
-0.0229116061343
-0.0233188665033
-0.0228292457676
-0.0233188665033
-0.0393189916256
-0.0393189916256
-0.0233188665033
-0.0195825346828
-0.0194992647918
-0.0195825346828
-0.019158785902
-0.0189916743959
-0.0189916743959
-0.0192214256082
-0.0190681834539
-0.0192214256082
0.122532509149
-0.0192214256082
-0.0194159543999
-0.0189916743959
-0.0189916743959
-0.0191447671549
-0.0191517816536
-0.0192283874498
-0.0191447671549
0.126539718786
0.127008158178
-0.0192214256082
-0.0195059987556
-0.0233188665033
-0.0394049297566
-0.0195825346828
-0.019158785902
-0.0191517816536
0.122138929893
0.122012634723
-0.01932573469
-0.0228292457676
-0.019158785902
-0.0191447671549
0.122185176825
