0.17121185580889964
0.0013885003020427389
0.09733270556999285
0.17637280222619445
0.2225418598506228
0.2600481305354657
0.26325017914369697
0.22905172961233666
0.1906579392692701
0.15912453687954276
0.16069945857541357
0.18084357131572049
0.19954388708320747
0.21709484983496463
0.23350926598371102
0.23499574524320133
0.22159657850429837
0.20538550492207863
0.19826760758650663
0.19938079800050468
0.2004327529405726
0.20146432652708446
0.1955116498312418
0.1898176279948358
0.19079404565128744
0.19172946797892887
0.19263164615387685
0.19351139329293732
0.19429226218030904
0.1950479417487333
0.19583763385533748
0.19654751466203912
0.19723651662148478
0.19790583281066054
0.1985565568834703
0.19924268820962543
0.19986551705018407
0.20046618542508543
0.20110659514673168
0.20173435209343105
0.2023385856471538
0.20292876725776676
0.19595822319613454
0.19059311552970237
0.19114480703527537
0.19169501429152946
0.19223375889661165
0.19276150871383502
0.19327870353471388
0.19378806172072316
0.19428536443310673
0.19477098773149681
0.1952408632431729
0.19571104035306286
0.19617057028384655
0.19662211475427938
0.19706377663127683
0.19749795271374881
0.19792489252817969
0.19834092218811994
0.19875408975047237
0.1991606990975494
0.19955540204908917
0.19994582988380238
0.20033580010826713
0.20072176639250505
0.20110205670197479
0.20147683555768414
0.2018427839700534
0.20220357817943158
0.2025642556048992
0.20292172093238325
0.20327276508760583
0.20361593888513474
0.2039577450362725
0.20429352999228412
0.204621945234154
0.20494312596365405
0.2052588883248858
0.20557219461200127
0.20588025545222743
0.20618460471606526
0.2064634864615552
0.20674069819556984
0.20701468653732846
0.20728854077723702
0.20755928303714655
0.2078246403975259
0.20803569178327597
0.20668823974247508
0.20535793121529444
0.2040419270808792
0.2042399688321348
0.20448443120610482
0.20472913389305347
0.20497013387958918
0.20520867468258874
0.20544711999381993
0.20568438191871763
