-0.342423711618
0.509470066521
0.394884823488
0.395200483281
0.277014345747
0.262543894794
0.0256163888659
-0.307786045782
-0.383937903431
-0.346867426287
0.0188990603504
0.261873465624
0.261804420745
0.263264441276
0.26263065838
0.0252701474113
-0.2411850013
-0.308010398062
-0.142357946711
0.023376998694
0.0231430086815
0.0237261924898
-0.1428642407
-0.14235054591
0.0253868590677
0.0252564028463
0.0252609888985
0.0255126670328
0.0234260666212
0.0234260666212
0.0252701474113
0.0234260666212
0.0234260666212
0.0234260666212
0.0234260666212
0.0253868590677
0.0236674959412
0.0234260666212
0.0256163888659
0.0257380348147
0.0253778092564
0.0253778092564
-0.306703938712
-0.241429844989
0.0253778092564
0.0258597410439
0.0258597410439
0.0258597410439
0.0258597410439
0.0259772674865
0.0258597410439
0.0257380348147
0.0253732776305
0.0258597410439
0.0257336761239
0.0257380348147
0.0256163888659
0.0256163888659
0.0256163888659
0.0253778092564
0.0256163888659
0.0256163888659
0.0252609888985
0.0253778092564
0.0257380348147
0.0258597410439
0.0258597410439
0.0258597410439
0.0256163888659
0.0256163888659
0.0259687746337
0.0260949689063
0.0259772674865
0.0257380348147
0.0259772674865
0.0258554416129
0.0256163888659
0.0253732776305
0.0252609888985
0.0253778092564
0.0252609888985
0.0252609888985
0.0234260666212
0.0235629973912
0.0235629973912
0.023825318872
0.023825318872
0.0236168050738
0.0189946247175
-0.122618135713
-0.122388384501
-0.122388384501
0.018615924618
0.0232239255272
0.0234914579471
0.023376998694
0.023376998694
0.0236060858119
0.0237261924898
