0.05186882453529684
0.135977011007677
0.15704045279245016
0.1387692756693084
0.10253735022680044
0.07381353682460878
0.05170926770584483
0.03873664868375426
0.027100355592780234
0.04938549763865718
0.07035279739182732
0.08954501227374789
0.09694690307384202
0.09157847494640059
0.08432064012033702
0.07916617120946168
0.07429806168252384
0.06817974464390952
0.0638030907396202
0.059912998202895085
0.0562110399936705
0.052657594099426164
0.04925376312979168
0.045995055232473825
0.04284772803962389
0.03981696852058325
0.036913648700061086
0.040478356975783836
0.04865746316114106
0.05656534224192433
0.05406790211818269
0.051408666100954736
0.048830163853717745
0.046324927415229644
0.044059857498608745
0.04185499533226067
0.0397107698745367
0.03763115717110932
0.03559508015603585
0.03360259373478636
0.03165577111144213
0.03361317901319716
0.033273035885964974
0.032942297338100945
0.032619923065997036
0.03783811126033576
0.04294431968890555
0.044977712869322506
0.043360140238729694
0.04176321708965247
0.04020205991644199
0.038675335630208973
0.037176185170989084
0.03570429199284597
0.03424995126779351
0.03281784010163069
0.03141364905675237
0.030033257860092366
0.02868150960286464
0.02735377444835485
0.028711331541507512
0.030038951907431888
0.03134326349584393
0.03011525601359455
0.028888678365141973
0.027689452187106944
0.027470152519318947
0.028687619749367066
0.029890027460445112
0.031073199838942633
0.03224220733582406
0.03339636852951022
0.033192665013213274
0.03212963807902436
0.03193342258679299
0.03173905508551744
0.03154856237689141
0.03261398693101125
0.033664052416927825
0.034703170191933586
0.034522326088070376
0.03434071090486579
0.034162540695363286
0.03322265105151445
0.03304862433525613
0.032878173570695446
0.03291356585383687
0.03385744494230114
0.034792650939806324
0.03462969251654502
0.0344681878287969
0.03430873388775624
0.03415066546996015
0.03399312549524214
0.033838350169483444
0.033685471648691845
0.03353440573880173
0.03338432057442975
0.0332357362617014
