0.103737649071
0.252324559417
0.0842537671391
-0.0913558856157
-0.217391552655
-0.201066693815
-0.17683415295
-0.116753571199
-0.11636293091
0.245136562505
0.251607597038
0.249498793465
0.103626471201
-0.0805264219116
-0.116125357217
-0.0876259714849
-0.0876259714849
-0.116248023734
-0.0875330780858
-0.0816919432712
-0.0814430806029
-0.0817292555676
-0.0816919432712
-0.0814676974329
-0.0818305070141
-0.0818305070141
-0.0812929549746
0.103376539996
0.245373185561
0.245144251504
-0.0799180839597
-0.0877547885685
-0.0876690764061
-0.0876832753471
-0.0815425169984
-0.0815799001549
-0.0814805673935
-0.0811048954337
-0.0814430806029
-0.0816919432712
-0.0817665501805
0.0841685397755
-0.0149662975982
-0.0148832346539
-0.0148292165168
0.245254845134
0.245098004571
0.0996362658404
-0.0808786315296
-0.0814430806029
-0.0811801730069
-0.0809163871704
-0.0809541247979
-0.0809541247979
-0.0814430806029
-0.0816303364713
-0.0814430806029
-0.0814430806029
-0.0811048954337
-0.0809918444251
0.0841685397755
0.0836400830532
0.0834759416584
-0.0798204863462
-0.0809541247979
-0.0803481539283
-0.0149123774096
0.0840052388733
0.0841685397755
0.0840052388733
0.0841685397755
0.0842537671391
-0.015074060206
-0.0797270200642
-0.0149123774096
-0.0149662975982
-0.0148584312728
0.0841685397755
0.0840052388733
0.0841685397755
-0.0148292165168
-0.015074060206
-0.0149662975982
-0.0798906197271
-0.0149662975982
-0.0148292165168
0.00311452091644
0.0840052388733
0.0841685397755
-0.0148292165168
-0.0148584312728
-0.0148292165168
-0.0148584312728
-0.0149662975982
-0.0148584312728
-0.0148292165168
-0.0148044591692
-0.0148584312728
-0.0148584312728
