0.04606799929583305
0.06844715808822788
0.07041711077370738
0.032112393452250365
0.027635885894601087
0.03142105344048429
0.02962923545287477
0.023209720752798257
0.017385903212426168
0.012642852572085639
0.007841472766700552
0.002650005882899098
0.002074583241387873
0.0015492625252599979
0.0010506730002578513
0.0005748697885431531
0.0001323177765066852
0.00029944580435226076
0.0007024411864153812
0.0002716057660077098
0.0001149461879860203
0.00046129124088412077
0.0007932052499114439
0.0011118426985776697
0.0014284653079672527
0.0017234999826583053
0.0011211089922500417
0.001397052900563578
0.0007111721813776173
0.0009748758851624295
0.0012258492359455975
0.000597772334606228
0.00018042944553464668
4.903190375282751e-05
0.0002769071269839163
0.0004947424686396751
0.0007060884482466001
0.0009127527467405194
0.0011135314273670316
0.0013223493896528105
0.0015122882563203266
0.0011216480347201463
0.0007390973420678959
0.0009163736176241999
0.0011024939753137009
0.0007450997300199047
0.0009222693756003597
0.001096994609349644
0.0007610440187735268
0.000917464261911416
0.0005944348478958972
0.0002766933341161737
3.1449760052093545e-05
0.0003387530564974428
0.0006393286007242427
0.0009352399644335652
0.0012227307300278767
0.0015047600026564245
0.0018490106361001013
0.0021876178165365356
0.0024571213339941167
0.002722222259943452
0.0029831809839248047
0.0032446831651086194
0.0034968002421553734
0.003803697922864724
0.004104713741827859
0.004402715837589111
0.004698809233934842
0.00499073230075453
0.005276317642525785
0.00560803460889614
0.005921972551474086
0.006196037675324728
0.006465082429915725
0.006731563464803414
0.00707077962537761
0.007406174218050787
0.007751945395310655
0.008003498861416714
0.008251984602326345
0.008580868839327627
0.008823438253072746
0.009067279873592682
0.009307454734134857
0.009543717771937188
0.009777703520381764
0.010074994088075995
0.010368981427240298
0.01159409387671495
0.01368585347705742
0.013983291048893842
0.02322877609514884
0.0323769402461801
0.04142981102063814
0.05038935323041105
0.05056111068425495
0.049978017679670805
0.04940185210302461
