0.122129026209
0.106076408267
0.106076408267
0.106076408267
0.106076408267
0.106076408267
-0.00566714556955
0.106076408267
0.106076408267
0.106076408267
0.106076408267
0.106076408267
0.10439573376
0.10439573376
0.10439573376
0.10439573376
0.10439573376
0.10439573376
0.10439573376
0.10439573376
0.106076408267
0.106076408267
0.10439573376
0.10439573376
0.10439573376
0.10439573376
0.10439573376
0.10439573376
0.10439573376
0.10439573376
0.10439573376
0.106076408267
0.106076408267
0.106076408267
0.106076408267
0.106076408267
0.106076408267
0.106076408267
0.106076408267
0.10439573376
0.10439573376
0.10439573376
0.106076408267
0.10439573376
0.10439573376
0.10439573376
0.10439573376
0.106076408267
0.106076408267
-0.00812593089231
-0.00812593089231
-0.00812593089231
0.106076408267
-0.00812593089231
-0.00812593089231
-0.00812593089231
-0.00812593089231
-0.00812593089231
-0.0263054565977
-0.0263054565977
-0.00812593089231
-0.00812593089231
0.106564940674
-0.00872576781988
-0.00872576781988
-0.00872576781988
-0.00850883476559
-0.00872576781988
-0.00872576781988
-0.00850883476559
-0.00872576781988
-0.00850883476559
-0.00850883476559
-0.00850883476559
-0.00850883476559
-0.00850883476559
-0.00850883476559
0.106603348247
-0.00850883476559
-0.00850883476559
-0.00850883476559
-0.00812593089231
-0.00812593089231
-0.00850883476559
-0.00850883476559
-0.00574101445767
-0.00574101445767
-0.00574101445767
-0.00574101445767
-0.00574101445767
-0.00574101445767
-0.00574101445767
-0.00574101445767
-0.00574101445767
-0.00574101445767
0.108001788432
-0.00872576781988
-0.00872576781988
-0.00872576781988
