0.06106451310467545
0.09642331586028871
0.12294241792699867
0.14415769958036662
0.16183710095817322
0.17699087356772175
0.17628248037152783
0.18806874795673223
0.1986763887834162
0.2083196986258562
0.21715939931475953
0.22531912302759338
0.23277596115328547
0.23973567673726476
0.2462604100972453
0.25240133561252115
0.2582010985991705
0.263695610902312
0.2689153975902965
0.2738866230074245
0.2787082779286445
0.28332029567937667
0.2876701179193637
0.29184594726975127
0.2958611677989701
0.29972767645673637
0.3034560955195824
0.30705594840784756
0.31053580619983717
0.31390341051466586
0.31716577719465616
0.3203802138088028
0.32350010816959224
0.32653086269150194
0.3294774295878031
0.3323443595409609
0.3351358439690357
0.3378557518733136
0.3405076620799846
0.34305389948875753
0.34553951219732154
0.3479673199591748
0.3503781474197848
0.35269805261444453
0.35496752508748125
0.3571887109121555
0.359363622032149
0.3615284466906559
0.3636499748559927
0.3634906428777121
0.3633343749759369
0.36318105552513863
0.36514543345600603
0.36499768925796405
0.3648525833491728
0.36471002315807965
0.3645699209013157
0.3644321932590731
0.36399376898244484
0.36356253198904
0.3634314685875511
0.36330248555751443
0.36496756275555226
0.36483332017370795
0.36470111157037644
0.36457087622978124
0.36444574630675786
0.3643192859035712
0.3641946320775729
0.36407478933439563
0.3639535981146751
0.36383703873432455
0.3637220544807355
0.3636086033505277
0.3634966449983489
0.3633861406507438
0.363277053025544
0.36462646249702657
0.3645201020624567
0.36441505471967167
0.3643112884420425
0.36421338566020744
0.36411664838767993
0.36401654444926124
0.3639176045101265
0.3638516158381993
0.363786377037544
0.3637218712571208
0.36365808220759116
0.3635949941366278
0.36353259180556624
0.36347086046731175
0.36340978584542166
0.3633493541142883
0.3632895518803543
0.3644029723796504
0.36431393393250877
0.3642257948636211
0.36413853718542233
