0.17660758998080078
0.251722636412329
0.302541029333994
0.3205654849625111
0.29615393440760457
0.30894907171082026
0.3202054943156282
0.3302843101454444
0.3392340017697782
0.34737008506462713
0.35482816141823864
0.34353487669910204
0.3210653964336509
0.30138471554286755
0.29179525377231746
0.2970923029014136
0.3020720449282636
0.30680913904718937
0.3112897429725377
0.31558448796784827
0.3196861420720492
0.32360141949980853
0.32735161901062476
0.3309480916404431
0.3343955905270238
0.33773076960830656
0.340949236185453
0.3359030730865629
0.33101640403551286
0.3339469175630259
0.33675877685561734
0.33949094829357823
0.3421499551901073
0.33796561053614776
0.3338974976781314
0.33055838540745813
0.3329500963285937
0.3352812285409695
0.33753526997728717
0.3397510241078458
0.34191555380177757
0.34402915880185087
0.3460947273246498
0.3481103421568518
0.345421897695186
0.3425726771849244
0.3397594112014934
0.3372384762825263
0.33905897611813524
0.3408335686512666
0.34257797908335025
0.3442920530334051
0.34597438487327364
0.34761742665629364
0.3492396752161669
0.3508334632749898
0.35240285968499746
0.353942557947681
0.3554596411440217
0.35343462784845786
0.35106799825313545
0.3491052309293768
0.35052530928880105
0.35192288155800605
0.3500512783605911
0.3480563212908951
0.34939086699057414
0.35069954504484663
0.3519940173868365
0.3532731311657747
0.35155749490147764
0.349738511462172
0.34806924374555864
0.349281432495994
0.3504806410699574
0.3516489470170659
0.35280405015187183
0.3539462829403835
0.3550855310856486
0.35621071443899693
0.3606280825971751
0.3649922294522427
0.36338612257046327
0.3616617758682655
0.359961678766964
0.3585402023849337
0.35957250008377833
0.36187340679338004
0.36288128837636163
0.36152237192757003
0.3599316873338619
0.35847967908434913
0.3594332426061693
0.3615888288920068
0.3625382023463944
0.361157652202247
0.3620846134012095
0.3606077191022687
0.3591420244054006
