0.353215179962
0.225345139295
0.203273571687
0.0901222781426
-0.146469303329
0.0895659611225
0.0900513808385
0.0907093424683
0.0894969162433
0.0894969162433
0.0894969162433
-0.146812701349
-0.314572723716
-0.295210213362
-0.153431388329
0.0900498351946
0.0896353564833
0.0900047882596
0.089612078507
0.0901896449015
0.0902363902924
0.0900513808385
0.0900047882596
0.0899118157455
0.0896349710511
0.0900498351946
0.0901170641601
-0.146338729868
-0.146600071532
0.0908459193529
0.0899794973629
0.0901616574527
0.090406234482
-0.146452062889
-0.146452062889
-0.123547154015
0.0908850150032
0.0909141562827
0.0901616574527
0.0908459193529
0.0909102471451
0.0908850150032
0.0908850150032
0.0907026674491
-0.123668445237
-0.133913363982
-0.135036767205
-0.123525811029
0.0910249917804
0.0905042191897
0.0907093424683
0.0908459193529
0.0908459193529
0.0903672980661
0.0908459193529
0.0908459193529
0.0910249917804
0.0908421974983
0.0910249917804
-0.123525811029
-0.14673103491
-0.123654341397
0.0908850150032
0.0908421974983
-0.123525811029
-0.13366212367
0.0907491075782
0.0902987857448
0.0906130639393
0.0908170783046
-0.123525811029
-0.132785791069
-0.123525811029
0.0909141562827
0.0911398516212
0.0899595579274
0.0900980445149
0.0902363902924
0.0911398516212
0.0911398516212
0.362224188971
0.362224188971
-0.134912978069
-0.146569469687
-0.146208350712
-0.123668445237
0.0908421974983
0.204780697155
0.0907093424683
-0.12366139684
-0.146342982621
-0.135036767205
0.0896349710511
0.204780697155
0.0911398516212
-0.133913363982
0.0908421974983
-0.146212535595
-0.146569469687
