0.06672275791227866
0.11121354692861518
0.09576009093204751
0.05366863400188093
0.02075804633289391
0.08459888117122061
0.11090604175257479
0.16062959927971976
0.16681168312820804
0.15242645566343183
0.13855814634950747
0.1239068078328126
0.11178797490120362
0.10314380520486843
0.09541813429134172
0.08813813316078711
0.0812708701265411
0.07475381875532683
0.0768544072470444
0.08674675555363764
0.09620532410974092
0.0987294110447624
0.09363184342112418
0.08868144265234701
0.08392431140964696
0.07935306214898974
0.07494461394749286
0.07638070408591568
0.07448384253763063
0.07051292755464234
0.06665553537833258
0.06291919968767334
0.061247084972620325
0.06244742125360181
0.06822765759344274
0.07389643197572338
0.07935591934831066
0.08468256843647626
0.08976706134951984
0.09127437417188455
0.08834166840888658
0.08546700016199293
0.08260413092139418
0.07986359798325948
0.0771747846721682
0.07441448288956254
0.07179018608568033
0.07304814263567616
0.07061046086035383
0.06818646467387834
0.06709419682372064
0.06479830585625634
0.062522672644029
0.06327718309937946
0.06437777242370701
0.06801743067209853
0.0690805433899978
0.06978363614625882
0.07048643264623922
0.07117782724847677
0.07185543643935344
0.07251413604323087
0.07316010481629187
0.0712680230706908
0.06940004694927271
0.06758088144530083
0.0657884683752108
0.06639970128443529
0.0669946529132105
0.06758154922086235
0.06815878083035198
0.06873525226889565
0.06929835548299401
0.0698506224080433
0.07039562266302624
0.07093253177310288
0.0714635576625734
0.07198894828633351
0.07250767422438698
0.07302721021221037
0.07354049998156664
0.07404966019964043
0.07455275898654667
0.07388425680353783
0.07322130725823062
0.07256817294149775
0.07304743510895795
0.07351947746664733
0.07398705985568832
0.07444958470280061
0.0749071618389926
0.07448910863337399
0.07493868627273692
0.07453135624927176
0.07497156768781466
0.07540467871703471
0.0758277307662899
0.07525401431974243
0.07468549531662438
