0.10163887145301373
0.16404724644085253
0.21085352768173163
0.24829855267443487
0.2795027401683543
0.30624918659171374
0.31300062572697507
0.2792823853007662
0.2980048977971179
0.2557080563584224
0.27131015010538206
0.28571208279488336
0.2645214776544862
0.27689110768491054
0.2884876358384334
0.2849621859092578
0.2889856830690799
0.2858082369673396
0.28280689820405225
0.2862556100553283
0.283508313654772
0.2866571375189806
0.28415606996439247
0.2870529879194643
0.28474696506975017
0.28742929650963145
0.28528884476691774
0.2877861878316349
0.28579229094424996
0.28386271331129675
0.2861259304636966
0.2843147122193296
0.28644479895100006
0.2847370788920254
0.2867488274719363
0.28513341660533864
0.2870392836810438
0.28550671439734865
0.28400839817744905
0.285774811564688
0.2843517115155424
0.28604991583657413
0.2846888691043671
0.28631159767779746
0.2850107413182168
0.28656441761192675
0.28531679144073696
0.28680705237551996
0.2856098138903991
0.28443652553488186
0.28584080987727345
0.28471094310634315
0.2860632169175351
0.28497443621100227
0.28627841452893743
0.28523067043361694
0.28648968398196806
0.2854747189165562
0.284474272662127
0.2853733424998153
0.2865511293676276
0.2856006065285911
0.2846674594436963
0.2857816586571854
0.2848753949999002
0.2859563345353747
0.2850773609756083
0.2861269689303445
0.2852731089008572
0.286296205829464
0.28546479021479676
0.2846437950258107
0.28562541505190653
0.284828479024385
0.28578426694453085
0.28500803055408785
0.2859393110916659
0.2851836016389677
0.2860916001631063
0.2853536964339197
0.2862395486525916
0.2855188630306452
0.28480591538944355
0.2856605022356916
0.28496495680985967
0.2858317120080093
0.2851511886419057
0.285998466195153
0.2853343528388851
0.2861630089074456
0.2855128251398201
0.28486887243163794
0.2856710820299253
0.2850426499587343
0.28582814685705726
0.2852107648342005
0.28594977451661674
0.28534673364022123
0.2860709631289893
