0.0468783892057
0.283795219553
0.419102221501
0.28370915504
0.0452476948195
-0.285932496699
-0.33267292511
-0.371198268369
-0.292515443517
-0.121499720247
0.0471357999651
0.0447933775613
0.28365925931
0.28365925931
0.0470355957381
0.0465629085128
0.0466797288706
-0.285944589591
0.0400826973354
0.0470399544289
0.0466797288706
0.0465629085128
0.0465629085128
0.046688778682
0.0444449282957
-0.220235584415
-0.284836243373
0.046688778682
0.0469183084801
0.0466797288706
0.0466797288706
0.0466751972448
0.0469183084801
0.0466751972448
0.0466751972448
0.0466751972448
0.0465537318688
0.0465537318688
0.046796722767
0.0471616606582
0.0470399544289
0.0469183084801
0.0466797288706
0.0469183084801
0.0469183084801
0.0474010734038
0.0472706942479
0.0465720670256
0.0448649170055
0.0451166877353
0.0444001240281
0.0449080054261
0.045028112104
0.0445258451414
0.0441484962352
0.0446515044601
0.045028112104
0.045028112104
0.045028112104
0.0444001240281
0.0451166877353
0.0448540917441
0.0466842560141
0.0465720670256
0.0449694155555
0.0447279862354
0.0451272384863
0.0447933775613
-0.101246572144
-0.101677325173
-0.101677325173
-0.101170040994
-0.101677325173
-0.101677325173
-0.101253576392
0.044684384956
0.0465720670256
0.0447279862354
0.0448649170055
0.0448649170055
0.0452476948195
0.0444001240281
0.0401703727535
0.0403193203915
0.0444001240281
0.0445258451414
0.0444001240281
0.0401780357869
0.0403193203915
-0.101239557645
-0.101162973944
-0.101162973944
-0.101253576392
-0.101253576392
-0.101162973944
-0.101246572144
0.0402965443317
0.0447933775613
0.0399178442323
