0.06576436356397902
0.104256399959128
0.13312542725548976
0.15622064909257916
0.03936184771330578
0.05585843473979821
0.07029294838797909
0.08312362718636207
0.09467123810490677
0.10516906621267466
0.1147920753114619
0.1148634764556617
0.1055305149518618
0.1131168772637482
0.12022909193114167
0.12692294102986496
0.13324490962310365
0.13923414302722448
0.1449239147611393
0.1503427449839153
0.15559165903779926
0.14984128440968536
0.15458276085461436
0.1591345782417462
0.163511325729373
0.16772597145819879
0.1630286573374511
0.1669526378435992
0.17080184148311411
0.17447266195660754
0.1780287692903043
0.18152804532622696
0.18492440147874012
0.1882237188840386
0.19143138858363434
0.19455236450756536
0.19759120948612974
0.20055213536267968
0.20343903809231584
0.20621453649910354
0.20892395161049154
0.21157035706812632
0.21415661694717852
0.21668540438447398
0.21915921818182826
0.22158039764306858
0.22395113586553306
0.22630779115503197
0.2286173133387409
0.23088155077374967
0.23310224518116213
0.23528103969409508
0.23741948616049224
0.2395190517820458
0.24158112516035735
0.24361559255672627
0.24561498292901984
0.24758048532890164
0.24951322935545212
0.25141428905369845
0.25328468649874725
0.25512539509546195
0.256937342620353
0.258713898146283
0.2604709381704198
0.262194462188113
0.263899824564481
0.2655733913642701
0.2672300291013133
0.2688564531743478
0.2704670731964732
0.2720556299306242
0.27362271968188134
0.27516891490312173
0.2766947654503984
0.27820079975680134
0.27968801833584916
0.2811559251914571
0.2826054832113699
0.2840376196208234
0.28545229095211283
0.28684991805049515
0.28823090673103957
0.28959564848593056
0.2909445211506484
0.2922778895318637
0.2935961059996561
0.2948990795007013
0.29618757551840164
0.29746191223920415
0.298722397473911
0.29998477907982857
0.3012337310941938
0.30246953624524997
0.30369246842598263
0.3049027930584603
0.30610076743958614
0.3072866410693875
0.30846065596289085
