0.131528727128
0.115476109185
0.115476109185
0.115476109185
-0.701152808276
0.115476109185
0.115476109185
0.115476109185
0.115476109185
0.115476109185
0.115476109185
0.000928214874597
-0.130661461053
0.113795434678
0.113795434678
0.113795434678
0.113795434678
0.113795434678
0.113795434678
0.113795434678
0.115476109185
-0.132258616447
0.113795434678
0.113795434678
0.113795434678
0.113795434678
-0.131524795381
0.113795434678
0.115476109185
0.113795434678
0.113795434678
0.115476109185
0.115476109185
0.115476109185
0.115476109185
0.115476109185
0.115476109185
0.115476109185
0.115476109185
0.113795434678
0.113795434678
0.113795434678
0.113795434678
0.113795434678
0.113795434678
0.113795434678
0.113795434678
0.115476109185
0.115476109185
0.115476109185
0.115476109185
0.115476109185
0.115476109185
0.115476109185
0.115476109185
0.115964641593
0.115964641593
0.115964641593
0.115964641593
0.115964641593
0.115964641593
0.115964641593
0.115964641593
0.115476109185
0.115964641593
0.115476109185
0.115964641593
0.115476109185
0.115964641593
0.115476109185
0.115964641593
0.115964641593
0.115964641593
0.115964641593
0.115964641593
0.115964641593
0.116003049166
0.115964641593
0.115964641593
0.116003049166
0.116003049166
0.116003049166
0.116003049166
0.116003049166
0.116003049166
0.116003049166
0.116003049166
0.115964641593
0.115964641593
0.115964641593
0.115964641593
0.11740148935
0.11740148935
0.11740148935
0.11740148935
0.11740148935
0.11740148935
0.11740148935
0.11740148935
