0.0889248878995
0.072872269957
0.072872269957
0.072872269957
0.072872269957
0.072872269957
0.072872269957
0.072872269957
0.072872269957
0.072872269957
0.072872269957
0.072872269957
0.0711915954498
0.0711915954498
0.0711915954498
0.0711915954498
-0.174164488949
0.0711915954498
0.0711915954498
0.0711915954498
0.072872269957
0.072872269957
0.0711915954498
0.0711915954498
0.0711915954498
0.0711915954498
0.0711915954498
0.0711915954498
0.072872269957
-0.173380044917
0.0711915954498
0.072872269957
-0.17416801392
0.072872269957
0.072872269957
0.072872269957
-0.0419924576418
-0.410742354951
0.072872269957
0.0711915954498
0.0711915954498
0.0711915954498
0.072872269957
0.0711915954498
0.0711915954498
-0.411021326972
0.0711915954498
0.072872269957
0.072872269957
0.072872269957
0.072872269957
0.072872269957
-0.41086412044
0.072872269957
0.072872269957
0.0733608023645
0.0733608023645
0.0733608023645
0.0733608023645
-0.41349959215
0.0733608023645
0.0733608023645
0.0733608023645
0.0733608023645
0.0733608023645
-0.413171729942
0.0733608023645
0.0733608023645
0.0733608023645
0.0733608023645
0.0733608023645
0.0733608023645
-0.412783028443
0.0733608023645
0.0733608023645
0.0733608023645
0.0733992099372
0.0733608023645
0.0733608023645
-0.413106338617
0.0733992099372
0.0733992099372
0.0733992099372
0.0733992099372
0.0733992099372
0.0733992099372
0.0733992099372
-0.559139273823
0.0733608023645
0.0733992099372
0.0733608023645
0.0747976501218
0.0747976501218
0.0747976501218
0.0747976501218
0.0733992099372
-0.559139273823
0.0747976501218
0.0747976501218
