0.04446244394973299
0.06875320060205127
0.08697126809128998
0.10154572208268096
0.1136911004088401
0.12410142468840508
0.13321045843302443
0.14130737731713056
0.148594604312826
0.15521935612709464
0.1612920452901742
0.1668976045176323
0.17198271847833257
0.17672882484165287
0.1811782995572656
0.18536604046607763
0.1756902355244911
0.1794371616007966
0.1829967413732868
0.186386817347087
0.1896991932542213
0.19286755281756718
0.19583386929464236
0.19868153311263453
0.20141967139916545
0.2040563971565656
0.20659895413691576
0.20905383673863315
0.21148291240386496
0.20589000772912297
0.20811474508692934
0.21032299569168555
0.20520040704699288
0.20728247190290588
0.2093067016239324
0.2112762224335798
0.21017115775879658
0.19963930250364986
0.2014611092525737
0.2031974896293982
0.20489252761629828
0.20654814611513095
0.2082043340686981
0.20978636952313817
0.21133401290248172
0.2025888782860536
0.20407203652459116
0.20555922570738616
0.20701667110652527
0.20844553914489694
0.20984692895176144
0.21122187744151533
0.20361328261855738
0.20493823298141112
0.20623952351635672
0.20752655513678714
0.20879139655686535
0.2100347999867727
0.2112574800261816
0.2044787981876603
0.20566203693547536
0.2068264941158648
0.20797275665281068
0.20910138438149584
0.2102129116900494
0.2040461694521022
0.20512500478099238
0.206188204815261
0.20723621627761152
0.20826946701514015
0.20928836704798093
0.21029330954612524
0.20471516051311717
0.2056933045446443
0.20665857825996714
0.20761131595301308
0.208552331465029
0.2094809492164788
0.2103979592460355
0.2052978809915102
0.20619299330781798
0.20707732113838712
0.20795112125668758
0.2088146413735963
0.20966812055891304
0.21051178963865141
0.21134587156975643
0.20506340781893362
0.20587852784520622
0.20668511256979127
0.20748251259549272
0.20828678840325449
0.20908250808540174
0.20986985177089484
0.21064899395966402
0.21140568684561495
0.2057001840515003
0.20645571587091288
0.20720369237213132
