0.440711746629
0.290770138354
0.177596297592
-0.0588464159535
-0.392895978185
-0.477841478046
-0.427811258331
-0.325971181786
-0.427349456631
-0.0587159689275
-0.0590772617099
0.178205909136
0.177501354927
0.177501354927
0.176924403055
0.176993482911
0.177131537719
0.177501354927
0.177201090579
0.177408382413
0.176924403055
0.17706252779
0.17706252779
0.177546401862
0.177617097102
0.177594611183
0.177617097102
0.177131923151
0.177528379071
0.177573704324
0.17771259029
0.177407228458
0.177544864812
-0.0590991201381
-0.0587117840442
-0.0592344682423
-0.0360292443617
0.178041557643
0.178205909136
0.178177669466
-0.0360292443617
-0.0361718785689
-0.0361718785689
-0.0361648301723
-0.0361718785689
-0.0361577747291
-0.0452892244016
-0.0361577747291
0.178381581671
0.178205909136
0.17841072295
0.178338764166
0.178109630607
-0.0361648301723
-0.0592344682423
-0.0474164114018
-0.0474164114018
-0.0361718785689
-0.0361648301723
-0.0361648301723
0.178381581671
-0.0360292443617
-0.0474164114018
-0.0593611055212
-0.0464167973146
-0.0472926838839
-0.0474164114018
-0.036036365801
-0.0361648301723
-0.0360292443617
0.177834812667
-0.0360292443617
-0.0452917131896
-0.0362932303757
-0.0360292443617
0.178109630607
0.449720755638
0.178636418289
-0.0360292443617
-0.0591078939514
-0.0592344682423
-0.0454151884874
-0.0360292443617
0.177407228458
0.449720755638
0.178199234117
-0.0592344682423
-0.0590729030191
-0.0594331285774
-0.059298270801
-0.0595545349875
-0.0594286014339
-0.0594331285774
-0.0595591255792
-0.0589511967899
-0.0589511967899
-0.0592344682423
-0.0588464159535
-0.0593611055212
