0.14313707623011412
0.03598425183042986
0.14162470385415793
0.22231970262399825
0.2313178503852309
0.20083581545208928
0.15746624796501485
0.12250211545332979
0.11108130545499806
0.13745513126884967
0.16165251936501646
0.1839370069346995
0.20467722690721735
0.2239950524595541
0.2273470494892874
0.21480051515757026
0.1989067463460541
0.18385814395286348
0.17913342061088566
0.16584826399021746
0.1561518867904338
0.15838319045487792
0.16061785514136684
0.16275826740244326
0.16481635611501677
0.16678505635796503
0.16868377296769343
0.17045342759811466
0.17216865809985815
0.17382855858541635
0.1754365871808009
0.17700351705298512
0.17852821390199358
0.17998513167556152
0.18140856230075464
0.18279012563016583
0.18414194405323536
0.1854526579811383
0.18673060406084374
0.18798350894076177
0.18920359233378448
0.19040624265368356
0.19156515451902167
0.19269831278735228
0.1938224146521801
0.1949253868408245
0.19598772271738452
0.19703874319642434
0.1980641615235248
0.19897859559115105
0.19715697601323157
0.1953643573113597
0.19623089394120252
0.1971588380565218
0.1979916262252529
0.19632833042796727
0.1946951542546601
0.19548638110859007
0.19634253277653413
0.1971091290191621
0.1978619466866175
0.19635938195097213
0.1948749748066685
0.19341767914433283
0.19198246371930527
0.19056742102609214
0.18917554514964285
0.187804951296055
0.18645015992575364
0.18511327616739448
0.18379969223757175
0.1825030542362407
0.18320182026032283
0.18391223061670692
0.18458756565790668
0.1852525643068248
0.18591226834595687
0.18656521557935846
0.18720753277446
0.18784591161127584
0.18669354006445193
0.18555413071628846
0.18442729054846507
0.1849805813332298
0.18557351298526326
0.1861640871893736
0.18669260812436328
0.18726605673495378
0.1862143392449852
0.1851722675182419
0.18414341345196839
0.18312734391605912
0.18211963946869936
0.18261103298850856
0.18314635371915933
0.1836749762243427
0.18419814884021024
0.1846679452268677
0.18513705841125072
