0.223694625745
0.207642007803
0.207642007803
0.207642007803
-0.0348008535759
-0.444770355083
0.207642007803
0.207642007803
0.207642007803
-0.443930076362
0.207642007803
0.207642007803
-0.264433532286
0.205961333296
0.0928398317162
-0.609476798476
0.205961333296
0.205961333296
0.205961333296
-0.0246814153354
0.0928398317162
-0.0394707190215
-0.0399084757092
0.0928398317162
-0.0394707190215
-0.0396087384707
-0.0395157659565
0.0928398317162
-0.0394691733777
-0.0394000237821
0.0928398317162
-0.0392841639237
-0.0394691733777
-0.0392841639237
0.0928398317162
-0.0394225097013
-0.0394691733777
0.0928398317162
-0.0393533192247
-0.0394691733777
-0.0394691733777
0.0934396686438
-0.0394691733777
-0.0395157659565
0.0934396686438
-0.0394691733777
-0.0398160303052
0.0934396686438
-0.0396302924535
-0.0393982760735
-0.0394902427965
0.0934396686438
-0.0396052376567
-0.0393965185414
0.0934396686438
-0.0393045305938
-0.0393045305938
-0.0392575501281
0.0752601429384
-0.0393965185414
-0.0393965185414
0.0934396686438
-0.0394660560199
-0.0394434165603
0.0928398317162
-0.0394208232919
-0.0395157659565
0.0928398317162
-0.0393533192247
-0.0394917353803
-0.0395609962888
0.0930567647705
-0.0394225097013
-0.0394691733777
0.0930567647705
-0.0393533192247
-0.0394691733777
-0.0395157659565
0.0930567647705
-0.0393533192247
-0.0394691733777
0.0934396686438
-0.0395157659565
-0.0398851977328
0.0930567647705
-0.0394000237821
-0.0394000237821
-0.0394691733777
0.0958245850785
-0.0394691733777
-0.0395157659565
0.0958245850785
-0.0395157659565
-0.0394000237821
-0.0392841639237
0.0928398317162
-0.0393533192247
-0.0394691733777
0.0928398317162
