0.1118473128727348
0.18106131547372095
0.23297181742446055
0.2745002189850522
0.2687000767224084
0.20516145456763535
0.23111670554300517
0.25418803974333387
0.2749522405236297
0.23459496085435777
0.2518984615046043
0.2678709236432934
0.2489828141943219
0.26271356974737575
0.26851605922964067
0.23266448284871688
0.2441067791429284
0.25494684931639194
0.2652449159811823
0.26406961048901917
0.2682896028397573
0.2665734846214313
0.2649106314668828
0.2686242247355323
0.26710612015778246
0.2656391298440538
0.26422785248846303
0.2674292259959195
0.26611358688333053
0.26484261837423034
0.26774386311536275
0.2665534339055533
0.2653925758650336
0.264270171181499
0.2668490553958389
0.2657835821606695
0.26474491970336245
0.267125428208907
0.2661415952282902
0.2651789324629812
0.2642391902397034
0.2664122057895594
0.2655151791218851
0.2646370509895175
0.26666834813394813
0.26582857848761476
0.2649990778562574
0.2669060098693964
0.2661134040203271
0.2653408888031988
0.26458146105711144
0.2663444736730324
0.265611043346057
0.26489474300894095
0.2665633085204375
0.2658737553521248
0.2651960910315416
0.2645307088259814
0.2657850445416218
0.2651391999753696
0.2645037722569602
0.2659869416005127
0.26537028447520233
0.2647634626819669
0.2661701267988796
0.265581756301985
0.26500064209674173
0.2663461469042235
0.2657839566295853
0.26522773500451
0.26467827672272143
0.26595302692505746
0.2654202903074727
0.26489403466243716
0.2661184657778389
0.265607383709986
0.26510136866668255
0.2646011690976124
0.265764378657244
0.2652785352100258
0.2647972038273713
0.26592298296765815
0.26545255718246125
0.264983319562075
0.2660653749663835
0.26561250112980755
0.26516477358682905
0.264721299728653
0.2657860173406358
0.2653522901606614
0.2649227709654816
0.2659531428480456
0.26553276235914625
0.26511802526670303
0.264708815225831
0.2656659268930087
0.26526436241112433
0.264865683892158
0.2657940822093204
