0.285433570415
0.269380952473
0.154944984555
0.0223441935674
0.0223800479065
-0.214828125149
0.0221290522436
-0.582865202768
0.269380952473
0.136098465582
0.0221290522436
-0.216269067953
-0.614710581954
0.267700277966
0.267700277966
0.154578776386
0.0221302061993
0.0222682256484
0.0217153066971
0.0216462268408
0.0217843515763
-0.382191131692
0.267700277966
0.0219920466999
0.0222682256484
0.0222682256484
0.0221302061993
0.0220384159311
0.0219229143648
0.0222231787134
0.0218537469371
0.0222697712923
-0.362630591307
-0.221190053697
0.154578776386
0.0221779483812
0.0222697712923
0.0223856254453
0.0224547807462
0.0222697712923
0.0222697712923
0.0222231787134
0.0222231787134
0.0222231787134
0.0222682256484
0.0221302061993
0.0222682256484
0.0222231787134
0.0222231787134
0.0223389208878
0.0223389208878
0.0224547807462
0.0222697712923
0.022318121378
0.0221779483812
0.0222697712923
0.0223164349687
0.0222231787134
0.0223389208878
0.0223856254453
0.0222231787134
0.0222487018734
0.0224344140761
0.0222697712923
0.0224547807462
0.0221302061993
0.0217153066971
0.0222682256484
0.0218537469371
0.0222231787134
0.0224547807462
0.0224547807462
0.0223389208878
0.0224080353553
0.0222231787134
0.0224080353553
0.0224080353553
0.0222231787134
0.0219229143648
0.0222231787134
0.0219229143648
0.0222682256484
0.0217153066971
0.0216462268408
0.0222682256484
0.0222682256484
0.0222682256484
0.0218304689608
0.0217843515763
0.0218533615049
0.0218537469371
0.0219229143648
0.0216462268408
0.0216462268408
0.0221302061993
0.0222682256484
0.0220384159311
0.0222682256484
0.0218304689608
