0.19191262248301338
0.276236106128612
0.33671005022716766
0.36085167213102526
0.34147707093361584
0.27583459204181865
0.21524737204248162
0.17270487862055844
0.12674819102371176
0.10094824037449052
0.1315959592931168
0.14085092767122492
0.13348109123317914
0.14149282630830812
0.12370772129597823
0.13083849358678507
0.1375418213756217
0.14389234243873011
0.14992533744868314
0.15564142799113306
0.1610976962361989
0.16631973889914514
0.17132994873479185
0.1761369897798692
0.18076445174371752
0.18521285845659768
0.18951717012782093
0.19366592912989183
0.1976763961652271
0.20155081491515497
0.20532143679637566
0.20896733343017587
0.21251615402426588
0.2159510724103057
0.21930273630472402
0.22255073701085742
0.22571689519664834
0.22879656138248844
0.23180096203566175
0.2347320846241236
0.23760493939076793
0.24040777382681172
0.24315004428588122
0.24583137540141592
0.24845343742889453
0.2510133222994351
0.2535295160493494
0.2583334091546347
0.2608400044675286
0.2658044629771577
0.27335896786129305
0.2779221136723781
0.28015655626865704
0.28234955360073005
0.2865272057003893
0.2906422761414786
0.29741528052035854
0.29946000736510786
0.30147296236503923
0.30345291810267666
0.3097889544571127
0.31602441880592275
0.32216245402428273
0.32401767806070353
0.3226098637269919
0.32087866959972206
0.3193760853928855
0.3211368836538649
0.3228725276539732
0.324576982576317
0.3262638195555219
0.3279234778566185
0.329565644237018
0.331185578637119
0.3299630030315274
0.32863440965294716
0.3274415343145834
0.32626375866404705
0.325100617016102
0.3265963584479545
0.3313870200817964
0.3361199629007727
0.3347437430127879
0.33337384846395574
0.3320254832932304
0.33069526875457084
0.3293772503250099
0.3283331731624903
0.32968391762670474
0.33227062929878143
0.33358437448362205
0.3323387616031472
0.33110385680919824
0.3298832314967521
0.3311490680816433
0.3323934989675053
0.3312125508285592
0.3300412437105554
0.3312564859234262
