0.383825244966
0.252970450937
0.241895776394
0.120708109519
-0.116247607184
-0.459497352243
-0.484697759995
-0.382882440797
-0.459566875968
-0.283799457141
0.367772627024
0.120314588915
-0.103177710133
0.120176026127
-0.284561680197
0.121223128944
0.120659900199
0.120659900199
0.120659900199
0.120037901391
0.120037901391
0.120106981248
0.120245036056
0.120176026127
0.12031401106
0.120106981248
0.120520726794
0.12031401106
0.12031401106
0.120106981248
0.120659900199
0.120314588915
0.120659900199
0.120222143511
0.120659900199
0.120176026127
0.12031401106
0.120106981248
0.120176026127
0.120176026127
0.120659900199
0.12052188075
0.120659900199
0.120659900199
0.120614853264
0.120314588915
0.120777299996
0.235390762159
0.125329765645
0.253187383991
0.392834253975
0.241846727988
0.120659900199
0.120614853264
0.233948517581
0.234559015142
0.392834253975
0.12063888384
0.120777299996
0.120777299996
0.392834253975
0.392834253975
0.392834253975
0.120589562367
-0.092915746025
-0.115990006527
-0.102175726065
0.121495080008
0.121495080008
0.121016299486
0.121452262503
0.12115505598
0.12152031215
0.121495080008
-0.092915746025
-0.102301690151
-0.0930442763924
-0.0930442763924
-0.0930513318356
0.12115505598
0.392834253975
0.392834253975
-0.115602470591
-0.116441036651
-0.115959404682
-0.115728664863
-0.115985621801
-0.0929228674642
0.121567001779
0.235390762159
0.120864557005
-0.115841997884
-0.116081050631
-0.115959404682
0.12152031215
0.120709795929
-0.115732917617
-0.115959404682
0.121524221287
