0.2025410783677618
0.20271140408008048
0.14234773530669298
0.08535471386157623
0.0436598669451983
0.008785255506288836
0.008744092808230741
0.028883912320807004
0.06934635685465163
0.1061577466312339
0.1202170923454744
0.1329998609741342
0.13302365340631472
0.13300169996735045
0.12683912363766503
0.11716747002807293
0.11718679089287842
0.1182387854837651
0.12652434544352265
0.1187346071864156
0.11964694889194827
0.11246495451781457
0.11247588988744739
0.10587897136708413
0.09956092475501654
0.09344848975587738
0.08761028225350931
0.08192587930744721
0.07643809549333258
0.07114483923751058
0.06602329089865011
0.07105329070093169
0.07592714950078905
0.08066534722388874
0.085271928343569
0.0897540072708255
0.09413382413598159
0.09844151269621426
0.10259906041018918
0.10664386334454257
0.10272430568902402
0.0989200149122973
0.09515698543465556
0.09560472101738238
0.09560248825762363
0.09903842678856012
0.10250042662548886
0.10589020280666994
0.10949282778129543
0.11745479544608028
0.12065784871505258
0.12065591084809224
0.11761113100803544
0.11460322676670154
0.11165303949107508
0.10874824480657974
0.10736125044119427
0.10735566905840677
0.10735395727592512
0.10767855285423289
0.10800194809219721
0.10831480977348396
0.10862158711713743
0.108622531038985
0.1086275779185385
0.10862266296951661
0.10862892399559498
0.10863272760242382
0.10862690875260583
0.10863170368393049
0.10863761687522677
0.10864228043856994
0.10864120363965257
0.10863785369406742
0.10863454782671367
0.10863432896864733
0.10863210906527421
0.1086279406907873
0.1086300603594299
0.1086333004689507
0.10863650106494083
0.10863854411905416
0.10863462386209621
0.10863166802775637
0.10862874656358323
0.10862971226782336
0.10863358090559672
0.10863836461091503
0.10864128070948376
0.10863680467116221
0.10864050510729317
0.10863696423004088
0.10863595336632093
0.10863248703385286
0.10863514378458095
0.10863857774386476
0.10863840578395545
0.10864090716312336
0.10864152071232425
