0.137327243928
0.121274625986
0.0247031369748
0.121274625986
0.121274625986
0.121274625986
0.121274625986
0.121274625986
0.121274625986
0.121274625986
0.121274625986
0.121274625986
0.119593951479
0.119593951479
0.119593951479
0.119593951479
0.119593951479
0.119593951479
0.119593951479
0.119593951479
0.121274625986
0.121274625986
0.119593951479
0.119593951479
0.119593951479
0.119593951479
0.119593951479
0.119593951479
0.119593951479
0.119593951479
0.00647244989917
0.00647244989917
0.00647244989917
0.00647244989917
0.00647244989917
0.00647244989917
0.00647244989917
0.00647244989917
0.00647244989917
0.00647244989917
-0.125651545741
0.00707228682674
0.00707228682674
0.00707228682674
0.00707228682674
0.00707228682674
0.00707228682674
0.00707228682674
0.00707228682674
0.00707228682674
0.00707228682674
0.00707228682674
0.00707228682674
0.00707228682674
0.00707228682674
0.00707228682674
0.00707228682674
0.00707228682674
0.00707228682674
0.00707228682674
0.00707228682674
0.00707228682674
0.00668938295346
-0.125763900358
0.00647244989917
0.00647244989917
0.00647244989917
0.00647244989917
0.00647244989917
0.00668938295346
0.00647244989917
0.00668938295346
0.00668938295346
0.00668938295346
0.00668938295346
0.00668938295346
0.00668938295346
0.00668938295346
0.00668938295346
0.00707228682674
0.00668938295346
0.00707228682674
0.00668938295346
0.00668938295346
0.00668938295346
-0.125883147774
0.00945720326138
0.00945720326138
0.00945720326138
0.00945720326138
0.00945720326138
0.00945720326138
0.00945720326138
0.00945720326138
0.00945720326138
0.00647244989917
0.00647244989917
0.00647244989917
0.00647244989917
