0.06866362196419878
0.1090884972928276
0.11526428153653562
0.13951920673371293
0.15973164439802734
0.1770565909674397
0.1922159192156755
0.20569087765855176
0.21781834025714042
0.22884330625585736
0.23894952508801454
0.2482783424715443
0.25682076757716826
0.2647936976757506
0.2722683196431716
0.2793032579654502
0.2859473663809355
0.2922417848798163
0.2982214824537531
0.30391643252416906
0.3094289155235275
0.31470172534900087
0.31968480666061483
0.32446856471976426
0.329068332084331
0.3334977376946546
0.33776895024746656
0.34189287960880227
0.34587934465809345
0.3497372140606333
0.3499394781199823
0.35013561296541157
0.35032597913891644
0.35051090627889264
0.3506906965538695
0.35086562763222534
0.3510359552611508
0.35120191551497554
0.3513637267624547
0.3515215913941417
0.34852988792412304
0.3486943597107913
0.3488550935023081
0.34901225543179115
0.34916600079758975
0.34931647498539264
0.34946381429428297
0.3496081466785021
0.34974959241503684
0.3498882647057572
0.35002427022165594
0.3501577095957453
0.35028867787031454
0.3504172649035279
0.3505435557397196
0.3506676309472062
0.35078956692697755
0.3509094361952273
0.3510273076423396
0.35114324677064673
0.35125731591301346
0.3513695744340728
0.35147409604272056
0.34953926680643665
0.3496373342291513
0.3497339379589896
0.34982912104574204
0.3499229246674691
0.3500153882374572
0.3501096048987735
0.35019950003626193
0.350291135419186
0.35038153248612464
0.3504707242588374
0.35055874245559343
0.35064561755888507
0.3507313788788012
0.35081605461238924
0.3508996718993075
0.3509869840823536
0.3510685619232495
0.3511537701982704
0.3512334057096211
0.35131210433260296
0.3513898878553176
0.34994295512228757
0.35005042334116687
0.3501566840519689
0.3502617640882065
0.3503656893987711
0.35046848508639483
0.35057017544404406
0.3506707839893779
0.35077033349739245
0.35086884603136514
0.3509355723189854
0.35100161772611976
0.3510669960079295
0.35113172050692115
