0.0597797113499
0.0437270934074
0.0437270934074
0.0437270934074
0.0437270934074
0.0437270934074
0.0437270934074
0.0437270934074
0.0437270934074
0.0437270934074
0.0437270934074
0.0437270934074
0.0420464189002
0.0420464189002
0.0420464189002
0.0420464189002
0.0420464189002
0.0420464189002
0.0420464189002
0.0420464189002
0.0437270934074
-0.198715767971
0.0420464189002
0.0420464189002
0.0420464189002
0.0420464189002
0.0420464189002
-0.0707886341937
0.0437270934074
0.0420464189002
0.0420464189002
0.0437270934074
0.0437270934074
0.0437270934074
0.0437270934074
0.0437270934074
0.0437270934074
0.0437270934074
0.0437270934074
0.0420464189002
0.0437270934074
0.0437270934074
0.0420464189002
0.0437270934074
0.0420464189002
0.0437270934074
0.0437270934074
0.0437270934074
0.0437270934074
0.0437270934074
0.0437270934074
0.0437270934074
0.0437270934074
0.0437270934074
0.0437270934074
0.044215625815
0.044215625815
0.044215625815
0.044215625815
0.044215625815
0.044215625815
0.044215625815
0.044215625815
0.044215625815
0.044215625815
0.044215625815
0.044215625815
0.044215625815
0.0437270934074
0.044215625815
0.0437270934074
0.044215625815
0.0437270934074
0.044215625815
0.044215625815
0.0442540333877
-0.588284450373
0.044215625815
0.0442540333877
0.0442540333877
0.0442540333877
0.0442540333877
0.0442540333877
0.0442540333877
0.0442540333877
0.0442540333877
0.0442540333877
0.044215625815
0.044215625815
0.044215625815
0.044215625815
0.0456524735723
-0.203869507489
0.0456524735723
0.0456524735723
0.0456524735723
0.0456524735723
0.0456524735723
-0.439648004207
