0.02988985567494433
0.04446555347740351
0.0553973268292479
0.06414274551072342
0.07143059441195303
0.07767732204157839
0.08314320871750057
0.08800177465165364
0.09237448399239138
0.09634967430215298
0.09999359875276777
0.10335722132256604
0.10636053695829652
0.10916363155164495
0.11179153273290911
0.11426485149174596
0.11660076365286966
0.11881373306867106
0.1209160540136824
0.12291826443750271
0.12490585959238353
0.11626604359362512
0.11801797771446791
0.11969983447047698
0.12131700442817801
0.12287427920226048
0.12437593702012571
0.12193494963413702
0.12339251941438294
0.12474885550793864
0.12606280609857073
0.1273878695351579
0.12867396051772784
0.12992330604365293
0.13113794752719116
0.13231976086252573
0.1334704738469304
0.13459168137019645
0.13568485870538088
0.13671038111758155
0.13775150238918576
0.13876841153819458
0.1397240119677452
0.1406957251545758
0.14160977773936334
0.14254014142888205
0.14345112254153575
0.1443435122029108
0.14521805407105837
0.14607544805943828
0.14691635370188788
0.1477413932001403
0.1485511541891658
0.14934619225111812
0.1501270332048213
0.15090274593841707
0.151665084314537
0.15241450170123122
0.1531514287981472
0.15387627512298258
0.15458943037806255
0.1552912657084587
0.15598213486181745
0.15666237525897064
0.1573323089834397
0.15799224369709575
0.1586424734884922
0.15928327965972344
0.15990795242268602
0.16053070771585443
0.16113802845762354
0.16174372196193804
0.1623346286296053
0.16292417030713807
0.16350595485733488
0.16408068256366815
0.15653857422555523
0.15709826569156732
0.1576514411089131
0.15819778720011884
0.1587374705341147
0.15927065165926724
0.15979748539007277
0.16031812107698645
0.1608327028605639
0.1613413699109968
0.1618442566540384
0.16234106143847615
0.16283234616975345
0.16331823216772
0.16379883679614343
0.16428972360874844
0.16212089906099098
0.1626014514143832
0.1630769980140943
0.16354764207154038
0.1640134836386043
0.16447461973529381
0.16007813969322526
