0.431189971673
0.281248363398
0.168074522635
-0.0682335590008
-0.412079084137
-0.48103234571
-0.436903823057
-0.404661275121
-0.0685946779756
0.168136449164
0.16802617255
0.167979579971
0.167886607457
0.167678737767
0.167610148194
0.167586870218
0.167471707955
0.167678737767
0.167678737767
0.168142026703
0.16802617255
0.167610148194
0.167586870218
0.167911665348
0.16802617255
0.167979579971
0.167471707955
0.16829794559
0.16868413418
-0.0684729717464
-0.0687163239245
-0.0685946779756
-0.0684729717464
-0.0685946779756
-0.0684772711774
-0.06836819091
-0.0456866051289
0.168723899289
0.168820711064
0.168723899289
-0.0455510193182
-0.0456866051289
-0.0456866051289
-0.0456795496856
-0.0456936535255
-0.0548109993581
-0.0456866051289
0.168859806714
0.168885038856
0.168888947994
0.168816989209
0.168888947994
-0.0455510193182
-0.06836819091
-0.0556873319585
-0.0456936535255
-0.0569381863583
-0.0456795496856
0.168519782687
0.168816989209
0.168859806714
-0.0548134881461
-0.0684988324395
-0.0688828804777
-0.0569381863583
-0.0688828804777
-0.0456936535255
-0.0455510193182
-0.0456866051289
-0.0456936535255
-0.0456866051289
-0.0456866051289
-0.0455510193182
0.168495202848
0.168519782687
0.282755488866
0.169114643332
-0.0455510193182
-0.0569381863583
-0.0556873319585
-0.0455510193182
0.168816989209
0.440198980682
0.168816989209
-0.06836819091
-0.068954903534
-0.0690717238918
-0.0687163239245
-0.0681116122232
-0.0683554453038
-0.0684772711774
-0.0684772711774
-0.0684772711774
0.168136449164
0.169114643332
-0.0685990366664
-0.068954903534
-0.0690809005357
-0.0690809005357
