0.10361161011216424
0.15360278628225044
0.1423262360238543
0.03367628257400046
0.08335711484820274
0.11103763770069741
0.13522815428495027
0.18309727816445176
0.2533173166177737
0.2320024703815997
0.20864991475153682
0.18866758943439932
0.17011198624957502
0.15552024948500243
0.14257138907896938
0.13191199180157942
0.12378229251761308
0.11639392214953037
0.10908184505891083
0.10239712901159792
0.09602135656263344
0.09712553640627886
0.09899078566464792
0.10078863551530481
0.10176841110436063
0.10344545949549067
0.10505714570268754
0.10027860385960174
0.09560179188294182
0.09106896605273407
0.0924767959073669
0.08823953418280117
0.08607728976400342
0.08208861888135499
0.08279190069110443
0.08796177896502033
0.09298196042488727
0.09413906847107989
0.09477202209985436
0.09134964575366844
0.08800551137503032
0.08474667011165171
0.08532773087112333
0.08957816218985326
0.08653511765296273
0.08749852843084593
0.08596632999344644
0.083105765480878
0.08030616450693873
0.08079543880754447
0.08447297127778242
0.08184630117148117
0.07926551570697615
0.0767343608772677
0.07541912174654353
0.07585401381559675
0.07662452150996946
0.07731996782983064
0.07800251973738304
0.0784142746750861
0.07881674224493918
0.07921145734335011
0.07991103103342245
0.08060497258778532
0.08128839987617298
0.08196422534722536
0.0825664770303598
0.08292822594470939
0.08328469722086496
0.08363185745737944
0.08398349836225416
0.08432328535349942
0.08465848062864678
0.08498899860112719
0.0853194861169152
0.08585134474617673
0.08637533106426332
0.0866891139495295
0.08699916957904086
0.08730347052709686
0.08761213814111746
0.08791717603450278
0.08822052658275426
0.08851188512562058
0.08880628216225983
0.08909721025823325
0.08938386105108775
0.08966921089832192
0.08994672215565425
0.09022486220345305
0.09050183444316096
0.08971133648360052
0.08892924807680136
0.089197397185385
0.08945756398913407
0.08971247527465298
0.08996478542460529
0.09022052426451421
0.09047455898297718
