0.148191833302
0.132139215359
0.132139215359
0.021909953178
0.132139215359
0.132139215359
0.132139215359
0.132139215359
0.132139215359
0.132139215359
0.132139215359
0.132139215359
0.130458540852
0.130458540852
0.130458540852
0.130458540852
0.130458540852
0.130458540852
0.130458540852
0.130458540852
0.132139215359
-0.115111530914
0.130458540852
-0.115318822749
0.130458540852
-0.1150185584
0.0173370392726
0.0173370392726
0.0173370392726
0.0173370392726
0.0173370392726
0.0173370392726
-0.114856111668
0.0173370392726
0.0173370392726
0.0173370392726
0.0173370392726
0.0173370392726
0.0173370392726
0.0173370392726
-0.115111530914
0.0179368762002
0.0179368762002
0.0179368762002
0.0179368762002
0.0179368762002
0.0179368762002
0.0179368762002
-0.114856111668
0.0179368762002
0.0179368762002
0.0179368762002
0.0179368762002
0.0179368762002
0.0179368762002
0.0179368762002
-0.114946209004
0.0179368762002
0.0179368762002
0.0179368762002
0.0179368762002
0.0179368762002
0.0175539723269
0.0173370392726
-0.114946209004
0.0173370392726
0.0175539723269
0.0173370392726
0.0175539723269
0.0175539723269
0.0173370392726
0.0175539723269
-0.114856111668
0.0175539723269
0.0175539723269
0.0175539723269
0.0175539723269
0.0175539723269
0.0175539723269
0.0175539723269
-0.114971965821
0.0179368762002
0.0179368762002
0.0175539723269
0.0175539723269
0.0203217926348
0.0203217926348
-0.114902816226
0.0203217926348
0.0203217926348
0.0203217926348
0.0203217926348
0.0203217926348
0.0203217926348
-0.115387990176
0.0173370392726
0.0173370392726
0.0173370392726
0.0173370392726
