0.1172338297952483
0.1900388436779101
0.24464260408990648
0.2883256124195036
0.30252585071393023
0.21702360712968413
0.2443254873356823
0.2685938252965696
0.27704643042812516
0.23940695136811638
0.2576082048387819
0.21106691398178665
0.22654794020613198
0.24099689801552096
0.25454279596182317
0.2528493864063084
0.2586056567152676
0.25706615123485876
0.2556710711839487
0.2350153222981001
0.24494327873664487
0.254439584895253
0.2532419710572732
0.2573864856797238
0.25628272855755185
0.25521473949734275
0.2541882133505029
0.25776107078364996
0.2568068377857473
0.2558856159964059
0.25499102256087214
0.25412144257503455
0.25716887979742475
0.2563523002151491
0.25555518522813125
0.25478274508273546
0.254027583516087
0.25668432365868366
0.2559698165241925
0.25526991068193294
0.25458666926448914
0.2539182336339888
0.2562867041450987
0.2556490121554844
0.255026686287287
0.25441513879555266
0.2538163318765627
0.2559431217232737
0.2553706168787033
0.25480797795275967
0.2542557239344614
0.25371477331719194
0.25564463817809635
0.2551229468658266
0.2546134558524552
0.2541096451690953
0.2559064159016614
0.2554200934919184
0.25494263033446984
0.2544749008795716
0.2540132317715659
0.25566740165234103
0.2552201597039605
0.25478121360013284
0.25434891819484795
0.2539192471135979
0.2554461559167679
0.2550319488822803
0.254622004031814
0.25421653977204284
0.2556556073492826
0.2552640965906574
0.2548788110490535
0.25449619585528505
0.25411861507196076
0.25546705401502
0.2551015267063189
0.2547382844337538
0.2543795826895958
0.2540275934293651
0.25529381048565236
0.25494890699243455
0.2546067316101547
0.2542642355644158
0.25392572203083663
0.25515098201846287
0.2548248895237737
0.2545024609896991
0.25418567065549147
0.255357073061244
0.2550459101271453
0.25473684849153766
0.2544310747456705
0.2541290101190111
0.2552394019827974
0.2549442783751986
0.25465146062486554
0.25436160062958635
0.2540757977757898
