0.04399875564156697
0.08387774286291172
0.09688327637817196
0.04079596793306273
0.045439069218952355
0.11925814611295837
0.11140169639231745
0.09482446630500874
0.07999838886636634
0.07144150438547503
0.06345680243131901
0.05666621119471571
0.05035624536135963
0.04615741403422491
0.042472583378122986
0.03898808767854001
0.03410386456265346
0.03130775674051145
0.028666445474186064
0.026127101704494837
0.02371228131264491
0.021402453111745046
0.019188867752549355
0.017063825807721478
0.01503349245679686
0.013072796428931777
0.01707125563309453
0.02163396581841992
0.019869339393341345
0.017963341639237518
0.0163012274073423
0.014688349597735129
0.013122909370763436
0.011605022267314968
0.010135542041539436
0.008708821308457293
0.007319312863662608
0.005957106488772901
0.009264896010668489
0.015947722149156074
0.02246506800090131
0.025071438358799214
0.023878539345742023
0.022693512253219472
0.021542668932515996
0.020416311639912643
0.019309518960314742
0.018221228773304232
0.017165455430823484
0.01613333277714224
0.015118888718743895
0.014122876131497875
0.013150186164566091
0.012204329181638052
0.011268857100018015
0.010367530433614824
0.00947714303722147
0.00859541195144109
0.007725026272671798
0.006854107442824331
0.00600267732792048
0.005162379030263953
0.0043291568558340154
0.003517601609115295
0.0027240509473113184
0.0019400918694857383
0.0011752775840176977
0.00041622912490091313
0.0003269442188282845
0.00012096288906415786
0.0016835952046739822
0.003216715427526773
0.0034015136887943775
0.002719054163647039
0.0020429182179027006
0.0022205165469131316
0.00366503997801626
0.005081720690272684
0.006490131035598257
0.006658959076756288
0.006822085725391558
0.006982598600149936
0.007145691798737475
0.007305939483404522
0.0074643238229010755
0.008760393420483514
0.010038742447646465
0.011302894433308341
0.01255481474026443
0.01378553816810868
0.015008467806411963
0.015155777792232983
0.015298652554409653
0.015441157714960907
0.015583302054312465
0.01572398098810368
0.015863522532326146
0.016001359467454956
0.016137818033232443
