0.19966432388991667
0.28915560847345084
0.35624525553303715
0.38348789528152233
0.34195901503639586
0.2686935871242429
0.20948932349847887
0.1574111153011693
0.12063796122993348
0.08125385733651086
0.11319352648962105
0.12366612489253043
0.13343918277014316
0.1425214493202936
0.15103165575859773
0.15900873717398417
0.1665490453031619
0.1736973302438915
0.1804882009375846
0.18696554044273023
0.19314433559252892
0.1990524714214132
0.20470770251829645
0.21014039907325094
0.21536414576070723
0.22039442034862805
0.22524176128881374
0.22993704759960226
0.23445739373498792
0.23883563716483308
0.24309078868535478
0.24722118604049886
0.2512212957340548
0.2551090964696429
0.2588946715476899
0.262573543333577
0.26615678814970506
0.2696511651448254
0.27305299078846507
0.27637577123364204
0.27960294514329104
0.28277109704976383
0.2858729326380441
0.28890126875517613
0.2918727056217491
0.29478665594763326
0.2976337071725052
0.30042682095610534
0.30316822904796753
0.30585363425025297
0.3084829906302053
0.31106882149509835
0.30963287939179157
0.30780822783704237
0.3060184150727046
0.3046576779011447
0.30332298232853855
0.305644264791531
0.30792464496297395
0.31016981980422903
0.3123772806977195
0.3111463611894369
0.3095722329961455
0.30802621772228683
0.30667889500431017
0.30517902944011893
0.3040385150663189
0.3060240003245998
0.3079811215077624
0.30989404282992944
0.31179207697984407
0.31366013122394193
0.31551146207287956
0.3144774896859222
0.31330744627294255
0.3123020911663041
0.31405761098839186
0.31578204810204163
0.3148126108843116
0.31357203552982676
0.31234344767164807
0.3139918348435435
0.31885299742436307
0.32046508711966765
0.3192969940746842
0.3181395316203101
0.31699798614453084
0.31587181182090257
0.314886525346088
0.31403427284698476
0.3155222197590319
0.3182200064791694
0.31739647091309325
0.3163352474664944
0.315290098553585
0.31425442473338533
0.315644532202552
0.3146334305078357
0.31600370674884454
