0.39932864778
0.268473853751
0.268358588238
0.136213198742
-0.249173281471
-0.512857995385
-0.473634109006
-0.468703873776
-0.367731540712
-0.433225142828
0.383276029837
0.136143779238
0.136822810287
0.136233998252
0.136163303013
0.135610384062
0.135725546325
0.135817413874
0.135817413874
0.136024129608
0.135933493296
0.135887124064
0.135725546325
0.135817413874
0.135817413874
0.135817413874
0.135725546325
0.136163303013
0.135610384062
0.135725546325
0.136164848657
0.13630311272
0.136003729581
0.136073025746
0.13628070281
0.136118256078
0.136163303013
0.13628070281
0.136073025746
0.136233998252
0.135541304205
0.136230531978
0.136480765884
0.136275125271
0.136686095862
0.136955665317
0.136658458794
0.136862575396
0.137070404593
0.136955665317
0.136726531758
0.137049035839
-0.0775408735786
-0.100355835511
-0.100229514803
-0.0775620187789
-0.0774123432112
0.136955665317
0.136822810287
0.136955665317
0.136862575396
-0.0775479290218
-0.100744204371
-0.100490992801
-0.0889232993865
-0.100490992801
-0.0775549774184
0.136998482821
0.136998482821
0.135817413874
0.136658458794
0.136367959819
0.136998482821
-0.0775479290218
-0.0889232993865
-0.0774123432112
0.136930546123
0.136230531978
-0.0775549774184
-0.100486603713
-0.100744204371
0.136816135267
0.408337656789
0.137027624101
-0.100456001869
-0.100699233531
-0.100456001869
-0.100229514803
-0.0886757827333
-0.0775549774184
0.136891115908
0.250894164973
-0.0774123432112
-0.100816227427
-0.100334295639
-0.100460360559
0.136230531978
-0.100099067777
0.137027624101
