0.12383806274
0.107785444797
0.107785444797
0.107785444797
0.107785444797
0.107785444797
0.107785444797
0.107785444797
0.107785444797
0.107785444797
0.107785444797
0.107785444797
0.10610477029
0.10610477029
0.10610477029
0.10610477029
0.10610477029
0.10610477029
0.10610477029
0.10610477029
0.107785444797
0.107785444797
0.10610477029
0.10610477029
0.10610477029
0.10610477029
0.10610477029
0.10610477029
0.107785444797
0.10610477029
0.10610477029
0.107785444797
0.107785444797
0.107785444797
0.107785444797
0.107785444797
0.107785444797
0.107785444797
0.107785444797
0.10610477029
-0.00641689436165
-0.00641689436165
-0.00641689436165
-0.00641689436165
-0.00641689436165
-0.00641689436165
-0.00641689436165
-0.00641689436165
0.107785444797
-0.00641689436165
-0.00641689436165
-0.00641689436165
-0.00641689436165
-0.00641689436165
-0.00641689436165
-0.00641689436165
-0.00641689436165
-0.00641689436165
-0.00641689436165
-0.00641689436165
-0.00641689436165
-0.00641689436165
-0.00679979823493
-0.00701673128922
-0.00701673128922
-0.00701673128922
-0.00701673128922
-0.00701673128922
-0.00701673128922
0.107785444797
-0.00701673128922
-0.00679979823493
-0.00679979823493
-0.00679979823493
-0.00679979823493
-0.00679979823493
-0.00679979823493
-0.00679979823493
-0.00679979823493
-0.00679979823493
-0.00679979823493
-0.00641689436165
-0.00679979823493
-0.00679979823493
-0.00679979823493
-0.00403197792701
-0.00403197792701
-0.00403197792701
-0.00403197792701
0.108273977205
-0.00403197792701
-0.00403197792701
-0.00403197792701
-0.00403197792701
-0.00403197792701
-0.00701673128922
-0.00701673128922
-0.00701673128922
-0.00701673128922
