0.061919031370003375
0.0978475129691686
0.12479387416854254
0.1463509631280417
0.16431520392762428
0.17971312461298078
0.19318630521266772
0.20516246574572278
0.21594101022547235
0.22573968702524466
0.23472180742503596
0.24301299548638178
0.25059190764997785
0.2576655590026675
0.26429710714581406
0.2705385642217167
0.27643327368229137
0.28201773527652
0.2873229737910373
0.2923755819001013
0.2972749202999875
0.3019612439868351
0.30638227608226615
0.31062646689387996
0.31470741959735477
0.3186372259044046
0.3224266819862026
0.3260854671686283
0.3296783153285448
0.3331010498540398
0.3364168239256131
0.33968304952553724
0.34285320966664007
0.3459327938037114
0.34892683393697516
0.3518399540666372
0.3546764131402555
0.35744014249403744
0.3601347786139748
0.3627226998405686
0.3625699166414816
0.3624206865400478
0.36227484803182836
0.36213225037934715
0.3619927526758329
0.3618562230085637
0.3617225377093626
0.3615915806815737
0.3637472895775236
0.36362146811945195
0.36349806630480475
0.363376992826283
0.36325816144921536
0.36314149064263984
0.3630269032433246
0.3629143261492605
0.3628036900395768
0.36269492911819284
0.36258798087883193
0.3624827858892966
0.3623792875931409
0.3622774321270829
0.3621711852796621
0.3620632355675202
0.36195692145707736
0.3618521941244024
0.36174900689956085
0.36164731514174603
0.36154707612332854
0.3630651809796313
0.3629677263783921
0.3628745784573656
0.36278268929202867
0.3626920253155629
0.3626025542861559
0.3625142452181698
0.3624270683177219
0.362340994922343
0.36225599744440634
0.36217204931804914
0.36208912494933043
0.36201181296906954
0.36193086299008226
0.3618508653637889
0.36177179794245246
0.36172545336857875
0.36167963543759
0.3616343323148146
0.36158953256007004
0.36277935648540055
0.36273553063836783
0.36269217603700216
0.3626492826547999
0.362606840781884
0.36256484101181097
0.36249250357583956
0.36242090427696994
0.3623500282033414
0.36227986089044917
