0.10247813046360368
0.16544601145850238
0.21267192220467643
0.2504526508016156
0.281936591299065
0.29001113103051646
0.2528857027624375
0.27387499642740376
0.29276536072587334
0.2506637185988627
0.2664056888475874
0.28093673830794874
0.28497400817367446
0.24267031216547744
0.254371747695324
0.26538486348812085
0.27578613951465114
0.2856399799608377
0.28270880183328306
0.286237443114139
0.28356644298727285
0.2867882458958805
0.28436286740255723
0.2820345040489668
0.2848845604681197
0.28272700006905294
0.28537348102969495
0.28336632454018007
0.28583637343677926
0.2839587109143299
0.28214188627056835
0.28438738526747676
0.2826788063250375
0.28479599109355114
0.28318233320346964
0.2851850755520635
0.28365634702461795
0.28555638463738653
0.2841040925363132
0.2826843964827539
0.28446299895479077
0.283110943405945
0.2848087003110711
0.28351519946227255
0.2851391408497844
0.28390068259029655
0.2826793583704821
0.28420387477508513
0.2830406910128811
0.28450542246044075
0.28338654204931457
0.2847960006120607
0.2837155635291916
0.2850737690532924
0.2840348086715323
0.28301447203802
0.2843024255522536
0.2833159099448277
0.28425793958016377
0.28330490870541547
0.2845097684445371
0.28358588874869384
0.28474711374794803
0.2838516611196692
0.2829722233103952
0.28407821535364863
0.28322087180795685
0.284294806110826
0.2834649249102127
0.28451166293770946
0.2837035600733363
0.28472162034665505
0.2839365975893181
0.2831604970800391
0.2841383707636216
0.2833839333085185
0.28433673330790654
0.28360227091876755
0.2845312509181709
0.28381406963369027
0.2830991481391647
0.28399916384790624
0.28330704017409236
0.28418137429117785
0.28350534651675496
0.2843913950254927
0.28372994572781174
0.284596083034106
0.28395061987807335
0.2833104645948338
0.2841483582933141
0.2835224707858309
0.28434253695881173
0.28373177349836987
0.2845347549594135
0.2839353901284819
0.2833414356570948
0.28408993532273097
0.28350832657753566
