0.11702020022891632
0.18968279440069016
0.24417974002952056
0.2877772965325849
0.3018045753780386
0.21533319721561975
0.24258167003003492
0.26680253475395954
0.2399969130155499
0.2598139841533065
0.2236748567355352
0.24044314769825223
0.2558936554131216
0.2136015193330499
0.2271207135835606
0.23984466111345296
0.2518617226694624
0.25729254406044144
0.25583629684498466
0.22701250412417842
0.2369210396930567
0.2463987693676359
0.25541156553464306
0.2542447658848759
0.25821344305520666
0.2571262299431166
0.2560844445415388
0.25507858277449813
0.2541101078055067
0.2574386757548164
0.2565285695465256
0.2556481377565333
0.2547970086620819
0.25397019754175765
0.2568364643869966
0.2560524766974748
0.2552860714694404
0.25454228827681713
0.2571219284375321
0.25641442735186604
0.2557226595168721
0.25504428762747255
0.254381333281014
0.25668767646670665
0.2560570776729608
0.25543250843835597
0.2548171037920962
0.25422182688120865
0.25629753574833203
0.25572971700555835
0.25517058145595106
0.25462245421389407
0.256544406868638
0.2560149472085017
0.25549451027842707
0.25498442170685554
0.25448513281234764
0.25624420812346915
0.25576156219211144
0.25528682848913664
0.25481751168513767
0.254355284997717
0.2559709496771372
0.2555229453493295
0.2550841763208226
0.25465122789526573
0.2561686632839216
0.25574826408809104
0.25533320338709464
0.2549217213930607
0.2545159544267216
0.25593242757032286
0.2555404337255619
0.2551521217433579
0.25476891912934063
0.2543921977720379
0.255717871355152
0.2553515626309577
0.25498752014764137
0.2546302560833037
0.2558912626623634
0.2555412114687521
0.25519394966822606
0.2548464270444559
0.2545072410997561
0.25572759006286894
0.2553966423507632
0.2550694131522766
0.2547478754943727
0.2544240265318146
0.2555780521817148
0.2552648973573567
0.25495457830156754
0.2546480162103538
0.25575395745817475
0.2554544291172496
0.2551572515798485
0.2548630758357545
0.25457300039063135
