0.234040400458
0.217987782515
0.217987782515
0.217987782515
0.0841636730727
-0.605299647137
0.217987782515
0.217987782515
-0.268056217384
0.217987782515
-0.433669529013
0.217987782515
0.216307108008
-0.634382041201
0.216307108008
0.216307108008
0.216307108008
0.103185606429
-0.0291249443091
-0.605299647137
0.217987782515
0.217987782515
0.216307108008
-0.0291699912442
0.103185606429
-0.0293547540264
-0.0291699912442
-0.0291699912442
-0.0290542490697
0.103185606429
-0.0291233986653
-0.0290542490697
-0.0289383892113
-0.0289383892113
0.103185606429
-0.0290075445123
-0.0291233986653
-0.0290075445123
0.103185606429
-0.0290075445123
-0.0290542490697
-0.0291699912442
-0.0291699912442
0.103785443356
-0.0290075445123
-0.0293547540264
-0.0295394230205
-0.0291685686335
0.103785443356
-0.0289587558815
-0.0290750485796
-0.029050743829
0.103785443356
-0.0291202813075
-0.0291444680842
-0.0290750485796
-0.0289587558815
0.103785443356
-0.0289587558815
-0.0289587558815
-0.0290976418479
-0.0291202813075
0.103402539483
-0.0291202813075
-0.0289587558815
-0.0290075445123
0.103185606429
-0.0290075445123
-0.0290542490697
-0.0292152215764
-0.0292152215764
0.103402539483
-0.0290075445123
-0.0291233986653
-0.0291233986653
-0.0290075445123
0.103402539483
-0.0289383892113
-0.0291233986653
-0.0289383892113
0.103402539483
-0.0290542490697
-0.0291699912442
-0.0295394230205
-0.0291699912442
0.106170359791
-0.0291233986653
-0.0291233986653
-0.0289383892113
-0.0294702555928
0.106170359791
-0.0291233986653
-0.0291699912442
-0.0291233986653
0.106170359791
-0.0290542490697
-0.0291233986653
-0.0291233986653
-0.0290075445123
