0.292635938652
0.276583320709
0.165085807876
0.142747188196
0.142694330377
0.0290561151734
0.0294705938848
-0.207625756913
0.02933142048
0.0288485950772
0.0288485950772
0.02933142048
-0.206791776905
-0.20974373713
-0.575744329729
-0.60746672167
-0.474100961868
-0.540158917765
0.274902646202
0.274902646202
0.142910705314
0.0288485950772
0.0288485950772
0.0290328371971
0.0290328371971
0.0294255469497
0.0294255469497
0.0294721395286
0.0294721395286
0.0296571489826
-0.21410596809
0.0290561151734
0.0294255469497
-0.355428223071
-0.20974373713
0.161781144623
0.0295879936816
0.0295879936816
0.0296571489826
0.0294721395286
0.0294721395286
0.0294255469497
0.0294255469497
0.0290561151734
0.0289176749335
0.0294255469497
0.0294255469497
0.0290561151734
0.0294705938848
0.0290561151734
0.0291252826011
0.0294255469497
0.0296571489826
0.0295879936816
0.0295879936816
0.0293576323271
0.0294721395286
0.0296571489826
0.0293576323271
0.0294510701097
0.0294510701097
0.0296367823125
0.0294721395286
0.0294721395286
0.0294705938848
0.0289867198127
0.0291247047458
0.02933142048
0.0290557297412
0.0294721395286
0.0294721395286
0.0295412891242
0.0294255469497
0.0294721395286
0.0295412891242
0.0294255469497
0.0294255469497
0.0294721395286
0.0295412891242
0.0294255469497
0.0290561151734
0.0294705938848
0.0294705938848
0.0293325744356
0.0291252826011
0.0295412891242
0.0294255469497
0.0294255469497
0.0292407841675
0.0292407841675
0.0294255469497
0.0294255469497
0.0291252826011
0.0290561151734
0.0290561151734
0.0290561151734
0.0294705938848
0.0294705938848
0.0294705938848
