0.311618451546
0.295565833603
0.185225098566
-0.190209977869
-0.531615903316
0.163183968739
-0.356254778827
0.295565833603
-0.356254778827
0.295565833603
0.163183968739
-0.188044491873
0.163183968739
0.0484350839879
-0.190521767576
0.048313933374
-0.521063083858
0.293885159096
0.293885159096
0.161676843271
0.0479001878276
-0.190303514636
0.0481072176398
0.0484531067789
0.0484531067789
0.0478311079712
0.0484080598438
0.0484546524227
0.0485238020182
0.0486396618766
-0.1949096082
-0.190178040427
-0.336606011024
0.180763657517
0.0485013160991
0.0484546524227
0.0485238020182
0.0486396618766
-0.336445710177
0.0492882865874
0.0485705065757
0.0485238020182
0.0484080598438
0.0484080598438
0.0484531067789
0.0485929164857
0.0484080598438
0.0480386280675
0.0480153500912
0.0484531067789
0.0478311079712
0.0482935333469
0.0485030025084
0.0482935333469
0.0485030025084
0.0485705065757
0.0485705065757
0.0483628295116
0.0485030025084
0.0485030025084
0.0484335830038
0.0483401452212
0.0485238020182
0.0485929164857
0.0480386280675
0.0478311079712
0.0479692327067
0.0486396618766
0.0485705065757
0.0482935333469
0.0485013160991
0.0486396618766
0.0485705065757
0.0486396618766
0.0486396618766
0.0483628295116
0.0482935333469
0.0484787843837
0.0483628295116
0.0485705065757
0.0486396618766
0.0484546524227
0.0484080598438
0.0484080598438
0.0484080598438
0.0484080598438
0.0484080598438
0.0484080598438
0.0480386280675
0.0484531067789
0.0484531067789
0.0483150873297
0.0484080598438
0.0485238020182
0.0484546524227
0.0484080598438
0.0484080598438
0.0481769278303
0.0478311079712
