0.0254953047295
0.0356305124058
0.0363594693814
0.0292599198082
-0.0405428989383
-0.0612750847377
-0.060984092313
-0.0501101690852
-0.00748760998689
-0.00419839624632
-0.0490613895689
-0.0312759905976
-0.0490613895689
-0.0500293210343
-0.058847920342
0.0254953047295
0.0329131137457
0.0292599198082
0.0255300056774
0.000731838984002
0.000731838984002
0.000703157278979
0.000731838984002
0.000731838984002
0.000731838984002
0.000641858219503
0.000789242564504
0.00046558735653
0.00046558735653
0.000670565810314
0.000641858219503
0.00046558735653
0.000670565810314
0.00046558735653
0.00046558735653
0.00046558735653
0.00049426716434
0.00046558735653
0.00046558735653
0.000641858219503
0.000846699768155
0.000731838984002
0.000731838984002
0.000817964458741
0.00046558735653
0.000609120601509
0.000609120601509
0.000637867559397
0.000666627975598
0.000666627975598
0.000341918880715
0.000193632212796
0.000136238746943
0.000637867559397
0.000666627975598
0.000695401859565
0.000637867559397
0.000580387092491
0.000609120601509
0.000666627975598
0.000695401859565
0.000341918880715
0.000136238746943
0.000720342800625
0.0256954169776
0.0254953047295
0.0255300056774
0.0293528132073
0.0293528132073
0.0294243129449
0.0294243129449
0.025441763331
0.0253991335355
0.0253722396051
0.0254953047295
0.0254953047295
0.0293528132073
0.0294243129449
0.0254685718064
0.0294243129449
0.0294243129449
0.0291527612015
0.0294243129449
0.0253991335355
0.0255647229321
0.0253991335355
0.000193632212796
0.000341918880715
0.000193632212796
0.000720342800625
0.000136238746943
0.000666627975598
0.000341918880715
0.000695401859565
0.000489997183292
0.000341918880715
0.000193632212796
0.000193632212796
0.000136238746943
