0.012747652364733741
0.024624489833325103
0.03371435717868687
0.039566341140324424
0.032809191317276776
0.024055607783318278
0.016432596244197684
0.010864799679176862
0.010116038680487494
0.009734366294458119
0.005645917163717873
0.0032400717331316775
0.00026431323607423174
0.003599601305029454
0.0072775963264055665
0.005777872518789806
0.003949366199584525
0.0024093704202061694
0.0011328701363381155
0.0010980206609094711
0.0010647552525456794
0.0010341831969379323
0.001003689905937799
0.0009744163465776889
0.0009462686933467968
0.0009224961666985942
0.0008943089322520636
0.0008782541958199941
0.0008627346172689343
0.0008411034620975366
0.0008210453927380845
0.0008069366849644544
0.0007872141611316996
0.0007739116652308864
0.0007609786831050958
0.0007483952410367589
0.0007353882103962039
0.0007234500730493032
0.0007118103891360361
0.0006961553106116236
0.0006759957923222482
0.0006589762810663702
0.0006423435768845298
0.0006241665889125114
0.000614045124640139
0.0006010851118420923
0.0005883950993106346
0.0005753773940168072
0.0005620448345048379
0.0005489736977284387
0.0005423983346377614
0.0005387448966605035
0.000536221956902283
0.0005246243649132953
0.0005127202939204656
0.0005005202612965443
0.0004895225447552054
0.0004796854753909008
0.0004695334653657124
0.0004586051378968614
0.0004473889788716434
0.0004419616950507299
0.0004398329646296828
0.00042875076769699483
3.942626803632443e-05
0.0003411006682243478
0.0007165419281854879
0.0011419450181461288
0.0015612709211073605
0.0019756978639926537
0.0023843688771156835
0.0027328861830200335
0.003076117717283111
0.0034144142453514936
0.0037498787812655365
0.004080986634894979
0.004457304752937041
0.004829764410466897
0.005148121558046781
0.005511384680822795
0.005870217765516217
0.006221455852281843
0.006571745292101583
0.006870558627812939
0.007167822847953476
0.007459766911579568
0.007461967277634041
0.00746580906281058
0.007467960531841622
0.00747587638679359
0.00747735724273868
0.0074845252854870425
0.007488162720388214
0.007495482739962589
0.007500586877288495
0.007504111814203074
0.007506087653109117
0.007508043534046438
0.007509405921515833
