0.157433838966
-0.0422741709214
-0.133874915564
-0.127289379487
-0.0921864526002
-0.017492678875
-0.0079727942675
-0.0175621297027
-0.0424215695698
-0.0424542678207
-0.00612432804677
-0.00673266599866
-0.00749919906166
0.173923584824
0.177761156196
0.0589645393962
-0.00723579015193
-0.00782350966449
-0.00749919906166
-0.00749919906166
-0.00768681148055
-0.0073111395207
-0.0073111395207
-0.00753675726413
-0.00749919906166
-0.00761182006554
-0.00749919906166
-0.00749919906166
-0.00749919906166
-0.00708487561668
-0.00712263125739
-0.00749919906166
-0.00719808851213
-0.00712263125739
-0.00719808851213
-0.00723579015193
-0.00753675726413
-0.00803675110114
-0.00753675726413
-0.00746162297433
-0.00749919906166
-0.00749919906166
-0.00749919906166
-0.00764932468998
-0.00764932468998
-0.00783658055832
-0.00803675110114
-0.00764932468998
-0.00763650508581
-0.00803675110114
-0.00782350966449
-0.00789818735827
-0.00793549965466
-0.00786085736574
-0.00778614424192
-0.00783658055832
-0.00763650508581
-0.00774876108539
-0.00767394151999
-0.00789818735827
-0.00789818735827
-0.00789818735827
-0.00763650508581
-0.00767394151999
-0.00803675110114
-0.00749919906166
-0.00749919906166
-0.00749919906166
-0.00803675110114
-0.00764932468998
-0.00749919906166
-0.00749919906166
-0.00764932468998
-0.00803675110114
-0.00783658055832
-0.00774876108539
-0.00803675110114
-0.00803675110114
-0.00803675110114
-0.00803675110114
-0.00764932468998
-0.00764932468998
-0.00764932468998
-0.00753675726413
-0.00761182006554
-0.00753675726413
-0.00753675726413
-0.00749919906166
-0.00753675726413
-0.00753675726413
-0.00749919906166
-0.00753675726413
-0.00753675726413
-0.00749919906166
-0.00749919906166
-0.00749919906166
-0.00749919906166
-0.00749919906166
-0.0073111395207
