0.07871691948309856
0.0646255291759763
0.031156800284952046
0.00569892438745534
0.009665484379236977
0.012164438504230546
0.013161037787667529
0.015112385532417227
0.01935454248939661
0.023214021382188532
0.023724382052752957
0.024242279437265313
0.02477793651309823
0.013183030858152867
0.002072958595914498
0.0013955437215078526
0.0009935553797336683
0.000581791713181401
0.00020683176009839155
0.00015027295712355393
0.0004996734789667334
0.0008175491103017407
0.0011221799236644792
0.0014236502142296326
0.001712080947370409
0.0019940002090570452
0.002261828746973449
0.0025204218180652216
0.002770395120120561
0.002998939494852193
0.0032215217216455816
0.003448770178059557
0.0036604786637105535
0.0038639824139217183
0.004063929317036585
0.004259491213034816
0.004457826930511888
0.0046638974715667025
0.004852316403169854
0.005034307207421929
0.005212859566032901
0.005387259544211043
0.005557695886521552
0.005727680879632158
0.005893970546805627
0.006060706303365526
0.006228138617972556
0.006384247285114997
0.006536977386831233
0.006694560741755451
0.006845012850688059
0.006994035253674258
0.007140988950982696
0.007283913630359851
0.007422951920394105
0.007560435789838227
0.007692099670628116
0.007823434604278812
0.007951333629611868
0.008080812110894953
0.008208202229576633
0.008333570282882508
0.008452890674848335
0.008570951313617292
0.008692720269695142
0.008804648613899069
0.008914930953041078
0.009023614997412999
0.009138425727429289
0.009246162694893756
0.009350318237416833
0.009453046991686143
0.009556416244253407
0.009663572925601938
0.009766685827685029
0.009867319088534332
0.009970354359061684
0.010072085385658403
0.010172544774422643
0.010271763923819344
0.010365048371258068
0.010457208909691595
0.010548272298858019
0.010636940031377162
0.010725449567022927
0.010812078960863447
0.01089772392977395
0.010981984593388061
0.011065726340767301
0.011148547849164303
0.011230060882443271
0.01131110128313284
0.011391279551900113
0.011470218489391226
0.011548335146283506
0.011625646476816076
0.011702168916220779
0.011777918401692067
0.011851029796899115
