0.0693050580896
0.30520974908
0.418917359644
-0.263545923239
-0.349081899449
-0.348824175085
-0.299144858545
-0.0792051938037
0.305693623152
0.305695168796
0.305696723105
0.30588017825
0.305140704201
0.305554449747
0.0807308098879
0.067161602328
0.0665602089831
0.0669370017376
0.0665602089831
0.0669530885297
-0.264350014505
-0.262910121055
-0.264674114606
-0.0987657341885
0.0669530885297
0.0668114658715
0.0672820586611
0.0664344878697
0.0664344878697
0.0670624759457
0.0670624759457
0.066827741403
0.066827741403
0.066827741403
0.0664344878697
0.0670037793971
0.0672820586611
0.0664344878697
0.0664344878697
0.0664344878697
0.0667132821499
-0.0990142624542
-0.0987657341885
0.0624645539451
0.0665602089831
0.066827741403
-0.263545923239
-0.0996840308127
-0.179722384518
-0.262910121055
-0.263694822688
-0.0988509615521
0.0620785032438
0.0669530885297
0.0619522080739
0.0621170611771
0.0624645539451
-0.0792051938037
-0.0833010747334
-0.0793930301262
-0.0792051938037
-0.0790521010447
-0.0793654946504
0.0668992808472
0.0667623500771
0.0667132821499
-0.079281852257
-0.0795596914406
-0.0793861613388
-0.0793930301262
-0.0796429613316
0.0668992808472
-0.0790521010447
0.0671510515769
0.0621170611771
0.0667733023718
0.0671563295505
0.0670251972336
0.0669423692678
-0.079281852257
-0.0792122083023
0.0623309081734
0.0619522080739
-0.079281852257
-0.0790521010447
-0.0790521010447
-0.0790521010447
-0.0791356771524
-0.079281852257
-0.0792051938037
-0.0793861613388
-0.0790521010447
-0.0792192125508
-0.0793654946504
-0.0792051938037
0.0621170611771
0.0667132821499
0.0664792921374
-0.079281852257
