-0.260696571238
0.556895830246
0.445078407522
0.309832999151
0.073520732632
-0.295206791749
-0.344844344604
-0.301468212239
-0.270416778815
-0.259846408228
-0.0950176575642
0.309345346734
0.309739479097
0.309784649066
0.309783103422
0.310690205002
0.309643930017
0.0708627826416
0.0705239681395
0.0706496892529
-0.259456442969
-0.0751923719872
-0.259076777899
0.0664431645029
0.0705239681395
0.0705239681395
0.0709009461413
0.0707753485716
0.0711519562155
0.0709118018222
0.0705239681395
0.0710264820074
0.0710264820074
-0.0788001921466
-0.259820745479
-0.259456442969
-0.0751923719872
0.0709172216728
0.0711519562155
-0.259456442969
-0.259808652587
-0.0751923719872
0.0709009461413
0.070398185186
0.0712405318467
0.0709887611169
0.0709887611169
0.0712405318467
0.0705239681395
0.0706496892529
0.0705687724072
0.0663018798984
0.0664431645029
0.0665615627696
0.0664203884432
0.0661679835136
-0.0751227280325
-0.0753869007789
-0.0952899380045
-0.0788825525133
-0.0792898128823
-0.0755534810618
-0.0749626207749
-0.075129732281
0.0711519562155
0.0662942168649
-0.0751157135339
-0.0755534810618
-0.0753035498565
-0.0750461968826
-0.075129732281
0.0713715389309
-0.0751157135339
-0.0755534810618
0.0702723403466
0.0728171409923
0.0709887611169
0.0708518303469
0.0712405318467
0.0705687724072
0.0662065414469
0.0664431645029
-0.0751227280325
-0.0752132269999
-0.0751367263018
-0.075296681069
-0.0751227280325
-0.0749626207749
-0.0749626207749
-0.0751227280325
0.0662142304465
0.0664203884432
0.0662065414469
0.0661679835136
-0.0751157135339
-0.075129732281
-0.075296681069
-0.075129732281
-0.075296681069
