0.13034828561911427
0.05528365779630917
0.16655325967675028
0.22851985950702502
0.24077331494569731
0.19860091612436426
0.15549537304886285
0.12199890502231181
0.09495722714077448
0.07133482639276334
0.06341668826241087
0.08721248416503757
0.10933673267199895
0.12998904260970845
0.14935048657357186
0.16762638098545757
0.1848288215419579
0.18855844168098823
0.192084640087964
0.19544891100476658
0.18365543632433956
0.18038620275967965
0.16959133701388096
0.17224906359399883
0.1749615239070571
0.1775735227270392
0.18010569937494203
0.18254622863603143
0.18491796050988052
0.18720543798801725
0.1894093119923771
0.1915616296289656
0.19365064380565444
0.19139920974432445
0.18418196681435017
0.17716963051788004
0.1751908838866385
0.17700927418594015
0.17878807309132694
0.1724598671652442
0.16627394686554386
0.1645252870518885
0.166136672191463
0.16770107630670716
0.16924978352076625
0.17076018269346716
0.17223911521673674
0.17369300362177187
0.17510348298456224
0.17648877100912796
0.1778458627861894
0.17909684165219653
0.1803272706244733
0.18153748085664856
0.1827235592217058
0.1838844010377335
0.1825891815888968
0.18131143750789913
0.17972327187449022
0.17843011527591146
0.17715124732619714
0.1759519857220414
0.1747806947724333
0.17362485273734063
0.17470291267999927
0.17569237860335674
0.1745877357572697
0.1734927577708667
0.17241699277291733
0.17136000408442997
0.17031653558052695
0.1712942278946492
0.17027915068473143
0.16927177093724066
0.17019640699443306
0.17114208415017662
0.17205219647218872
0.17294905508417424
0.17383956173225823
0.17471078114469274
0.17551817799160585
0.1763186980458582
0.17542437985499482
0.1745395183608781
0.17366583549690318
0.17280035640415603
0.17194668904014998
0.1711044124022295
0.17027149439361933
0.16944596990974536
0.17016568980590308
0.17087988753109884
0.17158421244010813
0.17228071752972474
0.17149826218041309
0.1707237288579283
0.16995539537763238
0.16919650919297557
0.16844354238228554
