0.272310611341
0.256257993398
0.14711695803
0.00912724378285
-0.227243298489
-0.567193829391
0.256257993398
0.256257993398
0.256257993398
-0.567100935992
0.256257993398
0.256257993398
0.00926266637059
0.0239345702598
-0.567344366408
0.254577318891
0.254577318891
0.254577318891
0.00900724712459
0.00852326776616
0.00866139250164
0.00873040243023
0.00859234762247
0.00852326776616
0.0087075098861
0.00852326776616
0.00914526657377
0.00879995529011
0.00900724712459
0.00910021963872
0.00914681221759
0.00914681221759
-0.375753550382
-0.375913851229
0.256257993398
0.141455817312
0.00926266637059
0.00926266637059
0.00933182167155
0.00914681221759
0.00914681221759
0.00928507628065
0.00910021963872
0.00910021963872
0.00879995529011
0.00910021963872
0.00879995529011
0.00914526657377
0.00910021963872
0.00910021963872
0.00914681221759
0.00921596181316
0.00912574279872
0.00926266637059
0.00928507628065
0.00910021963872
0.00873078786243
0.00933182167155
0.00919516230333
0.00873040243023
0.00919516230333
0.00917094417866
0.00931145500144
0.00921946705388
0.00931145500144
0.00912574279872
0.00926266637059
0.00859234762247
0.00873040243023
0.00914526657377
0.00879995529011
0.00921596181316
0.00914681221759
0.00921596181316
0.00910021963872
0.00928507628065
0.00921596181316
0.00921596181316
0.00910021963872
0.00921596181316
0.00910021963872
0.00914681221759
0.00921596181316
0.00910021963872
0.00879995529011
0.00914526657377
0.00914526657377
0.00873078786243
0.00891545685647
0.00873078786243
0.00873078786243
0.00900724712459
0.00914526657377
0.00900724712459
0.0087075098861
0.00879995529011
0.00886908762524
0.00859234762247
0.0087075098861
