0.03193198673390274
0.34940586797620954
0.5875112789079395
0.7779956076533237
0.936732548274477
1.0727927830926087
1.191845488558474
1.2976701156392427
1.392912280011935
1.4794960658052911
1.558864536115868
1.6321277394794773
1.7001578568885432
1.7636526331370046
1.8231789858699372
1.879203788442109
1.9321161019824933
1.9822435569154893
2.0298646391018353
2.0752180507078792
2.1185099436045576
2.159919580288337
2.1996038154436253
2.237700681192702
2.2743322828745067
2.309607158568096
2.343622217272629
2.376464342918385
2.408211731042616
2.4389350098725164
2.4686981862389827
2.4975594481701013
2.5255718494561874
2.5527838964198137
2.579240053190006
2.604981178696139
2.630044906162637
2.654465973950507
2.67827651504368
2.7015063112321416
2.7241830170351635
2.7463323575869523
2.7679783040352914
2.789143229451445
2.8098480477933347
2.8301123380853968
2.849954455663041
2.869391632065631
2.88844006494017
2.9071149991308936
2.925430799971796
2.9434010196647566
2.9610384575115516
2.978355214670223
2.9953627440224895
3.0120718956668213
3.028492958489699
3.044635698213884
3.0605093922759994
3.076122861845293
3.091484501260244
3.106602305128925
3.1214838933121576
3.1361365339848795
3.150567164950439
3.1647824133642737
3.1787886140073165
3.1925918262352426
3.206197849717056
3.2196122390653223
3.2328403174504188
3.245887189282294
3.2587577520353608
3.271456707285053
3.2839885710183014
3.2963576832744956
3.3085682171684305
3.320624187342189
3.3325294578887754
3.344287749786639
3.35590264788087
3.3673776074438444
3.3787159603453554
3.38992092085979
3.400995591135684
3.4119429663509355
3.4227659395751053
3.4334673063585535
3.44404976906663
3.454515940975717
3.4648683501466615
3.4751094430899614
3.485241588235992
3.4952670792225917
3.505188138011414
3.51500691784365
3.524725506044945
3.5343459266886517
3.5438701431259205
