0.06876197147918783
0.1027297292123569
0.20339414904988895
0.2568766032458365
0.262038904943792
0.2452370334925329
0.2029876228745856
0.16090307291607964
0.1306650433866493
0.10322166419201018
0.12555626481739623
0.14613538510030788
0.16524108331795095
0.1830652416679629
0.18499402149089772
0.1867812476562165
0.18846918347901764
0.19006213213441803
0.191581274374939
0.19303449830764452
0.18229281436093447
0.1691612460743981
0.17042233042659005
0.1716616225482115
0.17284388068967116
0.17398686132548435
0.17508482812436776
0.1761491307656784
0.1771698449130088
0.1781499366810868
0.17909940058141238
0.18002363811798117
0.18092784607000278
0.18180621950910947
0.18266019368601882
0.1834910874797684
0.18430331844287384
0.18509472297102791
0.18586319076297664
0.1866188566907946
0.18735943262754728
0.18807428638749968
0.18877842963842095
0.18946431356282112
0.19013264117953277
0.1907867490597186
0.19142722969240056
0.19205463929176247
0.19267193482372258
0.1932747401250703
0.1938589384555428
0.19443670118044687
0.19500151300835
0.19555826617962113
0.19610724957906278
0.19664446755134202
0.19713673974162693
0.19765162640577216
0.1981640109119177
0.19866209033503934
0.19915794630872863
0.19963835939527796
0.20008448106772359
0.20055204867728982
0.2010124634038648
0.2014640581472773
0.2019109977740685
0.20232320146203864
0.20273131621840013
0.20107695202115272
0.19944189260409595
0.19976719747179383
0.2001810005044954
0.20059090810941183
0.1990443759817072
0.19751792868682994
0.1979075683614685
0.19829056643499554
0.19867333424024447
0.19905287831887086
0.19942779381117248
0.19979819224935003
0.20015989278280744
0.20051733801587124
0.20084952444546778
0.2011793399550278
0.20150583118279863
0.20182970850469373
0.20214992854552793
0.20246181903176996
0.2011842490132314
0.19991936777482755
0.20017240834158545
0.20047116659682784
0.20071853383997307
0.2009646522801103
0.20120954677267733
0.2014481423299712
0.20173545461040954
