0.19347932394356038
0.31443094318911013
0.317773130802821
0.25377858527156816
0.1987056037964563
0.1408278321741543
0.10073878971087424
0.08529965923045846
0.11026277135492091
0.13295241447397355
0.15374559444788416
0.17295356092423608
0.19078113766063465
0.20739555480070704
0.2082087933234058
0.2089535368890676
0.2096496582443358
0.19280898836769034
0.19334398077617343
0.19396359107918204
0.1945495079161984
0.19510995010812704
0.19565718021614598
0.19617765287067324
0.19667793970422698
0.19715985882878928
0.19762456655604577
0.1980690551910237
0.19849077488451916
0.19889889071693412
0.19929425292958614
0.19967763446912745
0.20004960679792205
0.200414423503671
0.20077248379295876
0.20112415450547716
0.20146657072556085
0.2018000952812633
0.2021313715071379
0.20245754066172472
0.20277283961844328
0.20308383811467723
0.20338470864715097
0.20367917640348387
0.2039646877641894
0.20424412441509265
0.20451773946910212
0.20478577054241753
0.2050459196958655
0.20530813411425886
0.2055629619803162
0.2058107642933814
0.2060517238556625
0.20628830233499307
0.20652065619862126
0.20674893367867708
0.20697117799616604
0.20718965546081625
0.20740051530756398
0.2076118295766518
0.20781581440211983
0.2080223511697894
0.2082275624602965
0.20842587277436353
0.20862486554091586
0.20882082409556368
0.2090156924637252
0.20920950312079856
0.20939538621170117
0.209571803025829
0.20975083317047294
0.2099241426335533
0.2100999779898125
0.21027509162437852
0.21044629973442042
0.21061054725622586
0.2107727471383395
0.21093141511868196
0.2110897296038703
0.21124592208294268
0.21140020977568497
0.21155263858056284
0.21170325275681123
0.21185220146994355
0.21197942562680094
0.21212500216490515
0.212245283526884
0.21236704508800475
0.2124888528138511
0.21260793829670555
0.21272424099420184
0.21283941089166836
0.21295469577400616
0.21306387457360965
0.2131719160940505
0.21328289794452038
0.21339157937556597
0.21350031916845058
0.21361031890883342
