20.8626611153
0.847038286793
7.3439379337
8.92696800376
8.92751836641
8.92751835345
8.92751835345
8.92751835345
8.92751835345
8.92751835345
8.92751835345
8.92751835345
8.92751835345
8.92751835345
8.92751835345
8.92751835345
8.92751835345
8.92751835345
8.92751835345
8.92751835345
8.92751835345
8.92751835345
8.92751835345
8.92751835345
8.92751835345
8.92751835345
8.92751835345
8.92751835345
8.92751835345
8.92751835345
8.92751835345
8.92751835345
8.92751835345
8.92751835345
8.92751835345
8.92751835345
8.92751835345
8.92751835345
8.92751835345
8.92751835345
8.92751835345
8.92751835345
8.92751835345
8.92751835345
8.92751835345
8.92751835345
8.92751835345
8.92751835345
8.92751835345
8.92751835345
8.92751835345
8.92751835345
8.92751835345
8.92751835345
8.92751835345
8.92751835345
8.92751835345
8.92751835345
8.92751835345
8.92751835345
8.92751835345
8.92751835345
8.92751835345
8.92751835345
8.92751835345
8.92751835345
8.92751835345
8.92751835345
8.92751835345
8.92751835345
8.92751835345
8.92751835345
8.92751835345
8.92751835345
8.92751835345
8.92751835345
8.92751835345
8.92751835345
8.92751835345
8.92751835345
8.92751835345
8.92751835345
8.92751835345
8.92751835345
8.92751835345
8.92751835345
8.92751835345
8.92751835345
8.92751835345
8.92751835345
8.92751835345
8.92751835345
8.92751835345
8.92751835345
8.92751835345
8.92751835345
8.92751835345
8.92751835345
8.92751835345
8.92751835345
