0.00146589985206
-0.739582223556
-0.0160512374138
-0.795370159314
-0.707049671943
-0.785426029768
-0.36941324658
-0.735710549336
-0.747292620512
-0.369789854224
-0.797392275984
-0.535241456714
-0.743974159565
-0.699641980695
-0.736082704834
-0.797855997346
-0.706956802201
-0.735771994545
-0.367869291658
-0.535326684078
-0.536081735436
-0.516035413966
-0.710685698169
-0.369324670949
-0.535691078931
-0.519855015678
-0.634676943099
-0.735739256927
-0.12998973707
-0.706956802201
-0.786153730344
-0.130533148824
-0.736339033371
-0.700788178828
-0.515757574783
-0.131011909091
-0.73627719778
-0.703468001401
-0.710885810417
-0.736163507679
-0.767927644842
-0.369314120198
-0.63432444037
-0.130714870408
-0.736248795052
-0.53548998498
-0.699413307813
-0.69933693725
-0.736054157527
-0.785393057605
-0.736139759567
-0.779856896989
-0.710981981611
-0.367626772037
-0.73591552779
-0.735714487171
-0.131219856061
-0.820676711115
-0.742006498772
-0.736248795052
-0.701013260216
-0.73591552779
-0.130782099374
-0.369915513543
-0.369314120198
-0.742125240994
-0.344379088583
-0.369789854224
-0.367401404255
-0.129946919565
-0.736248795052
-0.369713372449
-0.701125560325
-0.5358551408
-0.00954622317852
-0.736054157527
-0.369324670949
-0.0174766401992
-0.735685713287
-0.777207108945
-0.367279698026
-0.70022265243
-0.519855015678
-0.767657105744
-0.736139759567
-0.710981981611
-0.776775058112
-0.536081735436
-0.129917778286
-0.700170545214
-0.707028301939
-0.795341984849
-0.369915513543
-0.369314120198
-0.710939351815
-0.735649276162
-0.703468001401
-0.747216501041
-0.73960983328
