-0.438118902876
0.508864437402
-0.433064106973
-0.431759996589
-0.438275734385
-0.438124715935
-0.438270918897
-0.425327731301
-0.358716209281
-0.437045615438
-0.438120069669
-0.438398388623
-0.438278699814
-0.437541123299
-0.438270134166
-0.436509219857
-0.437533211982
-0.438275719339
-0.437521708319
-0.437519782677
-0.437519267744
-0.438119098021
-0.436851119553
-0.437049063285
-0.437519782677
-0.43813133027
-0.438398388623
-0.438121495365
-0.31600682942
-0.436050183322
-0.438124715935
-0.43812336112
-0.438398388623
-0.438270951386
-0.438398388623
-0.437361351586
-0.438271533365
-0.36546302058
-0.418415041412
-0.290834255886
0.289012393458
-0.43813250189
-0.438274931833
-0.377029735201
-0.434554922515
-0.438398388623
-0.438119098021
-0.437551648572
-0.43811661911
-0.438398388623
-0.437044801617
-0.438398388623
-0.436030724155
-0.438131579658
-0.43811737134
-0.436849921605
-0.281015122446
0.0529296589492
-0.438134988122
0.289267684169
0.0506166693877
-0.323093440406
-0.438134257614
-0.438126870838
-0.43827842701
-0.436230638081
-0.438128592319
-0.438398388623
-0.280126724741
-0.438398388623
-0.438398388623
-0.438271243041
-0.438398388623
-0.438131365926
-0.438124903049
-0.438277498874
-0.437516554408
-0.434531956285
-0.375245175369
0.290219619905
-0.438273091041
-0.438398388623
-0.437552245625
-0.438398388623
-0.436852554645
0.0527729617876
-0.437529956143
-0.438276362997
-0.421332872734
-0.321915884019
-0.43827714711
-0.43827646714
-0.438270983858
-0.399618432196
-0.438279014145
-0.438398388623
-0.43706386905
-0.433046979418
-0.434914674984
