-0.455934214361
0.026316933667
0.265486217747
0.0287903138514
0.0269992438575
0.26546092685
0.0518270880902
0.266094493426
0.266438366262
0.0291384468658
0.0265999916067
0.0267260971154
0.0289119598002
0.0290336660294
0.028547202616
0.266010361142
0.266001840624
0.0286865920183
0.0415680655047
0.028434913884
0.0267369223767
0.0288857426812
0.265958313369
0.0219547027067
0.0271197001907
0.0265999916067
-0.238011076315
0.265598493647
0.0288813579555
0.0266109439014
0.0286865920183
0.0426956384177
-0.123541651622
0.0291426996192
0.265985648677
0.0285517342419
0.0219161447734
0.0291384468658
0.266298507792
0.26636644449
0.266026420463
0.0285607840532
0.0287548476968
0.266298507792
-0.119374566773
0.0418193058174
-0.138928092659
0.0292730787751
0.0267369223767
0.0284303278318
0.028547202616
0.378737876522
0.028750394577
0.0518270880902
0.0290121261575
-0.119805319802
0.265579474002
-0.119805319802
0.0286865920183
0.0289119598002
0.0267369223767
0.0286865920183
0.0265235098314
0.265529727631
0.26632734884
0.266078884536
0.0219623917063
0.0291384468658
0.0267369223767
0.265848727553
0.026316933667
0.265531264682
0.029151192472
0.0269886931065
0.0265509236795
0.0220500411582
0.0290078053363
0.0291384468658
0.029151192472
0.0265999916067
0.0262721293993
0.265724075264
0.265185953398
0.26639558577
0.0289119598002
0.0404446622823
0.265735921488
0.0284440723968
0.265185375543
0.0426956384177
0.265848727553
0.0219547027067
0.028434913884
0.0289119598002
0.0269992438575
0.0289119598002
0.0518129842504
0.0289119598002
0.0268628387632
