2.73744017246
3.90310780406
3.71572628621
3.72693026208
3.72746064912
3.72746080745
3.72746080206
3.72746080192
3.72746080192
3.72746080192
3.72746080192
3.72746080192
3.72746080192
3.72746080192
3.72746080192
3.72746080192
3.72746080192
3.72746080192
3.72746080192
3.72746080192
3.72746080192
3.72746080192
3.72746080192
3.72746080192
3.72746080192
3.72746080192
3.72746080192
3.72746080192
3.72746080192
3.72746080192
3.72746080192
3.72746080192
3.72746080192
3.72746080192
3.72746080192
3.72746080192
3.72746080192
3.72746080192
3.72746080192
3.72746080192
3.72746080192
3.72746080192
3.72746080192
3.72746080192
3.72746080192
3.72746080192
3.72746080192
3.72746080192
3.72746080192
3.72746080192
3.72746080192
3.72746080192
3.72746080192
3.72746080192
3.72746080192
3.72746080192
3.72746080192
3.72746080192
3.72746080192
3.72746080192
3.72746080192
3.72746080192
3.72746080192
3.72746080192
3.72746080192
3.72746080192
3.72746080192
3.72746080192
3.72746080192
3.72746080192
3.72746080192
3.72746080192
3.72746080192
3.72746080192
3.72746080192
3.72746080192
3.72746080192
3.72746080192
3.72746080192
3.72746080192
3.72746080192
3.72746080192
3.72746080192
3.72746080192
3.72746080192
3.72746080192
3.72746080192
3.72746080192
3.72746080192
3.72746080192
3.72746080192
3.72746080192
3.72746080192
3.72746080192
3.72746080192
3.72746080192
3.72746080192
3.72746080192
3.72746080192
3.72746080192
