-0.642571500317
-0.169134386405
-0.500893457949
-0.512393424785
0.0672954221147
-0.317459717942
-0.317626298225
-0.435886072875
-0.50214538141
-0.50135099215
-0.317549762298
-0.317626298225
-0.50135099215
-0.543702266374
-0.569538964723
-0.512358723837
-0.168547899648
-0.435807297391
-0.321366572381
-0.502295793196
-0.337589349804
-0.435832054738
-0.171548849024
-0.169197221125
-0.317626298225
-0.537423142158
-0.168909018623
-0.502333351398
-0.596342703891
-0.168682531558
-0.502633174693
-0.33727690029
-0.168669785951
-0.508593056449
-0.512551227229
-0.501893562643
-0.502445918824
-0.5026574515
-0.502582738376
-0.543514113141
-0.586983046734
-0.500893457949
-0.542141730542
-0.317292975538
-0.502258217109
-0.169269244182
-0.537279608913
-0.508721878624
-0.537695097302
-0.33727690029
-0.317265189151
-0.168909018623
-0.337589349804
-0.321362630046
-0.336749071082
-0.175866275717
-0.317265189151
-0.169395241183
-0.175770937265
-0.508535916307
-0.537561771895
-0.587065236343
-0.537423142158
-0.169273775807
-0.502032384286
-0.175644829274
-0.508743552965
-0.175770937265
-0.596328430691
-0.508628809706
-0.317188530698
-0.43596913582
-0.502295793196
-0.501893562643
-0.512489595979
-0.170832285317
-0.578714723313
-0.586950119083
-0.435832054738
-0.435861269494
-0.542332450035
-0.435861269494
-0.500893457949
-0.512358723837
-0.512228036022
-0.58129316291
-0.501678159582
-0.156129311137
-0.537561771895
-0.317035437939
-0.501919225392
-0.502732093789
-0.502620103799
-0.171264588096
-0.317549762298
-0.317035437939
-0.622028365809
-0.58039698613
-0.501529260133
