14.9012540515
28.556255948
28.545898137
28.5465091315
28.546594233
28.5465945816
28.5465945456
28.5465945456
28.5465945456
28.5465945456
28.5465945456
28.5465945456
28.5465945456
28.5465945456
28.5465945456
28.5465945456
28.5465945456
28.5465945456
28.5465945456
28.5465945456
28.5465945456
28.5465945456
28.5465945456
28.5465945456
28.5465945456
28.5465945456
28.5465945456
28.5465945456
28.5465945456
28.5465945456
28.5465945456
28.5465945456
28.5465945456
28.5465945456
28.5465945456
28.5465945456
28.5465945456
28.5465945456
28.5465945456
28.5465945456
28.5465945456
28.5465945456
28.5465945456
28.5465945456
28.5465945456
28.5465945456
28.5465945456
28.5465945456
28.5465945456
28.5465945456
28.5465945456
28.5465945456
28.5465945456
28.5465945456
28.5465945456
28.5465945456
28.5465945456
28.5465945456
28.5465945456
28.5465945456
28.5465945456
28.5465945456
28.5465945456
28.5465945456
28.5465945456
28.5465945456
28.5465945456
28.5465945456
28.5465945456
28.5465945456
28.5465945456
28.5465945456
28.5465945456
28.5465945456
28.5465945456
28.5465945456
28.5465945456
28.5465945456
28.5465945456
28.5465945456
28.5465945456
28.5465945456
28.5465945456
28.5465945456
28.5465945456
28.5465945456
28.5465945456
28.5465945456
28.5465945456
28.5465945456
28.5465945456
28.5465945456
28.5465945456
28.5465945456
28.5465945456
28.5465945456
28.5465945456
28.5465945456
28.5465945456
28.5465945456
