-0.280061811037
-0.277786202934
-0.0418311418062
-0.738249360262
-0.762829838206
-0.0408982293375
-0.0411444345683
-0.716656326871
-0.041808249262
-0.277655755908
-0.768339394926
-0.621462395214
-0.0415325585233
-0.277651571025
-0.279804949609
-0.611736846069
-0.750257778251
-0.617918794936
-0.279804949609
-0.0415279037537
-0.278038907119
-0.277773457328
-0.0415529585505
-0.0412068300207
-0.277786202934
-0.765932402732
-0.445852742459
-0.0405973009602
-0.426292202074
-0.6786426361
-0.277655755908
-0.426292202074
-0.752001536785
-0.652656027426
-0.654559104872
-0.25509756171
-0.0414114079094
-0.280652520401
-0.762184599651
-0.0417392742575
-0.0403033686919
-0.446607181282
-0.278134335949
-0.657776701602
-0.430466301423
-0.0415325585233
-0.280144639003
-0.609997129325
-0.697102569976
-0.430059041054
-0.652629169591
-0.0406941127349
-0.280187727423
-0.696234526514
-0.0414637229502
-0.646350542672
-0.0415325585233
-0.0412271966908
-0.708267485629
0.0736640384008
-0.254969031343
-0.040740552864
0.0720467263112
0.0718832091932
-0.651163475787
-0.752001536785
-0.426480038397
-0.426292202074
-0.617982282226
-0.646860080797
-0.0414144014773
-0.278134335949
-0.426292202074
-0.426292202074
-0.0415325585233
-0.0405973009602
-0.279804949609
-0.0413933851185
-0.696283663299
-0.746596492591
-0.736407536597
-0.426222685423
-0.708334230642
-0.0413933851185
-0.750261685371
-0.611549590201
0.0724239549659
-0.0410514392173
-0.611798452869
-0.0413918394747
-0.0415325585233
-0.279804949609
-0.280275542399
-0.707656807159
-0.280024532325
-0.707846396059
-0.0419463040698
-0.611798452869
-0.76287960008
