26.0087771945
17.3779644213
17.3772100262
17.3772064427
17.3772064427
17.3772064427
17.3772064427
17.3772064427
17.3772064427
17.3772064427
17.3772064427
17.3772064427
17.3772064427
17.3772064427
17.3772064427
17.3772064427
17.3772064427
17.3772064427
17.3772064427
17.3772064427
17.3772064427
17.3772064427
17.3772064427
17.3772064427
17.3772064427
17.3772064427
17.3772064427
17.3772064427
17.3772064427
17.3772064427
17.3772064427
17.3772064427
17.3772064427
17.3772064427
17.3772064427
17.3772064427
17.3772064427
17.3772064427
17.3772064427
17.3772064427
17.3772064427
17.3772064427
17.3772064427
17.3772064427
17.3772064427
17.3772064427
17.3772064427
17.3772064427
17.3772064427
17.3772064427
17.3772064427
17.3772064427
17.3772064427
17.3772064427
17.3772064427
17.3772064427
17.3772064427
17.3772064427
17.3772064427
17.3772064427
17.3772064427
17.3772064427
17.3772064427
17.3772064427
17.3772064427
17.3772064427
17.3772064427
17.3772064427
17.3772064427
17.3772064427
17.3772064427
17.3772064427
17.3772064427
17.3772064427
17.3772064427
17.3772064427
17.3772064427
17.3772064427
17.3772064427
17.3772064427
17.3772064427
17.3772064427
17.3772064427
17.3772064427
17.3772064427
17.3772064427
17.3772064427
17.3772064427
17.3772064427
17.3772064427
17.3772064427
17.3772064427
17.3772064427
17.3772064427
17.3772064427
17.3772064427
17.3772064427
17.3772064427
17.3772064427
17.3772064427
