27.7357190876
18.8160860471
18.8167127781
18.816802073
18.8167918809
18.8167909128
18.8167909936
18.8167909926
18.8167909925
18.8167909925
18.8167909925
18.8167909925
18.8167909925
18.8167909925
18.8167909925
18.8167909925
18.8167909925
18.8167909925
18.8167909925
18.8167909925
18.8167909925
18.8167909925
18.8167909925
18.8167909925
18.8167909925
18.8167909925
18.8167909925
18.8167909925
18.8167909925
18.8167909925
18.8167909925
18.8167909925
18.8167909925
18.8167909925
18.8167909925
18.8167909925
18.8167909925
18.8167909925
18.8167909925
18.8167909925
18.8167909925
18.8167909925
18.8167909925
18.8167909925
18.8167909925
18.8167909925
18.8167909925
18.8167909925
18.8167909925
18.8167909925
18.8167909925
18.8167909925
18.8167909925
18.8167909925
18.8167909925
18.8167909925
18.8167909925
18.8167909925
18.8167909925
18.8167909925
18.8167909925
18.8167909925
18.8167909925
18.8167909925
18.8167909925
18.8167909925
18.8167909925
18.8167909925
18.8167909925
18.8167909925
18.8167909925
18.8167909925
18.8167909925
18.8167909925
18.8167909925
18.8167909925
18.8167909925
18.8167909925
18.8167909925
18.8167909925
18.8167909925
18.8167909925
18.8167909925
18.8167909925
18.8167909925
18.8167909925
18.8167909925
18.8167909925
18.8167909925
18.8167909925
18.8167909925
18.8167909925
18.8167909925
18.8167909925
18.8167909925
18.8167909925
18.8167909925
18.8167909925
18.8167909925
18.8167909925
