-0.296550117595
0.0253497299541
-0.290771819401
-0.294313806712
-0.281835643865
-0.2954532404
-0.297272496747
-0.297131688403
-0.291079478276
-0.296524268898
-0.295248416773
-0.297125904895
-0.234401984372
-0.292054327866
-0.293563433308
-0.296549268356
-0.296528366754
0.0454472959714
-0.293560080084
-0.294117950916
-0.180882339541
0.045593471076
-0.29728020556
-0.236651126592
-0.294309028161
-0.29525020056
-0.274947470856
0.0451694567878
-0.297402874844
-0.297130691937
-0.296053549506
-0.29727590684
-0.280171980864
-0.295636090391
-0.295495994183
-0.23594913035
-0.296056778523
-0.295448477449
-0.297125135641
-0.290140305011
-0.295451338008
-0.297279722134
-0.297275632192
-0.290997311154
-0.294313276491
-0.297121620449
-0.29604602274
-0.29728072998
-0.138180972826
-0.297139647679
-0.139168984629
-0.224418370015
-0.279138971704
-0.297277262483
-0.295431784173
-0.293526222861
-0.295234401115
-0.283163890814
-0.279851936776
-0.277415367036
-0.292055281261
-0.297276930259
-0.269507693102
-0.297127582345
-0.295529045987
-0.295634101729
-0.296555177754
-0.295235485714
0.187060056402
-0.297276356625
-0.292071437133
0.0252011909841
-0.283070122568
-0.295535170563
-0.217720695502
-0.296525168583
-0.29712505848
-0.29430370129
-0.296517527345
-0.293556720997
-0.297138464479
-0.297402874844
0.0253497299541
-0.296532552824
-0.29713039528
-0.297277199338
-0.297134382429
-0.292078061212
0.191208440366
-0.29602588586
-0.2972721388
-0.140019608667
-0.297277341326
-0.295431460354
-0.2831693684
-0.29208749568
0.191289357211
-0.297402874844
-0.297279204302
