24.67079468
20.1263830231
20.613998163
20.6525345764
20.6525618755
20.6525618187
20.6525618186
20.6525618186
20.6525618186
20.6525618186
20.6525618186
20.6525618186
20.6525618186
20.6525618186
20.6525618186
20.6525618186
20.6525618186
20.6525618186
20.6525618186
20.6525618186
20.6525618186
20.6525618186
20.6525618186
20.6525618186
20.6525618186
20.6525618186
20.6525618186
20.6525618186
20.6525618186
20.6525618186
20.6525618186
20.6525618186
20.6525618186
20.6525618186
20.6525618186
20.6525618186
20.6525618186
20.6525618186
20.6525618186
20.6525618186
20.6525618186
20.6525618186
20.6525618186
20.6525618186
20.6525618186
20.6525618186
20.6525618186
20.6525618186
20.6525618186
20.6525618186
20.6525618186
20.6525618186
20.6525618186
20.6525618186
20.6525618186
20.6525618186
20.6525618186
20.6525618186
20.6525618186
20.6525618186
20.6525618186
20.6525618186
20.6525618186
20.6525618186
20.6525618186
20.6525618186
20.6525618186
20.6525618186
20.6525618186
20.6525618186
20.6525618186
20.6525618186
20.6525618186
20.6525618186
20.6525618186
20.6525618186
20.6525618186
20.6525618186
20.6525618186
20.6525618186
20.6525618186
20.6525618186
20.6525618186
20.6525618186
20.6525618186
20.6525618186
20.6525618186
20.6525618186
20.6525618186
20.6525618186
20.6525618186
20.6525618186
20.6525618186
20.6525618186
20.6525618186
20.6525618186
20.6525618186
20.6525618186
20.6525618186
20.6525618186
