-0.0148936928084
-0.0121530964552
-0.0150194139217
-0.0192415021628
-0.180981859036
-0.160506002836
-0.0141718431303
-0.0146261603885
-0.0142975722409
-0.0191002175583
-0.0128474709242
-0.0121530964552
-0.0195016937175
-0.0147351529938
0.224306950326
-0.180390172993
-0.012140350849
-0.0127398090792
-0.0123795835208
-0.012865806081
-0.0127398090792
-0.0122578772916
-0.012856629437
-0.0143914258457
-0.0127398090792
-0.160735754048
-0.0123795835208
-0.0125012294697
-0.000723091903509
-0.0120226494292
-0.0145546209443
-0.0121530964552
-0.0193368406143
-0.0145008132618
-0.0143914258457
0.225032083664
-0.0145169000538
0.224734877142
-0.160659095595
-0.0126049513028
-0.014974609654
-0.0144287045579
-0.0150194139217
-0.0141718431303
-0.0147351529938
-0.0128474709242
-0.0147406196416
-0.019122993618
-0.0193368406143
-0.0145546209443
-0.0127307592678
-0.0146915517144
-0.0128474709242
0.22476251421
0.00140409509665
-0.0150194139217
-0.0193291516147
-0.0144287045579
-0.0145546209443
-0.0121530964552
-0.0145115325236
-0.0145546209443
-0.0150194139217
-0.0145546209443
-0.0145546209443
-0.012856629437
-0.160582511894
-0.0193368406143
-0.0146915517144
-0.0142922994635
-0.0193753985476
-0.0193753985476
-0.497289828443
-0.0123795835208
-0.0128612154892
-0.0121530964552
-0.0143028502145
-0.344391487079
-0.0148936928084
-0.0145546209443
-0.0127398090792
-0.0193753985476
-0.160506002836
-0.0145546209443
-0.0127398090792
-0.0123795835208
-0.160735754048
-0.160666110094
-0.160846931918
-0.161020327196
-0.0125012294697
-0.0150194139217
-0.160735754048
-0.0146915517144
-0.160506002836
-0.012856629437
-0.0123795835208
-0.012140350849
0.0106640751366
