8.95151327213
28.853163783
28.8374218342
28.8374110133
28.8374102209
28.8374102051
28.8374102052
28.8374102052
28.8374102052
28.8374102052
28.8374102052
28.8374102052
28.8374102052
28.8374102052
28.8374102052
28.8374102052
28.8374102052
28.8374102052
28.8374102052
28.8374102052
28.8374102052
28.8374102052
28.8374102052
28.8374102052
28.8374102052
28.8374102052
28.8374102052
28.8374102052
28.8374102052
28.8374102052
28.8374102052
28.8374102052
28.8374102052
28.8374102052
28.8374102052
28.8374102052
28.8374102052
28.8374102052
28.8374102052
28.8374102052
28.8374102052
28.8374102052
28.8374102052
28.8374102052
28.8374102052
28.8374102052
28.8374102052
28.8374102052
28.8374102052
28.8374102052
28.8374102052
28.8374102052
28.8374102052
28.8374102052
28.8374102052
28.8374102052
28.8374102052
28.8374102052
28.8374102052
28.8374102052
28.8374102052
28.8374102052
28.8374102052
28.8374102052
28.8374102052
28.8374102052
28.8374102052
28.8374102052
28.8374102052
28.8374102052
28.8374102052
28.8374102052
28.8374102052
28.8374102052
28.8374102052
28.8374102052
28.8374102052
28.8374102052
28.8374102052
28.8374102052
28.8374102052
28.8374102052
28.8374102052
28.8374102052
28.8374102052
28.8374102052
28.8374102052
28.8374102052
28.8374102052
28.8374102052
28.8374102052
28.8374102052
28.8374102052
28.8374102052
28.8374102052
28.8374102052
28.8374102052
28.8374102052
28.8374102052
28.8374102052
