0.138840624202
-0.0188641595323
-0.019745475631
0.00912312976067
-0.019745475631
-0.00215602929877
0.949610614361
-0.00215856356553
-0.00217359064694
-0.00215856356553
-0.019745475631
0.00197549345842
-0.00215602929877
-0.00214547563097
-0.00242859665008
-0.0183947327224
-0.0183644721017
-0.0183977667361
-0.0021525128161
0.0426573669184
0.840879855583
-0.0024303401655
-0.00245612745927
-0.019745475631
0.0182182862327
-0.00213490929117
-0.00209959634483
-0.00216657031735
-0.00251458165165
0.708266725691
-0.00213138435795
-0.019745475631
-0.0025320288914
-0.00148157249122
-0.00218728861586
-0.0158817594385
-0.0021700811832
-0.00251434075278
-0.00245269089633
0.0114111611595
-0.00228354669696
-0.000799841364084
-0.00245612745927
-0.0021525128161
-0.00215602929877
-0.00231409915331
-0.00231759101559
-0.00218411063396
0.821438565553
0.0422975112957
-0.0194711272085
-0.00217359064694
-0.00217359064694
0.00175316765853
0.0112573039286
0.0620872118548
0.138074091139
-0.00542104667239
-0.00217359064694
-0.00217359064694
0.947262112624
-0.0022650657455
-0.00221222291029
-0.0021525128161
0.0425328931634
-0.00209605725953
0.933975032536
-0.019745475631
0.00152224747162
0.944719933174
-0.00225100549222
-0.00243204279515
0.822811032553
-0.019745475631
0.843890888005
-0.00147782374263
0.0411660055259
-0.00217359064694
-0.0196233307672
-0.00211020508989
-0.00252798107328
-0.0196154535272
-0.00217359064694
-0.0022650657455
-0.019745475631
-0.00244581367034
-0.00244581367034
0.059023197977
-0.00217359064694
0.204400748515
-0.00244581367034
0.00254684823864
-0.0133829960818
-0.00218728861586
0.0425328931634
-0.00218728861586
0.947587223386
-0.00252854227063
-0.0022720874004
