-0.145993890333
-0.317195545196
-0.504938861506
-0.508636070025
-0.50846441657
-0.171084056047
-0.50214538141
-0.537222101539
-0.168669785951
-0.569268521344
-0.175866275717
-0.599257216358
-0.588031187143
-0.537695097302
-0.317265189151
-0.537168386714
-0.321362630046
-0.169030664572
-0.502633174693
-0.43596913582
-0.597712517416
-0.168552084532
-0.512551227229
-0.502295793196
-0.436130740884
-0.50135099215
-0.169376906027
-0.537250861955
-0.337355069409
-0.53775640942
-0.53739446235
-0.501678159582
-0.337589349804
-0.502694781493
-0.168909018623
-0.336997599348
-0.537423142158
-0.501843696084
-0.512289273009
-0.171270054744
-0.500747090045
-0.543579201513
-0.171270054744
-0.512516489909
-0.435861269494
-0.537846647739
-0.169066130727
-0.320955369677
-0.169269244182
-0.580224302317
-0.320955369677
-0.31737636702
-0.537561771895
-0.337362755168
-0.500729858286
-0.53739446235
-0.537250861955
-0.169070583846
-0.537070765056
-0.50254535522
-0.171423127911
-0.501893562643
-0.317035437939
-0.502295793196
-0.435861269494
-0.502308446974
-0.170920860948
-0.50846441657
-0.317209543465
-0.337362755168
-0.336841579184
-0.171046335156
-0.512481736231
-0.171084056047
-0.317265189151
-0.17095813966
-0.175770937265
-0.502507954317
-0.543579201513
-0.580433180624
-0.43596913582
-0.512358723837
-0.171084056047
-0.435832054738
-0.33727690029
-0.501529260133
-0.336926954169
-0.317035437939
-0.337589349804
-0.171155595491
-0.502633174693
-0.58039698613
-0.537647373936
-0.502258217109
-0.502633174693
-0.569289253165
-0.317626298225
-0.54205980441
-0.171548849024
