0.15084519799
0.152866407076
-0.337228696117
-0.336341231002
-0.338114566485
-0.336756075919
-0.276732362908
-0.336775081442
-0.277109519304
-0.336570403421
-0.336347782032
-0.337234801089
-0.331808260178
-0.337264948813
-0.334636910425
-0.320917491964
0.00473560433046
-0.265998105118
-0.335389770844
-0.338114566485
-0.320506048876
-0.335965450928
-0.334244733591
-0.335959036722
-0.338114566485
-0.33637074911
-0.337984645736
-0.33596117904
-0.316611434961
-0.331089238328
-0.33673525614
-0.318417282636
-0.264806718497
-0.337243486345
-0.336572308619
0.00437449525583
-0.335962604889
-0.338114566485
-0.336231327313
-0.336237807023
-0.335968997909
-0.336144446636
-0.336763823576
-0.337836402368
-0.336739050666
-0.335953662229
-0.336572308619
-0.337233250386
-0.337849841137
-0.337994863348
-0.33148473223
-0.336349483044
-0.337843453566
-0.318122896347
-0.1789201287
-0.336193951888
-0.337844076898
-0.331732363713
-0.337994287437
-0.338114566485
-0.338114566485
-0.337989300294
-0.337986541904
-0.337995035048
-0.334634489923
-0.337257668455
-0.337847650697
-0.336757100421
-0.336201301178
-0.33277743786
-0.3314883931
-0.336250054365
-0.336210409074
-0.337851754395
-0.33799398286
-0.337994200572
-0.299862012692
-0.335942106592
-0.337989675764
-0.336248024254
-0.336228070651
-0.315492027733
0.145969664661
-0.336191489561
-0.335375778398
-0.335764390221
-0.33723673181
0.00437449525583
-0.335747302366
-0.338114566485
-0.338114566485
-0.336780046912
-0.336746161437
-0.337847721922
-0.320810006224
-0.337844515175
-0.300183532002
-0.320924287884
-0.338114566485
