10.9136912691
17.9610674951
17.9563194215
17.9557376696
17.9557377729
17.9557377729
17.9557377729
17.9557377729
17.9557377729
17.9557377729
17.9557377729
17.9557377729
17.9557377729
17.9557377729
17.9557377729
17.9557377729
17.9557377729
17.9557377729
17.9557377729
17.9557377729
17.9557377729
17.9557377729
17.9557377729
17.9557377729
17.9557377729
17.9557377729
17.9557377729
17.9557377729
17.9557377729
17.9557377729
17.9557377729
17.9557377729
17.9557377729
17.9557377729
17.9557377729
17.9557377729
17.9557377729
17.9557377729
17.9557377729
17.9557377729
17.9557377729
17.9557377729
17.9557377729
17.9557377729
17.9557377729
17.9557377729
17.9557377729
17.9557377729
17.9557377729
17.9557377729
17.9557377729
17.9557377729
17.9557377729
17.9557377729
17.9557377729
17.9557377729
17.9557377729
17.9557377729
17.9557377729
17.9557377729
17.9557377729
17.9557377729
17.9557377729
17.9557377729
17.9557377729
17.9557377729
17.9557377729
17.9557377729
17.9557377729
17.9557377729
17.9557377729
17.9557377729
17.9557377729
17.9557377729
17.9557377729
17.9557377729
17.9557377729
17.9557377729
17.9557377729
17.9557377729
17.9557377729
17.9557377729
17.9557377729
17.9557377729
17.9557377729
17.9557377729
17.9557377729
17.9557377729
17.9557377729
17.9557377729
17.9557377729
17.9557377729
17.9557377729
17.9557377729
17.9557377729
17.9557377729
17.9557377729
17.9557377729
17.9557377729
17.9557377729
