27.0279629703
13.3781364788
14.0519838332
14.0531579445
14.0531911391
14.0531903301
14.0531903295
14.0531903295
14.0531903295
14.0531903295
14.0531903295
14.0531903295
14.0531903295
14.0531903295
14.0531903295
14.0531903295
14.0531903295
14.0531903295
14.0531903295
14.0531903295
14.0531903295
14.0531903295
14.0531903295
14.0531903295
14.0531903295
14.0531903295
14.0531903295
14.0531903295
14.0531903295
14.0531903295
14.0531903295
14.0531903295
14.0531903295
14.0531903295
14.0531903295
14.0531903295
14.0531903295
14.0531903295
14.0531903295
14.0531903295
14.0531903295
14.0531903295
14.0531903295
14.0531903295
14.0531903295
14.0531903295
14.0531903295
14.0531903295
14.0531903295
14.0531903295
14.0531903295
14.0531903295
14.0531903295
14.0531903295
14.0531903295
14.0531903295
14.0531903295
14.0531903295
14.0531903295
14.0531903295
14.0531903295
14.0531903295
14.0531903295
14.0531903295
14.0531903295
14.0531903295
14.0531903295
14.0531903295
14.0531903295
14.0531903295
14.0531903295
14.0531903295
14.0531903295
14.0531903295
14.0531903295
14.0531903295
14.0531903295
14.0531903295
14.0531903295
14.0531903295
14.0531903295
14.0531903295
14.0531903295
14.0531903295
14.0531903295
14.0531903295
14.0531903295
14.0531903295
14.0531903295
14.0531903295
14.0531903295
14.0531903295
14.0531903295
14.0531903295
14.0531903295
14.0531903295
14.0531903295
14.0531903295
14.0531903295
14.0531903295
