12.9338467217
25.3200976174
24.161231902
24.1571341806
24.1568611074
24.156876283
24.1568766044
24.1568765985
24.1568765987
24.1568765987
24.1568765987
24.1568765987
24.1568765987
24.1568765987
24.1568765987
24.1568765987
24.1568765987
24.1568765987
24.1568765987
24.1568765987
24.1568765987
24.1568765987
24.1568765987
24.1568765987
24.1568765987
24.1568765987
24.1568765987
24.1568765987
24.1568765987
24.1568765987
24.1568765987
24.1568765987
24.1568765987
24.1568765987
24.1568765987
24.1568765987
24.1568765987
24.1568765987
24.1568765987
24.1568765987
24.1568765987
24.1568765987
24.1568765987
24.1568765987
24.1568765987
24.1568765987
24.1568765987
24.1568765987
24.1568765987
24.1568765987
24.1568765987
24.1568765987
24.1568765987
24.1568765987
24.1568765987
24.1568765987
24.1568765987
24.1568765987
24.1568765987
24.1568765987
24.1568765987
24.1568765987
24.1568765987
24.1568765987
24.1568765987
24.1568765987
24.1568765987
24.1568765987
24.1568765987
24.1568765987
24.1568765987
24.1568765987
24.1568765987
24.1568765987
24.1568765987
24.1568765987
24.1568765987
24.1568765987
24.1568765987
24.1568765987
24.1568765987
24.1568765987
24.1568765987
24.1568765987
24.1568765987
24.1568765987
24.1568765987
24.1568765987
24.1568765987
24.1568765987
24.1568765987
24.1568765987
24.1568765987
24.1568765987
24.1568765987
24.1568765987
24.1568765987
24.1568765987
24.1568765987
24.1568765987
