-0.350508063405
-0.0698261060203
-0.0839700101961
-0.417171301669
-0.0837314305866
-0.231965955165
-0.0856589056748
0.153844700052
0.153801882547
-0.231736203953
0.152939182412
-0.231889296712
-0.0836447755701
-0.0836403864825
0.152939182412
-0.417146684839
-0.0855225005805
0.153351466145
-0.0839609603848
-0.0905670417313
-0.252368133721
-0.0859982346066
-0.0838979871399
-0.0836097846378
-0.085861781356
-0.0854020442473
-0.0839700101961
-0.0835096182805
-0.0834880784086
-0.252212060153
-0.083370551966
-0.0833790448188
-0.0859653541108
-0.0837668967412
-0.0836097846378
0.153351466145
0.1525946561
-0.0857848220613
-0.0836097846378
-0.0861238939253
-0.0836097846378
-0.417146684839
-0.0856589056748
-0.0858563615054
-0.557286406053
-0.083370551966
0.153557140098
-0.0906055996646
-0.0859162739824
-0.0607158015482
-0.0838979871399
-0.0834880784086
-0.084086830554
-0.0905670417313
-0.060701711791
-0.083771349861
-0.0833832975722
-0.090448759102
-0.0832486656629
-0.350669901834
-0.0833832975722
-0.0839609603848
-0.0860368411469
-0.416051758164
-0.252227662578
-0.0832528505462
-0.0859653541108
-0.56047226089
-0.0837314305866
-0.0838979871399
-0.0605661259804
-0.423236682322
-0.0857471011708
-0.086204810771
-0.0857848220613
0.153805604402
-0.0856216269627
-0.235573775325
-0.423165182584
-0.251535064461
-0.0861238939253
-0.0856216269627
-0.0834880784086
-0.086204810771
-0.232077133035
-0.231903315459
-0.086204810771
-0.0605732474197
-0.0832486656629
-0.0859162739824
-0.0856216269627
-0.0839700101961
-0.085861781356
-0.085861781356
-0.350615981646
-0.083771349861
-0.084086830554
-0.0859217528313
-0.08580106797
