-0.148318877382
0.71615560792
-0.0852747703048
-0.0257498122834
-0.0255775320805
0.00320891330498
0.00883998463909
0.00320891330498
-0.025974044061
-0.0254835606559
0.00975410448284
-0.025974044061
-0.025974044061
-0.0254835606559
0.00320891330498
-0.0255487716643
-0.0256062790384
0.190882720941
-0.0258313074805
-0.0260595266013
-0.0256062790384
-0.0254835606559
-0.0260217674271
0.00320891330498
-0.0295544287008
-0.0254835606559
-0.000615943134728
-0.0258884420204
-0.0253686998717
-0.0257498122834
-0.0254835606559
-0.0256062790384
-0.0254548655638
-0.0305229549467
-0.000746827833489
-0.0260217674271
-0.000816266104414
-0.0260830795456
-0.0260830795456
-0.000650676707792
0.00930243814572
-0.0258734807592
-0.025974044061
-0.0260217674271
-0.0255735414204
-0.0254835606559
-0.000720094910414
0.00669771410581
-0.0255775320805
-0.0255695656473
-0.0255735414204
0.00320891330498
-0.0336238064373
-0.0260217674271
-0.0255448338296
0.00295145125027
-0.0259169893272
-0.0255735414204
-0.000720094910414
-0.0254835606559
0.00669771410581
-0.0255122423609
0.0758120603804
-0.025997792173
-0.0253974351811
-0.0254950568393
-0.000843160034753
-0.0258884420204
-0.0255122423609
-0.000615943134728
-0.0254950568393
-0.0261398718179
-0.0257498122834
-0.0260830795456
0.00937753667857
0.0093399784761
0.00311604356314
-0.0257211324755
-0.0260791608929
-0.0255775320805
0.00952794846486
-0.0303864745357
0.0755964314472
-0.000685393962521
-0.0257498122834
-0.0294165080495
0.00909059149831
-0.0260830795456
-0.0257211324755
-0.0258313074805
-0.025974044061
0.0758120603804
-0.031840783266
0.00310168897545
-0.0255487716643
-0.000685393962521
-0.0295268701469
0.00967864722809
-0.0255448338296
