2.6125896105
22.0488510463
16.4481336793
15.3259874199
15.3393465617
15.3393461781
15.3393461797
15.3393461797
15.3393461797
15.3393461797
15.3393461797
15.3393461797
15.3393461797
15.3393461797
15.3393461797
15.3393461797
15.3393461797
15.3393461797
15.3393461797
15.3393461797
15.3393461797
15.3393461797
15.3393461797
15.3393461797
15.3393461797
15.3393461797
15.3393461797
15.3393461797
15.3393461797
15.3393461797
15.3393461797
15.3393461797
15.3393461797
15.3393461797
15.3393461797
15.3393461797
15.3393461797
15.3393461797
15.3393461797
15.3393461797
15.3393461797
15.3393461797
15.3393461797
15.3393461797
15.3393461797
15.3393461797
15.3393461797
15.3393461797
15.3393461797
15.3393461797
15.3393461797
15.3393461797
15.3393461797
15.3393461797
15.3393461797
15.3393461797
15.3393461797
15.3393461797
15.3393461797
15.3393461797
15.3393461797
15.3393461797
15.3393461797
15.3393461797
15.3393461797
15.3393461797
15.3393461797
15.3393461797
15.3393461797
15.3393461797
15.3393461797
15.3393461797
15.3393461797
15.3393461797
15.3393461797
15.3393461797
15.3393461797
15.3393461797
15.3393461797
15.3393461797
15.3393461797
15.3393461797
15.3393461797
15.3393461797
15.3393461797
15.3393461797
15.3393461797
15.3393461797
15.3393461797
15.3393461797
15.3393461797
15.3393461797
15.3393461797
15.3393461797
15.3393461797
15.3393461797
15.3393461797
15.3393461797
15.3393461797
15.3393461797
