26.0339745149
9.30440546268
7.9837102267
7.87037598814
7.87434280426
7.87447504595
7.87447437528
7.87447439074
7.87447439107
7.87447439107
7.87447439107
7.87447439107
7.87447439107
7.87447439107
7.87447439107
7.87447439107
7.87447439107
7.87447439107
7.87447439107
7.87447439107
7.87447439107
7.87447439107
7.87447439107
7.87447439107
7.87447439107
7.87447439107
7.87447439107
7.87447439107
7.87447439107
7.87447439107
7.87447439107
7.87447439107
7.87447439107
7.87447439107
7.87447439107
7.87447439107
7.87447439107
7.87447439107
7.87447439107
7.87447439107
7.87447439107
7.87447439107
7.87447439107
7.87447439107
7.87447439107
7.87447439107
7.87447439107
7.87447439107
7.87447439107
7.87447439107
7.87447439107
7.87447439107
7.87447439107
7.87447439107
7.87447439107
7.87447439107
7.87447439107
7.87447439107
7.87447439107
7.87447439107
7.87447439107
7.87447439107
7.87447439107
7.87447439107
7.87447439107
7.87447439107
7.87447439107
7.87447439107
7.87447439107
7.87447439107
7.87447439107
7.87447439107
7.87447439107
7.87447439107
7.87447439107
7.87447439107
7.87447439107
7.87447439107
7.87447439107
7.87447439107
7.87447439107
7.87447439107
7.87447439107
7.87447439107
7.87447439107
7.87447439107
7.87447439107
7.87447439107
7.87447439107
7.87447439107
7.87447439107
7.87447439107
7.87447439107
7.87447439107
7.87447439107
7.87447439107
7.87447439107
7.87447439107
7.87447439107
7.87447439107
