-0.0303193960463
-0.0293684774745
-0.0305383381688
-0.0526418658609
-0.0309680225616
-0.030856549706
-0.0351190896003
-0.0321248003581
-0.0318926301886
-0.0352125305571
-0.0352676297057
-0.0351803346296
-0.0325186589524
-0.034836273681
-0.0305281709869
-0.0308646410085
-0.167830291616
-0.0352125305571
-0.0350512081732
-0.0302663257616
-0.0352715429261
-0.0349338580778
-0.0307823363822
-0.0347656605731
-0.0526418658609
-0.0350632554422
-0.0356546891146
-0.16769011862
-0.0354294636114
-0.0307910361992
-0.0296954460741
-0.0349772693725
-0.0302076290553
-0.0349515083702
-0.0303036699993
-0.0354370432098
-0.0530091523892
-0.0296954460741
-0.0528048925399
-0.0353621254901
-0.0300972509871
-0.0293684774745
-0.0293684774745
-0.0319292969368
-0.0318926301886
-0.0354552214461
-0.0348399401889
-0.0348968707642
-0.03494677668
-0.0350574551735
-0.0324333911655
-0.0352715429261
-0.167688422721
-0.0185648181132
-0.0304277954353
-0.0324333911655
-0.0465531865607
-0.0351803346296
-0.0349515083702
-0.0305383381688
-0.0544513969673
-0.0354745321893
-0.0305232296944
-0.0301705652053
-0.0302663257616
-0.0352304650424
-0.0354689903261
-0.0297683228932
-0.0525198175273
-0.0348296266838
-0.0350632554422
-0.0300972509871
-0.0299874292806
-0.0350574551735
-0.0349772693725
-0.0352715429261
-0.0352657394997
-0.0352872879821
-0.0539226742647
-0.0309680225616
-0.0348027904744
-0.0352872879821
-0.0352125305571
-0.0356546891146
-0.0300960473135
-0.0351066787741
-0.0321248003581
-0.167735351347
-0.0544225091828
-0.0349142991209
-0.0319659834141
-0.0350574551735
-0.167738468705
-0.0294409993265
-0.0321129269346
-0.0324333911655
-0.0353983840441
-0.404520884454
-0.0297683228932
