-0.276218317975
0.214359533629
0.451540460995
0.564565438776
0.0454484626295
0.214007147861
0.2370439221
0.213660906407
0.212079672773
0.211488963409
0.214124435119
0.212216077867
0.451065561563
0.0621648031231
0.207289819346
0.212336534201
0.213971681707
0.211816825616
0.214124435119
0.214489912785
0.207006683613
0.450748098691
0.450934653789
0.211953756387
0.214007147861
0.0454484626295
0.20739298316
0.211816825616
0.212205527116
0.214359533629
0.207006683613
0.21364257125
0.0660023744947
0.21412879381
0.211533767677
0.211991477277
0.213840591308
0.451633831518
0.213777618063
0.0657726232825
0.450402209552
0.237172452467
0.45085992095
0.211614684522
0.211953756387
0.211816825616
0.214228960167
0.450884058934
0.211488963409
0.211614684522
0.237172452467
0.212216077867
0.213840591308
0.211773224337
0.214124435119
0.45019517974
0.0656683142006
0.214228960167
0.2370227769
0.451243254472
0.212116951485
0.211614684522
0.0654115142078
0.0657726232825
0.214355280876
0.4515832785
0.212116951485
0.211767757689
0.45019517974
0.214250500039
0.226908501297
0.211816825616
0.211773224337
0.213768568252
0.211237335616
0.225785285427
0.450608925287
0.211701737301
0.214368026482
0.451612419779
0.212216077867
0.45154418285
0.214368026482
0.0462035139873
0.214246200608
0.0654115142078
0.451295718546
0.211701737301
0.0654880501351
-0.0527942423049
0.211882216942
0.21412879381
0.214124435119
0.0616751823873
0.211773224337
0.0657726232825
0.211953756387
0.213768568252
0.45085992095
