-0.0215026897236
-0.0396336470224
-0.0349314674858
-0.0334579577443
-0.0339999684291
-0.0348571194085
-0.171693534377
-0.0204280877028
-0.022723418449
-0.0348571194085
-0.0345019679764
-0.0349168488319
-0.0339999684291
-0.171989068051
-0.0364234170771
-0.157040190933
-0.022723418449
-0.0340403421487
-0.0348199760078
-0.0345541031586
-0.0348571194085
-0.0344088763161
-0.880392506212
-0.0348051546057
-0.0335304795963
-0.0334579577443
-0.0349558089944
-0.171989068051
-0.0213991952031
-0.0347902759781
-0.0395189438812
-0.0214336738364
-0.0393393795371
-0.0345053073246
-0.058540877237
-0.0586057581269
-0.0343558060314
-0.0339999684291
-0.0391593602522
-0.0232191643789
-0.0363865324287
-0.0347530178763
-0.0342600454751
-0.0348279390592
-0.0394878643139
-0.0391469354432
-0.0228659182777
-0.0346926512625
-0.0343716000407
-0.0217925454231
-0.0232537955514
-0.0339629180078
-0.0229772884939
-0.034918152254
-0.0341112424442
-0.0340769095504
-0.0349033282383
-0.0341112424442
-0.0395447017159
-0.0347236339936
-0.0347236339936
-0.0338578031629
-0.0342600454751
-0.171874541554
-0.0347526338791
-0.0348571194085
-0.0393020108269
-0.171827948975
-0.0229659516537
-0.171281874765
-0.0342971093251
-0.034880516469
-0.0351300011781
-0.0343343443827
-0.0343184824888
-0.0344088763161
-0.0390233383476
-0.0348199760078
-0.897505669943
-0.741572165163
-0.0213991952031
-0.0391469354432
-0.0340741306304
-0.0346551408429
-0.0226197674572
-0.0347236339936
-0.0228578473555
-0.0585529003073
-0.034880516469
-0.0350575028314
0.0414035143788
-0.0362024072044
-0.0390233383476
-0.035205727763
-0.17224397333
-0.0393610231959
-0.172313368691
-0.0394516057599
-0.057098632659
