18.5839467408
0.975660269659
0.258412783354
0.431979311142
0.431690951076
0.431691074885
0.431691074938
0.431691074938
0.431691074938
0.431691074938
0.431691074938
0.431691074938
0.431691074938
0.431691074938
0.431691074938
0.431691074938
0.431691074938
0.431691074938
0.431691074938
0.431691074938
0.431691074938
0.431691074938
0.431691074938
0.431691074938
0.431691074938
0.431691074938
0.431691074938
0.431691074938
0.431691074938
0.431691074938
0.431691074938
0.431691074938
0.431691074938
0.431691074938
0.431691074938
0.431691074938
0.431691074938
0.431691074938
0.431691074938
0.431691074938
0.431691074938
0.431691074938
0.431691074938
0.431691074938
0.431691074938
0.431691074938
0.431691074938
0.431691074938
0.431691074938
0.431691074938
0.431691074938
0.431691074938
0.431691074938
0.431691074938
0.431691074938
0.431691074938
0.431691074938
0.431691074938
0.431691074938
0.431691074938
0.431691074938
0.431691074938
0.431691074938
0.431691074938
0.431691074938
0.431691074938
0.431691074938
0.431691074938
0.431691074938
0.431691074938
0.431691074938
0.431691074938
0.431691074938
0.431691074938
0.431691074938
0.431691074938
0.431691074938
0.431691074938
0.431691074938
0.431691074938
0.431691074938
0.431691074938
0.431691074938
0.431691074938
0.431691074938
0.431691074938
0.431691074938
0.431691074938
0.431691074938
0.431691074938
0.431691074938
0.431691074938
0.431691074938
0.431691074938
0.431691074938
0.431691074938
0.431691074938
0.431691074938
0.431691074938
0.431691074938
