10.872601907
4.59350882153
3.24088707677
3.45413536847
3.45434129791
3.45434066832
3.45434066452
3.4543406645
3.4543406645
3.4543406645
3.4543406645
3.4543406645
3.4543406645
3.4543406645
3.4543406645
3.4543406645
3.4543406645
3.4543406645
3.4543406645
3.4543406645
3.4543406645
3.4543406645
3.4543406645
3.4543406645
3.4543406645
3.4543406645
3.4543406645
3.4543406645
3.4543406645
3.4543406645
3.4543406645
3.4543406645
3.4543406645
3.4543406645
3.4543406645
3.4543406645
3.4543406645
3.4543406645
3.4543406645
3.4543406645
3.4543406645
3.4543406645
3.4543406645
3.4543406645
3.4543406645
3.4543406645
3.4543406645
3.4543406645
3.4543406645
3.4543406645
3.4543406645
3.4543406645
3.4543406645
3.4543406645
3.4543406645
3.4543406645
3.4543406645
3.4543406645
3.4543406645
3.4543406645
3.4543406645
3.4543406645
3.4543406645
3.4543406645
3.4543406645
3.4543406645
3.4543406645
3.4543406645
3.4543406645
3.4543406645
3.4543406645
3.4543406645
3.4543406645
3.4543406645
3.4543406645
3.4543406645
3.4543406645
3.4543406645
3.4543406645
3.4543406645
3.4543406645
3.4543406645
3.4543406645
3.4543406645
3.4543406645
3.4543406645
3.4543406645
3.4543406645
3.4543406645
3.4543406645
3.4543406645
3.4543406645
3.4543406645
3.4543406645
3.4543406645
3.4543406645
3.4543406645
3.4543406645
3.4543406645
3.4543406645
