-0.621090145405
-0.483549337963
-0.483363352072
-0.4108686096
-0.518424566535
-0.555188697303
-0.292341473471
0.0937537548939
-0.312381060977
-0.572531932404
-0.476685273816
-0.477486492665
-0.311626009619
-0.512353483068
-0.516102068823
-0.29198024187
-0.476974722401
-0.143726946915
-0.476320971306
-0.143339610821
-0.48715043501
-0.144186952356
-0.144060955354
-0.292418009398
-0.146340560197
-0.512042573128
-0.292001254638
-0.410623765911
-0.477100158147
-0.145492989406
-0.296154341219
0.0937537548939
-0.143822375745
-0.487273447404
-0.512071320086
0.0937537548939
-0.144060955354
-0.131044624092
-0.14562399649
-0.476685273816
0.0930303973435
0.0933729590804
0.0937146592436
0.0928482372537
-0.14406548698
-0.15065029789
-0.311789310521
-0.312303005311
-0.475712633354
-0.143700729796
-0.512186173523
-0.143600563439
-0.556275754574
-0.296154341219
-0.144168617199
-0.518424566535
0.0937537548939
-0.476142703323
-0.312154466341
-0.29198024187
-0.145963582195
-0.292056900324
-0.143988932298
-0.476142703323
-0.144168617199
-0.14347424273
-0.291994260617
-0.146340560197
-0.145712572121
-0.143735720728
-0.143579023567
-0.476469870755
-0.150696544823
-0.143339610821
-0.15065798689
-0.14601269799
-0.392680028478
-0.311789310521
-0.150696544823
-0.120799705346
-0.150822839993
-0.295664720483
-0.312154466341
0.0930303973435
-0.145613445739
-0.511862476229
-0.410623765911
-0.312154466341
-0.143469989977
-0.14347424273
-0.483420520879
-0.553789143395
-0.291903658169
-0.312240404472
-0.143461497124
-0.476320971306
-0.143583322998
-0.477561099575
-0.311789310521
