0.0354862968368
-0.455068054265
-0.438759648916
-0.377058647304
-0.441961857242
-0.450564400247
-0.44214285059
-0.453219878538
0.493245154341
0.511115392012
0.468796911986
0.420731320778
0.0331224932382
-0.450557632703
-0.455064697356
0.40886570765
0.0347827638551
0.50970232339
0.512142389189
0.404715720084
-0.454009798195
-0.428045453575
0.527539706961
-0.383508765256
0.5120965564
-0.455816068427
-0.395075062336
-0.427065665145
-0.455946531571
0.51148944693
0.40865110644
-0.304402812505
-0.454569963814
0.42045481372
-0.382929232088
0.469017805091
0.497647644953
-0.392959663109
-0.455065991507
0.5084056073
-0.418048168092
-0.454208774857
-0.455065215473
-0.452074655471
0.0332106887342
-0.455065215473
-0.45567655317
-0.45460224479
0.508550509849
-0.449160031205
-0.445060645686
0.271861091862
0.510573590174
-0.132743444258
-0.449607100309
-0.455824951024
0.497857816255
-0.454611021852
0.0326199793703
-0.448917304786
-0.332999558319
-0.455084338728
-0.449322796521
0.500204503751
0.404351499296
-0.43350996206
0.51014935884
0.0356209287461
-0.438515155094
-0.455667747072
0.271883777654
-0.365349414207
0.271990936911
-0.454578126524
0.520222930035
0.276548980098
0.5084056073
0.271788837385
0.272675198811
0.510505518581
-0.39262434651
-0.438631396106
0.42152382416
0.539705642342
0.510299632765
0.393114990848
-0.454909187173
0.511525288074
0.409923682928
0.0354862968368
0.528441307377
0.509880185722
-0.45206509191
-0.133420521409
0.511946686322
-0.298164523004
0.497871760007
-0.113019702303
-0.452094990955
