6.22692446084
27.8669350849
31.4054688747
31.3910419139
31.3912199455
31.3912218713
31.3912218737
31.3912218737
31.3912218737
31.3912218737
31.3912218737
31.3912218737
31.3912218737
31.3912218737
31.3912218737
31.3912218737
31.3912218737
31.3912218737
31.3912218737
31.3912218737
31.3912218737
31.3912218737
31.3912218737
31.3912218737
31.3912218737
31.3912218737
31.3912218737
31.3912218737
31.3912218737
31.3912218737
31.3912218737
31.3912218737
31.3912218737
31.3912218737
31.3912218737
31.3912218737
31.3912218737
31.3912218737
31.3912218737
31.3912218737
31.3912218737
31.3912218737
31.3912218737
31.3912218737
31.3912218737
31.3912218737
31.3912218737
31.3912218737
31.3912218737
31.3912218737
31.3912218737
31.3912218737
31.3912218737
31.3912218737
31.3912218737
31.3912218737
31.3912218737
31.3912218737
31.3912218737
31.3912218737
31.3912218737
31.3912218737
31.3912218737
31.3912218737
31.3912218737
31.3912218737
31.3912218737
31.3912218737
31.3912218737
31.3912218737
31.3912218737
31.3912218737
31.3912218737
31.3912218737
31.3912218737
31.3912218737
31.3912218737
31.3912218737
31.3912218737
31.3912218737
31.3912218737
31.3912218737
31.3912218737
31.3912218737
31.3912218737
31.3912218737
31.3912218737
31.3912218737
31.3912218737
31.3912218737
31.3912218737
31.3912218737
31.3912218737
31.3912218737
31.3912218737
31.3912218737
31.3912218737
31.3912218737
31.3912218737
31.3912218737
