28.9841683672
5.39728685136
5.39532354572
5.39527952101
5.39527951325
5.3952795134
5.3952795134
5.3952795134
5.3952795134
5.3952795134
5.3952795134
5.3952795134
5.3952795134
5.3952795134
5.3952795134
5.3952795134
5.3952795134
5.3952795134
5.3952795134
5.3952795134
5.3952795134
5.3952795134
5.3952795134
5.3952795134
5.3952795134
5.3952795134
5.3952795134
5.3952795134
5.3952795134
5.3952795134
5.3952795134
5.3952795134
5.3952795134
5.3952795134
5.3952795134
5.3952795134
5.3952795134
5.3952795134
5.3952795134
5.3952795134
5.3952795134
5.3952795134
5.3952795134
5.3952795134
5.3952795134
5.3952795134
5.3952795134
5.3952795134
5.3952795134
5.3952795134
5.3952795134
5.3952795134
5.3952795134
5.3952795134
5.3952795134
5.3952795134
5.3952795134
5.3952795134
5.3952795134
5.3952795134
5.3952795134
5.3952795134
5.3952795134
5.3952795134
5.3952795134
5.3952795134
5.3952795134
5.3952795134
5.3952795134
5.3952795134
5.3952795134
5.3952795134
5.3952795134
5.3952795134
5.3952795134
5.3952795134
5.3952795134
5.3952795134
5.3952795134
5.3952795134
5.3952795134
5.3952795134
5.3952795134
5.3952795134
5.3952795134
5.3952795134
5.3952795134
5.3952795134
5.3952795134
5.3952795134
5.3952795134
5.3952795134
5.3952795134
5.3952795134
5.3952795134
5.3952795134
5.3952795134
5.3952795134
5.3952795134
5.3952795134
