20.4396005012
14.3812750808
14.4083252692
14.40834337
14.4083433591
14.4083433591
14.4083433591
14.4083433591
14.4083433591
14.4083433591
14.4083433591
14.4083433591
14.4083433591
14.4083433591
14.4083433591
14.4083433591
14.4083433591
14.4083433591
14.4083433591
14.4083433591
14.4083433591
14.4083433591
14.4083433591
14.4083433591
14.4083433591
14.4083433591
14.4083433591
14.4083433591
14.4083433591
14.4083433591
14.4083433591
14.4083433591
14.4083433591
14.4083433591
14.4083433591
14.4083433591
14.4083433591
14.4083433591
14.4083433591
14.4083433591
14.4083433591
14.4083433591
14.4083433591
14.4083433591
14.4083433591
14.4083433591
14.4083433591
14.4083433591
14.4083433591
14.4083433591
14.4083433591
14.4083433591
14.4083433591
14.4083433591
14.4083433591
14.4083433591
14.4083433591
14.4083433591
14.4083433591
14.4083433591
14.4083433591
14.4083433591
14.4083433591
14.4083433591
14.4083433591
14.4083433591
14.4083433591
14.4083433591
14.4083433591
14.4083433591
14.4083433591
14.4083433591
14.4083433591
14.4083433591
14.4083433591
14.4083433591
14.4083433591
14.4083433591
14.4083433591
14.4083433591
14.4083433591
14.4083433591
14.4083433591
14.4083433591
14.4083433591
14.4083433591
14.4083433591
14.4083433591
14.4083433591
14.4083433591
14.4083433591
14.4083433591
14.4083433591
14.4083433591
14.4083433591
14.4083433591
14.4083433591
14.4083433591
14.4083433591
14.4083433591
