-0.642043741495
-0.653583172209
-0.166369609354
-0.503916336282
-0.164117612636
-0.164017446278
-0.496737854145
-0.57657310537
-0.536408794034
-0.507497867022
-0.312473783163
-0.532376980726
-0.503765880324
-0.166292650059
0.0724566453109
-0.431069863506
-0.171113427662
-0.166030328578
-0.496559586162
-0.166757443036
-0.33229906874
-0.166292650059
-0.166308895968
-0.141073953978
-0.532903691314
-0.1709565871
-0.497203276659
-0.171113427662
-0.503837403719
-0.171239722832
-0.312404139208
-0.163878379964
-0.312244031951
-0.497504387208
-0.166757443036
-0.57655528037
-0.171113427662
-0.495938452298
-0.332135548181
-0.497654512837
-0.507567317849
-0.564706105008
0.0729287409329
-0.163886872817
-0.532941450488
-0.166364189503
-0.332563663421
-0.312584961032
-0.532855967948
-0.573509915692
-0.431015891403
-0.33229906874
-0.166631721923
-0.497828697811
-0.507567317849
-0.166380465035
-0.152584910153
-0.312244031951
-0.497940687801
-0.152461121018
-0.141073953978
-0.163756493661
-0.431177729832
-0.593941750401
0.0731611995196
-0.16389112557
-0.316493005639
-0.166757443036
-0.507497867022
-0.500184209781
-0.497517040986
-0.496737854145
-0.33220619336
-0.166364189503
-0.166429580829
-0.166308895968
-0.62250542116
-0.621167133355
-0.164021767099
-0.332042892458
-0.163878379964
-0.332563663421
-0.43128549244
-0.532455465307
-0.507602018797
0.0729287409329
-0.532426757716
-0.166757443036
-0.33220619336
-0.431123809643
-0.312411143457
-0.166166733673
-0.536436352588
-0.166292650059
-0.166364189503
-0.57655528037
-0.655197755089
-0.31239712471
-0.537268398423
