-0.193511604501
-0.527377444176
0.0435130864321
-0.193402524233
-0.460689128495
-0.527015785872
-0.180972905594
-0.194115233859
-0.533598603525
-0.527153091896
-0.193989236857
-0.195935500643
0.0437396662076
-0.19575559804
-0.342089490908
-0.196224037432
-0.537209588655
-0.345510601609
-0.19350730507
-0.533348802382
-0.525526331528
-0.345510601609
-0.170585352641
-0.562476402096
-0.362231286814
-0.526978209784
-0.195891863698
-0.527053344074
-0.526903003904
0.0436498008564
-0.195935500643
0.0438546146707
-0.193145945546
-0.193790576522
-0.19599004742
-0.537166958859
-0.562057055167
-0.196224037432
-0.195984580772
-0.195875588166
0.0430644940628
-0.525564544294
-0.361810467403
-0.525411583134
-0.612181923038
-0.170720938452
-0.193528844941
-0.527015785872
-0.342269754974
-0.361469063758
-0.346082622721
-0.1962688417
-0.362246889239
-0.194096898702
-0.193629011299
0.0431021158407
-0.460743022754
-0.606102320967
-0.527340096474
-0.59398851402
-0.527015785872
-0.341908523373
-0.525449850961
-0.362153193358
-0.527340096474
-0.200586268392
-0.195766327832
-0.361554291121
-0.196143120586
-0.527302731052
-0.34226302101
-0.195804048722
-0.193629011299
-0.195804048722
-0.193750657248
-0.1962688417
-0.566998014379
-0.562028335098
-0.193629011299
-0.200751121495
-0.562367366611
-0.594238235277
-0.193267892324
-0.200349645336
-0.527553337911
-0.200578579393
-0.361554291121
0.0436498008564
-0.194096898702
-0.460606065551
-0.362309342479
-0.196520469493
-0.527340096474
-0.193790576522
-0.361554291121
-0.526601462427
-0.170727986849
-0.193989236857
-0.526714675322
