29.1835890541
11.1611334044
12.5898994242
12.6757340957
12.6716243164
12.6714601326
12.6714601385
12.6714601383
12.6714601383
12.6714601383
12.6714601383
12.6714601383
12.6714601383
12.6714601383
12.6714601383
12.6714601383
12.6714601383
12.6714601383
12.6714601383
12.6714601383
12.6714601383
12.6714601383
12.6714601383
12.6714601383
12.6714601383
12.6714601383
12.6714601383
12.6714601383
12.6714601383
12.6714601383
12.6714601383
12.6714601383
12.6714601383
12.6714601383
12.6714601383
12.6714601383
12.6714601383
12.6714601383
12.6714601383
12.6714601383
12.6714601383
12.6714601383
12.6714601383
12.6714601383
12.6714601383
12.6714601383
12.6714601383
12.6714601383
12.6714601383
12.6714601383
12.6714601383
12.6714601383
12.6714601383
12.6714601383
12.6714601383
12.6714601383
12.6714601383
12.6714601383
12.6714601383
12.6714601383
12.6714601383
12.6714601383
12.6714601383
12.6714601383
12.6714601383
12.6714601383
12.6714601383
12.6714601383
12.6714601383
12.6714601383
12.6714601383
12.6714601383
12.6714601383
12.6714601383
12.6714601383
12.6714601383
12.6714601383
12.6714601383
12.6714601383
12.6714601383
12.6714601383
12.6714601383
12.6714601383
12.6714601383
12.6714601383
12.6714601383
12.6714601383
12.6714601383
12.6714601383
12.6714601383
12.6714601383
12.6714601383
12.6714601383
12.6714601383
12.6714601383
12.6714601383
12.6714601383
12.6714601383
12.6714601383
12.6714601383
