23.5222417718
0.987056771591
-1.56274701862
-1.03760008772
-1.04020157126
-1.04020314983
-1.0402031501
-1.0402031501
-1.0402031501
-1.0402031501
-1.0402031501
-1.0402031501
-1.0402031501
-1.0402031501
-1.0402031501
-1.0402031501
-1.0402031501
-1.0402031501
-1.0402031501
-1.0402031501
-1.0402031501
-1.0402031501
-1.0402031501
-1.0402031501
-1.0402031501
-1.0402031501
-1.0402031501
-1.0402031501
-1.0402031501
-1.0402031501
-1.0402031501
-1.0402031501
-1.0402031501
-1.0402031501
-1.0402031501
-1.0402031501
-1.0402031501
-1.0402031501
-1.0402031501
-1.0402031501
-1.0402031501
-1.0402031501
-1.0402031501
-1.0402031501
-1.0402031501
-1.0402031501
-1.0402031501
-1.0402031501
-1.0402031501
-1.0402031501
-1.0402031501
-1.0402031501
-1.0402031501
-1.0402031501
-1.0402031501
-1.0402031501
-1.0402031501
-1.0402031501
-1.0402031501
-1.0402031501
-1.0402031501
-1.0402031501
-1.0402031501
-1.0402031501
-1.0402031501
-1.0402031501
-1.0402031501
-1.0402031501
-1.0402031501
-1.0402031501
-1.0402031501
-1.0402031501
-1.0402031501
-1.0402031501
-1.0402031501
-1.0402031501
-1.0402031501
-1.0402031501
-1.0402031501
-1.0402031501
-1.0402031501
-1.0402031501
-1.0402031501
-1.0402031501
-1.0402031501
-1.0402031501
-1.0402031501
-1.0402031501
-1.0402031501
-1.0402031501
-1.0402031501
-1.0402031501
-1.0402031501
-1.0402031501
-1.0402031501
-1.0402031501
-1.0402031501
-1.0402031501
-1.0402031501
-1.0402031501
