0.514166069081
0.385746485215
0.272452039037
0.0356870689038
-0.455250924123
-0.453346086213
0.271960484646
0.273102457944
0.272418196043
0.0360440029955
0.273170694873
-0.455256942953
0.272236035954
-0.376905769947
-0.4552573209
0.272306373785
0.272853993639
0.058588093354
-0.455256874118
0.272829166635
0.27216720038
-0.455239473894
0.058588093354
0.0355255036807
-0.455253950072
0.271891509642
0.0353988664018
0.272965881059
-0.453352244601
-0.455243638481
-0.455246272166
0.0585951417506
0.271891895074
0.0356870689038
-0.45525317345
0.0355255036807
0.0360440029955
0.272801529566
0.0356870689038
0.0360481878787
0.272442334028
-0.113030210698
0.271891895074
0.271684374978
0.272511030592
-0.45465571458
0.0587307275613
0.0357872352612
-0.453143975527
-0.454152529842
0.272965881059
-0.112696888011
-0.455253456383
0.0587307275613
-0.455256977357
0.272492928883
0.272829166635
0.0359135559695
-0.333131905973
-0.455237661625
0.272648319686
0.272486777473
-0.454162420336
-0.455253031757
0.272236035954
-0.455241417479
-0.455238413009
-0.45525642581
-0.455252712396
0.0355255036807
0.273123943642
0.0587307275613
-0.453984117388
0.0587307275613
-0.333099009775
0.272193412228
0.0359135559695
0.271684374978
-0.455254547091
0.0356870689038
-0.455250020958
-0.453629211012
-0.454645401189
-0.455245299836
0.0356520779716
0.273123943642
0.27216720038
-0.455253879657
-0.453169884958
-0.455391313386
-0.437935956143
0.0585951417506
-0.455250274456
-0.455251463119
0.27216720038
0.272418196043
0.272418196043
-0.454669895315
0.0585951417506
