22.6005509263
12.5545240502
12.1752809809
12.1752852518
12.1752851483
12.1752851462
12.1752851461
12.1752851461
12.1752851461
12.1752851461
12.1752851461
12.1752851461
12.1752851461
12.1752851461
12.1752851461
12.1752851461
12.1752851461
12.1752851461
12.1752851461
12.1752851461
12.1752851461
12.1752851461
12.1752851461
12.1752851461
12.1752851461
12.1752851461
12.1752851461
12.1752851461
12.1752851461
12.1752851461
12.1752851461
12.1752851461
12.1752851461
12.1752851461
12.1752851461
12.1752851461
12.1752851461
12.1752851461
12.1752851461
12.1752851461
12.1752851461
12.1752851461
12.1752851461
12.1752851461
12.1752851461
12.1752851461
12.1752851461
12.1752851461
12.1752851461
12.1752851461
12.1752851461
12.1752851461
12.1752851461
12.1752851461
12.1752851461
12.1752851461
12.1752851461
12.1752851461
12.1752851461
12.1752851461
12.1752851461
12.1752851461
12.1752851461
12.1752851461
12.1752851461
12.1752851461
12.1752851461
12.1752851461
12.1752851461
12.1752851461
12.1752851461
12.1752851461
12.1752851461
12.1752851461
12.1752851461
12.1752851461
12.1752851461
12.1752851461
12.1752851461
12.1752851461
12.1752851461
12.1752851461
12.1752851461
12.1752851461
12.1752851461
12.1752851461
12.1752851461
12.1752851461
12.1752851461
12.1752851461
12.1752851461
12.1752851461
12.1752851461
12.1752851461
12.1752851461
12.1752851461
12.1752851461
12.1752851461
12.1752851461
12.1752851461
