-0.775374050362
-0.754985863374
-0.0651496131895
-0.469827716863
-0.0651218545908
-0.278923144302
-0.0652681603415
-0.720088100691
-0.0653369959146
-0.645389844999
-0.303943714133
-0.0655437116488
-0.3014601933
-0.0605965831514
-0.0652681603415
0.0495330394502
-0.303828969716
-0.0644017383515
-0.0652681603415
-0.0658198213174
-0.450534406993
-0.0652158453007
0.0480259139823
-0.064811881832
-0.0650804227129
0.0480667858304
-0.303609387001
-0.0650804227129
-0.302042495173
-0.0651479267802
-0.278909054544
-0.674967913178
-0.0652158453007
-0.670469880663
0.0669974627157
-0.304123616736
-0.0653369959146
-0.301456008416
-0.635741454003
-0.0652414468341
0.0560773913131
-0.634437368901
0.0487012924333
-0.0650521572584
-0.301590640326
0.0486195175747
-0.0646502026556
-0.0650050119278
-0.449943546706
-0.0652428694448
0.067112728228
-0.669978873824
-0.450277607001
-0.0653369959146
-0.308686709067
-0.302105329893
-0.641372525338
-0.635602890261
-0.301978692614
-0.568740163506
-0.634751804852
-0.674108308789
0.0481076366647
-0.46965717985
-0.669978873824
-0.0644017383515
0.0482422889199
-0.754862150434
-0.303828969716
-0.0651931595081
-0.775416425917
0.0673991767136
-0.301974239495
-0.0650618622675
-0.0651253795618
-0.301586387572
-0.304412153524
-0.46965717985
-0.63482733416
-0.0646750296603
-0.3014601933
-0.674108308789
-0.0655437116488
-0.46965717985
0.0495330394502
-0.302294173307
-0.0651962768659
-0.0653369959146
0.0670340776957
-0.634259100918
-0.0652428694448
-0.304063704259
-0.301852118323
-0.0651978225098
-0.289161021687
0.0500223743121
-0.0658198213174
-0.0644017383515
-0.0652158453007
