5.85530715272
20.9178643076
22.4541721545
22.4012293934
22.3996012662
22.3996009272
22.3996009273
22.3996009273
22.3996009273
22.3996009273
22.3996009273
22.3996009273
22.3996009273
22.3996009273
22.3996009273
22.3996009273
22.3996009273
22.3996009273
22.3996009273
22.3996009273
22.3996009273
22.3996009273
22.3996009273
22.3996009273
22.3996009273
22.3996009273
22.3996009273
22.3996009273
22.3996009273
22.3996009273
22.3996009273
22.3996009273
22.3996009273
22.3996009273
22.3996009273
22.3996009273
22.3996009273
22.3996009273
22.3996009273
22.3996009273
22.3996009273
22.3996009273
22.3996009273
22.3996009273
22.3996009273
22.3996009273
22.3996009273
22.3996009273
22.3996009273
22.3996009273
22.3996009273
22.3996009273
22.3996009273
22.3996009273
22.3996009273
22.3996009273
22.3996009273
22.3996009273
22.3996009273
22.3996009273
22.3996009273
22.3996009273
22.3996009273
22.3996009273
22.3996009273
22.3996009273
22.3996009273
22.3996009273
22.3996009273
22.3996009273
22.3996009273
22.3996009273
22.3996009273
22.3996009273
22.3996009273
22.3996009273
22.3996009273
22.3996009273
22.3996009273
22.3996009273
22.3996009273
22.3996009273
22.3996009273
22.3996009273
22.3996009273
22.3996009273
22.3996009273
22.3996009273
22.3996009273
22.3996009273
22.3996009273
22.3996009273
22.3996009273
22.3996009273
22.3996009273
22.3996009273
22.3996009273
22.3996009273
22.3996009273
22.3996009273
