0.0437009962103
-0.262284467825
-0.124440321113
-0.278203286971
-0.279452416599
-0.277438032026
-0.279450749391
-0.259621645351
-0.277697417051
-0.27771555319
-0.279454437169
-0.277715263445
-0.279299560401
-0.262011117404
-0.277673184649
-0.27958006531
-0.279301203068
0.0431725394881
-0.244963853742
-0.272298511912
-0.277429527675
-0.278701459364
-0.278226274696
0.0435376953082
-0.27763988746
-0.277423820493
0.20971356009
0.209265239912
-0.279313718259
-0.278710878
-0.250827422603
-0.27958006531
-0.279453418906
-0.274248627599
-0.249767458836
-0.277700954755
-0.279453306532
-0.279305829741
-0.279309977531
0.0430240005181
-0.26297850281
-0.27958006531
-0.27945338682
0.20927070656
-0.279299008536
-0.276481425268
-0.279454767728
-0.277627258149
-0.278719480112
-0.279450749391
0.211626276033
-0.279459263183
-0.279456517002
-0.279313220747
-0.128000621651
-0.278694064128
-0.27958006531
-0.276843619269
-0.27958006531
-0.278705302225
-0.279454971489
-0.27958006531
-0.266087096857
0.211261518849
-0.27958006531
0.062985532358
0.204764357391
-0.27958006531
-0.273242929695
-0.055296760082
0.204630461006
-0.278704152901
-0.279305829741
-0.277813280857
-0.278209158988
-0.278707464961
-0.279458143827
-0.241093437782
-0.27958006531
-0.279455236949
-0.250796996527
-0.277715263445
-0.262763483378
-0.279310269006
-0.279454846176
-0.277609945461
-0.27958006531
-0.277805871761
-0.277675303405
-0.279299599737
-0.277700071576
-0.277696530543
-0.279455516798
0.20945123861
-0.27958006531
-0.27958006531
0.211747982262
-0.27958006531
-0.27958006531
