-0.100474727544
-0.266316731402
-0.517318030653
0.139050661478
-0.0980016636112
-0.589434492019
-0.52605578191
0.138818202892
-0.575954332536
-0.1004031881
-0.587670257857
-0.528205491135
-0.527875590337
-0.266681887222
-0.432013913546
-0.098705196593
-0.0982281506768
-0.246354569992
-0.100020410286
-0.477992162279
-0.100589186798
-0.569745372848
-0.430048990339
-0.567704446052
-0.0865716590595
-0.582646746652
0.138045265066
-0.365180401548
-0.466995013435
-0.0983852627802
-0.571859097572
-0.588067126477
-0.551164221749
-0.104948784714
-0.571847579954
-0.0981064444476
-0.0982631416091
-0.588057081551
-0.431952306746
-0.10082317681
-0.467075541474
-0.100867981078
0.139050661478
-0.10054011887
-0.528775535004
-0.246695499074
-0.471351602462
-0.569924321824
-0.0982281506768
-0.441669786137
-0.526447623557
0.138045265066
-0.0865716590595
-0.536871787548
-0.10054011887
-0.0982587525215
-0.572241935385
-0.431864487273
-0.570449762345
-0.584109678388
-0.587054753791
-0.571883553952
-0.431765050878
-0.431200601805
-0.58729033896
-0.0865716590595
-0.587087074179
-0.517253366711
-0.587288214985
-0.105223965704
-0.561539310278
-0.246868894352
-0.586149568091
-0.526196905736
-0.431426865709
-0.555055463227
-0.10058372015
-0.0984535184587
-0.0751844920194
-0.266316731402
-0.560590377491
-0.246507662751
-0.100239993002
-0.55153612854
-0.100867981078
-0.100867981078
-0.466541233592
-0.104837915002
-0.589158858061
-0.585578901413
-0.583058102877
-0.105223965704
-0.565780848936
-0.100146139397
-0.572372322967
-0.517350319196
-0.0978712165852
-0.572121881356
-0.266830426192
