11.7431360838
26.8240156588
25.187114738
25.187227349
25.1872272438
25.187227238
25.1872272385
25.1872272385
25.1872272385
25.1872272385
25.1872272385
25.1872272385
25.1872272385
25.1872272385
25.1872272385
25.1872272385
25.1872272385
25.1872272385
25.1872272385
25.1872272385
25.1872272385
25.1872272385
25.1872272385
25.1872272385
25.1872272385
25.1872272385
25.1872272385
25.1872272385
25.1872272385
25.1872272385
25.1872272385
25.1872272385
25.1872272385
25.1872272385
25.1872272385
25.1872272385
25.1872272385
25.1872272385
25.1872272385
25.1872272385
25.1872272385
25.1872272385
25.1872272385
25.1872272385
25.1872272385
25.1872272385
25.1872272385
25.1872272385
25.1872272385
25.1872272385
25.1872272385
25.1872272385
25.1872272385
25.1872272385
25.1872272385
25.1872272385
25.1872272385
25.1872272385
25.1872272385
25.1872272385
25.1872272385
25.1872272385
25.1872272385
25.1872272385
25.1872272385
25.1872272385
25.1872272385
25.1872272385
25.1872272385
25.1872272385
25.1872272385
25.1872272385
25.1872272385
25.1872272385
25.1872272385
25.1872272385
25.1872272385
25.1872272385
25.1872272385
25.1872272385
25.1872272385
25.1872272385
25.1872272385
25.1872272385
25.1872272385
25.1872272385
25.1872272385
25.1872272385
25.1872272385
25.1872272385
25.1872272385
25.1872272385
25.1872272385
25.1872272385
25.1872272385
25.1872272385
25.1872272385
25.1872272385
25.1872272385
25.1872272385
