29.2838981976
23.8339625074
23.8295526502
23.829552384
23.8295523968
23.8295523976
23.8295523976
23.8295523976
23.8295523976
23.8295523976
23.8295523976
23.8295523976
23.8295523976
23.8295523976
23.8295523976
23.8295523976
23.8295523976
23.8295523976
23.8295523976
23.8295523976
23.8295523976
23.8295523976
23.8295523976
23.8295523976
23.8295523976
23.8295523976
23.8295523976
23.8295523976
23.8295523976
23.8295523976
23.8295523976
23.8295523976
23.8295523976
23.8295523976
23.8295523976
23.8295523976
23.8295523976
23.8295523976
23.8295523976
23.8295523976
23.8295523976
23.8295523976
23.8295523976
23.8295523976
23.8295523976
23.8295523976
23.8295523976
23.8295523976
23.8295523976
23.8295523976
23.8295523976
23.8295523976
23.8295523976
23.8295523976
23.8295523976
23.8295523976
23.8295523976
23.8295523976
23.8295523976
23.8295523976
23.8295523976
23.8295523976
23.8295523976
23.8295523976
23.8295523976
23.8295523976
23.8295523976
23.8295523976
23.8295523976
23.8295523976
23.8295523976
23.8295523976
23.8295523976
23.8295523976
23.8295523976
23.8295523976
23.8295523976
23.8295523976
23.8295523976
23.8295523976
23.8295523976
23.8295523976
23.8295523976
23.8295523976
23.8295523976
23.8295523976
23.8295523976
23.8295523976
23.8295523976
23.8295523976
23.8295523976
23.8295523976
23.8295523976
23.8295523976
23.8295523976
23.8295523976
23.8295523976
23.8295523976
23.8295523976
23.8295523976
