0.00475278688623
0.00490153000686
0.00588360958568
0.00561589187913
0.00570823508806
0.00557803280952
0.00605944634375
0.00586233525317
0.00479065706725
0.00379973565606
0.00561589187913
0.00461647812742
0.00317368840791
-0.988810521365
0.00447401348918
0.005520220987
0.00561589187913
0.0060830113803
0.00500846662909
0.00599951801802
0.00440388726197
0.00585805882484
0.00562527303552
0.0059505020143
0.00570823508806
0.00544116569771
0.0057842382176
0.00535976368369
0.00458313167782
-0.971826157906
0.00599951801802
-0.000839079489946
0.00578864009104
0.00607125746037
0.00603963290706
0.00719428310882
0.00538546018742
0.00441096841195
0.00643460842834
0.00617879094937
0.00580617246749
0.00574427924215
0.0054809802944
-0.00345741675672
0.00484043369464
0.0057974212642
0.00463631821631
0.0058751213419
0.00480317741282
0.00549084378371
0.00594223768809
0.00381662165307
0.00354555259167
0.00602366560809
-0.000373808635842
-0.988804066809
0.00166636713315
0.00531814975689
0.00446010915103
0.0051452795716
0.00552994293917
0.00541092051005
0.00480317741282
0.00636635587569
0.00606338976356
0.0051619376316
0.0109256263924
0.00389986526829
0.00534941821397
0.00534941821397
0.005520220987
0.0051894887251
0.00542103923644
0.000454422203925
0.00561589187913
0.00552994293917
0.0048650203318
0.00620121694359
0.00611021708262
0.00575766773608
0.00603963290706
0.00451536998215
0.00302048805249
0.00655244854984
0.00476546212136
0.0039326193994
0.0051452795716
0.0055636960975
0.00632439939854
0.00490153000686
0.00617879094937
0.00451536998215
0.00541092051005
0.00455619964081
0.0041840533587
0.00553962998307
0.00544116569771
0.00378276924955
0.00425895972574
