6.7915355295
9.34672566245
9.34659897347
9.34659900457
9.34659900457
9.34659900457
9.34659900457
9.34659900457
9.34659900457
9.34659900457
9.34659900457
9.34659900457
9.34659900457
9.34659900457
9.34659900457
9.34659900457
9.34659900457
9.34659900457
9.34659900457
9.34659900457
9.34659900457
9.34659900457
9.34659900457
9.34659900457
9.34659900457
9.34659900457
9.34659900457
9.34659900457
9.34659900457
9.34659900457
9.34659900457
9.34659900457
9.34659900457
9.34659900457
9.34659900457
9.34659900457
9.34659900457
9.34659900457
9.34659900457
9.34659900457
9.34659900457
9.34659900457
9.34659900457
9.34659900457
9.34659900457
9.34659900457
9.34659900457
9.34659900457
9.34659900457
9.34659900457
9.34659900457
9.34659900457
9.34659900457
9.34659900457
9.34659900457
9.34659900457
9.34659900457
9.34659900457
9.34659900457
9.34659900457
9.34659900457
9.34659900457
9.34659900457
9.34659900457
9.34659900457
9.34659900457
9.34659900457
9.34659900457
9.34659900457
9.34659900457
9.34659900457
9.34659900457
9.34659900457
9.34659900457
9.34659900457
9.34659900457
9.34659900457
9.34659900457
9.34659900457
9.34659900457
9.34659900457
9.34659900457
9.34659900457
9.34659900457
9.34659900457
9.34659900457
9.34659900457
9.34659900457
9.34659900457
9.34659900457
9.34659900457
9.34659900457
9.34659900457
9.34659900457
9.34659900457
9.34659900457
9.34659900457
9.34659900457
9.34659900457
9.34659900457
