-0.297254589556
-0.294640976274
0.0744363200437
0.0553750840862
-0.296407018764
-0.297254589556
-0.294518913619
-0.0577221355896
-0.0432061505874
-0.0579455585439
-0.63432027327
-0.0584793283456
-0.783913613611
0.0554446571563
-0.0583407655571
-0.0579969913238
0.0552521709164
0.0746927956745
-0.0582225341892
-0.662899068187
-0.0580603643011
-0.694974261876
-0.723515113801
-0.44274117847
-0.442977891524
-0.0569054378468
-0.628189146147
-0.0571311331854
-0.0577329405795
-0.0579681518122
0.0552282822186
-0.627738124818
-0.627235000665
-0.0578150505857
-0.0578292658458
-0.442970929682
-0.296407018764
-0.296866755873
-0.294384019336
-0.296975795276
-0.0569054378468
0.0553629406866
-0.638064464369
-0.296527475098
-0.294902961657
-0.634334550238
-0.0571993701152
0.0567763021
-0.296407018764
0.0744192338808
-0.0579954542734
-0.627549436616
-0.0534628762224
-0.779491986573
-0.44325550283
-0.666905940553
-0.297254589556
-0.294375526483
-0.0578836320154
-0.763547513609
-0.662923904236
-0.296975795276
-0.72347364099
-0.628400522024
-0.296975795276
-0.297003209124
-0.747840953756
-0.669258096581
-0.76336569651
0.0552282822186
-0.0581528128087
-0.0577070434689
-0.0533942149151
-0.296663880192
-0.627383900114
-0.779416708915
-0.0571311331854
-0.0581346276782
-0.71251325251
-0.638064464369
-0.0578594940312
-0.462625348627
0.20241419362
-0.0571993701152
-0.638064464369
-0.627235000665
-0.271571100497
-0.0580405012085
-0.0581550277054
-0.0578836320154
-0.0571993701152
-0.057928225308
-0.0581550277054
-0.694974261876
0.0552111575671
-0.294974984713
-0.634170157101
-0.0580134770643
0.200338069053
