1.0680400214
24.6654776802
25.6016642401
25.4876832207
25.4876402191
25.4876375369
25.4876377722
25.4876377837
25.4876377837
25.4876377837
25.4876377837
25.4876377837
25.4876377837
25.4876377837
25.4876377837
25.4876377837
25.4876377837
25.4876377837
25.4876377837
25.4876377837
25.4876377837
25.4876377837
25.4876377837
25.4876377837
25.4876377837
25.4876377837
25.4876377837
25.4876377837
25.4876377837
25.4876377837
25.4876377837
25.4876377837
25.4876377837
25.4876377837
25.4876377837
25.4876377837
25.4876377837
25.4876377837
25.4876377837
25.4876377837
25.4876377837
25.4876377837
25.4876377837
25.4876377837
25.4876377837
25.4876377837
25.4876377837
25.4876377837
25.4876377837
25.4876377837
25.4876377837
25.4876377837
25.4876377837
25.4876377837
25.4876377837
25.4876377837
25.4876377837
25.4876377837
25.4876377837
25.4876377837
25.4876377837
25.4876377837
25.4876377837
25.4876377837
25.4876377837
25.4876377837
25.4876377837
25.4876377837
25.4876377837
25.4876377837
25.4876377837
25.4876377837
25.4876377837
25.4876377837
25.4876377837
25.4876377837
25.4876377837
25.4876377837
25.4876377837
25.4876377837
25.4876377837
25.4876377837
25.4876377837
25.4876377837
25.4876377837
25.4876377837
25.4876377837
25.4876377837
25.4876377837
25.4876377837
25.4876377837
25.4876377837
25.4876377837
25.4876377837
25.4876377837
25.4876377837
25.4876377837
25.4876377837
25.4876377837
25.4876377837
