23.8471424574
7.92172462962
7.08134176064
7.08196431409
7.08196469891
7.0819646989
7.0819646989
7.0819646989
7.0819646989
7.0819646989
7.0819646989
7.0819646989
7.0819646989
7.0819646989
7.0819646989
7.0819646989
7.0819646989
7.0819646989
7.0819646989
7.0819646989
7.0819646989
7.0819646989
7.0819646989
7.0819646989
7.0819646989
7.0819646989
7.0819646989
7.0819646989
7.0819646989
7.0819646989
7.0819646989
7.0819646989
7.0819646989
7.0819646989
7.0819646989
7.0819646989
7.0819646989
7.0819646989
7.0819646989
7.0819646989
7.0819646989
7.0819646989
7.0819646989
7.0819646989
7.0819646989
7.0819646989
7.0819646989
7.0819646989
7.0819646989
7.0819646989
7.0819646989
7.0819646989
7.0819646989
7.0819646989
7.0819646989
7.0819646989
7.0819646989
7.0819646989
7.0819646989
7.0819646989
7.0819646989
7.0819646989
7.0819646989
7.0819646989
7.0819646989
7.0819646989
7.0819646989
7.0819646989
7.0819646989
7.0819646989
7.0819646989
7.0819646989
7.0819646989
7.0819646989
7.0819646989
7.0819646989
7.0819646989
7.0819646989
7.0819646989
7.0819646989
7.0819646989
7.0819646989
7.0819646989
7.0819646989
7.0819646989
7.0819646989
7.0819646989
7.0819646989
7.0819646989
7.0819646989
7.0819646989
7.0819646989
7.0819646989
7.0819646989
7.0819646989
7.0819646989
7.0819646989
7.0819646989
7.0819646989
7.0819646989
