22.8290957046
20.2692578855
20.2695319702
20.2695319851
20.2695319851
20.2695319851
20.2695319851
20.2695319851
20.2695319851
20.2695319851
20.2695319851
20.2695319851
20.2695319851
20.2695319851
20.2695319851
20.2695319851
20.2695319851
20.2695319851
20.2695319851
20.2695319851
20.2695319851
20.2695319851
20.2695319851
20.2695319851
20.2695319851
20.2695319851
20.2695319851
20.2695319851
20.2695319851
20.2695319851
20.2695319851
20.2695319851
20.2695319851
20.2695319851
20.2695319851
20.2695319851
20.2695319851
20.2695319851
20.2695319851
20.2695319851
20.2695319851
20.2695319851
20.2695319851
20.2695319851
20.2695319851
20.2695319851
20.2695319851
20.2695319851
20.2695319851
20.2695319851
20.2695319851
20.2695319851
20.2695319851
20.2695319851
20.2695319851
20.2695319851
20.2695319851
20.2695319851
20.2695319851
20.2695319851
20.2695319851
20.2695319851
20.2695319851
20.2695319851
20.2695319851
20.2695319851
20.2695319851
20.2695319851
20.2695319851
20.2695319851
20.2695319851
20.2695319851
20.2695319851
20.2695319851
20.2695319851
20.2695319851
20.2695319851
20.2695319851
20.2695319851
20.2695319851
20.2695319851
20.2695319851
20.2695319851
20.2695319851
20.2695319851
20.2695319851
20.2695319851
20.2695319851
20.2695319851
20.2695319851
20.2695319851
20.2695319851
20.2695319851
20.2695319851
20.2695319851
20.2695319851
20.2695319851
20.2695319851
20.2695319851
20.2695319851
