15.7497344731
16.0925824995
16.1480914674
16.1480848392
16.1480848389
16.1480848389
16.1480848389
16.1480848389
16.1480848389
16.1480848389
16.1480848389
16.1480848389
16.1480848389
16.1480848389
16.1480848389
16.1480848389
16.1480848389
16.1480848389
16.1480848389
16.1480848389
16.1480848389
16.1480848389
16.1480848389
16.1480848389
16.1480848389
16.1480848389
16.1480848389
16.1480848389
16.1480848389
16.1480848389
16.1480848389
16.1480848389
16.1480848389
16.1480848389
16.1480848389
16.1480848389
16.1480848389
16.1480848389
16.1480848389
16.1480848389
16.1480848389
16.1480848389
16.1480848389
16.1480848389
16.1480848389
16.1480848389
16.1480848389
16.1480848389
16.1480848389
16.1480848389
16.1480848389
16.1480848389
16.1480848389
16.1480848389
16.1480848389
16.1480848389
16.1480848389
16.1480848389
16.1480848389
16.1480848389
16.1480848389
16.1480848389
16.1480848389
16.1480848389
16.1480848389
16.1480848389
16.1480848389
16.1480848389
16.1480848389
16.1480848389
16.1480848389
16.1480848389
16.1480848389
16.1480848389
16.1480848389
16.1480848389
16.1480848389
16.1480848389
16.1480848389
16.1480848389
16.1480848389
16.1480848389
16.1480848389
16.1480848389
16.1480848389
16.1480848389
16.1480848389
16.1480848389
16.1480848389
16.1480848389
16.1480848389
16.1480848389
16.1480848389
16.1480848389
16.1480848389
16.1480848389
16.1480848389
16.1480848389
16.1480848389
16.1480848389
