0.637898600345
0.152182216129
0.152659848486
0.152420795739
-0.338663899655
0.152768928753
0.152664147917
0.00382516208526
0.00425591511454
0.152542441687
0.15049332065
0.175586100345
-0.321130646934
0.00410262876643
0.152065395771
-0.338535924226
0.15029586482
0.150530599363
-0.338540320812
0.166326120305
-0.338392381871
0.150471902814
0.145585184594
0.149947415554
0.00425591511454
0.00425591511454
-0.0152976107716
0.15029586482
-0.337115672375
0.150367404264
0.150471902814
0.14582180765
0.14582180765
0.0039016980125
0.145420331491
-0.0159112948575
0.150410492685
-0.337782971744
0.00418627115989
0.152664147917
0.15029586482
0.175586100345
0.152542441687
0.00424891086605
0.150629725745
0.15049332065
0.150629725745
0.152538082997
0.152182216129
0.000496090633764
-0.114380594427
-0.338382130143
0.150181405567
0.149902611287
0.152768928753
0.15029586482
0.00426292961315
0.150241425789
0.152254239185
-0.0155461390374
0.150410492685
0.150367404264
0.152182216129
-0.338663899655
0.152065395771
0.389814578823
0.00425591511454
0.15049332065
0.00425591511454
0.00399174236821
-0.227120152518
0.149902611287
-0.338389551233
0.145680523045
-0.321307693802
0.150153991719
0.1500283324
0.149902611287
-0.114380594427
-0.338538633464
0.152065395771
0.150367404264
-0.338663899655
0.145585184594
-0.0155461390374
0.389957830727
-0.338663899655
0.15029586482
0.389022573164
0.145546626661
0.149947415554
0.152768928753
-0.337816322314
0.00410262876643
0.150230473494
-0.338544368218
0.166323631517
0.389161746569
-0.338540595093
