1.29702563534
7.44809271334
6.68131855565
6.51817158952
6.51775787012
6.51775813053
6.51775813072
6.51775813072
6.51775813072
6.51775813072
6.51775813072
6.51775813072
6.51775813072
6.51775813072
6.51775813072
6.51775813072
6.51775813072
6.51775813072
6.51775813072
6.51775813072
6.51775813072
6.51775813072
6.51775813072
6.51775813072
6.51775813072
6.51775813072
6.51775813072
6.51775813072
6.51775813072
6.51775813072
6.51775813072
6.51775813072
6.51775813072
6.51775813072
6.51775813072
6.51775813072
6.51775813072
6.51775813072
6.51775813072
6.51775813072
6.51775813072
6.51775813072
6.51775813072
6.51775813072
6.51775813072
6.51775813072
6.51775813072
6.51775813072
6.51775813072
6.51775813072
6.51775813072
6.51775813072
6.51775813072
6.51775813072
6.51775813072
6.51775813072
6.51775813072
6.51775813072
6.51775813072
6.51775813072
6.51775813072
6.51775813072
6.51775813072
6.51775813072
6.51775813072
6.51775813072
6.51775813072
6.51775813072
6.51775813072
6.51775813072
6.51775813072
6.51775813072
6.51775813072
6.51775813072
6.51775813072
6.51775813072
6.51775813072
6.51775813072
6.51775813072
6.51775813072
6.51775813072
6.51775813072
6.51775813072
6.51775813072
6.51775813072
6.51775813072
6.51775813072
6.51775813072
6.51775813072
6.51775813072
6.51775813072
6.51775813072
6.51775813072
6.51775813072
6.51775813072
6.51775813072
6.51775813072
6.51775813072
6.51775813072
6.51775813072
