0.058239879598
0.432211166838
-0.418871069031
-0.431550416167
-0.427773730419
-0.432806398461
-0.432237827838
-0.432809965164
-0.403307270293
-0.273664398466
-0.432823267312
-0.369723598585
-0.431146734549
-0.43281945912
-0.431138850235
-0.432820752544
-0.432960779439
-0.432202559118
-0.431200782003
0.294849300508
-0.431133133761
-0.432960258022
-0.431481742271
0.295300706995
-0.432811006111
-0.380525463503
-0.415741430343
-0.430934066897
-0.420005119055
-0.432821572399
-0.281601617714
-0.432223365437
-0.43036661669
-0.43120167214
-0.431165707224
-0.432823687678
-0.430736807544
-0.432825390415
-0.432807269097
-0.400712524749
-0.429214928537
-0.371647956567
-0.432212766748
0.294529434454
-0.430743502089
-0.432825597408
-0.43120640539
-0.0901683532042
-0.431210233702
-0.431735598091
-0.431135042974
-0.432824036965
-0.418780356682
-0.310729217428
-0.431179771027
-0.427741527446
-0.431551597599
-0.432825493952
0.0563259137593
-0.432228199506
-0.432960681997
-0.415498721642
-0.431227702858
-0.432202297606
-0.432964036891
-0.432960714494
0.055757137248
-0.429998569622
-0.431135360814
-0.404292910722
-0.432814345411
-0.431165707224
-0.432824802159
-0.432960600682
0.058239879598
-0.431150496409
-0.431740459079
0.0560476344953
-0.430940472616
-0.432826422129
-0.432961344892
-0.431201375521
-0.431143588489
-0.430927981866
0.0511686052748
-0.431737019498
-0.43223879085
-0.415529980959
-0.432958010483
-0.432960356113
0.295529840554
-0.431207879663
-0.429242014128
-0.415765333328
-0.431707164445
-0.369765982913
-0.43036661669
-0.432809305732
-0.425847172801
