29.3093027723
21.6079260826
22.2755644055
22.2475510202
22.2475523136
22.2475523931
22.2475523862
22.2475523862
22.2475523862
22.2475523862
22.2475523862
22.2475523862
22.2475523862
22.2475523862
22.2475523862
22.2475523862
22.2475523862
22.2475523862
22.2475523862
22.2475523862
22.2475523862
22.2475523862
22.2475523862
22.2475523862
22.2475523862
22.2475523862
22.2475523862
22.2475523862
22.2475523862
22.2475523862
22.2475523862
22.2475523862
22.2475523862
22.2475523862
22.2475523862
22.2475523862
22.2475523862
22.2475523862
22.2475523862
22.2475523862
22.2475523862
22.2475523862
22.2475523862
22.2475523862
22.2475523862
22.2475523862
22.2475523862
22.2475523862
22.2475523862
22.2475523862
22.2475523862
22.2475523862
22.2475523862
22.2475523862
22.2475523862
22.2475523862
22.2475523862
22.2475523862
22.2475523862
22.2475523862
22.2475523862
22.2475523862
22.2475523862
22.2475523862
22.2475523862
22.2475523862
22.2475523862
22.2475523862
22.2475523862
22.2475523862
22.2475523862
22.2475523862
22.2475523862
22.2475523862
22.2475523862
22.2475523862
22.2475523862
22.2475523862
22.2475523862
22.2475523862
22.2475523862
22.2475523862
22.2475523862
22.2475523862
22.2475523862
22.2475523862
22.2475523862
22.2475523862
22.2475523862
22.2475523862
22.2475523862
22.2475523862
22.2475523862
22.2475523862
22.2475523862
22.2475523862
22.2475523862
22.2475523862
22.2475523862
22.2475523862
