-0.302960087687
-0.242024589798
0.679441107893
0.665551238221
0.672118698868
0.672140011741
0.665013622186
0.668730647995
0.66796859248
0.665539751499
0.674780296564
0.667769861927
0.672210361868
0.674944034904
0.674403600721
0.672037038385
0.664954026927
0.665779147304
0.68138370922
0.672403589813
0.670576869001
0.668186109803
0.67388519114
0.666269188303
0.662556840724
0.674806455274
0.67839723768
0.672267083271
0.674631555343
0.67215628381
0.67904892489
0.668034208345
0.671959521134
0.67188087725
0.66143705836
0.670545865021
0.675036026192
0.667500409421
0.672224878871
0.672592500428
0.672140011741
0.665970175385
0.672203719534
0.68198016957
0.679088520132
0.670889919095
0.670410624334
0.671901817872
0.67067966521
0.671648071192
0.665993515657
0.675111420568
0.681547029423
0.667658219024
0.665435975361
0.672068024904
0.674867046091
0.672403589813
0.678029520829
0.672661328064
0.662089839892
0.670358220186
0.665661629273
0.663678050392
0.672134582712
0.673725849838
0.674776735946
0.672235444235
0.671817833399
0.673714379073
0.672033059869
0.670473223588
0.668730647995
0.67150834968
0.67256287665
0.67453203045
0.671981546125
0.66579045225
0.670628372602
0.668164511914
0.665779147304
0.679194958925
0.672602358149
0.679395573898
0.67911691209
0.677954090579
0.668970394379
0.664718797124
0.675241407941
0.671680085433
0.67067966521
0.671124353679
0.674641386122
0.66579045225
0.670669423505
0.674446583687
0.672088637479
0.675134561996
0.671712014455
