18.9604814974
0.574271074748
0.947728703547
0.861696604927
0.86145761
0.861457871598
0.861457871597
0.861457871597
0.861457871597
0.861457871597
0.861457871597
0.861457871597
0.861457871597
0.861457871597
0.861457871597
0.861457871597
0.861457871597
0.861457871597
0.861457871597
0.861457871597
0.861457871597
0.861457871597
0.861457871597
0.861457871597
0.861457871597
0.861457871597
0.861457871597
0.861457871597
0.861457871597
0.861457871597
0.861457871597
0.861457871597
0.861457871597
0.861457871597
0.861457871597
0.861457871597
0.861457871597
0.861457871597
0.861457871597
0.861457871597
0.861457871597
0.861457871597
0.861457871597
0.861457871597
0.861457871597
0.861457871597
0.861457871597
0.861457871597
0.861457871597
0.861457871597
0.861457871597
0.861457871597
0.861457871597
0.861457871597
0.861457871597
0.861457871597
0.861457871597
0.861457871597
0.861457871597
0.861457871597
0.861457871597
0.861457871597
0.861457871597
0.861457871597
0.861457871597
0.861457871597
0.861457871597
0.861457871597
0.861457871597
0.861457871597
0.861457871597
0.861457871597
0.861457871597
0.861457871597
0.861457871597
0.861457871597
0.861457871597
0.861457871597
0.861457871597
0.861457871597
0.861457871597
0.861457871597
0.861457871597
0.861457871597
0.861457871597
0.861457871597
0.861457871597
0.861457871597
0.861457871597
0.861457871597
0.861457871597
0.861457871597
0.861457871597
0.861457871597
0.861457871597
0.861457871597
0.861457871597
0.861457871597
0.861457871597
0.861457871597
