-0.000272383405024
0.00173496354887
0.00163398931705
0.0019013544799
0.00116586552656
0.000920352902417
0.00139604194659
0.000908562441885
0.00121218258736
0.00393995635494
0.00395075105788
0.00370030881733
0.00207694844664
0.00144964108426
0.00133882666504
0.00113103445725
0.000884954164763
0.00189031008563
0.000778263440914
0.000908562441885
0.000884954164763
0.00391834148984
0.00189031008563
0.00204535002673
0.00395075105788
0.00144964108426
0.00383154110097
0.00135028715175
0.000932134258347
0.00376608057055
0.00103775848863
0.00379884960039
0.00366730553775
0.00174656476028
0.000990904837348
0.00141457158289
0.000718668181739
0.0020338295584
0.00175815691178
0.00390752130766
0.0013273574432
0.00143796035825
0.00121218258736
0.00174597757501
0.000932134258347
0.00102605860169
0.000908562441885
0.0020338295584
0.0013273574432
0.00357891155693
0.00168846789139
0.00120061661638
0.00142627052801
0.00386415534712
0.00167888585256
0.000908562441885
0.00386415534712
0.00154378855899
0.00392915316892
0.00102605860169
0.00131587947625
0.00144964108426
0.00169008885666
0.00102605860169
0.0015550935046
0.000908562441885
0.00123528800187
0.00113103445725
0.00178131407748
0.00389669261236
0.00137318195967
0.00204535002673
0.000943906520215
0.00373323373535
0.00141457158289
0.000778263440914
0.00201134595208
0.00395075105788
0.00116586552656
0.00145304009235
0.00103775848863
0.00457203789825
0.00387500964217
0.00174656476028
0.000908562441885
0.00174656476028
0.00110776917486
0.00143026681117
0.00108446814099
0.00168846789139
0.00133882666504
0.00157767776103
0.00080203684248
0.00176827429839
0.00166767440609
0.000908562441885
0.00140745890699
0.00373323373535
0.00373323373535
