-0.231879634999
-0.231879634999
0.25237713825
0.258849660428
-0.00794883249983
0.111123777971
0.252204596147
0.25896194916
0.25701473815
0.258858818941
0.259101338562
0.110609426742
-0.00794883249983
0.257314864019
-0.00759632977097
-0.00784117346016
-0.00757157242342
0.25236944925
0.257314864019
0.257314864019
0.49669538385
0.110970535816
0.110970535816
0.258966480786
0.257413990401
0.0905683572607
0.256686875943
0.282349022016
0.25942255188
0.259205060395
0.496263474097
0.0907244308291
-0.00794883249983
0.090787031668
0.110970535816
0.257413990401
0.259038503842
0.257534446735
0.252204596147
0.252330891317
0.258845074376
0.257534446735
0.258849660428
0.256965670223
-0.0731152671825
0.496810332313
0.256812597056
0.0907244308291
0.110685962669
0.0914014265213
0.257194757341
0.257256167471
0.0908025242848
0.259444113142
-0.00778730511163
0.110886893423
0.257194757341
0.259809772096
0.25643524815
0.252330891317
0.258858818941
0.111026181502
0.259683640436
0.257063853945
0.252330891317
0.257151668921
0.110692696633
0.49669538385
0.252464787702
0.259565939016
0.110886893423
0.25701473815
-0.00789501591668
0.256812597056
0.110970535816
0.495806837821
0.25955319341
0.259205060395
0.0913087707985
0.25701473815
0.110609426742
0.259205060395
-0.00759632977097
0.258966480786
0.257314864019
-0.00784117346016
0.0909588246768
0.259448412573
0.111116710921
-0.00784117346016
0.259326706344
0.257080129476
0.257534446735
-0.0732935351658
0.258858818941
0.090872969799
0.257151668921
0.0914866538849
-0.00765034790807
