16.8455733384
3.33447422301
0.467707724917
0.999953998881
0.998901144964
0.99890109776
0.998901097712
0.998901097712
0.998901097712
0.998901097712
0.998901097712
0.998901097712
0.998901097712
0.998901097712
0.998901097712
0.998901097712
0.998901097712
0.998901097712
0.998901097712
0.998901097712
0.998901097712
0.998901097712
0.998901097712
0.998901097712
0.998901097712
0.998901097712
0.998901097712
0.998901097712
0.998901097712
0.998901097712
0.998901097712
0.998901097712
0.998901097712
0.998901097712
0.998901097712
0.998901097712
0.998901097712
0.998901097712
0.998901097712
0.998901097712
0.998901097712
0.998901097712
0.998901097712
0.998901097712
0.998901097712
0.998901097712
0.998901097712
0.998901097712
0.998901097712
0.998901097712
0.998901097712
0.998901097712
0.998901097712
0.998901097712
0.998901097712
0.998901097712
0.998901097712
0.998901097712
0.998901097712
0.998901097712
0.998901097712
0.998901097712
0.998901097712
0.998901097712
0.998901097712
0.998901097712
0.998901097712
0.998901097712
0.998901097712
0.998901097712
0.998901097712
0.998901097712
0.998901097712
0.998901097712
0.998901097712
0.998901097712
0.998901097712
0.998901097712
0.998901097712
0.998901097712
0.998901097712
0.998901097712
0.998901097712
0.998901097712
0.998901097712
0.998901097712
0.998901097712
0.998901097712
0.998901097712
0.998901097712
0.998901097712
0.998901097712
0.998901097712
0.998901097712
0.998901097712
0.998901097712
0.998901097712
0.998901097712
0.998901097712
0.998901097712
