19.9743884087
13.5443215003
14.5228301113
14.5633658335
14.5633694262
14.5633693268
14.5633693233
14.5633693234
14.5633693234
14.5633693234
14.5633693234
14.5633693234
14.5633693234
14.5633693234
14.5633693234
14.5633693234
14.5633693234
14.5633693234
14.5633693234
14.5633693234
14.5633693234
14.5633693234
14.5633693234
14.5633693234
14.5633693234
14.5633693234
14.5633693234
14.5633693234
14.5633693234
14.5633693234
14.5633693234
14.5633693234
14.5633693234
14.5633693234
14.5633693234
14.5633693234
14.5633693234
14.5633693234
14.5633693234
14.5633693234
14.5633693234
14.5633693234
14.5633693234
14.5633693234
14.5633693234
14.5633693234
14.5633693234
14.5633693234
14.5633693234
14.5633693234
14.5633693234
14.5633693234
14.5633693234
14.5633693234
14.5633693234
14.5633693234
14.5633693234
14.5633693234
14.5633693234
14.5633693234
14.5633693234
14.5633693234
14.5633693234
14.5633693234
14.5633693234
14.5633693234
14.5633693234
14.5633693234
14.5633693234
14.5633693234
14.5633693234
14.5633693234
14.5633693234
14.5633693234
14.5633693234
14.5633693234
14.5633693234
14.5633693234
14.5633693234
14.5633693234
14.5633693234
14.5633693234
14.5633693234
14.5633693234
14.5633693234
14.5633693234
14.5633693234
14.5633693234
14.5633693234
14.5633693234
14.5633693234
14.5633693234
14.5633693234
14.5633693234
14.5633693234
14.5633693234
14.5633693234
14.5633693234
14.5633693234
14.5633693234
