-0.669404422292
-0.212873273403
-0.37857737353
-0.379020520603
-0.213080893345
-0.459363486846
-0.212704100591
-0.210445077829
-0.19678310544
-0.210340296992
-0.35928406366
-0.379169059573
0.0268448831272
-0.212829636457
-0.378492063881
-0.583935787138
-0.358776779481
-0.210566784058
-0.217287418095
0.026887700632
-0.187665759608
-0.543915982543
-0.198910292441
-0.212359043667
0.0261249637714
0.026912932774
0.0268448831272
-0.58288552401
0.0261232160629
-0.217516352152
-0.57890862739
-0.543335925017
-0.217524041151
-0.553885801457
-0.213047635204
-0.477680795514
-0.217562599085
-0.213080893345
-0.544389859224
-0.550379644059
-0.217524041151
0.0258254409077
-0.544352546927
-0.544277869234
-0.213080893345
-0.459363486846
-0.213161810191
-0.21060177499
-0.583717569845
-0.358853310631
-0.363020395481
-0.363020395481
-0.578814655965
-0.210566784058
-0.212359043667
-0.37920803379
0.0269168419115
0.0269168419115
-0.210445077829
-0.378406836517
-0.198910292441
-0.210327551386
-0.196785594228
-0.210688430007
-0.543915982543
-0.45954608274
-0.543953558631
-0.21079215184
-0.379106458734
-0.211034671461
-0.544290940127
-0.212615905095
-0.358922954586
0.0270276774093
-0.212741821481
0.0263944667246
0.0263014713736
0.0266001406776
-0.544240503811
0.0270276774093
-0.212615905095
-0.210566784058
-0.37857737353
-0.379020520603
-0.358860314879
-0.59033079566
-0.477465062825
-0.217688894255
-0.217524041151
0.0261197497889
-0.621882067752
-0.21060177499
-0.362613135112
-0.187665759608
-0.210209849966
0.0259133474187
-0.211034671461
-0.579023534566
-0.217169019829
