1.13030418033
9.64303118538
7.26666229695
6.69998697691
6.70074017283
6.70074078891
6.70074078895
6.70074078895
6.70074078895
6.70074078895
6.70074078895
6.70074078895
6.70074078895
6.70074078895
6.70074078895
6.70074078895
6.70074078895
6.70074078895
6.70074078895
6.70074078895
6.70074078895
6.70074078895
6.70074078895
6.70074078895
6.70074078895
6.70074078895
6.70074078895
6.70074078895
6.70074078895
6.70074078895
6.70074078895
6.70074078895
6.70074078895
6.70074078895
6.70074078895
6.70074078895
6.70074078895
6.70074078895
6.70074078895
6.70074078895
6.70074078895
6.70074078895
6.70074078895
6.70074078895
6.70074078895
6.70074078895
6.70074078895
6.70074078895
6.70074078895
6.70074078895
6.70074078895
6.70074078895
6.70074078895
6.70074078895
6.70074078895
6.70074078895
6.70074078895
6.70074078895
6.70074078895
6.70074078895
6.70074078895
6.70074078895
6.70074078895
6.70074078895
6.70074078895
6.70074078895
6.70074078895
6.70074078895
6.70074078895
6.70074078895
6.70074078895
6.70074078895
6.70074078895
6.70074078895
6.70074078895
6.70074078895
6.70074078895
6.70074078895
6.70074078895
6.70074078895
6.70074078895
6.70074078895
6.70074078895
6.70074078895
6.70074078895
6.70074078895
6.70074078895
6.70074078895
6.70074078895
6.70074078895
6.70074078895
6.70074078895
6.70074078895
6.70074078895
6.70074078895
6.70074078895
6.70074078895
6.70074078895
6.70074078895
6.70074078895
