-0.535127016636
-0.495959200901
-0.506216089624
-0.495456076747
-0.169785403331
-0.164884956275
-0.506320241399
-0.331438110752
-0.429758871352
-0.16969775388
-0.494820274563
-0.165082412105
-0.495820379257
-0.53099758167
-0.592929844199
-0.496109827843
-0.531235159036
-0.531177678569
-0.537655912464
-0.537629082989
-0.531173687909
-0.531683226034
-0.592493533298
-0.502462732921
-0.495604976197
-0.429758871352
-0.330924415962
-0.502391233184
-0.495456076747
-0.495441314098
-0.53099758167
-0.165147803431
-0.139813519566
-0.502598731242
-0.163061203019
0.0745795538022
-0.494820274563
-0.310962254553
-0.496034550269
-0.165349944525
-0.53938225011
-0.311476578912
-0.496235263588
-0.620780374005
-0.164957064978
-0.162596602566
-0.162609348172
-0.162609348172
-0.310962254553
-0.162605095419
-0.502684443404
-0.33076111506
-0.162718428439
-0.33076111506
-0.169571645888
-0.31155311484
-0.537479172664
0.0742625661041
-0.162835835238
-0.31155311484
-0.163061203019
-0.502612930183
-0.494820274563
-0.165430861371
-0.162714129008
-0.496260168013
-0.31113636008
-0.31155311484
-0.331453713177
-0.33076111506
-0.165475665638
-0.165349944525
-0.531095203328
-0.495604976197
-0.429788086108
-0.495076411677
-0.330839089267
-0.163061203019
-0.49622260981
-0.496546920413
-0.531263879106
-0.162596602566
-0.494847738795
-0.16312403774
-0.495808286365
-0.539329532902
-0.430003715042
-0.53157419055
-0.430003715042
-0.164884956275
-0.331516166418
-0.496185033723
0.0746477907319
-0.165147803431
-0.139934810787
-0.16273566888
-0.495456076747
-0.31104583066
-0.165475665638
