12.4066857953
13.8387672055
13.8200700386
13.8200220949
13.8200221981
13.8200221925
13.8200221925
13.8200221925
13.8200221925
13.8200221925
13.8200221925
13.8200221925
13.8200221925
13.8200221925
13.8200221925
13.8200221925
13.8200221925
13.8200221925
13.8200221925
13.8200221925
13.8200221925
13.8200221925
13.8200221925
13.8200221925
13.8200221925
13.8200221925
13.8200221925
13.8200221925
13.8200221925
13.8200221925
13.8200221925
13.8200221925
13.8200221925
13.8200221925
13.8200221925
13.8200221925
13.8200221925
13.8200221925
13.8200221925
13.8200221925
13.8200221925
13.8200221925
13.8200221925
13.8200221925
13.8200221925
13.8200221925
13.8200221925
13.8200221925
13.8200221925
13.8200221925
13.8200221925
13.8200221925
13.8200221925
13.8200221925
13.8200221925
13.8200221925
13.8200221925
13.8200221925
13.8200221925
13.8200221925
13.8200221925
13.8200221925
13.8200221925
13.8200221925
13.8200221925
13.8200221925
13.8200221925
13.8200221925
13.8200221925
13.8200221925
13.8200221925
13.8200221925
13.8200221925
13.8200221925
13.8200221925
13.8200221925
13.8200221925
13.8200221925
13.8200221925
13.8200221925
13.8200221925
13.8200221925
13.8200221925
13.8200221925
13.8200221925
13.8200221925
13.8200221925
13.8200221925
13.8200221925
13.8200221925
13.8200221925
13.8200221925
13.8200221925
13.8200221925
13.8200221925
13.8200221925
13.8200221925
13.8200221925
13.8200221925
13.8200221925
