0.597388618129
-0.280963416781
-0.279948968785
0.693017294585
0.685025883092
0.69488570292
0.690405815584
0.690613355623
0.686626876832
0.690003881964
0.685597543491
0.685190908873
0.687256487726
0.694632153224
0.687481953339
0.682447279275
0.684453699821
0.684693005151
0.684384697026
0.686250485749
0.683929199844
0.690383787211
0.684058912561
0.68750576367
0.688439969805
0.687636062671
0.68754140995
0.686545223959
0.693382060579
0.684805994609
0.694525201353
0.686651242642
0.686768266929
0.685559886487
0.686934259252
0.687659634487
0.694937521273
0.685633384635
0.688427605678
0.686522745224
0.688858894366
0.688761329787
0.684510987151
0.688383954737
0.686250485749
0.684681686734
0.686556451353
0.693382060579
0.676075563159
0.685667140013
0.684994069135
0.684705559636
0.688066326894
0.687188113662
0.686124127984
0.687928116845
0.686757189548
0.690383787211
0.684396217104
0.687414859279
0.675929752412
0.684716748936
0.686900588523
0.684522421258
0.687916542018
0.686662651159
0.686639825859
0.691321386055
0.690306411786
0.685190908873
0.686488967124
0.68534804972
0.686455116824
0.684783727873
0.68831645732
0.687788631502
0.688462463778
0.687765258718
0.686768266929
0.683905509626
0.686556451353
0.686626876832
0.688694948055
0.687612454394
0.694075927166
0.692975768127
0.684638266297
0.685622905195
0.688793535249
0.687414859279
0.687985858343
0.686019997636
0.687267854066
0.683893652217
0.688077787381
0.687636062671
0.694985599324
0.694637579749
0.686639825859
