5.44976286856
10.4887053726
9.31569725504
9.35146691367
9.35233803582
9.35232150561
9.35232123762
9.35232124146
9.35232124151
9.35232124151
9.35232124151
9.35232124151
9.35232124151
9.35232124151
9.35232124151
9.35232124151
9.35232124151
9.35232124151
9.35232124151
9.35232124151
9.35232124151
9.35232124151
9.35232124151
9.35232124151
9.35232124151
9.35232124151
9.35232124151
9.35232124151
9.35232124151
9.35232124151
9.35232124151
9.35232124151
9.35232124151
9.35232124151
9.35232124151
9.35232124151
9.35232124151
9.35232124151
9.35232124151
9.35232124151
9.35232124151
9.35232124151
9.35232124151
9.35232124151
9.35232124151
9.35232124151
9.35232124151
9.35232124151
9.35232124151
9.35232124151
9.35232124151
9.35232124151
9.35232124151
9.35232124151
9.35232124151
9.35232124151
9.35232124151
9.35232124151
9.35232124151
9.35232124151
9.35232124151
9.35232124151
9.35232124151
9.35232124151
9.35232124151
9.35232124151
9.35232124151
9.35232124151
9.35232124151
9.35232124151
9.35232124151
9.35232124151
9.35232124151
9.35232124151
9.35232124151
9.35232124151
9.35232124151
9.35232124151
9.35232124151
9.35232124151
9.35232124151
9.35232124151
9.35232124151
9.35232124151
9.35232124151
9.35232124151
9.35232124151
9.35232124151
9.35232124151
9.35232124151
9.35232124151
9.35232124151
9.35232124151
9.35232124151
9.35232124151
9.35232124151
9.35232124151
9.35232124151
9.35232124151
9.35232124151
