-0.0373929891283
-0.0323149184961
-0.170199517898
-0.037566427795
-0.0550426427565
-0.0562823801642
-0.0374566826156
-0.0349231553739
-0.0374989359315
-0.0329798189268
-0.0372711074419
-0.0372711074419
-0.0375234846743
-0.0375047362003
-0.0374187501306
-0.0568109567476
-0.408975837412
-0.0378036062482
-0.037766806953
-0.0563641550228
-0.0318099582326
-0.0328324688421
-0.048945618912
-0.0376573632054
-0.0372071413312
-0.0377091104637
-0.0330167067863
-0.0331050183646
-0.0550426427565
-0.170665369179
-0.0377287687402
-0.0377497207901
-0.0328539684647
-0.0376540113152
-0.0377864371799
-0.408975837412
-0.0569049007955
-0.155326093565
-0.0378410550735
-0.0348861910072
-0.170734414058
-0.055205584911
-0.0379862098817
-0.0349231553739
-0.0371700312272
-0.408849921026
-0.0327956815768
-0.037095870348
-0.0551240715879
-0.0325387317452
-0.170734414058
-0.170105527188
-0.0343707776949
-0.0326120459634
-0.170179949463
-0.0568928777253
-0.0376586724822
-0.0375234846743
-0.0380228440268
-0.0569748832667
-0.0490243557287
-0.169908176423
-0.0569748832667
-0.170181495107
-0.170176832106
-0.170526806391
-0.0376030479174
-0.0374864186957
-0.0490488079979
-0.0551795908392
-0.0567413836775
-0.170226542042
-0.170226542042
-0.0375234846743
-0.0343707776949
-0.170107294627
-0.0377091104637
-0.0378398648022
-0.0377130236842
-0.0374926889313
-0.0379862098817
-0.0374187501306
-0.170320668512
-0.0373882574381
-0.0378709443695
-0.17006409531
-0.0377287687402
-0.0491124729307
-0.0330386395509
-0.0378398648022
-0.0380961698727
-0.0374989359315
-0.033298030464
-0.0378410550735
-0.0331126496897
-0.0376540113152
-0.0319914103846
-0.406962365212
-0.0344074641722
