24.0565710437
10.1476290095
10.1488594538
10.1488217321
10.1488224964
10.1488225057
10.1488225057
10.1488225057
10.1488225057
10.1488225057
10.1488225057
10.1488225057
10.1488225057
10.1488225057
10.1488225057
10.1488225057
10.1488225057
10.1488225057
10.1488225057
10.1488225057
10.1488225057
10.1488225057
10.1488225057
10.1488225057
10.1488225057
10.1488225057
10.1488225057
10.1488225057
10.1488225057
10.1488225057
10.1488225057
10.1488225057
10.1488225057
10.1488225057
10.1488225057
10.1488225057
10.1488225057
10.1488225057
10.1488225057
10.1488225057
10.1488225057
10.1488225057
10.1488225057
10.1488225057
10.1488225057
10.1488225057
10.1488225057
10.1488225057
10.1488225057
10.1488225057
10.1488225057
10.1488225057
10.1488225057
10.1488225057
10.1488225057
10.1488225057
10.1488225057
10.1488225057
10.1488225057
10.1488225057
10.1488225057
10.1488225057
10.1488225057
10.1488225057
10.1488225057
10.1488225057
10.1488225057
10.1488225057
10.1488225057
10.1488225057
10.1488225057
10.1488225057
10.1488225057
10.1488225057
10.1488225057
10.1488225057
10.1488225057
10.1488225057
10.1488225057
10.1488225057
10.1488225057
10.1488225057
10.1488225057
10.1488225057
10.1488225057
10.1488225057
10.1488225057
10.1488225057
10.1488225057
10.1488225057
10.1488225057
10.1488225057
10.1488225057
10.1488225057
10.1488225057
10.1488225057
10.1488225057
10.1488225057
10.1488225057
10.1488225057
