-0.145878475295
-0.145613082514
-0.0229852168683
0.0783216690396
0.00555077110209
0.0123176592788
0.0783756151763
-0.145878475295
0.0134516682454
0.176725590532
0.00570096836338
0.00560807496429
0.0116541462943
0.00560807496429
0.00577246810096
0.0124309802921
0.0781061437867
0.00184345988557
0.00560807496429
-0.145878475295
-0.0229564429843
0.0120538734422
0.00577246810096
0.176874129502
0.0119410914746
0.0119410914746
0.0123554149195
0.343415150105
0.0117909658462
0.00570096836338
-0.145878475295
0.00560807496429
0.078267748851
0.00549333170568
0.0783756151763
-0.0229200058599
-0.145878475295
-0.0229852168683
0.0119410914746
-0.0231862574874
0.176709988108
-0.145878475295
-0.145878475295
0.177395305487
0.0119410914746
0.0119410914746
0.00555077110209
-0.143521969656
0.00178991848712
-0.0230427242424
-0.145878475295
0.0123433220279
0.0114035394351
-0.14559836325
0.00187816083346
-0.145878475295
0.0116037099779
0.00187816083346
0.0120538734422
0.0130872896078
0.0134516682454
-0.14575485062
0.00577246810096
0.0115421031779
0.0127076245375
0.00567959835912
0.338370608954
0.0127076245375
0.34308128918
0.0133923330521
0.0783756151763
0.0123176592788
0.0118037854504
-0.0231618476606
-0.0231862574874
0.0123931885863
0.0114035394351
-0.145752132907
0.197048353973
0.0119410914746
0.0117909658462
0.00194761166126
-0.145878475295
0.00566524377143
0.0122045003843
0.0123176592788
0.177309930502
0.00194761166126
0.0117909658462
0.342688035646
0.177402586225
0.0117909658462
0.0784048299324
-0.0231575776796
0.338488891583
-0.0229315020433
-0.0233099259632
-0.0234582126311
0.0118037854504
