12.8533946127
22.6195026598
22.6538232802
22.6537065579
22.6537061256
22.6537061195
22.6537061196
22.6537061196
22.6537061196
22.6537061196
22.6537061196
22.6537061196
22.6537061196
22.6537061196
22.6537061196
22.6537061196
22.6537061196
22.6537061196
22.6537061196
22.6537061196
22.6537061196
22.6537061196
22.6537061196
22.6537061196
22.6537061196
22.6537061196
22.6537061196
22.6537061196
22.6537061196
22.6537061196
22.6537061196
22.6537061196
22.6537061196
22.6537061196
22.6537061196
22.6537061196
22.6537061196
22.6537061196
22.6537061196
22.6537061196
22.6537061196
22.6537061196
22.6537061196
22.6537061196
22.6537061196
22.6537061196
22.6537061196
22.6537061196
22.6537061196
22.6537061196
22.6537061196
22.6537061196
22.6537061196
22.6537061196
22.6537061196
22.6537061196
22.6537061196
22.6537061196
22.6537061196
22.6537061196
22.6537061196
22.6537061196
22.6537061196
22.6537061196
22.6537061196
22.6537061196
22.6537061196
22.6537061196
22.6537061196
22.6537061196
22.6537061196
22.6537061196
22.6537061196
22.6537061196
22.6537061196
22.6537061196
22.6537061196
22.6537061196
22.6537061196
22.6537061196
22.6537061196
22.6537061196
22.6537061196
22.6537061196
22.6537061196
22.6537061196
22.6537061196
22.6537061196
22.6537061196
22.6537061196
22.6537061196
22.6537061196
22.6537061196
22.6537061196
22.6537061196
22.6537061196
22.6537061196
22.6537061196
22.6537061196
22.6537061196
