5.57842238121
14.0548351066
14.3898734638
14.4008904243
14.4014181267
14.4014179498
14.4014179498
14.4014179498
14.4014179498
14.4014179498
14.4014179498
14.4014179498
14.4014179498
14.4014179498
14.4014179498
14.4014179498
14.4014179498
14.4014179498
14.4014179498
14.4014179498
14.4014179498
14.4014179498
14.4014179498
14.4014179498
14.4014179498
14.4014179498
14.4014179498
14.4014179498
14.4014179498
14.4014179498
14.4014179498
14.4014179498
14.4014179498
14.4014179498
14.4014179498
14.4014179498
14.4014179498
14.4014179498
14.4014179498
14.4014179498
14.4014179498
14.4014179498
14.4014179498
14.4014179498
14.4014179498
14.4014179498
14.4014179498
14.4014179498
14.4014179498
14.4014179498
14.4014179498
14.4014179498
14.4014179498
14.4014179498
14.4014179498
14.4014179498
14.4014179498
14.4014179498
14.4014179498
14.4014179498
14.4014179498
14.4014179498
14.4014179498
14.4014179498
14.4014179498
14.4014179498
14.4014179498
14.4014179498
14.4014179498
14.4014179498
14.4014179498
14.4014179498
14.4014179498
14.4014179498
14.4014179498
14.4014179498
14.4014179498
14.4014179498
14.4014179498
14.4014179498
14.4014179498
14.4014179498
14.4014179498
14.4014179498
14.4014179498
14.4014179498
14.4014179498
14.4014179498
14.4014179498
14.4014179498
14.4014179498
14.4014179498
14.4014179498
14.4014179498
14.4014179498
14.4014179498
14.4014179498
14.4014179498
14.4014179498
14.4014179498
