16.0301202837
20.4864820022
21.2068263343
21.1192540146
21.1150527838
21.1150544562
21.1150545357
21.1150545341
21.1150545342
21.1150545342
21.1150545342
21.1150545342
21.1150545342
21.1150545342
21.1150545342
21.1150545342
21.1150545342
21.1150545342
21.1150545342
21.1150545342
21.1150545342
21.1150545342
21.1150545342
21.1150545342
21.1150545342
21.1150545342
21.1150545342
21.1150545342
21.1150545342
21.1150545342
21.1150545342
21.1150545342
21.1150545342
21.1150545342
21.1150545342
21.1150545342
21.1150545342
21.1150545342
21.1150545342
21.1150545342
21.1150545342
21.1150545342
21.1150545342
21.1150545342
21.1150545342
21.1150545342
21.1150545342
21.1150545342
21.1150545342
21.1150545342
21.1150545342
21.1150545342
21.1150545342
21.1150545342
21.1150545342
21.1150545342
21.1150545342
21.1150545342
21.1150545342
21.1150545342
21.1150545342
21.1150545342
21.1150545342
21.1150545342
21.1150545342
21.1150545342
21.1150545342
21.1150545342
21.1150545342
21.1150545342
21.1150545342
21.1150545342
21.1150545342
21.1150545342
21.1150545342
21.1150545342
21.1150545342
21.1150545342
21.1150545342
21.1150545342
21.1150545342
21.1150545342
21.1150545342
21.1150545342
21.1150545342
21.1150545342
21.1150545342
21.1150545342
21.1150545342
21.1150545342
21.1150545342
21.1150545342
21.1150545342
21.1150545342
21.1150545342
21.1150545342
21.1150545342
21.1150545342
21.1150545342
21.1150545342
