15.3250565112
3.8836290271
3.3270962417
3.41360113311
3.41352850441
3.41352845346
3.41352845347
3.41352845347
3.41352845347
3.41352845347
3.41352845347
3.41352845347
3.41352845347
3.41352845347
3.41352845347
3.41352845347
3.41352845347
3.41352845347
3.41352845347
3.41352845347
3.41352845347
3.41352845347
3.41352845347
3.41352845347
3.41352845347
3.41352845347
3.41352845347
3.41352845347
3.41352845347
3.41352845347
3.41352845347
3.41352845347
3.41352845347
3.41352845347
3.41352845347
3.41352845347
3.41352845347
3.41352845347
3.41352845347
3.41352845347
3.41352845347
3.41352845347
3.41352845347
3.41352845347
3.41352845347
3.41352845347
3.41352845347
3.41352845347
3.41352845347
3.41352845347
3.41352845347
3.41352845347
3.41352845347
3.41352845347
3.41352845347
3.41352845347
3.41352845347
3.41352845347
3.41352845347
3.41352845347
3.41352845347
3.41352845347
3.41352845347
3.41352845347
3.41352845347
3.41352845347
3.41352845347
3.41352845347
3.41352845347
3.41352845347
3.41352845347
3.41352845347
3.41352845347
3.41352845347
3.41352845347
3.41352845347
3.41352845347
3.41352845347
3.41352845347
3.41352845347
3.41352845347
3.41352845347
3.41352845347
3.41352845347
3.41352845347
3.41352845347
3.41352845347
3.41352845347
3.41352845347
3.41352845347
3.41352845347
3.41352845347
3.41352845347
3.41352845347
3.41352845347
3.41352845347
3.41352845347
3.41352845347
3.41352845347
3.41352845347
