0.202855872303
0.0569301686694
0.678671734893
0.682869688068
0.678660681668
0.680294327897
0.680683761993
0.68081907979
0.671853572305
0.681264617447
0.681617373496
0.682706107916
0.668515435744
0.667806024354
0.667750138138
0.682547299218
0.681658860133
0.682628952091
0.681192984132
0.67850570399
0.680941048886
0.68142458028
0.681116713612
0.680897511216
0.680107912694
0.66325244557
0.667756454619
0.667094368489
0.672357109885
0.681085645819
0.680201376097
0.666896284266
0.681418856941
0.682648059511
0.681247247884
0.667828086038
0.667784226723
0.680808069868
0.680819192098
0.591104086198
0.680329053782
0.681160339918
0.680617850244
0.672103292793
0.672331579179
0.681051057466
0.662941288676
0.666474502774
0.680329053782
0.678537865774
0.682252561008
0.681189431955
0.681094857179
0.681638130044
0.682913640248
0.681635459894
0.679943107928
0.68142458028
0.682770342188
0.680317486402
0.678570944488
0.682091568176
0.681094857179
0.661350781465
0.680340613258
0.67850521047
0.681192984132
0.682491042383
0.667638140695
0.681638130044
0.68069508041
0.590599616712
0.672267615783
0.678460638668
0.680398292362
0.678460638668
0.667814049215
0.681344473855
0.667125831376
0.681465227549
0.680863942972
0.684397249894
0.682902280742
0.667898142818
0.680329053782
0.666502821534
0.681751819466
0.678460442483
0.686308487044
0.680985139916
0.682033676349
0.67850521047
0.680830306914
0.67210039186
0.667136133593
0.680037476856
0.678748915178
0.680885770032
0.678528194016
