-0.00722847493742
0.00366346403662
-0.117874157926
-0.117887181971
-0.118624820985
-0.118747520371
-0.118747520371
-0.118747520371
-0.118623219563
0.000140081019393
-0.118747520371
-0.118747520371
-0.118620083134
-0.118625643467
-0.118625806642
-0.0579957721194
-0.11862262965
-0.118747520371
-0.118747520371
-0.118747520371
-0.118747520371
-0.118747520371
-0.118747520371
-0.118628145893
-0.118621114101
-0.116379455418
-0.118747520371
-0.118747520371
-0.118621544055
0.004297074539
-0.118747520371
-0.118747520371
-0.118626469651
-0.118747520371
-0.118622785433
-0.118620083134
-0.116590560026
-0.118747520371
-0.118747520371
-0.118624986368
-0.118747520371
-0.118747520371
5.74819447818e-05
-0.118617717671
-0.118468229769
-0.118747520371
-0.118477432593
-0.118627888836
-0.118618488113
-0.118482198004
-0.0994968476325
-0.118747520371
-0.118747520371
-0.118747520371
-0.118747520371
-0.118479387914
-0.11862667445
-0.118624367662
-0.118482795024
-0.118472606282
-0.118625643467
-0.118619397373
-0.118624700425
-0.118624473736
-0.118747520371
-0.117887798348
-0.118620841881
-0.118747520371
-0.118747520371
-0.118747520371
-0.118627356949
-0.118747520371
-0.118624534269
-0.118747520371
-0.116841548325
-0.118747520371
-0.116878361493
-0.117378490861
-0.118470358509
-0.118623512435
-0.118625494746
-0.118620536244
-0.118620293908
-0.118747520371
-0.118479387914
-0.118617108269
-0.118747520371
-0.117384090588
-0.118619216548
-0.118747520371
-0.118747520371
-0.118747520371
-0.118478630885
-0.118627125476
-0.118626834878
-0.0964458161843
-0.118474184304
-0.118747520371
-0.118747520371
