12.4369254358
8.86782904841
8.88078717509
8.88118090007
8.8811809011
8.8811809011
8.8811809011
8.8811809011
8.8811809011
8.8811809011
8.8811809011
8.8811809011
8.8811809011
8.8811809011
8.8811809011
8.8811809011
8.8811809011
8.8811809011
8.8811809011
8.8811809011
8.8811809011
8.8811809011
8.8811809011
8.8811809011
8.8811809011
8.8811809011
8.8811809011
8.8811809011
8.8811809011
8.8811809011
8.8811809011
8.8811809011
8.8811809011
8.8811809011
8.8811809011
8.8811809011
8.8811809011
8.8811809011
8.8811809011
8.8811809011
8.8811809011
8.8811809011
8.8811809011
8.8811809011
8.8811809011
8.8811809011
8.8811809011
8.8811809011
8.8811809011
8.8811809011
8.8811809011
8.8811809011
8.8811809011
8.8811809011
8.8811809011
8.8811809011
8.8811809011
8.8811809011
8.8811809011
8.8811809011
8.8811809011
8.8811809011
8.8811809011
8.8811809011
8.8811809011
8.8811809011
8.8811809011
8.8811809011
8.8811809011
8.8811809011
8.8811809011
8.8811809011
8.8811809011
8.8811809011
8.8811809011
8.8811809011
8.8811809011
8.8811809011
8.8811809011
8.8811809011
8.8811809011
8.8811809011
8.8811809011
8.8811809011
8.8811809011
8.8811809011
8.8811809011
8.8811809011
8.8811809011
8.8811809011
8.8811809011
8.8811809011
8.8811809011
8.8811809011
8.8811809011
8.8811809011
8.8811809011
8.8811809011
8.8811809011
8.8811809011
