10.6671671109
5.56971930405
5.56971930405
5.56971930405
5.56971930405
5.56971930405
5.56971930405
5.56971930405
5.56971930405
5.56971930405
5.56971930405
5.56971930405
5.56971930405
5.56971930405
5.56971930405
5.56971930405
5.56971930405
5.56971930405
5.56971930405
5.56971930405
5.56971930405
5.56971930405
5.56971930405
5.56971930405
5.56971930405
5.56971930405
5.56971930405
5.56971930405
5.56971930405
5.56971930405
5.56971930405
5.56971930405
5.56971930405
5.56971930405
5.56971930405
5.56971930405
5.56971930405
5.56971930405
5.56971930405
5.56971930405
5.56971930405
5.56971930405
5.56971930405
5.56971930405
5.56971930405
5.56971930405
5.56971930405
5.56971930405
5.56971930405
5.56971930405
5.56971930405
5.56971930405
5.56971930405
5.56971930405
5.56971930405
5.56971930405
5.56971930405
5.56971930405
5.56971930405
5.56971930405
5.56971930405
5.56971930405
5.56971930405
5.56971930405
5.56971930405
5.56971930405
5.56971930405
5.56971930405
5.56971930405
5.56971930405
5.56971930405
5.56971930405
5.56971930405
5.56971930405
5.56971930405
5.56971930405
5.56971930405
5.56971930405
5.56971930405
5.56971930405
5.56971930405
5.56971930405
5.56971930405
5.56971930405
5.56971930405
5.56971930405
5.56971930405
5.56971930405
5.56971930405
5.56971930405
5.56971930405
5.56971930405
5.56971930405
5.56971930405
5.56971930405
5.56971930405
5.56971930405
5.56971930405
5.56971930405
5.56971930405
