-0.652728025444
-0.368334988709
0.292658230531
-0.206689970287
-0.685546280853
0.0368865916874
-0.652535930215
-0.684542855706
-0.652150647476
-0.201923996526
-0.630280097522
-0.63000086953
0.0374093845369
-0.568471068506
-0.543182418408
-0.176838730104
0.266842147312
0.295191319943
0.0367474182826
-0.568074556526
0.0368458366286
-0.367657993017
-0.568580103991
-0.671954324863
-0.532931428226
0.0370225519297
-0.202121163163
0.284867397076
-0.673595735656
0.2780417431
-0.652827317854
-0.54311296758
0.0376826758457
0.0369984139455
-0.533456869263
0.0370527801151
-0.533406432947
-0.600133670097
-0.199611006965
0.0369122692923
0.27638543592
0.294320836852
0.0369984139455
-0.612170380929
0.27548136185
-0.66303797654
-0.201524972803
-0.617631206549
-0.567894459626
-0.199611006965
-0.199506226128
0.0370912484937
0.0367474182826
-0.368334988709
-0.677860965075
-0.600279713877
0.285894922297
0.279692915724
-0.185951523365
-0.199854359143
-0.690939054537
-0.201781834231
-0.200092938752
-0.199611006965
-0.351614303504
-0.176831688744
-0.201979290062
0.0376826758457
0.278488190045
0.0363336727362
-0.673332011719
0.0365407025484
0.0367474182826
0.258149750786
0.0368162538557
-0.206689970287
0.0372040545589
-0.600092215915
-0.532501854153
-0.367572765653
-0.200092938752
-0.673296712917
-0.201923996526
-0.200092938752
0.0377509127755
0.301060945463
-0.673646269802
-0.568074556526
-0.202246822482
0.0373817474684
-0.199506226128
-0.199506226128
-0.531608910996
-0.600092215915
-0.199506226128
-0.368334988709
0.0376826758457
0.0370527801151
-0.367657993017
