26.4049230096
27.684287688
27.563006886
27.5830483329
27.585049865
27.585209606
27.58519312
27.5851916993
27.5851916942
27.5851916942
27.5851916942
27.5851916942
27.5851916942
27.5851916942
27.5851916942
27.5851916942
27.5851916942
27.5851916942
27.5851916942
27.5851916942
27.5851916942
27.5851916942
27.5851916942
27.5851916942
27.5851916942
27.5851916942
27.5851916942
27.5851916942
27.5851916942
27.5851916942
27.5851916942
27.5851916942
27.5851916942
27.5851916942
27.5851916942
27.5851916942
27.5851916942
27.5851916942
27.5851916942
27.5851916942
27.5851916942
27.5851916942
27.5851916942
27.5851916942
27.5851916942
27.5851916942
27.5851916942
27.5851916942
27.5851916942
27.5851916942
27.5851916942
27.5851916942
27.5851916942
27.5851916942
27.5851916942
27.5851916942
27.5851916942
27.5851916942
27.5851916942
27.5851916942
27.5851916942
27.5851916942
27.5851916942
27.5851916942
27.5851916942
27.5851916942
27.5851916942
27.5851916942
27.5851916942
27.5851916942
27.5851916942
27.5851916942
27.5851916942
27.5851916942
27.5851916942
27.5851916942
27.5851916942
27.5851916942
27.5851916942
27.5851916942
27.5851916942
27.5851916942
27.5851916942
27.5851916942
27.5851916942
27.5851916942
27.5851916942
27.5851916942
27.5851916942
27.5851916942
27.5851916942
27.5851916942
27.5851916942
27.5851916942
27.5851916942
27.5851916942
27.5851916942
27.5851916942
27.5851916942
27.5851916942
