1.47157671672
29.2568577844
21.7829816777
20.1398529848
20.1398941557
20.1398941127
20.1398941127
20.1398941127
20.1398941127
20.1398941127
20.1398941127
20.1398941127
20.1398941127
20.1398941127
20.1398941127
20.1398941127
20.1398941127
20.1398941127
20.1398941127
20.1398941127
20.1398941127
20.1398941127
20.1398941127
20.1398941127
20.1398941127
20.1398941127
20.1398941127
20.1398941127
20.1398941127
20.1398941127
20.1398941127
20.1398941127
20.1398941127
20.1398941127
20.1398941127
20.1398941127
20.1398941127
20.1398941127
20.1398941127
20.1398941127
20.1398941127
20.1398941127
20.1398941127
20.1398941127
20.1398941127
20.1398941127
20.1398941127
20.1398941127
20.1398941127
20.1398941127
20.1398941127
20.1398941127
20.1398941127
20.1398941127
20.1398941127
20.1398941127
20.1398941127
20.1398941127
20.1398941127
20.1398941127
20.1398941127
20.1398941127
20.1398941127
20.1398941127
20.1398941127
20.1398941127
20.1398941127
20.1398941127
20.1398941127
20.1398941127
20.1398941127
20.1398941127
20.1398941127
20.1398941127
20.1398941127
20.1398941127
20.1398941127
20.1398941127
20.1398941127
20.1398941127
20.1398941127
20.1398941127
20.1398941127
20.1398941127
20.1398941127
20.1398941127
20.1398941127
20.1398941127
20.1398941127
20.1398941127
20.1398941127
20.1398941127
20.1398941127
20.1398941127
20.1398941127
20.1398941127
20.1398941127
20.1398941127
20.1398941127
20.1398941127
