20.0915201498
17.7231604996
17.7211565079
17.721157786
17.721157786
17.721157786
17.721157786
17.721157786
17.721157786
17.721157786
17.721157786
17.721157786
17.721157786
17.721157786
17.721157786
17.721157786
17.721157786
17.721157786
17.721157786
17.721157786
17.721157786
17.721157786
17.721157786
17.721157786
17.721157786
17.721157786
17.721157786
17.721157786
17.721157786
17.721157786
17.721157786
17.721157786
17.721157786
17.721157786
17.721157786
17.721157786
17.721157786
17.721157786
17.721157786
17.721157786
17.721157786
17.721157786
17.721157786
17.721157786
17.721157786
17.721157786
17.721157786
17.721157786
17.721157786
17.721157786
17.721157786
17.721157786
17.721157786
17.721157786
17.721157786
17.721157786
17.721157786
17.721157786
17.721157786
17.721157786
17.721157786
17.721157786
17.721157786
17.721157786
17.721157786
17.721157786
17.721157786
17.721157786
17.721157786
17.721157786
17.721157786
17.721157786
17.721157786
17.721157786
17.721157786
17.721157786
17.721157786
17.721157786
17.721157786
17.721157786
17.721157786
17.721157786
17.721157786
17.721157786
17.721157786
17.721157786
17.721157786
17.721157786
17.721157786
17.721157786
17.721157786
17.721157786
17.721157786
17.721157786
17.721157786
17.721157786
17.721157786
17.721157786
17.721157786
17.721157786
