-0.000464507325878
-0.00300296258506
-0.000451761719741
-0.000595148855395
0.235789137085
-0.374059997472
0.0109654972258
-0.00295384679063
-0.00286603181497
0.0223526642659
0.0223526642659
-0.000464507325878
0.0130901954379
-0.000595148855395
-0.000979196893615
0.236040132748
-0.000334060299879
-0.000812640340363
-0.000690994391542
-0.149047164919
-0.0033308247924
-0.00085255961472
0.480619350563
-0.00307944436032
-0.430771566165
0.368176309716
-0.000464507325878
-0.000464507325878
0.0109654972258
-0.00260371033417
-0.000334060299879
-0.000695353082326
-0.00286603181497
-0.00299201029034
-0.000460254572544
-0.000464507325878
-0.00300296258506
0.23617726104
-0.000721596236236
-0.000690994391542
0.236559578094
-0.000329875416662
-0.00116804030767
0.0222100300586
-0.00260898311162
-0.00261426108519
-0.00300296258506
0.368525309713
-0.000464507325878
-0.344298465678
0.236355359177
-0.000329875416662
-0.00305203051225
-0.00300296258506
-0.000464507325878
-0.000460254572544
-0.00261426108519
-0.0033308247924
-0.000464507325878
-0.000451761719741
-0.00300296258506
0.236903467076
-0.000464507325878
-0.00274011542855
-0.485540633954
-0.000334060299879
-0.000569288162269
-0.000812640340363
-0.00117721695164
-0.00300296258506
0.236763490298
-0.00300296258506
0.236720672794
-0.00286603181497
0.0109654972258
-0.000334060299879
-0.000460254572544
-0.0033308247924
-0.000979196893615
-0.00248325400099
0.235444436418
-0.000329875416662
-0.00104217013847
-0.000812640340363
-0.000464507325878
-0.000464507325878
-0.000569288162269
-0.00116804030767
-0.000695353082326
-0.000690994391542
-0.000812640340363
-0.000464507325878
0.0110892247437
-0.000569288162269
-0.000464507325878
-0.000979196893615
-0.00105121994986
-0.00307944436032
0.236677683115
