0.00232238621204
0.0029356247678
0.00300457003292
0.00241024133893
0.00252336389865
0.00229602484676
0.0029356247678
0.00145919403909
0.00140383847687
0.00215960953793
0.00243088998163
0.00213848327329
0.00210672367385
-0.000753425702689
0.0022227647735
0.00142845205258
0.00148721875653
0.00292574172808
0.00125278417311
0.00238955653399
0.00212790611291
0.00300457003292
0.0029356247678
0.00281646743083
0.00238955653399
0.00239990346268
0.00267588719894
0.00133576284004
0.000773489411183
0.00139763305067
0.00289604179639
0.00288612484535
0.00142473661018
0.00276645489065
0.00205360297024
0.00120063875138
0.002866265417
0.00226468294922
0.00241024133893
0.00258461163991
0.00268598508108
0.002866265417
0.00280648213141
0.00253359406605
0.00225421724881
0.00302419314204
0.00213848327329
0.00241024133893
0.00291585022686
0.00252336389865
0.000908730098676
0.00127358107149
-0.0009284957307
0.00256423121666
0.00183874019593
0.00277647462954
0.00143517238286
0.00302419314204
0.00120063875138
-0.000873541013387
0.00114827339956
0.00268598508108
0.00275642651406
0.00294549935686
0.00148721875653
0.00138290481762
0.002866265417
0.00257716905213
0.00139337609365
0.00143517238286
0.00122152323399
0.00282644414813
0.0015000640508
0.00256423121666
0.00190360225595
0.00182789593399
0.00250287681832
0.00126318698773
0.00276645489065
0.00243088998163
0.00239990346268
0.00194665075965
0.00243088998163
0.00250287681832
0.00242057017463
0.00302419314204
0.00149760161179
0.00134609611441
0.000700062669404
0.00276645489065
0.00239990346268
0.00280648213141
0.00300457003292
0.00302419314204
0.00143517238286
0.00282644414813
0.00143517238286
0.00292574172808
0.00294549935686
