16.68127618
7.51782572736
7.5196988544
7.51969882211
7.51969882211
7.51969882211
7.51969882211
7.51969882211
7.51969882211
7.51969882211
7.51969882211
7.51969882211
7.51969882211
7.51969882211
7.51969882211
7.51969882211
7.51969882211
7.51969882211
7.51969882211
7.51969882211
7.51969882211
7.51969882211
7.51969882211
7.51969882211
7.51969882211
7.51969882211
7.51969882211
7.51969882211
7.51969882211
7.51969882211
7.51969882211
7.51969882211
7.51969882211
7.51969882211
7.51969882211
7.51969882211
7.51969882211
7.51969882211
7.51969882211
7.51969882211
7.51969882211
7.51969882211
7.51969882211
7.51969882211
7.51969882211
7.51969882211
7.51969882211
7.51969882211
7.51969882211
7.51969882211
7.51969882211
7.51969882211
7.51969882211
7.51969882211
7.51969882211
7.51969882211
7.51969882211
7.51969882211
7.51969882211
7.51969882211
7.51969882211
7.51969882211
7.51969882211
7.51969882211
7.51969882211
7.51969882211
7.51969882211
7.51969882211
7.51969882211
7.51969882211
7.51969882211
7.51969882211
7.51969882211
7.51969882211
7.51969882211
7.51969882211
7.51969882211
7.51969882211
7.51969882211
7.51969882211
7.51969882211
7.51969882211
7.51969882211
7.51969882211
7.51969882211
7.51969882211
7.51969882211
7.51969882211
7.51969882211
7.51969882211
7.51969882211
7.51969882211
7.51969882211
7.51969882211
7.51969882211
7.51969882211
7.51969882211
7.51969882211
7.51969882211
7.51969882211
