-0.0565962173844
0.751418632385
-0.197967901879
-0.0577514030375
0.00927464480733
0.273926346707
0.127538913864
0.108076942049
0.127712443965
0.00922067270373
0.273811887454
-0.0572138509981
-0.0556479160876
0.274102384701
0.128046504259
0.10808434285
0.275705036171
0.108247643752
0.28795314271
0.127962928152
0.273533093174
0.108332871116
-0.0557626094206
0.276168564884
-0.0560676528648
0.127969995201
0.10799146747
-0.0557626094206
0.127886397002
0.124126572521
0.273577897442
0.027193624893
0.10757064806
-0.0571762749107
-0.0562690499518
0.00900504377059
0.127795898034
-0.0568750208213
0.10771918703
0.108247643752
-0.0558115157506
0.128046504259
0.273577897442
0.274123802538
0.108154988029
0.269177108548
-0.0558115157506
-0.0572138509981
0.273920926857
0.00922067270373
0.276168564884
0.10771918703
0.127455643973
0.274040974572
0.108247643752
0.269223355481
-0.0568372831938
-0.0562690499518
0.124126572521
0.00905891211912
-0.0557732688368
0.10771918703
0.00922067270373
0.276412156247
0.127809791206
-0.0564473179351
0.128046504259
0.269215666481
-0.0557243966546
0.127879392753
0.00924988745978
0.274051693834
0.127712443965
0.107555045635
-0.0556651478468
0.27639941064
0.273658814287
0.00905891211912
-0.0568116204447
-0.0556479160876
-0.0568116204447
0.10757064806
0.27416108125
0.00900504377059
0.108154988029
0.10757064806
-0.0557626094206
0.107414574491
0.1278934115
0.273281465381
-0.0564473179351
0.00922067270373
-0.0565962173844
0.27416108125
0.00900504377059
0.275812698016
0.269223355481
0.269177108548
-0.0562690499518
