27.0092385235
21.3723522929
21.0930510723
21.0916613367
21.0916056379
21.0916124854
21.0916126148
21.0916126229
21.0916126226
21.0916126226
21.0916126226
21.0916126226
21.0916126226
21.0916126226
21.0916126226
21.0916126226
21.0916126226
21.0916126226
21.0916126226
21.0916126226
21.0916126226
21.0916126226
21.0916126226
21.0916126226
21.0916126226
21.0916126226
21.0916126226
21.0916126226
21.0916126226
21.0916126226
21.0916126226
21.0916126226
21.0916126226
21.0916126226
21.0916126226
21.0916126226
21.0916126226
21.0916126226
21.0916126226
21.0916126226
21.0916126226
21.0916126226
21.0916126226
21.0916126226
21.0916126226
21.0916126226
21.0916126226
21.0916126226
21.0916126226
21.0916126226
21.0916126226
21.0916126226
21.0916126226
21.0916126226
21.0916126226
21.0916126226
21.0916126226
21.0916126226
21.0916126226
21.0916126226
21.0916126226
21.0916126226
21.0916126226
21.0916126226
21.0916126226
21.0916126226
21.0916126226
21.0916126226
21.0916126226
21.0916126226
21.0916126226
21.0916126226
21.0916126226
21.0916126226
21.0916126226
21.0916126226
21.0916126226
21.0916126226
21.0916126226
21.0916126226
21.0916126226
21.0916126226
21.0916126226
21.0916126226
21.0916126226
21.0916126226
21.0916126226
21.0916126226
21.0916126226
21.0916126226
21.0916126226
21.0916126226
21.0916126226
21.0916126226
21.0916126226
21.0916126226
21.0916126226
21.0916126226
21.0916126226
21.0916126226
