-0.339944033749
0.0100665971074
-0.104027552098
0.00955399942079
0.0285502372465
-0.672742941367
0.0110491990009
-0.342612936034
0.00956596223081
-0.7699484075
-0.342815077128
-0.103676999957
-0.10423458191
-0.813938932261
0.0114571893917
-0.10423458191
0.0113757605603
-0.103609220011
-0.607253218711
0.0290008962167
-0.342432916843
-0.488580479915
-0.342815077128
-0.103633453639
0.0175051648295
-0.103488852377
0.00956596223081
-0.103655985354
0.00954207353303
0.00959493135265
0.00959493135265
0.00968887540064
-0.342350088877
-0.67254154428
0.0174903476772
0.0100128562772
-0.103569840701
0.00954207353303
-0.103028830705
-0.103701186734
-0.340335958773
-0.810008665894
-0.103957841908
-0.10360569504
-0.0888262614172
0.0288060067439
-0.103889706755
-0.103769335795
-0.103022155685
-0.103495107861
-0.672285407166
-0.103564263162
-0.831239750655
0.0291354726926
0.00959493135265
0.0284769881214
-0.103633453639
-0.817160663196
-0.340782599809
-0.683750673054
-0.67292120935
0.00967673200102
0.0291180220305
-0.770675799336
-0.34209322745
0.0095249488815
0.0287926118904
-0.75857194114
-0.10361096772
-0.10423458191
-0.103564263162
-0.508981299021
0.0291984483123
0.0112942472372
-0.103654360498
-0.103820836364
-0.800357319851
-0.67292120935
-0.103488852377
0.0285868330764
0.0291440522692
-0.10361096772
-0.50830422187
-0.103676999957
-0.714917447432
0.0111309665895
0.0175542132362
-0.10360569504
0.028659967346
-0.103607462479
-0.103655985354
0.0110491990009
0.00948391435854
-0.488601492683
0.0097584484707
0.0112126492909
-0.0990117975134
-0.103681662959
-0.102932290334
