23.532017839
21.0573637226
21.3460821387
21.3543174092
21.3541303342
21.3541309265
21.3541309858
21.3541309807
21.3541309805
21.3541309805
21.3541309805
21.3541309805
21.3541309805
21.3541309805
21.3541309805
21.3541309805
21.3541309805
21.3541309805
21.3541309805
21.3541309805
21.3541309805
21.3541309805
21.3541309805
21.3541309805
21.3541309805
21.3541309805
21.3541309805
21.3541309805
21.3541309805
21.3541309805
21.3541309805
21.3541309805
21.3541309805
21.3541309805
21.3541309805
21.3541309805
21.3541309805
21.3541309805
21.3541309805
21.3541309805
21.3541309805
21.3541309805
21.3541309805
21.3541309805
21.3541309805
21.3541309805
21.3541309805
21.3541309805
21.3541309805
21.3541309805
21.3541309805
21.3541309805
21.3541309805
21.3541309805
21.3541309805
21.3541309805
21.3541309805
21.3541309805
21.3541309805
21.3541309805
21.3541309805
21.3541309805
21.3541309805
21.3541309805
21.3541309805
21.3541309805
21.3541309805
21.3541309805
21.3541309805
21.3541309805
21.3541309805
21.3541309805
21.3541309805
21.3541309805
21.3541309805
21.3541309805
21.3541309805
21.3541309805
21.3541309805
21.3541309805
21.3541309805
21.3541309805
21.3541309805
21.3541309805
21.3541309805
21.3541309805
21.3541309805
21.3541309805
21.3541309805
21.3541309805
21.3541309805
21.3541309805
21.3541309805
21.3541309805
21.3541309805
21.3541309805
21.3541309805
21.3541309805
21.3541309805
21.3541309805
