14.22960251
7.78138507295
9.46804064061
9.46936585826
9.46936576461
9.4693657646
9.4693657646
9.4693657646
9.4693657646
9.4693657646
9.4693657646
9.4693657646
9.4693657646
9.4693657646
9.4693657646
9.4693657646
9.4693657646
9.4693657646
9.4693657646
9.4693657646
9.4693657646
9.4693657646
9.4693657646
9.4693657646
9.4693657646
9.4693657646
9.4693657646
9.4693657646
9.4693657646
9.4693657646
9.4693657646
9.4693657646
9.4693657646
9.4693657646
9.4693657646
9.4693657646
9.4693657646
9.4693657646
9.4693657646
9.4693657646
9.4693657646
9.4693657646
9.4693657646
9.4693657646
9.4693657646
9.4693657646
9.4693657646
9.4693657646
9.4693657646
9.4693657646
9.4693657646
9.4693657646
9.4693657646
9.4693657646
9.4693657646
9.4693657646
9.4693657646
9.4693657646
9.4693657646
9.4693657646
9.4693657646
9.4693657646
9.4693657646
9.4693657646
9.4693657646
9.4693657646
9.4693657646
9.4693657646
9.4693657646
9.4693657646
9.4693657646
9.4693657646
9.4693657646
9.4693657646
9.4693657646
9.4693657646
9.4693657646
9.4693657646
9.4693657646
9.4693657646
9.4693657646
9.4693657646
9.4693657646
9.4693657646
9.4693657646
9.4693657646
9.4693657646
9.4693657646
9.4693657646
9.4693657646
9.4693657646
9.4693657646
9.4693657646
9.4693657646
9.4693657646
9.4693657646
9.4693657646
9.4693657646
9.4693657646
9.4693657646
