0.00477181890594
0.00428923778635
-0.563761587469
0.00526920542463
0.00563451904134
-0.231655441915
-0.56421912167
-0.600681331213
-0.662245014503
0.00484370238148
0.00470413728847
-0.234416978545
-0.234089116337
0.00563824089592
-0.234291257431
0.00529654073271
-0.234089116337
-0.600291271678
-0.600086293225
-0.234083637488
-0.220120656526
0.00475187947037
0.0194991627881
-0.231550661078
-0.380411157855
0.00468258330569
-0.571404045828
0.00493891990617
-0.684739247852
0.00449626759865
-0.600036516234
-0.231655441915
-0.563761587469
-0.571496939227
0.00518410263882
-0.231777148144
0.00484370238148
-0.233826269181
-0.571496939227
-0.565314048345
-0.563761587469
-0.600262591871
-0.234416978545
-0.234291257431
-0.564382627004
0.00484681973928
-0.231938713367
-0.231550661078
-0.233788990469
0.00522809741539
-0.231659741346
-0.232137373702
0.00540538548231
-0.563615219565
-0.632407094244
0.00428923778635
-0.380494427746
-0.703286205638
-0.565637517922
-0.399865728869
-0.231803365263
0.00538977659181
-0.644369986994
0.00563824089592
-0.238726716238
0.00490938570312
-0.600266861852
-0.39987312967
-0.234023725011
0.00470298333284
-0.600090231059
-0.383823499197
0.00515961960912
0.00570647782567
-0.231294082391
-0.399702427966
0.00504681354393
-0.208883165054
-0.231550661078
0.00484681973928
-0.699555882901
0.00479710980261
-0.238520558241
-0.380063674717
-0.379903567459
-0.604068329542
-0.234040000543
-0.380133318671
-0.232065350646
-0.564761692163
0.00536494958714
0.00422015793004
0.00428923778635
-0.233788990469
0.00428923778635
-0.565201480919
0.00526920542463
-0.238646729819
-0.208876123694
