18.0301578783
18.9734109617
18.9735626937
18.9735842416
18.9735817893
18.9735817894
18.9735817894
18.9735817894
18.9735817894
18.9735817894
18.9735817894
18.9735817894
18.9735817894
18.9735817894
18.9735817894
18.9735817894
18.9735817894
18.9735817894
18.9735817894
18.9735817894
18.9735817894
18.9735817894
18.9735817894
18.9735817894
18.9735817894
18.9735817894
18.9735817894
18.9735817894
18.9735817894
18.9735817894
18.9735817894
18.9735817894
18.9735817894
18.9735817894
18.9735817894
18.9735817894
18.9735817894
18.9735817894
18.9735817894
18.9735817894
18.9735817894
18.9735817894
18.9735817894
18.9735817894
18.9735817894
18.9735817894
18.9735817894
18.9735817894
18.9735817894
18.9735817894
18.9735817894
18.9735817894
18.9735817894
18.9735817894
18.9735817894
18.9735817894
18.9735817894
18.9735817894
18.9735817894
18.9735817894
18.9735817894
18.9735817894
18.9735817894
18.9735817894
18.9735817894
18.9735817894
18.9735817894
18.9735817894
18.9735817894
18.9735817894
18.9735817894
18.9735817894
18.9735817894
18.9735817894
18.9735817894
18.9735817894
18.9735817894
18.9735817894
18.9735817894
18.9735817894
18.9735817894
18.9735817894
18.9735817894
18.9735817894
18.9735817894
18.9735817894
18.9735817894
18.9735817894
18.9735817894
18.9735817894
18.9735817894
18.9735817894
18.9735817894
18.9735817894
18.9735817894
18.9735817894
18.9735817894
18.9735817894
18.9735817894
18.9735817894
