-0.136112708235
0.0121834579165
0.0117107706912
0.0350958894541
0.248808667133
0.248647548057
0.249506393872
0.00954798620647
0.0122836621435
0.248461810205
0.249642301297
0.00982678048662
0.012414303673
0.00994123973972
0.24846123235
-0.136529462995
0.0124185564263
0.00999653327512
0.00988132726277
0.0124270492791
0.012414303673
0.00523824851347
-0.136251996314
0.248667948084
0.0121615994884
-0.156351858069
0.0121878166073
0.0121572147626
0.0125489355822
0.0100127791839
0.249354741343
0.0118996141053
-0.136529462995
0.0351029448973
0.011719929204
0.24846123235
0.24930227727
0.0120661706585
0.248461810205
0.00954798620647
0.249671442577
0.249261505484
0.00987584841381
0.0101386955703
0.0352314752647
0.0120661706585
-0.155900764117
0.0120262513842
0.0100127791839
0.00979936663855
0.0121878166073
0.0100127791839
0.0352314752647
0.248993676587
0.00992496420824
-0.13616835392
0.012414303673
0.248254202537
-0.320796727412
0.248918943747
0.249642301297
0.00987584841381
0.00544440651016
0.0102751006647
0.0120661706585
0.0237205190894
0.24914906739
0.012414303673
0.012414303673
0.00992496420824
0.249603205647
0.011719929204
0.0122836621435
0.00519200158054
0.248736783657
0.012414303673
0.0352243538255
0.0120661706585
0.249370350233
0.0102751006647
0.0101759742824
0.0123052234056
0.00987584841381
0.012414303673
0.248805584438
0.0101386955703
0.248736783657
0.00988132726277
0.0122836621435
0.249667533439
0.011827591049
0.248877816728
0.011706184639
0.0118366408604
0.0101386955703
0.249354741343
0.0118230594232
0.0350888410575
0.249234170176
