-0.490780769235
-0.471510912017
-0.0185748409445
-0.0185791996353
-0.0206239619815
-0.0206960706854
-0.0189350665028
-0.00691834932714
-0.0211698670777
-0.0190427283478
0.00446169627366
0.218904875887
-0.0207067899473
-0.16670126026
-0.0207498783679
-0.0189350665028
0.00431914214519
-0.020886809138
-0.0190518868606
-0.0206239619815
-0.0253182510416
-0.020886809138
-0.0212146713453
-0.0188630434465
-0.0209632909133
-0.0190610635046
0.218607692682
-0.0182137219696
-0.167292120547
-0.186942722612
-0.0255706559713
-0.0208214178121
-0.0186054427892
-0.0207067899473
-0.167042189341
-0.0206960706854
-0.00591873523996
-0.0189260166914
-0.0183356082727
-0.492424180315
-0.0205866832694
-0.167215584619
-0.0183483538788
-0.0189260166914
0.218607692682
-0.0190610635046
-0.167125540264
-0.0184531347152
-0.186414893404
-0.0183356082727
-0.0209358770652
-0.187333190028
0.0043261835057
-0.0205866832694
-0.0185748409445
-0.0185748409445
-0.285527091815
-0.166861367517
-0.00479116232698
-0.0183483538788
-0.16670126026
-0.0187319530479
-0.0204981076381
-0.0189350665028
-0.0188630434465
-0.187333190028
-0.021088950232
-0.0205866832694
-0.0183483538788
-0.00579314639473
-0.187333190028
-0.0209632909133
-0.0206239619815
-0.0203671005539
-0.49604596672
-0.0207067899473
-0.0190427283478
-0.0185791996353
-0.020886809138
-0.0183483538788
-0.0204928296646
-0.0189350665028
-0.0184746745871
-0.00691834932714
-0.0206186207107
-0.0182179068528
-0.0209358770652
-0.0204981076381
-0.020886809138
-0.0207607036293
-0.0189350665028
-0.0203671005539
-0.0189350665028
0.218607692682
-0.0206239619815
-0.166861367517
-0.0056674949273
-0.020881330289
-0.0209632909133
