1.59357897995
17.9506172588
17.8455513281
17.8574483656
17.857448376
17.857448376
17.857448376
17.857448376
17.857448376
17.857448376
17.857448376
17.857448376
17.857448376
17.857448376
17.857448376
17.857448376
17.857448376
17.857448376
17.857448376
17.857448376
17.857448376
17.857448376
17.857448376
17.857448376
17.857448376
17.857448376
17.857448376
17.857448376
17.857448376
17.857448376
17.857448376
17.857448376
17.857448376
17.857448376
17.857448376
17.857448376
17.857448376
17.857448376
17.857448376
17.857448376
17.857448376
17.857448376
17.857448376
17.857448376
17.857448376
17.857448376
17.857448376
17.857448376
17.857448376
17.857448376
17.857448376
17.857448376
17.857448376
17.857448376
17.857448376
17.857448376
17.857448376
17.857448376
17.857448376
17.857448376
17.857448376
17.857448376
17.857448376
17.857448376
17.857448376
17.857448376
17.857448376
17.857448376
17.857448376
17.857448376
17.857448376
17.857448376
17.857448376
17.857448376
17.857448376
17.857448376
17.857448376
17.857448376
17.857448376
17.857448376
17.857448376
17.857448376
17.857448376
17.857448376
17.857448376
17.857448376
17.857448376
17.857448376
17.857448376
17.857448376
17.857448376
17.857448376
17.857448376
17.857448376
17.857448376
17.857448376
17.857448376
17.857448376
17.857448376
17.857448376
