0.0147830779636
-0.0976291952601
-0.0981760534766
0.0341034828753
-0.083704212662
-0.337287858653
-0.098419315868
-0.334755887138
-0.33775265163
-0.0977011540444
0.0337017688774
-0.0985385632831
0.015405598595
-0.0984453070278
-0.337287858653
-0.503871170313
-0.0985130401231
-0.0984436206185
-0.09838169409
-0.503566557774
0.0165083879199
-0.337244770232
0.0166046321402
0.033974955075
0.0341034828753
-0.0976583365396
-0.0981515704469
-0.337183360103
0.0225755058284
-0.0976291952601
-0.33511282123
-0.0977441437231
-0.0984210734001
-0.0983478510967
-0.0981515704469
-0.098511539139
-0.083704212662
-0.0976974321898
-0.0990464352994
0.0166453360027
-0.668047498691
0.0164823938481
-0.0984262873826
0.0148360720849
-0.335139038348
-0.334751702255
-0.341974739872
-0.334886334164
0.0147830779636
-0.0984935163481
-0.09865308978
-0.0984210734001
0.0338481139569
-0.0982445657979
-0.0983131126603
-0.0984888533464
-0.0984210734001
0.0335918088864
-0.0988394054871
-0.674911544876
-0.335234467178
-0.334751702255
-0.335274386453
0.0165639071712
0.0147302201439
-0.0981515704469
0.0339211718062
0.0153647217254
-0.0984228211087
0.0146602188712
-0.0984935163481
-0.09838169409
-0.0989083804916
-0.335473046788
-0.0985837936154
0.0337749796873
-0.0989773904202
0.0166046321402
-0.0984228211087
-0.334886334164
-0.0986326897529
0.0339211718062
-0.0985145327069
-0.335269933333
-0.0987233260654
-0.50379315241
-0.0977011540444
-0.312204748383
-0.334751702255
0.0164823938481
-0.0836381148063
-0.0983007057662
0.0336651347323
0.0166453360027
-0.336905080839
-0.0984175484291
-0.0989079950594
0.0166453360027
-0.323456329612
