18.077044886
2.53609569233
0.627222374475
0.570385922392
0.570368928823
0.570368922525
0.570368922525
0.570368922525
0.570368922525
0.570368922525
0.570368922525
0.570368922525
0.570368922525
0.570368922525
0.570368922525
0.570368922525
0.570368922525
0.570368922525
0.570368922525
0.570368922525
0.570368922525
0.570368922525
0.570368922525
0.570368922525
0.570368922525
0.570368922525
0.570368922525
0.570368922525
0.570368922525
0.570368922525
0.570368922525
0.570368922525
0.570368922525
0.570368922525
0.570368922525
0.570368922525
0.570368922525
0.570368922525
0.570368922525
0.570368922525
0.570368922525
0.570368922525
0.570368922525
0.570368922525
0.570368922525
0.570368922525
0.570368922525
0.570368922525
0.570368922525
0.570368922525
0.570368922525
0.570368922525
0.570368922525
0.570368922525
0.570368922525
0.570368922525
0.570368922525
0.570368922525
0.570368922525
0.570368922525
0.570368922525
0.570368922525
0.570368922525
0.570368922525
0.570368922525
0.570368922525
0.570368922525
0.570368922525
0.570368922525
0.570368922525
0.570368922525
0.570368922525
0.570368922525
0.570368922525
0.570368922525
0.570368922525
0.570368922525
0.570368922525
0.570368922525
0.570368922525
0.570368922525
0.570368922525
0.570368922525
0.570368922525
0.570368922525
0.570368922525
0.570368922525
0.570368922525
0.570368922525
0.570368922525
0.570368922525
0.570368922525
0.570368922525
0.570368922525
0.570368922525
0.570368922525
0.570368922525
0.570368922525
0.570368922525
0.570368922525
