-0.217878368833
-0.586364223989
-0.705463698116
-0.706958651451
-0.709182164983
-0.7091855691
-0.707159591812
-0.709182662537
-0.709183532234
-0.709049588346
-0.709311197241
-0.70793336503
-0.707142723513
-0.709181730644
-0.708274927811
-0.708442513297
-0.708460495412
-0.707402800295
-0.708449747133
-0.709030888902
-0.707960657025
-0.709049314303
-0.707427662474
-0.708460616011
-0.707427366786
-0.707393958066
-0.709038159698
-0.709186741734
-0.709032994431
-0.707930193712
-0.707143446699
-0.70796510092
-0.70843349098
-0.709035715147
-0.70793336503
-0.707766795697
-0.709031828614
-0.709187480799
-0.708465650454
-0.707426479164
-0.707440289851
-0.707954345138
-0.708461218491
-0.708441253787
-0.709182198273
-0.707575360094
-0.707970714667
-0.707968114119
-0.704008970306
-0.709180614844
-0.707437953407
-0.70904406755
-0.707540430982
-0.709183532234
-0.707140913435
-0.709187526699
-0.709044352678
-0.706964566333
-0.707976677668
-0.707952706675
-0.709031594277
-0.707948180431
-0.709033920103
-0.709181039751
-0.707950035717
-0.707433556809
-0.709032101511
-0.709031555183
-0.708440117102
-0.709189852744
-0.709036961673
-0.707542424126
-0.707961669576
-0.709311197241
-0.709047170838
-0.709032334999
-0.708424279281
-0.709033996964
-0.709047449384
-0.709188527958
-0.707431203508
-0.707975291051
-0.709041036495
-0.703996759686
-0.707763928171
-0.709189320337
-0.70904431707
-0.708457469296
-0.708460254112
-0.707965905761
-0.707393958066
-0.708428324963
-0.70734366158
-0.707427662474
-0.707961669576
-0.709181090554
-0.709311197241
-0.709311197241
-0.707437953407
