-0.334079674605
-0.334177858327
-0.0952425642597
0.0372171708296
-0.665241154981
-0.334456652607
-0.334079674605
-0.706529507263
-0.0956123814682
-0.319160716502
-0.332105024708
-0.700412440938
-0.334068818924
-0.500419097721
-0.0953320359598
-0.499912803732
-0.0952155401156
0.0373630577457
0.0180381450551
0.018173021035
-0.0950109622269
-0.816000432076
-0.0950801175278
-0.0952678551564
0.0259893104638
-0.76189739398
-0.0805405112742
-0.0944982449411
0.0372032118132
-0.0954245972404
-0.0949485667745
-0.0951233168446
-0.33172097667
-0.308908749359
0.0368878079098
-0.095241141649
0.0258321954523
-0.0954736962732
0.037253671134
-0.0950801175278
-0.805563801718
-0.334243878715
-0.0958195161323
-0.0952155401156
-0.090527651879
0.0179971920298
-0.0951215494057
-0.0951215494057
0.0198043869433
-0.308922839116
-0.0947704686377
-0.0956123814682
0.0195333446353
-0.0953366907295
-0.0950801175278
0.0180381450551
-0.331699415408
-0.822894777363
-0.785092129066
-0.0951215494057
-0.0951215494057
0.0187015976184
-0.334411848339
-0.598739858321
-0.308901693916
-0.805489910828
-0.480534101808
-0.09463428858
-0.762151694313
-0.0952155401156
-0.700782866082
-0.0951215494057
-0.0951476215951
-0.800400624797
-0.0952155401156
-0.332167997953
-0.817673662835
0.0187015976184
-0.0955434064637
-0.0953366907295
-0.0952155401156
0.0199006311636
0.0195333446353
-0.0951718397198
-0.0952678551564
-0.700555177518
-0.700158665538
-0.0952425642597
-0.094538010051
-0.0956813913968
0.018079076987
-0.0950047067427
-0.332293868122
0.0196151122238
-0.331843039325
-0.0950518520733
-0.331821180897
-0.0955434064637
0.0375638385477
