20.2747219837
26.4536884328
26.5934239439
26.5913955164
26.5913697816
26.5913700946
26.591370095
26.591370095
26.591370095
26.591370095
26.591370095
26.591370095
26.591370095
26.591370095
26.591370095
26.591370095
26.591370095
26.591370095
26.591370095
26.591370095
26.591370095
26.591370095
26.591370095
26.591370095
26.591370095
26.591370095
26.591370095
26.591370095
26.591370095
26.591370095
26.591370095
26.591370095
26.591370095
26.591370095
26.591370095
26.591370095
26.591370095
26.591370095
26.591370095
26.591370095
26.591370095
26.591370095
26.591370095
26.591370095
26.591370095
26.591370095
26.591370095
26.591370095
26.591370095
26.591370095
26.591370095
26.591370095
26.591370095
26.591370095
26.591370095
26.591370095
26.591370095
26.591370095
26.591370095
26.591370095
26.591370095
26.591370095
26.591370095
26.591370095
26.591370095
26.591370095
26.591370095
26.591370095
26.591370095
26.591370095
26.591370095
26.591370095
26.591370095
26.591370095
26.591370095
26.591370095
26.591370095
26.591370095
26.591370095
26.591370095
26.591370095
26.591370095
26.591370095
26.591370095
26.591370095
26.591370095
26.591370095
26.591370095
26.591370095
26.591370095
26.591370095
26.591370095
26.591370095
26.591370095
26.591370095
26.591370095
26.591370095
26.591370095
26.591370095
26.591370095
