-0.179754020814
0.787340418147
-0.0568070475616
0.304495063435
-0.179754020814
-0.179754020814
-0.16553692187
-0.179754020814
-0.179633466263
-0.179624487135
-0.179754020814
-0.179625005203
-0.179754020814
-0.179754020814
-0.179487496293
-0.179754020814
-0.179627965097
-0.0683116910727
-0.179754020814
0.548073171054
-0.178904403142
-0.179632069594
-0.179623233474
-0.179754020814
-0.179754020814
-0.179754020814
-0.179754020814
-0.179754020814
-0.177788096829
-0.179754020814
-0.179754020814
-0.179754020814
-0.179754020814
-0.179754020814
-0.179623472511
-0.177790348747
-0.179754020814
-0.0609490184977
-0.179625996233
-0.179629797211
-0.179754020814
-0.178896510452
-0.178886216359
-0.179754020814
-0.17949037726
-0.179627004429
-0.179628092089
-0.17963333532
-0.179754020814
-0.179632203296
-0.179754020814
-0.179754020814
-0.179634517946
-0.179754020814
-0.179754020814
-0.179625486109
-0.179754020814
-0.177398308211
-0.179629456788
0.309403199492
-0.179754020814
-0.179754020814
-0.179754020814
-0.179754020814
-0.179754020814
-0.179624554216
-0.179754020814
-0.174363185234
-0.179754020814
-0.179754020814
-0.17963187595
-0.177606325456
-0.179629812641
-0.17587326583
-0.140965613753
-0.17962763052
-0.178880149564
-0.179754020814
-0.179634174217
-0.179754020814
-0.179754020814
-0.179754020814
-0.179630472506
-0.179632558406
-0.179754020814
-0.179754020814
-0.17963238111
-0.178381232528
-0.179754020814
-0.179754020814
-0.179754020814
-0.179754020814
-0.179754020814
-0.177030616558
-0.179754020814
-0.179754020814
-0.179754020814
-0.179629858906
-0.179754020814
