(0.33516792172, 0.441738141184, 0.892648926606)
(0.257409120322, 0.0247455501333, 0.217427474401)
(0.328711238499, 0.61357463379, 0.751328941926)
(0.495213943867, 0.0769256668787, 0.0850739326795)
(0.629385162005, 0.557699910425, 0.777350670061)
(0.458448687295, 0.707785326465, 0.700048681535)
(0.716144310558, 0.456833888848, 0.259936286401)
(0.0941944092917, 0.560919482493, 0.241083052277)
(0.604885715597, 0.598809714992, 0.830929340108)
(0.31083864454, 0.958906418776, 0.677309238216)
(0.316827316742, 0.0304332948021, 0.948167059794)
(0.15474482644, 0.407731190704, 0.193515256976)
(0.377206652166, 0.820095654048, 0.783120875112)
(0.876979849956, 0.0970508942506, 0.846026841523)
(0.599796008177, 0.614387376337, 0.653182175149)
(0.994670554851, 0.614392553168, 0.49259231534)
(0.263573815837, 0.1705258825, 0.187282079625)
(0.189936746552, 0.393677216442, 0.842273134787)
(0.158238353159, 0.893031700737, 0.931126327886)
(0.831961316037, 0.642579413011, 0.344542984845)
(0.690602198874, 0.763257135993, 0.530555543483)
(0.373635681621, 0.114338318129, 0.0918929059101)
(0.369776769721, 0.0256043374134, 0.310337799539)
(0.464217941234, 0.437594933013, 0.353584338667)
(0.470785887199, 0.910485952055, 0.225164978906)
(0.506466733262, 0.97242519963, 0.691673235348)
(0.767248972838, 0.469543761246, 0.637411423271)
(0.0203553286323, 0.0927682926609, 0.559324968422)
(0.309167686442, 0.534292828305, 0.765723328289)
(0.934195323804, 0.937408260985, 0.258547215855)
(0.369943752378, 0.558593163015, 0.294957180283)
(0.77290739457, 0.156286610057, 0.992238867405)
(0.661449509947, 0.995125615704, 0.747799782992)
(0.398814781823, 0.806587599055, 0.716908879978)
(0.477764510245, 0.765393294547, 0.0363068435245)
(0.265660146814, 0.950231984033, 0.432639480661)
(0.747637144879, 0.283486272691, 0.509117844438)
(0.206288522913, 0.201601640831, 0.389239501177)
(0.613939651035, 0.853004648959, 0.606156013157)
(0.00705499497422, 0.0517504872248, 0.978099718502)
(0.585873145932, 0.977157541783, 0.9700946414)
(0.293691578123, 0.318515439349, 0.831005784507)
(0.260308704446, 0.461958719844, 0.248457007945)
(0.630211423956, 0.488280962012, 0.856970636437)
(0.143267239095, 0.462146698361, 0.357248674563)
(0.564520768789, 0.439794252205, 0.0874118839745)
(0.844627611547, 0.897217848707, 0.489247176329)
(0.0276583280408, 0.471750993325, 0.871265651166)
(0.492797061895, 0.773270023976, 0.398347559872)
(0.75279031647, 0.350552330119, 0.2646228684)
(0.734475135297, 0.253969399037, 0.291279849592)
(0.333632215339, 0.0775631446568, 0.266709085593)
(0.337792523297, 0.228041762277, 0.572794071168)
(0.73583665709, 0.420894029912, 0.101487927581)
(0.209819228863, 0.961947106409, 0.723261867587)
(0.29575411921, 0.590028588714, 0.319978330623)
(0.251972924106, 0.926146821309, 0.0632271949621)
(0.340424061138, 0.452667985417, 0.226047042831)
(0.524376258858, 0.63402504435, 0.980464530153)
(0.661878500704, 0.703976955362, 0.363668032188)
(0.154489618553, 0.657217809306, 0.917626356491)
(0.744316491212, 0.00287773651252, 0.853164245869)
(0.815316648338, 0.273446656706, 0.604668000974)
(0.677103290965, 0.577801283619, 0.761197106673)
(0.145094470091, 0.710416583271, 0.125797985022)
(0.647181772746, 0.851031306831, 0.993396289021)
(0.165525525464, 0.40478156248, 0.27060554426)
(0.711721785609, 0.285763906539, 0.068200080773)
(0.35762431953, 0.490284173557, 0.15956933141)
(0.313363477586, 0.795773098141, 0.584071896617)
(0.247419474371, 0.126584026646, 0.179034063878)
(0.772897957092, 0.988313875272, 0.52454203431)
(0.606485828296, 0.390068756969, 0.777833016553)
(0.913358216859, 0.400170961171, 0.540691542688)
(0.483996668605, 0.232926116092, 0.413364981679)
(0.512531883892, 0.972661721217, 0.885377507734)
(0.230277106454, 0.133858902656, 0.528313286036)
(0.957621571227, 0.262941643281, 0.837335315581)
(0.482663216097, 0.702119634033, 0.921846458112)
(0.25907034595, 0.250642335074, 0.366322547707)
(0.720054949973, 0.887351826885, 0.658492375789)
(0.692813091083, 0.958276788116, 0.473710268145)
(0.191006645056, 0.934587006519, 0.36945365773)
(0.617039107061, 0.579636192138, 0.96388633111)
(0.869554440387, 0.710343014877, 0.517760368558)
(0.149624083095, 0.336144010299, 0.964325600948)
(0.409581375407, 0.165287725697, 0.2114376289)
(0.257728668216, 0.430404705274, 0.736425960511)
(0.818133357312, 0.230297764731, 0.383796988244)
(0.688945380481, 0.750616047678, 0.87368045374)
(0.922132337801, 0.717310871869, 0.883412109662)
(0.152321010791, 0.1984500038, 0.54156092811)
(0.686737266819, 0.528983972753, 0.0425418711285)
(0.120061363435, 0.288604573224, 0.31814689523)
(0.748003207928, 0.985999087474, 0.5798321574)
(0.985361611002, 0.541551101826, 0.731201063492)
(0.322742213103, 0.0270681743295, 0.776720700804)
(0.561952883427, 0.807199500922, 0.51911237306)
(0.260403644542, 0.85152430392, 0.779928261763)
(0.404311045857, 0.146067112197, 0.909181226606)
(0.572093318855, 0.519231252643, 0.828978074465)
(0.569793555061, 0.759375133152, 0.942407219377)
(0.886264791877, 0.124683381509, 0.354214531691)
(0.00812496742056, 0.254418850542, 0.00136689905992)
(0.675241999056, 0.0413825216391, 0.391259296465)
(0.453283251804, 0.0659982561563, 0.867628946501)
(0.101758885357, 0.152920989509, 0.133574143983)
(0.900272742222, 0.183806968649, 0.826780561678)
(0.0540634846426, 0.854408474769, 0.481473759649)
(0.299867088503, 0.196546411399, 0.0754655279262)
(0.206077013708, 0.858371543225, 0.174662511105)
(0.74340960502, 0.283470733268, 0.487639036343)
(0.038685206645, 0.0437642621107, 0.566684177503)
(0.428061665658, 0.185311975026, 0.0679500047395)
(0.832988763023, 0.237292473321, 0.370574806422)
(0.591000580531, 0.423664132331, 0.321999492124)
(0.195329464743, 0.503772310677, 0.556302384404)
(0.547125076175, 0.55214357495, 0.410462904271)
(0.138666947492, 0.35355631599, 0.858264600904)
(0.727591347862, 0.490900378087, 0.1855508625)
(0.769444524718, 0.446991713428, 0.593384146919)
(0.706058240478, 0.499539423481, 0.442405508231)
(0.0142448702179, 0.801231012132, 0.0432737745882)
(0.63514040903, 0.535225925022, 0.958600805282)
(0.199540616988, 0.980354802816, 0.145317315282)
(0.315177177182, 0.241977104218, 0.419118281929)
(0.58707850813, 0.240160158344, 0.885785469659)
(0.525716408187, 0.612817173918, 0.419444334118)
(0.550436939924, 0.734888603903, 0.12220478567)
(0.645057901591, 0.043658969695, 0.489073103394)
(0.502092257977, 0.312535460145, 0.923170912738)
(0.267267837126, 0.979420968995, 0.549295122331)
(0.153044914117, 0.314101508218, 0.761899812511)
(0.0115085412666, 0.569179733149, 0.862459119765)
(0.136614386312, 0.575076158207, 0.904245889513)
(0.323382658556, 0.673323752656, 0.48110680236)
(0.786213951946, 0.311357324755, 0.759168915133)
(0.85988215289, 0.877673909959, 0.471029958105)
(0.106698654581, 0.825578507206, 0.0644003725532)
(0.372737616268, 0.727307011625, 0.0668345737249)
(0.421988098504, 0.121425084756, 0.0114743167387)
(0.763930380292, 0.154750556199, 0.984240528864)
(0.302095036915, 0.675486786444, 0.997442911518)
(0.726416825975, 0.461844027973, 0.736771040456)
(0.497387925425, 0.95486778964, 0.588474294607)
(0.347133955236, 0.993145932494, 0.484938912028)
(0.117551212999, 0.485920069774, 0.569820990044)
(0.675326976906, 0.391438187304, 0.349714267459)
(0.475325973964, 0.779932436027, 0.881270037875)
(0.52914175458, 0.629453446217, 0.866361221052)
(0.591068884486, 0.327720509685, 0.664004029232)
(0.990046446049, 0.231044289617, 0.431327868047)
(0.110813800732, 0.978907839401, 0.62638194375)
(0.557909773522, 0.540846544216, 0.185837837743)
(0.185737523296, 0.436284132856, 0.511456044183)
(0.871171791232, 0.743696280159, 0.42529812895)
(0.397312450902, 0.760755705692, 0.152246425066)
(0.363270244995, 0.817580344452, 0.78537033494)
(0.0609833133401, 0.0589888843937, 0.607604833851)
(0.117247789822, 0.974470860272, 0.548050910682)
(0.924507754182, 0.645358072725, 0.114999023761)
(0.117064567204, 0.218558466285, 0.225616725142)
(0.646267680954, 0.169286255104, 0.823889668983)
(0.752853968799, 0.396811000829, 0.255843469672)
(0.712612326866, 0.712013734879, 0.502995808192)
(0.349916290275, 0.67567834687, 0.543079249781)
(0.725982860631, 0.256610043625, 0.063622513115)
(0.985319504456, 0.829056013273, 0.218566452093)
(0.254163960632, 0.864306039713, 0.651051498398)
(0.309075950587, 0.179026249372, 0.896339734543)
(0.976499264547, 0.587849601504, 0.543018388332)
(0.661509851824, 0.149325111945, 0.406141634445)
(0.644270416955, 0.914326343799, 0.406838834128)
(0.717145574723, 0.517288499503, 0.456564893236)
(0.499506761314, 0.927815078376, 0.210210699688)
(0.26379978004, 0.652753736347, 0.0620570039875)
(0.0395451309468, 0.428942694755, 0.597564996132)
(0.884813037609, 0.431041613357, 0.219916915949)
(0.773664837436, 0.103477592305, 0.0665514105903)
(0.712786414702, 0.574177116789, 0.743298887789)
(0.158968552875, 0.735227635705, 0.701553361002)
(0.686488582495, 0.0650211948366, 0.939785983934)
(0.853566495394, 0.797940143842, 0.662878719719)
(0.70113644246, 0.679376332015, 0.718675576444)
(0.304277969637, 0.914753268535, 0.865377117398)
(0.265704804207, 0.907069760977, 0.750143020477)
(0.836046008119, 0.565415077747, 0.453249502588)
(0.742821640325, 0.113493026261, 0.489558340641)
(0.907976609722, 0.772714805261, 0.150034340924)
(0.299240129202, 0.360196168059, 0.0653818349685)
(0.956391067168, 0.270403712786, 0.766697275752)
(0.670936888125, 0.933176771487, 0.970514809524)
(0.0655859734719, 0.788852272253, 0.645451064861)
(0.0889488377792, 0.724231445012, 0.0949748428322)
(0.166242085333, 0.0453330366355, 0.677608601603)
(0.212756728706, 0.596607611503, 0.703353854876)
(0.890901787408, 0.471636996251, 0.958599935313)
(0.668518022283, 0.490113662147, 0.139867384173)
(0.546728395936, 0.386964220522, 0.681235877024)
(0.598505465561, 0.589534567421, 0.933550176343)
(0.924765541921, 0.631218434384, 0.107132924412)
(0.553454699764, 0.322246225362, 0.829147045962)
(0.0341100815518, 0.796756549831, 0.536701463585)
(0.718119917072, 0.590316285698, 0.734065331307)
(0.138611982225, 0.981681045088, 0.422585796177)
(0.231487443068, 0.0268087109367, 0.717583570768)
(0.417636170896, 0.944687253407, 0.363260400019)
(0.529171161094, 0.549330331151, 0.813858646015)
(0.448261704959, 0.710414259301, 0.923974396669)
(0.590502447092, 0.25312247045, 0.242819187953)
(0.597440336265, 0.516645294867, 0.245539800738)
(0.570681553351, 0.23353574176, 0.640923314293)
(0.869290101656, 0.0379554244278, 0.968264212814)
(0.890591141381, 0.3134703099, 0.921793404739)
(0.160561010331, 0.887659348549, 0.419062331023)
(0.692101276355, 0.303434559504, 0.00571351489839)
(0.9245386535, 0.419019891456, 0.125006402972)
(0.324892307536, 0.513931709257, 0.0972330586301)
(0.79462707231, 0.599241459943, 0.768412414795)
(0.899923710552, 0.496418606793, 0.220325465237)
(0.242151609707, 0.0911090891018, 0.608970557749)
(0.655121461362, 0.0550222860317, 0.133874482159)
(0.880520023897, 0.110033819157, 0.162293044054)
(0.602883000856, 0.706161673373, 0.58235637863)
(0.19294423554, 0.267985232018, 0.368586159434)
(0.140589160887, 0.281619070642, 0.294907911367)
(0.0161423374129, 0.466691841823, 0.351496159843)
(0.521215700937, 0.989800225576, 0.865656896218)
(0.0984544541866, 0.729844152163, 0.573214433122)
(0.167195804252, 0.924340595067, 0.837675573827)
(0.946611840038, 0.556869472165, 0.444427502531)
(0.24901331015, 0.727541335707, 0.656437248422)
(0.318010629102, 0.60639451398, 0.336990998007)
(0.392265731543, 0.613162706042, 0.833445234229)
(0.90016100611, 0.928414787439, 0.424386323741)
(0.163822108987, 0.894433972642, 0.052251314453)
(0.269778421382, 0.360446130873, 0.808029845456)
(0.195763133618, 0.878559675796, 0.634735764431)
(0.167777884841, 0.84192115988, 0.734737990978)
(0.848448442118, 0.670612998779, 0.227806153084)
(0.281915352815, 0.252538702956, 0.0159461180067)
(0.179719175645, 0.316676808281, 0.725333674786)
(0.965297326822, 0.461005256267, 0.060784722898)
(0.606741948061, 0.160795067461, 0.285771448343)
(0.463859854161, 0.236242020958, 0.696428574028)
(0.19071342331, 0.366146121592, 0.242391439389)
(0.670924021483, 0.848432401998, 0.783052621021)
(0.60108026151, 0.629407114002, 0.5209535819)
(0.809277493211, 0.802870505665, 0.859475423538)
(0.682831792922, 0.257204602931, 0.479958274941)
(0.557234525002, 0.591402236311, 0.922989794425)
(0.537836939044, 0.944701391781, 0.698772868756)
(0.271298876402, 0.920614152184, 0.246575831612)
(0.572702087973, 0.126911326437, 0.981908624062)
(0.681238248634, 0.486920988756, 0.380945972055)
(0.831925187118, 0.0608142690433, 0.792206152916)
(0.472112851573, 0.205663044196, 0.123048395914)
(0.260787184315, 0.612133087021, 0.735688915593)
(0.386380175737, 0.294547266839, 0.698679707082)
(0.534305157789, 0.300241364168, 0.565115198678)
(0.458543521339, 0.227230797901, 0.162429072644)
(0.40541922605, 0.498840265475, 0.926813471851)
(0.98765111435, 0.10462716363, 0.0516451565471)
(0.380820439213, 0.8663711188, 0.686396344924)
(0.721041043611, 0.950233123833, 0.571324915971)
(0.529353078416, 0.268395929836, 0.236718506126)
(0.509122782561, 0.692402475206, 0.528851436717)
(0.921070588932, 0.81860908813, 0.0789297040726)
(0.186963731308, 0.888471391274, 0.521912264014)
(0.105033268516, 0.707801786068, 0.63951162899)
(0.911643657465, 0.308213214029, 0.0813996777811)
(0.475036409353, 0.87776437911, 0.466090946705)
(0.448918099636, 0.489840646335, 0.532004473818)
(0.97327946193, 0.678123912045, 0.543028952406)
(0.32761962575, 0.884955064787, 0.417670929631)
(0.821192262028, 0.0812038340125, 0.143190489001)
(0.76730040497, 0.575321414887, 0.331036689693)
(0.0203812004882, 0.505636222923, 0.19494014171)
(0.582483038115, 0.66064420149, 0.643938172383)
(0.24457320078, 0.0335986474614, 0.136898080077)
(0.645091644352, 0.787681038793, 0.413346645374)
(0.804893848525, 0.348328354497, 0.906046264388)
(0.900967637117, 0.261766209576, 0.875914823739)
(0.88046486162, 0.894736646544, 0.586991030578)
(0.366683696981, 0.800520009994, 0.157845258651)
(0.334911626478, 0.410583866285, 0.644882301401)
(0.578401550526, 0.59984365837, 0.674509948837)
(0.557189484644, 0.1376879829, 0.261183301215)
(0.00165276216872, 0.168682541551, 0.253032880681)
(0.268413363736, 0.244103236748, 0.845136775527)
(0.483933200493, 0.0106928449226, 0.483069686834)
(0.540855649696, 0.89749700972, 0.535201064133)
(0.655042145884, 0.608884932812, 0.835255287901)
(0.531610097749, 0.255205774568, 0.520654639288)
(0.952447201843, 0.297740657325, 0.878215687642)
(0.269946370898, 0.381916816361, 0.168038738019)
(0.794567984884, 0.193115066475, 0.865080918473)
(0.709004873725, 0.689584646495, 0.522778341134)
(0.961788581998, 0.640067167909, 0.336788631761)
(0.294694243042, 0.119215507129, 0.392319780763)
(0.924602602636, 0.308943145306, 0.940799186092)
(0.0604565862415, 0.166134077501, 0.998826880807)
(0.55915416296, 0.233176825058, 0.394946949818)
(0.524168277341, 0.268707987176, 0.752462957485)
(0.169754230306, 0.142684117738, 0.0963384523186)
(0.77061115867, 0.825370881494, 0.426708065862)
(0.68008876971, 0.142030459843, 0.158013682268)
(0.117498429025, 0.612156350724, 0.433799811378)
(0.518376173992, 0.768036870115, 0.0968465125606)
(0.521750852628, 0.679642896024, 0.844212470821)
(0.100670316545, 0.555407260044, 0.0414136514915)
(0.311050056747, 0.4126851707, 0.945036474614)
(0.784860981343, 0.681163032619, 0.310615210285)
(0.75133584221, 0.920840660597, 0.282624976872)
(0.993120564433, 0.114471599423, 0.541861449977)
(0.680308126294, 0.808464946544, 0.770132241971)
(0.251268815929, 0.815625052205, 0.359207047744)
(0.59144846266, 0.546852159011, 0.280863991949)
(0.884260100118, 0.644612069561, 0.37805988163)
(0.519665166208, 0.324647234449, 0.0339192442783)
(0.684393852714, 0.691252245912, 0.147173815813)
(0.417038317144, 0.992259660819, 0.320166856634)
(0.165579282255, 0.875428534228, 0.0873255884621)
(0.78053546869, 0.128305857443, 0.524097314795)
(0.47630111973, 0.361933402484, 0.0204660662906)
(0.889289954203, 0.391538597368, 0.666590695057)
(0.968834811451, 0.0886354474571, 0.302760646615)
(0.938890411724, 0.667425474089, 0.996689702631)
(0.222735972523, 0.878705396813, 0.319595487844)
(0.84398969586, 0.90615487507, 0.70577664548)
