(0.416781192278, 0.303293894116)
(0.159919117515, 0.0763983033593)
(0.176555371556, 0.141763489341)
(0.36017027761, 0.290582791661)
(0.164681728413, 0.107281716668)
(0.407404879629, 0.217182819467)
(0.546888698478, 0.42400693256)
(0.419659482007, 0.277380601047)
(0.760027945283, 0.483628435657)
(0.407206954554, 0.17675912105)
(0.295803057725, 0.206897013065)
(0.662939801616, 0.395916350258)
(0.269032295292, 0.152376510138)
(0.433244339436, 0.206226566707)
(0.119341374841, 0.0585323937034)
(0.271725689496, 0.144213493807)
(0.584703556012, 0.430160448781)
(0.174941568671, 0.113115918639)
(0.323335118175, 0.297474641306)
(0.398310873904, 0.263686728713)
(0.34202755936, 0.20199705342)
(0.223260725647, 0.112113433115)
(0.502147083769, 0.352587223002)
(0.466686852129, 0.322334558195)
(0.15440947906, 0.209447849144)
(0.512334951273, 0.362090439921)
(0.218252414655, 0.195124395287)
(0.289857239559, 0.235649973585)
(0.427544841818, 0.375387421115)
(0.278096519187, 0.176528220349)
(0.259682041743, 0.145475949508)
(0.229494434831, 0.228813028524)
(0.215197295314, 0.14527379129)
(0.166254581283, 0.138378530279)
(0.567483454022, 0.344740703116)
(0.343026491558, 0.295604445402)
(0.155551115857, 0.113041298411)
(0.143581302223, 0.0876273699232)
(0.816988796448, 0.560956058)
(0.161650186354, 0.165578008623)
(0.566099839861, 0.478943833991)
(0.422517917183, 0.303779969366)
(0.336671793691, 0.153308933638)
(0.668476119626, 0.539842683664)
(0.305884827461, 0.189371665422)
(0.135143737657, 0.115657154462)
(0.349670941807, 0.155848547776)
(0.203936661494, 0.122783217604)
(0.249830460731, 0.124149006873)
(0.308374712497, 0.247788000643)
(0.640376963507, 0.355387667445)
(0.639757749635, 0.350708434825)
(0.24102372557, 0.216225548701)
(0.75462626596, 0.653281614631)
(0.307245484795, 0.172952562434)
(0.533832468523, 0.295848783289)
(0.233848786484, 0.184973789594)
(0.535216703139, 0.37021979943)
(0.233722834163, 0.139976792649)
(0.559297173642, 0.345966545334)
(0.176145250946, 0.0791386914542)
(0.47197933141, 0.419662745052)
(0.549454899452, 0.464301520588)
(0.49783988668, 0.287101944468)
(0.243363460549, 0.245230005836)
(0.274061701746, 0.15830079663)
(0.386304453438, 0.230656656906)
(0.376497545171, 0.291100279345)
(0.138542588947, 0.235420605)
(0.284494648888, 0.129887656707)
(0.333629083446, 0.236172543606)
(0.395529375121, 0.231549046555)
(0.348575218664, 0.221762920586)
(0.422629599044, 0.484711553301)
(0.185596018169, 0.0766293429143)
(0.926639288065, 0.402502589405)
(0.713473982159, 0.342564540578)
(0.265189818833, 0.182775044319)
(0.187361832476, 0.176021193048)
(0.282555727697, 0.181866587817)
(0.570763798449, 0.23492744045)
(0.378815564232, 0.305496604033)
(0.448599354355, 0.298904234284)
(0.146300755528, 0.120234437774)
(0.202026281224, 0.100862119808)
(0.341785581996, 0.141684884328)
(0.473137720486, 0.256003054466)
(0.23414288205, 0.28366275281)
(0.384621159618, 0.257935383108)
(0.160295733567, 0.153780039586)
(0.301825812284, 0.226598097684)
(0.154972852001, 0.118493094694)
(0.383817050221, 0.46255557002)
(0.439553123649, 0.22073150444)
(0.459470963026, 0.333986084439)
(0.32837631327, 0.394535284835)
(0.092886423891, 0.0702599938638)
(0.341915257045, 0.254987418464)
(0.402623655087, 0.288740072692)
(0.304606690612, 0.257833957934)
(0.332448357997, 0.148342778041)
(0.0386692237676, 0.104783659497)
(0.762125082443, 0.378877098007)
(0.416195482965, 0.179196113892)
(0.207167989993, 0.16851076654)
(0.552984046246, 0.35105875609)
(0.586013336055, 0.382625578096)
(0.701907464133, 0.55060408479)
(0.265132736994, 0.197836426178)
(0.452585776322, 0.391062219073)
(0.635576504867, 0.349865314146)
(0.290673758051, 0.128292232285)
(0.651987533823, 0.353511054228)
(0.290722773979, 0.273819863149)
(0.168616652634, 0.124722111413)
(0.166897992891, 0.114300768309)
(0.134699492034, 0.0876974520899)
(0.0501265417526, 0.0326463602863)
(0.167305011227, 0.109239752705)
(0.189069944488, 0.134099412028)
(0.851179577607, 0.509188045379)
(0.236660687551, 0.175326324986)
(0.223701868996, 0.0897797827459)
(0.313387366672, 0.288459546885)
(0.372970259741, 0.298592296042)
(0.620864281101, 0.412889652984)
(0.573233208477, 0.269447121297)
(0.0863673055076, 0.118381811697)
(0.258325727592, 0.179760171452)
(0.269810966042, 0.245900432053)
(0.280005658548, 0.197107495872)
(0.439708237344, 0.324982617381)
(0.417991699556, 0.297745448145)
(0.732167664255, 0.489589196777)
(0.641686743549, 0.42909554381)
(0.476793440056, 0.374309791229)
(0.478906088585, 0.312496800156)
(0.185376997632, 0.165461020586)
(0.344086848778, 0.415476004995)
(0.223042946019, 0.206437079774)
(0.262103056298, 0.169264069264)
(0.510266975488, 0.217476258328)
(0.297667524342, 0.16399368743)
(0.479137518218, 0.325338070268)
(0.252810505044, 0.24704563315)
(0.190326985874, 0.127741759767)
(0.645222715346, 0.421621522503)
(0.375720735785, 0.220563961742)
(0.606783680302, 0.475737876992)
(0.210841702751, 0.1412452401)
(0.252402866253, 0.385060306408)
(0.815703834597, 0.703107440787)
(0.254707235309, 0.134778856082)
(0.392718094509, 0.183220225591)
(0.662216971796, 0.453579936031)
(0.24374379933, 0.131094228986)
(0.46533860389, 0.225715418003)
(0.224649923901, 0.190657465417)
(0.333251846939, 0.203752595244)
(0.186387098015, 0.144053920679)
(0.296618955762, 0.219960611746)
(0.218275371482, 0.135316059411)
(0.303528960658, 0.134604985641)
(0.371567411481, 0.438392687153)
(0.218159346438, 0.148962788451)
(0.390842459706, 0.233502573673)
(0.482455089932, 0.462299752625)
(0.338208039729, 0.265942692386)
(0.188919173976, 0.136757447748)
(0.427550425911, 0.292365642423)
(0.308271717003, 0.35253881416)
(0.517948205676, 0.460701965103)
(0.132692941272, 0.127377448039)
(0.193007970983, 0.287934900473)
(0.697981226279, 0.592830665465)
(0.308291571556, 0.166190475025)
(0.513212894788, 0.270330493109)
(0.423098662858, 0.431879901256)
(0.247768689494, 0.209219934248)
(0.523919462488, 0.32833893253)
(0.281240363562, 0.279002375708)
(0.458424876266, 0.365329599037)
(0.304719613382, 0.177478856521)
(0.329371522739, 0.241092604176)
(0.575388047931, 0.530386253903)
(0.23922750898, 0.18206062861)
(0.44113652425, 0.196999624243)
(0.562354774803, 0.426850535511)
(0.800105601404, 0.528015952002)
(0.383352329591, 0.266195859971)
(0.159831633391, 0.126697667991)
(0.432352745916, 0.401425246228)
(0.190702981471, 0.162491452045)
(0.234521359466, 0.139757281886)
(0.539067865964, 0.234603113289)
(0.482626335451, 0.242922746086)
(0.131163520237, 0.0976775987088)
(0.492974900743, 0.388958956509)
(0.272702285321, 0.184306853172)
(0.292534501939, 0.173158468013)
(0.42513127272, 0.327890646744)
(0.399897997234, 0.246580281527)
(0.351740778956, 0.153771566024)
(0.639585263206, 0.49971502463)
(0.229803421312, 0.132435576409)
(0.426924387037, 0.214877062691)
(0.598228229328, 0.356841276705)
(0.345925876749, 0.234525991105)
(0.315079967314, 0.358033600954)
(0.0808272647685, 0.0861331332517)
(0.51188822383, 0.340335549848)
(0.54723801452, 0.379862992544)
(0.325951575986, 0.136551374172)
(0.300487491321, 0.23522501195)
(0.52426629671, 0.308699051096)
(0.192459488956, 0.149704009107)
(0.22985119633, 0.184849237408)
(0.635147150158, 0.502945255478)
(0.275221331732, 0.246199141389)
(0.34926640529, 0.171240031264)
(0.206067923667, 0.117951738582)
(0.465360940262, 0.30403273153)
(0.138871429981, 0.176314701336)
(0.078395702482, 0.0636027429962)
(0.296542639824, 0.242444956259)
(0.221187165769, 0.153844179288)
(0.297232585541, 0.13039795652)
(0.159193805876, 0.0893742500463)
(0.274646790605, 0.223044637227)
(0.168837534536, 0.268464212564)
(0.37698025899, 0.275955230279)
(0.241292382491, 0.121848263007)
(0.470170705724, 0.375543771015)
(0.540822512085, 0.191798968438)
(0.210659289046, 0.196467532393)
(0.407310570502, 0.334845825248)
(0.123047351248, 0.0954854186021)
(0.508867849957, 0.239501193683)
(0.407127536342, 0.18094137233)
(0.191540595426, 0.111245386742)
(0.344487042112, 0.192249736038)
(0.39668031874, 0.229282868923)
(0.262278645001, 0.24254280207)
(0.2160715161, 0.215518341004)
(0.567763899583, 0.266087632205)
(0.264119534336, 0.12988512561)
(0.308144523773, 0.298886713742)
(0.674282335466, 0.424586028849)
(0.500834201453, 0.309542151632)
(0.614948865219, 0.55712782606)
(0.199022039174, 0.166008319162)
(0.295826635007, 0.206483985644)
(0.304700999739, 0.151712628947)
(0.128785317062, 0.232436857858)
(0.369409469753, 0.194708144638)
(0.187260077892, 0.243817191984)
(0.279469585617, 0.187020792458)
(0.582592768848, 0.395045584649)
(0.626097196723, 0.324394236688)
(0.437786688887, 0.266149764944)
(0.0926723669916, 0.0888409620755)
(0.33843264436, 0.232157360175)
(0.462501884631, 0.225389518441)
(0.341049722626, 0.210969869602)
(0.375533358441, 0.166482361628)
(0.471347087989, 0.162956111537)
(0.651938517895, 0.566985853021)
(0.227118713475, 0.178479552363)
(0.440255478461, 0.281281159542)
(0.43569761764, 0.454400789825)
(0.439703273706, 0.31152035802)
(0.139688568927, 0.0884327302817)
(0.15072770039, 0.113809135873)
(0.236300203323, 0.173922963536)
(0.0755155513889, 0.176637476239)
(0.176460441975, 0.143748260897)
(0.283038441517, 0.127784414284)
(0.143663822709, 0.0794210763707)
(0.446585978591, 0.406223355136)
(0.397316905345, 0.213790246971)
(0.364594740653, 0.162509140584)
(0.291913426704, 0.233931667948)
(0.299847802442, 0.15163772201)
(0.29865094517, 0.15760850895)
(0.114646393514, 0.146126106804)
(0.151598198447, 0.11363032195)
(0.29702225137, 0.134996794444)
(0.276670093645, 0.17778330004)
(0.155610679516, 0.247670033767)
(0.393757976722, 0.217792804058)
(0.729388026836, 0.458882590428)
(0.395228454553, 0.245018345932)
(0.769709521685, 0.343278788291)
(0.447617794891, 0.449350324174)
(0.344329446598, 0.293351704957)
(0.219086926335, 0.0932170660094)
(0.273401537859, 0.177772799372)
(0.382700231616, 0.195602373254)
(0.186747582243, 0.18024839252)
(0.457961396544, 0.301305305773)
(0.127067898228, 0.138269729095)
(0.112634258659, 0.0980077989075)
(0.259745328131, 0.211240537586)
(0.416794842283, 0.181093332023)
(0.200403791971, 0.128117907138)
(0.191335224893, 0.146913422487)
(0.176835817117, 0.0853761817356)
(0.148874401959, 0.10486560645)
(0.114478250268, 0.0659955089206)
(0.53054095591, 0.392490239651)
(0.518186460312, 0.368126414831)
(0.446878833247, 0.457086035913)
(0.141638037849, 0.136355088991)
(0.22686370656, 0.245878205453)
(0.504112684515, 0.263585471536)
(0.426421818665, 0.265536872977)
(0.255808542546, 0.201618038957)
(0.386337337542, 0.29418759748)
(0.595268660022, 0.242889326688)
(0.378105763963, 0.311971461613)
(0.504105859513, 0.271448483839)
(0.179720311394, 0.0842629172058)
(0.474270670916, 0.277376280267)
(0.235206341544, 0.152673409651)
(0.784728870568, 0.585122737513)
(0.377516331921, 0.225387847471)
(0.349589041776, 0.246270825099)
(0.23194585167, 0.141337667579)
(0.0656255021806, 0.146845367426)
(0.159719331075, 0.205080050775)
