[(0.71430972035588336, 0.0041225572970707731)]
[(0.39675541516932911, 0.0033043129366565945)]
[(0.34364944697804362, 0.0042723362092950256)]
[(0.68991983388618272, 0.0045619193044949338)]
[(0.64047578072154376, 0.0042571510169303554)]
[(0.45647268532697821, 0.0035729375525089626)]
[(0.22311758858668465, 0.0031197301507448639)]
[(0.62711225031290019, 0.0042269751155996453)]
[(0.44520132127173556, 0.0039044023699642228)]
[(0.65603092365256965, 0.0037119147104903594)]
[(0.40160692125114095, 0.0039210233722101646)]
[(0.27336323714918614, 0.0033461235633002969)]
[(0.7694288072356753, 0.0032925626912718295)]
[(0.49694198769324455, 0.0038490668620492162)]
[(0.82670246482803389, 0.00068843936862881215)]
[(0.61010982756372178, 0.0028307575926867544)]
[(0.56442036543285212, 0.0043757287813810707)]
[(0.85881572952445684, 0.0033619959594534256)]
[(0.51679414421962055, 0.003697408828877822)]
[(0.53113665174597835, 0.0039173725395364074)]
[(0.37722563619562327, 0.002840504617490591)]
[(0.55080282164919681, 0.0041551791772767351)]
[(0.33834931559649312, 0.0048092663258587284)]
[(0.50075507007344167, 0.003847999137701803)]
[(0.44168279420480561, 0.0035794775468085353)]
[(0.66096379852220544, 0.0033660168550649506)]
[(0.55789947804818651, 0.003914727261661457)]
[(0.69088601752918888, 0.0031895354254494611)]
[(0.69186279046010868, 0.0041800587163319733)]
[(0.79993658090401587, 0.0042507417921753008)]
[(0.59252645312367325, 0.0046511160912072131)]
[(0.41745083520435977, 0.0034224437458701706)]
[(0.48853695897225741, 0.0044865018702039267)]
[(0.054312417875419239, 0.0036282303855573626)]
[(0.79483124174189845, 0.0043725982759243382)]
[(0.38101617195513759, 0.0035559001246646999)]
[(0.87881242150864647, 0.00200110390310115)]
[(0.54596912042848034, 0.004110321058996844)]
[(0.59587322771826545, 0.004112627209170194)]
[(0.32268674328765062, 0.0037396684970247979)]
[(0.53174525426545316, 0.0049638550703237092)]
[(0.63137247003400476, 0.0040259653690378604)]
[(0.79452881186313018, 0.0041544067069375105)]
[(0.48501728956442419, 0.0031514616732848562)]
[(0.37323524341514186, 0.0034015520284957045)]
[(0.69050663386359579, 0.004449958636561461)]
[(0.68152252225919874, 0.0045045846184080408)]
[(0.39222624989082944, 0.0034036559203622454)]
[(0.54215779967337796, 0.0034792723858360682)]
[(0.23128331715435027, 0.0044406773341919299)]
[(0.75699127755053486, 0.0028690917584460597)]
[(0.60619925554009035, 0.0043217296311589279)]
[(0.67764196533804499, 0.0028674293816911725)]
[(0.62829830803879838, 0.0044784829118100942)]
[(0.13283763552087943, 0.0035531796560270531)]
[(0.29896709266852922, 0.0049692823161831007)]
[(0.31546202648107713, 0.0033401195550346202)]
[(0.53158708857109171, 0.0032082107363375321)]
[(0.78541517362971258, 0.0040305391416570373)]
[(0.25740996573254288, 0.002901960953990155)]
[(0.30489767050138172, 0.0030545937975848441)]
[(0.46504072414399927, 0.0036071316116471123)]
[(0.84318695396358834, 0.0029906038579784635)]
[(0.45891497458488389, 0.0042515963177697531)]
[(0.40780093576329007, 0.0030636360910387224)]
[(0.38572391285858243, 0.0036668659435921736)]
[(0.20732393937312713, 0.0022760141910180276)]
[(0.95384812747607584, 0.0014578842553421769)]
[(0.53804291965330964, 0.0040720412071402878)]
[(0.35809667178643889, 0.0032222691728861913)]
[(0.69600658565448636, 0.0038885226353851236)]
[(0.83519662853594123, 0.0023875934442427775)]
[(0.45157249423383855, 0.0036238235220901983)]
[(0.61646120317862241, 0.003759602225699737)]
[(0.5041031671363233, 0.0037851304643703081)]
[(0.47063297928412079, 0.0043538851952351111)]
[(0.3974476083534052, 0.003767486245632654)]
[(0.43997101551382511, 0.0031602456809052448)]
[(0.44486704398487242, 0.0041027687096584203)]
[(0.39803725439912702, 0.0037315945870032528)]
[(0.73194782815741355, 0.0030259389414553938)]
[(0.62291790174891826, 0.0033751677394985883)]
[(0.39608106152290562, 0.0043089150841945567)]
[(0.60380341247396574, 0.0041060600057920005)]
[(0.79982907180733231, 0.003428293531652445)]
[(0.48201688305239188, 0.0040307833457952323)]
[(0.50651048995242209, 0.0043000692346225802)]
[(0.76795774411960893, 0.0038222393371130899)]
[(0.45774690846641208, 0.0039510477639248002)]
[(0.66359549919290084, 0.0041270243325065032)]
[(0.70053214111799889, 0.0032434137581679955)]
[(0.51012202191220402, 0.0026008593418710862)]
[(0.53418689258888685, 0.0042388389462011062)]
[(0.70423914247274821, 0.0039745982709561388)]
[(0.66530231004193219, 0.0045211399677036676)]
[(0.41216205735203981, 0.0036112572561336994)]
[(0.48304607928545079, 0.0034696084455867388)]
[(0.73255724813548861, 0.0040542873888429788)]
[(0.52083309226085961, 0.0030896711201265459)]
[(0.65648606126656994, 0.0035663795238630018)]
[(0.31998348992709763, 0.0039142409995567545)]
[(0.63204049526401085, 0.003193655651510119)]
[(0.45836602230181978, 0.0034824844731658929)]
[(0.84566344403273885, 0.0040817372003513278)]
[(0.37833368712293175, 0.0040113403124449852)]
[(0.77867573023109216, 0.0026518612235013369)]
[(0.75875381134900166, 0.0032921978987990957)]
[(0.75214574471513784, 0.0037508222612691669)]
[(0.49293755875427925, 0.0028917651363216121)]
[(0.72023561530963043, 0.0040213132914389453)]
[(0.80777917835170343, 0.0042948383858606347)]
[(0.51923612311510692, 0.0039867183684138708)]
[(0.57583588996824764, 0.0035964357704966559)]
[(0.67850130703589873, 0.0030263380986731503)]
[(0.51381802274130584, 0.0040191639843933612)]
[(0.36736292470890625, 0.0035576179297281654)]
[(0.56031022909207184, 0.0023355283129958518)]
[(0.61806190817533491, 0.0039948911619660365)]
[(0.7855339955269085, 0.0040382678471541315)]
[(0.3060963164701368, 0.0032930067536226389)]
[(0.75521064649913849, 0.0034375393552343769)]
[(0.48574000999751649, 0.0044213664688725384)]
[(0.69701209427009969, 0.0039118485292281274)]
[(0.4059935612745782, 0.0041813174798672288)]
[(0.295483654606781, 0.0040892987132725095)]
[(0.46799023941605006, 0.0032412766910828381)]
[(0.55707919436644615, 0.0034745661184099525)]
[(0.67719826458660759, 0.004980509383267764)]
[(0.16004147695059384, 0.0035841824176340476)]
[(0.3691860923340638, 0.0041300239522599593)]
[(0.40670307419359669, 0.0035183597632498786)]
[(0.42625411363192728, 0.0041710053483981864)]
[(0.55768157473358726, 0.0044351383404601218)]
[(0.18728430764597451, 0.0035914276282263814)]
[(0.50724029604046139, 0.0035683527101693225)]
[(0.29728306582873665, 0.0038877071347415385)]
[(0.67400859092253451, 0.0037939950430375328)]
[(0.84224104342847406, 0.0033502110820921699)]
[(0.21929166939678876, 0.0034811878703174402)]
[(0.3849342481547145, 0.0030285357006821787)]
[(0.82663667995134182, 0.0026975127789509129)]
[(0.19055590813807874, 0.0021936655001880208)]
[(0.63485147812889642, 0.0037555855890660079)]
[(0.78986019456207435, 0.0043688357309497657)]
[(0.74963738422625259, 0.0037050928223864286)]
[(0.26023678204231887, 0.0041615443288290496)]
[(0.044561541197159431, 0.0033717166169990273)]
[(0.38492728959241068, 0.0036954775521230829)]
[(0.7558246791080917, 0.0027439062988310059)]
[(0.30068522312825147, 0.0035008624958164352)]
[(0.54974184200596921, 0.0037694453893072108)]
[(0.36174250634555233, 0.001144578280561115)]
[(0.57337257142966114, 0.0044929609129290872)]
[(0.37486282109143215, 0.0033128158290702862)]
[(0.48354019351283561, 0.002820522918026285)]
[(0.71977225654338073, 0.0039425116614874136)]
[(0.75529810146412824, 0.0039392008505844834)]
[(0.51390933720329546, 0.0039978388989485242)]
[(0.49591716820921788, 0.0034915871312524824)]
[(0.48007119088204686, 0.0035803177981880712)]
[(0.33795635918481537, 0.0043945795514220825)]
[(0.51004041010013645, 0.0032087021597380066)]
[(0.73839532950039355, 0.0050016096772761889)]
[(0.58374892855161087, 0.0040318689600692282)]
[(0.46719533619640102, 0.0036019135009042994)]
[(0.73294766275662537, 0.0042621982814251003)]
[(0.74391383353019402, 0.0027649749912297852)]
[(0.071242469708809972, 0.0017242249405643871)]
[(0.74158018345760801, 0.0035705030556496781)]
[(0.60927244462810359, 0.0038732644122529258)]
[(0.10931146833718831, 0.0039081983021670118)]
[(0.55033745010394386, 0.0034289491031418255)]
[(0.59871986781202347, 0.0030452066733758745)]
[(0.27011084155504128, 0.0034781589207179085)]
[(0.42095165663018147, 0.0034175425739985687)]
[(0.49185153003417137, 0.0039268180198255417)]
[(0.34131963859747588, 0.0035498742145323946)]
[(0.36606170441312824, 0.0036083904197657451)]
[(0.56104091661731548, 0.0036448625160700409)]
[(0.50312043152910912, 0.0045205805192003188)]
[(0.57120382140490922, 0.0026201049397011592)]
[(0.70229273893067923, 0.0038220657312194629)]
[(0.61011291061829953, 0.0035515789699658126)]
[(0.31496315939692232, 0.0039666060266297541)]
[(0.50397381398811869, 0.0035804374771583177)]
[(0.37599463828475788, 0.0032719860987642088)]
[(0.60372052056968162, 0.0036559645609176841)]
[(0.91914875265069462, 0.0019567495960967568)]
[(0.58252276310533846, 0.0029791241124709909)]
[(0.351301025461568, 0.0052466648965374275)]
[(0.25653375335678968, 0.0043912620938926922)]
[(0.27341836660557967, 0.0041721214105105492)]
[(0.62965539800584169, 0.0041270658282753416)]
[(0.51357057020598473, 0.0039110036695814351)]
[(0.38592290344171731, 0.0046368955009684796)]
[(0.31139464791384169, 0.0049425032137522399)]
[(0.48858957789416818, 0.0040281721212042593)]
[(0.59773663312857528, 0.0039521819612930564)]
[(0.52194454480427099, 0.003175678826539536)]
[(0.76432178509799298, 0.0037416528396274286)]
[(0.57453199867955573, 0.0034814057659123816)]
[(0.18478672923936473, 0.0036834498704647338)]
[(0.78751304700815861, 0.0036597332575853156)]
[(0.4499944711788158, 0.0022510636685515385)]
[(0.35191545811296271, 0.0042031304082793472)]
[(0.25617032599769179, 0.0038488456987011009)]
[(0.55634818674706765, 0.0040905497941872504)]
[(0.22738673432461493, 0.0033852406720783932)]
[(0.57197609003426997, 0.0036851899377477438)]
[(0.57461045856127058, 0.0034106845951770979)]
[(0.68273365988149803, 0.0040902582064845545)]
[(0.6271923336119869, 0.0036886508877711972)]
[(0.56828271361665783, 0.0035937095495467888)]
[(0.4864716935263097, 0.0038836544778610605)]
[(0.24807643656832482, 0.0046805955425067887)]
[(0.80358176812319215, 0.0046799952916221259)]
[(0.5461519771524147, 0.0039094405322602473)]
[(0.70338434737099975, 0.0035103074922883601)]
[(0.41390720093581351, 0.0036600443324636615)]
[(0.63311420503101323, 0.0048111657698190393)]
[(0.8360596373917869, 0.0029955674860833149)]
[(0.58972531521812666, 0.0035571427292062246)]
[(0.6700932435578999, 0.0038358597877532754)]
[(0.51565517486152046, 0.0037472696060324049)]
[(0.7088509934553241, 0.0045410384199454836)]
[(0.15234454910516931, 0.0031325043050838461)]
[(0.42669149146702345, 0.0033136269427043335)]
[(0.60916856494163463, 0.0040117049873688894)]
[(0.66995808300608528, 0.0040785472870854527)]
[(0.49919729300089399, 0.0033805413941151619)]
[(0.62414890162634173, 0.0035302954560271086)]
[(0.70409113090444997, 0.0031308989754600318)]
[(0.31789053822913305, 0.0035675036971375956)]
[(0.079214965763672859, 0.0033504898197430563)]
[(0.20801808688922374, 0.0037980695097820415)]
[(0.51735374371352261, 0.0033344204087058849)]
[(0.74056043417639306, 0.0035163831752310468)]
[(0.92314852141335768, 0.0021248213627665176)]
[(0.46803135174806726, 0.0033778934482375875)]
[(0.49191113422201233, 0.0035134977144639589)]
[(0.75220752062224483, 0.003641838353386705)]
[(0.69699568040787396, 0.0037504206310983658)]
[(0.47579862815855095, 0.0041726150347612349)]
[(0.42381215635211683, 0.002839952892529648)]
[(0.84420697874458372, 0.0039372154028437644)]
[(0.53636316208976542, 0.0050555767816469104)]
[(0.52901881817523644, 0.0036583481806624924)]
[(0.49141619028911587, 0.0027390803534836639)]
[(0.43198707194337399, 0.0039057085655259689)]
[(0.41666061582486391, 0.0037073437832051319)]
[(0.83321438316453367, 0.0047602724720824776)]
[(0.15750052986722404, 0.0037125347733859356)]
[(0.72548292052490848, 0.0038899569340900067)]
[(0.36076566988845121, 0.0035067397243513064)]
[(0.73133937957242823, 0.004311087962782215)]
[(0.70173862613873428, 0.0038926861269329839)]
[(0.69662033898515019, 0.0040841019485398271)]
[(0.43467597713233508, 0.0032778723864992122)]
[(0.75752515661339181, 0.0040569791775078197)]
[(0.088981757377507298, 0.0032533603713496492)]
[(0.27460681856652408, 0.003271732710817652)]
[(0.78035492051254518, 0.0039747301946522328)]
[(0.77754445185911103, 0.0048079437693302812)]
[(0.39666663586726891, 0.0038491616765331752)]
[(0.76191614740966918, 0.0040616869299955321)]
[(0.52792019611893992, 0.0052743734812287033)]
[(0.52119429006217355, 0.0042442477272952401)]
[(0.43657584371452413, 0.0040917248948801679)]
[(0.50203527496920597, 0.0036048414305363333)]
[(0.71832217524718034, 0.0038583630905919858)]
[(0.032931682157468951, 0.0029776908937045915)]
[(0.69840588097690537, 0.0036253474631726917)]
[(0.38316005462550046, 0.0026936185486510192)]
[(0.62663191704011345, 0.004833981244898684)]
[(0.65107231835424895, 0.0039267198739953504)]
[(0.8659105154431288, 0.0025294279528057543)]
[(0.40647440169487697, 0.0043212195514021551)]
[(0.74953712404138972, 0.002839431110538687)]
[(0.49129812174818027, 0.0037197831191515904)]
[(0.46085163708559129, 0.003281866489196619)]
[(0.42085416756568839, 0.0039855068819512627)]
[(0.6010127027787614, 0.0047163598207754127)]
[(0.62109531164035003, 0.0038770200921718276)]
[(0.68647657025738895, 0.0040245138832385174)]
[(0.43190932985529712, 0.0036645343205867274)]
[(0.50399652672981055, 0.003299429717795422)]
[(0.52770901741356435, 0.0034996988404736923)]
[(0.51980310131176277, 0.0031757536435478751)]
[(0.46122068422258894, 0.0034657804234720009)]
[(0.48162355085249836, 0.0037041505723626657)]
[(0.67718894465493995, 0.0037419966283035702)]
[(0.34934445485783028, 0.0042274122140664354)]
[(0.43977663817743862, 0.0037032879401399594)]
[(0.26335867932535717, 0.0030742644961097841)]
[(0.67361580027067103, 0.0047939287170760238)]
[(0.64444830812718723, 0.0022362203292379348)]
[(0.46379400211149907, 0.003500522881107436)]
[(0.52957657274234016, 0.0045180727578638261)]
[(0.84529944697950987, 0.003088891771273482)]
[(0.80965865992979125, 0.0043825508436283293)]
[(0.61700388015879426, 0.0046765991703539428)]
[(0.81341474339344011, 0.0026860426721581521)]
[(0.15530637877862144, 0.0032289764351479768)]
[(0.3147055536966275, 0.003841705018705992)]
[(0.7153727923570925, 0.0031500856249638436)]
[(0.65312543504417964, 0.0041810307627665726)]
[(0.50697255575010725, 0.0036678288836895201)]
[(0.26392915552310542, 0.0028384460210604109)]
[(0.68935064591977668, 0.0036086060036296863)]
[(0.22736463375362079, 0.0042840697609021899)]
[(0.53426633845179294, 0.0040944991844985741)]
[(0.63862993223068398, 0.0042507417921752895)]
[(0.50292689113724343, 0.0037802292924989521)]
[(0.39019535362380725, 0.0037172322298720888)]
[(0.2786773524239749, 0.004033247378903787)]
[(0.1490328690506674, 0.0037766253377929785)]
[(0.63444785255172687, 0.0030754353984987909)]
[(0.26884978629237022, 0.0023014872912695246)]
[(0.28868828343130909, 0.0040007820267224424)]
[(0.39956035539637008, 0.0035502278634373828)]
[(0.29910575978093529, 0.0035586853779435916)]
[(0.89774398710298386, 0.0021812092703099245)]
[(0.78186302838919497, 0.0036194347160598528)]
[(0.38679707943935215, 0.0033861974523629796)]
[(0.41807185006247216, 0.0034437406095261902)]
[(0.66751682360553011, 0.0035286406168337056)]
[(0.5472918100937898, 0.0043733277040232587)]
[(0.10182916445776501, 0.0028586080511582906)]
[(0.35046716847753029, 0.0050839410103517549)]
[(0.5993524758289932, 0.0039784690299007599)]
[(0.20324687515754292, 0.0036191818941971169)]
[(0.41757059657112761, 0.0044199120487565455)]
[(0.71204655384813209, 0.004270596765820118)]
[(0.51921694169766608, 0.0036080793722196554)]
[(0.67923191117268034, 0.00328894008597632)]
[(0.58898662947877078, 0.0047336186118002487)]
[(0.2343019144119195, 0.0019756108165133535)]
[(0.60195897525958153, 0.0037079114089873686)]
[(0.11352233579411219, 0.0029871359810662349)]
[(0.59469275623185403, 0.0040146686803584119)]
[(0.4782004212652114, 0.003845984168999506)]
[(0.70286915514088188, 0.0039000961999818497)]
[(0.30634429387546613, 0.0033806841945027352)]
[(0.2866881533070379, 0.0039174621049042468)]
[(0.54083734395337335, 0.0036693396250425197)]
[(0.36064676614555813, 0.0048961604708037294)]
[(0.15145944919701515, 0.0038414251613746947)]
[(0.56834905809012803, 0.0034499895580039327)]
[(0.76065062000851513, 0.0033195568691018525)]
[(0.72578218146239515, 0.0042924017530803892)]
[(0.69130578324573277, 0.0045253190643561878)]
[(0.33861582892388131, 0.0035674927175657696)]
[(0.58282786478919557, 0.0038646455466228901)]
[(0.4541171784375822, 0.0031618474556606253)]
[(0.71841853475181461, 0.0037778449386155918)]
[(0.29173282262902506, 0.0025079894054834762)]
[(0.32940468718259097, 0.0039188070120739086)]
[(0.71195113617311168, 0.0038674701518139096)]
[(0.55331071309768376, 0.0043059388570865064)]
[(0.54161884061228149, 0.0034157578383434521)]
[(0.48046291226056193, 0.0037082577292521959)]
[(0.63163109003618123, 0.0037508222612691847)]
[(0.50124622757820991, 0.0047442809143828212)]
[(0.48798198383259866, 0.0036588786865705387)]
[(0.27636524277129798, 0.0030285938168910409)]
[(0.59240747883511968, 0.0038013731664221181)]
[(0.45939635103860027, 0.0032785151618024708)]
[(0.41523506350235589, 0.0039629097076407625)]
[(0.52464571184018105, 0.0039734708211914896)]
[(0.18044075428264361, 0.0037256325174638461)]
[(0.69185487959200864, 0.0042673235996899556)]
[(0.71036233435641105, 0.0035940994864934717)]
[(0.55662308031966468, 0.0037021126461124418)]
[(0.48152914429770471, 0.004470925296841584)]
[(0.67662364700084821, 0.00450070155762814)]
[(0.5862047176927091, 0.0031333002874732421)]
[(0.41622466604944819, 0.0040160768237610719)]
[(0.55256039997672268, 0.0043012947512596905)]
[(0.54091571106785363, 0.0036289304130266366)]
[(0.64029632322937191, 0.0041590898781757946)]
[(0.76588295917867788, 0.0039349392894666782)]
[(0.21399184598911333, 0.0040632719680850343)]
[(0.83733780109687694, 0.0024701642037014662)]
[(0.35725329916436949, 0.0034319821454050332)]
[(0.24390694634455273, 0.0040677360347719568)]
[(0.42862730915559494, 0.0034426299137667255)]
[(0.59903740969814256, 0.0042107594836776037)]
[(0.29683021363452122, 0.0037399548992865695)]
[(0.1594550640642714, 0.0033774820951028013)]
[(0.64996139102178785, 0.0041701096097709594)]
[(0.5258508252886841, 0.0042433554576175149)]
[(0.8292863353986083, 0.0015547344351715233)]
[(0.21163258387900974, 0.0044381580968107541)]
[(0.18366946953584906, 0.0043613666507934662)]
[(0.57788880217155325, 0.0041071089268751547)]
[(0.64187730845524604, 0.0032444083478620623)]
[(0.5536115745056216, 0.0049617738145244826)]
[(0.33214664700198149, 0.004501018253712648)]
[(0.63496361627561282, 0.0026926477450252674)]
[(0.69309993606216758, 0.0037045592234481459)]
[(0.62400007876123886, 0.0040213505833633497)]
[(0.39312901342227996, 0.0042976028696826447)]
[(0.53458799904834653, 0.0038820217253710721)]
[(0.91903731806987532, 0.0022615567321685104)]
[(0.5176466522732931, 0.0035620122730524954)]
[(0.37774566014592675, 0.0044577834964364439)]
[(0.41273426480604886, 0.003229432596104673)]
[(0.60573758651490417, 0.0037578698753523527)]
[(0.43333056119189783, 0.0035175264801794652)]
[(0.1877077694873929, 0.0034759019645000627)]
[(0.18182178022659057, 0.0031753334989472115)]
[(0.57075875786563124, 0.0041211672118265626)]
[(0.5888588238624678, 0.0038106416377915262)]
[(0.55531740433187859, 0.0033185163515056593)]
[(0.36349576350233137, 0.0038739911431313434)]
[(0.34548794997515175, 0.0043519159829538316)]
[(0.6332974810348917, 0.0041674218703568848)]
[(0.39188224798614257, 0.0033447154598090405)]
[(0.44281862324783683, 0.0036773896656895912)]
[(0.69329165042928087, 0.0040402268779442434)]
[(0.60190136860546184, 0.0037797940558279208)]
[(0.10175346893142131, 0.0024211751755961156)]
[(0.83365139143063183, 0.0035095738548143623)]
[(0.49376762626400511, 0.0035312191782150338)]
[(0.75889628856399427, 0.004331920196280487)]
[(0.94064501108622511, 0.001255966390907886)]
[(0.69255542576208351, 0.0040902136081754931)]
[(0.49994093507936682, 0.0047947590024232803)]
[(0.4060870554210817, 0.0033040664169665859)]
[(0.47743845386332129, 0.0048617047945903958)]
[(0.64654164631787647, 0.0040431578586932141)]
[(0.72616797680123146, 0.0026584350053416388)]
[(0.81911597354568466, 0.0028844456093547509)]
[(0.27257813798073854, 0.0035745333225347693)]
[(0.38186163769015879, 0.0040504517609123427)]
[(0.20003582137507958, 0.003278676037635772)]
[(0.58700150533026574, 0.0027663050067630391)]
[(0.44335298553579044, 0.004105941244236899)]
[(0.31875986801069028, 0.0049329788879270619)]
[(0.54679669396378072, 0.0031929724790777068)]
[(0.62763950229512344, 0.0035822447450333953)]
[(0.48093375577043518, 0.0036204994587002719)]
[(0.78162509654711898, 0.0022889418136576413)]
[(0.50257836491529162, 0.0042414840230842969)]
[(0.64200526093062493, 0.0039002443666245157)]
[(0.44155142345210951, 0.0019511119500077404)]
[(0.80326936290140538, 0.0018159485212813026)]
[(0.21769956596122356, 0.0033092266756351921)]
[(0.62097415038900139, 0.0045513803723095554)]
[(0.81317930004980932, 0.0036147303579752857)]
[(0.22106110518079974, 0.0033332866565870087)]
[(0.6059945445292072, 0.0034838551982681407)]
[(0.23963270802089046, 0.0031049968380080393)]
[(0.71872587696632295, 0.0038235595988342025)]
[(0.52616446628849489, 0.0034346617152270077)]
[(0.45126831976947862, 0.0037531893590174192)]
[(0.69904418043777539, 0.0036258423785431215)]
[(0.78993823491187365, 0.0041082208732766586)]
[(0.79968021305805737, 0.0030746253117259802)]
[(0.70021544600514729, 0.0033567751298037339)]
[(0.70142253486358996, 0.0036622923296412767)]
[(0.52037295621566315, 0.0039976351420267205)]
[(0.52515002100330377, 0.0037485709100606389)]
[(0.47489796806438012, 0.0049010780670300192)]
[(0.56136201820765219, 0.003197783453941293)]
[(0.62325402613145664, 0.0027624098845140874)]
[(0.37535979220498111, 0.0036864674687057493)]
[(0.70195279018096701, 0.0038341421830870972)]
[(0.55582581249576957, 0.0038222196131055281)]
[(0.43992625702512012, 0.0041830065792837611)]
[(0.34700910277395719, 0.0038430913519591457)]
[(0.32449799044975969, 0.003888731097381254)]
[(0.63610712164506777, 0.0036384929778520477)]
[(0.65844794006506424, 0.0031659600347983055)]
[(0.6706148300616841, 0.0033979317541488587)]
[(0.40751621632613749, 0.0036483745047464805)]
[(0.52913224255036762, 0.0038023607107191674)]
[(0.66041064044720998, 0.0044466816655539653)]
[(0.3982299525518247, 0.0026349699542536401)]
[(0.47634301327380468, 0.003437510070022833)]
[(0.54646463576425397, 0.0037460842156502266)]
[(0.685064279668126, 0.0043053072844527864)]
[(0.39485819247552023, 0.004199239065087298)]
[(0.43316160763309558, 0.0038458127812121545)]
[(0.50882565316041473, 0.0039099191659718313)]
[(0.55823910816805644, 0.0028980192473161965)]
[(0.91059615387769577, 0.0009080958987844757)]
[(0.65269802035343616, 0.002999668641507382)]
[(0.50942200361529222, 0.0030699470828838746)]
[(0.62545839887816124, 0.0031228954247678408)]
[(0.9258901648787633, 0.0035001106850494272)]
[(0.44269792584035111, 0.003737721928111963)]
[(0.85242783273392786, 0.0034662536850471174)]
[(0.6080131438377343, 0.005245847476584479)]
[(0.8401385332735064, 0.0021920958684553491)]
[(0.4510262559863143, 0.0041583178461276921)]
[(0.82413260436679148, 0.0011965818909742186)]
[(0.33626012029249563, 0.0032883041672371956)]
[(0.36185107602374389, 0.0036691034618562043)]
[(0.50422704703198395, 0.0037415967687423166)]
[(0.39281005173364431, 0.0034895288940415743)]
[(0.53781760918892541, 0.0031411276815650245)]
[(0.45405383195154353, 0.003706683241254791)]
[(0.31408296593941648, 0.0036513118063725967)]
[(0.60052512472727526, 0.0040146686803582913)]
[(0.81554490735573548, 0.002847747727149204)]
[(0.38694303344716757, 0.0039757726756066572)]
[(0.58688794418904067, 0.0033315605280889757)]
[(0.64244752122762638, 0.0040912673386307294)]
[(0.33074878462174534, 0.0039901310202249112)]
[(0.17001800859680397, 0.0035008624958162023)]
[(0.76248524368253112, 0.0019091423041094086)]
[(0.27826849352418165, 0.0037201254479677878)]
[(0.62140460718111257, 0.0047907342378602511)]
[(0.62955011579164222, 0.0044091001286979438)]
[(0.82253820594374916, 0.0030635765613112298)]
[(0.4200124088206954, 0.0034927145494875428)]
[(0.46261468228903468, 0.0025029787632586957)]
[(0.4129486013038981, 0.0035168218783299438)]
[(0.58997131506889189, 0.0040841019485398297)]
[(0.84569363588383262, 0.0031449518964532914)]
[(0.3772275469477378, 0.0045069671143180999)]
[(0.52989927215864729, 0.0042007880543516937)]
[(0.17670634739337915, 0.0040841019485402296)]
[(0.38087467749159393, 0.0029478254216058581)]
[(0.52213332840650928, 0.0039857501107646706)]
[(0.39411482635601752, 0.0028759630821837464)]
[(0.64185510593817674, 0.0040429407959761817)]
[(0.82993161888047073, 0.0034175425739985409)]
[(0.49668560476295559, 0.0034874989048189558)]
[(0.83869986688671905, 0.0031632485965304479)]
[(0.19299584487762658, 0.0044520958761159329)]
[(0.5104277744175385, 0.0022862227077730048)]
[(0.33056494208597831, 0.0033028179152617683)]
[(0.78129170956952876, 0.0036046446513949269)]
[(0.22197663619118507, 0.0040285553339946874)]
[(0.64954887731777144, 0.0037473512396639995)]
[(0.35167740225600819, 0.0030842628867280269)]
[(0.015950724058681257, 0.0016537135237539226)]
[(0.15244321421342158, 0.0028397665821482407)]
[(0.55154280769305064, 0.0037152525269169225)]
[(0.62823427337045601, 0.002328047620398792)]
[(0.56576777002899703, 0.0041367467996327803)]
[(0.53150479660051375, 0.0037555833996587716)]
[(0.67392965465992261, 0.0038086570285906689)]
[(0.25002755133582544, 0.0040805586689083052)]
[(0.44786099489306808, 0.0026674443842729162)]
[(0.84098242234547804, 0.0033122963569656963)]
[(0.78392453767635761, 0.0035612429280320111)]
[(0.47930037535223535, 0.0039564396939563533)]
[(0.64726342464295228, 0.0042904179454216745)]
[(0.21868712850415431, 0.0031177272122443101)]
[(0.52409678860974118, 0.0039885470748444183)]
[(0.72527326506421075, 0.0032489500182123748)]
[(0.41192090573209544, 0.0037377180621924436)]
[(0.6784428124832923, 0.0041376085612736639)]
[(0.6187615594590129, 0.003725722894741091)]
[(0.56238042582892545, 0.0037541072090463905)]
[(0.47755980357005712, 0.0035195486841195999)]
[(0.47643454169137922, 0.0036124122629042719)]
[(0.83215347354539282, 0.0035777019792702647)]
[(0.42518376075384373, 0.0037045334158149349)]
[(0.43870106352957561, 0.0021098888430602239)]
[(0.39567163921106757, 0.0034462544359530074)]
[(0.43444148852435216, 0.0039174621049044948)]
[(0.56866297086642859, 0.0054676061231252876)]
[(0.50309679767044324, 0.0023774322166414323)]
[(0.46130291330144874, 0.0033374538387838859)]
[(0.23749277137171584, 0.0027446126306418998)]
[(0.2026870487366885, 0.00373332971648767)]
[(0.51312688444349674, 0.0041388550400200006)]
[(0.59376016197120229, 0.00091180555680841103)]
[(0.54714200871285701, 0.0039925647714487188)]
[(0.80593528114460578, 0.00066799475889427976)]
[(0.38318734114035941, 0.0026449396625981914)]
[(0.43965204902549843, 0.0042162758606988761)]
[(0.87075978249630048, 0.00088048026095804771)]
[(0.19498965593221332, 0.003387162950675746)]
[(0.6521038937343947, 0.003976976334774107)]
[(0.56303577351573408, 0.0039859975168200076)]
[(0.45161298579109049, 0.003140406449582181)]
[(0.35533587208005946, 0.0030375958976346204)]
[(0.30129533340323145, 0.0044023294983072982)]
[(0.44718479863367983, 0.0032814175845586897)]
[(0.57290738613084857, 0.0034347203563017889)]
[(0.62802057620568352, 0.0038515005001321019)]
[(0.34514858477280896, 0.0027897903919486254)]
[(0.11969543431515976, 0.003243079263525885)]
[(0.49434319525762122, 0.0035785015138733119)]
[(0.73738251516240638, 0.0039740880329095715)]
[(0.37784446489310108, 0.0021376533504164066)]
[(0.6794668198689664, 0.004214763354038112)]
[(0.60620272414070586, 0.0039625640027478419)]
[(0.2345529850778727, 0.0038365665096951169)]
[(0.59782790444080691, 0.0043925565922856916)]
[(0.48270510930126986, 0.0039822664885403574)]
[(0.76994154292757833, 0.00356841918918188)]
[(0.78388674058278751, 0.0032966232643963493)]
[(0.42112250261806911, 0.0038211463734400125)]
[(0.55528335395821671, 0.0039415416146900261)]
[(0.50793357556025742, 0.0032790844534183474)]
[(0.53775896741174023, 0.0033124794259093196)]
[(0.128300293038979, 0.0038278646604874224)]
[(0.32225341019478715, 0.0049887465879367657)]
[(0.51625801912680669, 0.0038978574174181818)]
[(0.4750696881114953, 0.0034175425739985492)]
[(0.48998785514740439, 0.0037222554309316968)]
[(0.39182286137355798, 0.0038822896791653717)]
[(0.4612750574977546, 0.0027634855188943684)]
[(0.079607255758076909, 0.0032609114204487232)]
[(0.23256080383911007, 0.0040890839362712397)]
[(0.59286146045167665, 0.003769940482714691)]
[(0.69008054034880617, 0.004458255559720326)]
[(0.52610973021467811, 0.0030833747434300656)]
[(0.60481369039295629, 0.0045970905576990856)]
[(0.78075970272222228, 0.003849399390967562)]
[(0.60606912298442261, 0.0027110252795090198)]
[(0.5293146827165196, 0.0034758665192709394)]
[(0.69009356655833964, 0.0040755592929973428)]
[(0.3012590603398555, 0.0025014978591039474)]
[(0.75758903952192613, 0.0036435278702365895)]
[(0.40312638660380112, 0.0030007700153108089)]
[(0.69146269803567473, 0.004988101012716537)]
[(0.66030712130015545, 0.0021303649975231362)]
[(0.57148865025174111, 0.0042128754421346028)]
[(0.30001928129656935, 0.0035008624958162348)]
[(0.42424408910019068, 0.0029918218563351343)]
[(0.54581681531363624, 0.0042132834466082399)]
[(0.31575774572490345, 0.0025466785643364276)]
[(0.12953466373813044, 0.0041610126456022804)]
[(0.5743654186267495, 0.003146540550182873)]
[(0.77032642711409915, 0.0037828868527723159)]
[(0.64662860902440855, 0.0051724684272829828)]
[(0.53420533171768003, 0.0031460336363987301)]
[(0.66362276410926313, 0.0043315688921828095)]
[(0.64162943602832867, 0.0029301210313652636)]
[(0.36608362121243365, 0.004446946769358833)]
[(0.3408819254807729, 0.0030262588127758783)]
[(0.25835950632928179, 0.0041257619094486574)]
[(0.64293683705637705, 0.003948348596629592)]
[(0.5823182601119391, 0.0046889428624754198)]
[(0.37325556904987078, 0.0036098431597588469)]
[(0.66752626878950805, 0.0041213806685683977)]
[(0.42690305305408166, 0.0033342226521808661)]
[(0.11123261208375437, 0.0033963866229046536)]
[(0.33586959609073946, 0.0033508485662609869)]
[(0.58180460801436273, 0.0032707369407564829)]
[(0.70174947946709387, 0.0041341073958517747)]
[(0.77422996653624898, 0.0046113753402472236)]
[(0.45213975291574848, 0.0032163542166949144)]
[(0.4560909078563849, 0.003446952622028853)]
[(0.14640832923537056, 0.0034326916506926645)]
[(0.75189014325650494, 0.0037762929471258934)]
[(0.54516468434090459, 0.0034170558118886657)]
[(0.10843978184229205, 0.0031736344002711416)]
[(0.36743175751225376, 0.0039496330852369279)]
[(0.49965792483719501, 0.0030342475693141144)]
[(0.032249225649751856, 0.0014095211503867739)]
[(0.29234837629044913, 0.0042368285123148362)]
[(0.51245457507240133, 0.0055994663073983984)]
[(0.19746048983165432, 0.0039780584116807342)]
[(0.71455253844762878, 0.0046415782681581549)]
[(0.46932460676362719, 0.0033008946834539401)]
[(0.49083122847420835, 0.0030993752435056333)]
[(0.69328755698776723, 0.0050006210885341013)]
[(0.71639423079350073, 0.0034286410113784816)]
[(0.71020783482065708, 0.003129127460014103)]
[(0.43120328160383631, 0.0023786789809575296)]
[(0.60553331043925018, 0.0036634407207005396)]
[(0.089676821109024085, 0.0030519667645214983)]
[(0.70321014430836515, 0.0043561311077838956)]
[(0.73509611686568177, 0.0045230193938289708)]
[(0.22264805102038795, 0.0027044976371510951)]
[(0.3670121926089257, 0.0036362758114529968)]
[(0.69832863491410269, 0.0042313904382299374)]
[(0.30422976849295164, 0.0033051779010872945)]
[(0.81326770889357247, 0.0032509027303625807)]
[(0.76250072197163465, 0.0033728680337509428)]
[(0.63492168562327345, 0.0045578097497616177)]
[(0.41243980019730192, 0.0041111099667222144)]
[(0.80961826333517251, 0.0036145495768340466)]
[(0.33925397791172429, 0.0033645602709422842)]
[(0.69236955983521065, 0.0036162131766541167)]
[(0.75550675245943677, 0.0042689755899187731)]
[(0.029522718500432144, 0.002986275991947738)]
[(0.48776752945194735, 0.0036259204274486636)]
[(0.6234032912748273, 0.0035545766641988589)]
[(0.17090813684885955, 0.0021709672918546019)]
[(0.47636792467332228, 0.0043778384576799141)]
[(0.49524841197020647, 0.0037833404641028174)]
[(0.27728458071743972, 0.0010348491790050946)]
[(0.43529957928387886, 0.0036615074481299282)]
[(0.44863800107488605, 0.0032776010063943592)]
[(0.29256198248259763, 0.0027367371197899635)]
[(0.13179314238104362, 0.003853980259710215)]
[(0.58216681485245503, 0.0033124153218654037)]
[(0.03880969629362261, 0.0028684139617506715)]
[(0.50096689128752214, 0.0039550239027648145)]
[(0.78480575063590718, 0.0037424902690874067)]
[(0.67524024911167457, 0.0035906318306672602)]
[(0.72414150666144372, 0.0034891716334204364)]
[(0.64565715447523764, 0.003535582830330656)]
[(0.31972019256820206, 0.0035117960961234826)]
[(0.32606030956004628, 0.004472651821195401)]
[(0.7932710169092585, 0.0044173816358104787)]
[(0.49233589667895289, 0.0042565583299058645)]
[(0.45679166927952897, 0.0038400594898086674)]
[(0.72977486063565733, 0.0039242770068969677)]
[(0.61273346534634421, 0.003383520916284786)]
[(0.3815578001160792, 0.003795063332200495)]
[(0.51843285922539439, 0.0039300769401579986)]
[(0.53135356111492071, 0.0039566714798774157)]
[(0.9069821769886075, 0.0022853808835263546)]
[(0.2888090145781011, 0.004328380810232531)]
[(0.61071683346805805, 0.0045469157828109171)]
[(0.31213459826403861, 0.0041684264537481296)]
[(0.92226154396972715, 0.001744647497016892)]
[(0.5653445656772268, 0.0026157511470950587)]
[(0.54210073202616782, 0.0049286722974781682)]
[(0.45375045606712872, 0.0039298586375754842)]
[(0.41922024315611894, 0.0029455678595425921)]
[(0.61798672948791955, 0.004027135159388056)]
[(0.24730424744706178, 0.0033532878330071918)]
[(0.61092023048101518, 0.004500701557628127)]
[(0.53996854191770349, 0.0034230259550469522)]
[(0.68663096490439213, 0.0035565715782898888)]
[(0.56757626897194313, 0.0038649203412975237)]
[(0.16256727225298526, 0.0037684961840790589)]
[(0.52493562812299344, 0.0039501507744486115)]
[(0.53417988288989604, 0.0036361541880366288)]
[(0.40184720051841305, 0.0034015406934537777)]
[(0.58634672575768687, 0.0038703809371032597)]
[(0.27002424332012359, 0.0037513279862457067)]
[(0.39298373736038461, 0.0039576464176454863)]
[(0.15268650994476293, 0.0045744134842850845)]
[(0.70303060535284012, 0.0031976931482070137)]
[(0.62416865729928228, 0.0046183234612775905)]
[(0.58191709190857721, 0.0042368551385388534)]
[(0.55008173497791779, 0.0033683673606996296)]
[(0.47475228030223504, 0.0040490582542670713)]
[(0.50465321044828881, 0.0034803754049662554)]
[(0.26553223280196714, 0.0046655300986147737)]
[(0.19664440152456289, 0.0027693625485330775)]
[(0.22051884925185053, 0.0032787136661314789)]
[(0.15725232210195453, 0.0042116529956285915)]
[(0.78417561358453347, 0.0035937520238637504)]
[(0.4815155079563308, 0.0033617024453710259)]
[(0.26130774318321853, 0.003840550579650897)]
[(0.21869940056042456, 0.0037508222612692944)]
[(0.27029691982400755, 0.0040635560073780429)]
[(0.40271698605233286, 0.0026727022703879489)]
[(0.61218986171815204, 0.0041285392401754191)]
[(0.50218628370301699, 0.0029031510947995303)]
[(0.53863839232365807, 0.003671079313309213)]
[(0.51998288996268272, 0.0031340185572256447)]
[(0.7846517531229229, 0.0025383737437848324)]
[(0.38512189138430358, 0.0033071462013023411)]
[(0.12670758324049106, 0.0020448636682265419)]
[(0.49629942873792776, 0.0029547168839921976)]
[(0.16317323261614652, 0.0033821947283789108)]
[(0.53594496134474123, 0.0038971441292026524)]
[(0.71634183693649978, 0.0036266611664189374)]
[(0.70742376808825858, 0.0035251891365434859)]
[(0.38311299082445116, 0.0043602414444572279)]
[(0.74452908019750752, 0.0040632719680858739)]
[(0.53030063072408073, 0.00400668385451759)]
[(0.14202477319750276, 0.0030883977766280012)]
[(0.67917922301880929, 0.0045630037015896036)]
[(0.15431688884688163, 0.003178264849804146)]
[(0.17665202733723129, 0.0025719226007927835)]
[(0.60542280511312996, 0.0040107647502305669)]
[(0.53435088662369057, 0.0018844560125532812)]
[(0.16897790623513334, 0.0028027222349892018)]
[(0.12082205034384641, 0.0031234818937000324)]
[(0.049584519778939386, 0.0023024839631585123)]
[(0.65167011905280792, 0.0035209028508036053)]
[(0.5033189831369389, 0.0038341421830867316)]
[(0.55778420058987466, 0.0045120872951326047)]
[(0.28234069732801864, 0.0030907096387650106)]
[(0.15184265488474885, 0.003020241491724098)]
[(0.39989604463370471, 0.0038113726952141483)]
[(0.48233307628751337, 0.0034871889295564605)]
[(0.26890147305396117, 0.0038172962008556533)]
[(0.49171485144912008, 0.0035516806826180023)]
[(0.39000391513632687, 0.0038029167161318855)]
[(0.61419118372255022, 0.0036363989717435982)]
[(0.54949474887834127, 0.0039492673817270625)]
[(0.81915562375560036, 0.0036591703472697349)]
[(0.5095537056318008, 0.003871300234106507)]
[(0.47317904159538515, 0.0041455469076060328)]
[(0.43391886835275495, 0.003198722712196097)]
[(0.3482362842850763, 0.0034144029665586499)]
[(0.73328094095636553, 0.0032717327108175796)]
[(0.62101577663500485, 0.0041127358118654023)]
[(0.85356455214732285, 0.0038227759720208068)]
[(0.88992169483335526, 0.0027843111681843686)]
[(0.78571671104852348, 0.00391190744344996)]
[(0.64348703205316882, 0.0047375310225936272)]
[(0.63346792994273693, 0.0035390137386042291)]
[(0.40250727539627412, 0.0033402109252790497)]
[(0.16941363921600269, 0.0036492919593695311)]
[(0.38021422352575934, 0.0038341660348990298)]
[(0.57194246981139207, 0.0038694966538080347)]
[(0.62855106175444397, 0.003345753582943891)]
[(0.43755605265285952, 0.0036293140419517683)]
[(0.38635329383781436, 0.0039282765967914536)]
[(0.58762036299403397, 0.0047357076642520601)]
[(0.29303952396749555, 0.0034505812275011736)]
[(0.4757207799935983, 0.0031439554402799886)]
[(0.55635743724707354, 0.0039840488609724292)]
[(0.6822178454006087, 0.0042496585181668392)]
[(0.7863046286069072, 0.0029178813444064736)]
[(0.27030197515323351, 0.0041257619094483321)]
[(0.25380454715903183, 0.0033450613599107721)]
[(0.54297361382672793, 0.0036861239136944438)]
[(0.27446795264996726, 0.0040933597176306792)]
[(0.37334048523899666, 0.0037380038117587728)]
[(0.53095156096639196, 0.0046900373222645113)]
[(0.37230657245535836, 0.0033864834795067408)]
[(0.50707812356559112, 0.0032470656489566037)]
[(0.67152645100485431, 0.0041086078078979528)]
[(0.57778583089094138, 0.0038120103288541932)]
[(0.068599231353297041, 0.0015558630708848798)]
[(0.63951914700849, 0.0032903570558860998)]
[(0.35071124319824165, 0.0037702028380257936)]
[(0.63288088328518666, 0.0040771586217219682)]
[(0.62273185300059819, 0.0044209271643990107)]
[(0.93815932900601484, 0.00058905049124111921)]
[(0.53534134068322548, 0.0033730992711488816)]
[(0.65632397483497262, 0.0038265676447397888)]
[(0.63179772913604992, 0.0047006693699905176)]
[(0.53970050924633806, 0.0036732091133774513)]
[(0.52564374158085636, 0.0040187954496559864)]
[(0.33885315961817075, 0.0037835160753402044)]
[(0.44670763133495822, 0.003946331987844099)]
[(0.85526076206058321, 0.0040257780032673211)]
[(0.620137355682852, 0.0039420442675396619)]
[(0.83835984922518514, 0.0018397246864876918)]
[(0.78294147987085549, 0.0018233762599877562)]
[(0.28976550886049735, 0.0038045343596236252)]
[(0.68196008638930461, 0.0034708075924187627)]
[(0.21404848280809854, 0.0045879600897282945)]
[(0.81060148329564485, 0.0040007820267221441)]
[(0.64201480999607341, 0.004299877792682978)]
[(0.59122941060981016, 0.0041068173469008002)]
[(0.51833590644047411, 0.0037990628329613004)]
[(0.8983675026279766, 0.0015808816887136273)]
[(0.67370809625201289, 0.0035832392039918991)]
[(0.2744679526499702, 0.0024393049733985044)]
[(0.70296176626587736, 0.003268188492808354)]
[(0.42907458712074342, 0.00314870939221862)]
[(0.59572317755188875, 0.0035382402235164191)]
[(0.89700150291823144, 0.0033547257340087533)]
[(0.37528159395707722, 0.0045018874800277038)]
[(0.58890992452194602, 0.0039767397405115739)]
[(0.57820272217054314, 0.0037618744989305025)]
[(0.32150019452168632, 0.0046209592804698557)]
[(0.66912268842110334, 0.0031352605659211801)]
[(0.76421827711138379, 0.0043458404937973573)]
[(0.18695232780146465, 0.003840174218405666)]
[(0.61190024157429579, 0.0044570263534662374)]
[(0.58997131506889333, 0.0046006854638093227)]
[(0.54517172823234139, 0.0046327954718594156)]
[(0.50597875011116589, 0.0045223931491420351)]
[(0.40237160859919063, 0.0045278150653687167)]
[(0.31332683487505936, 0.0037512325687562129)]
[(0.57383892181826046, 0.0042106300459236285)]
[(0.50235615218841156, 0.0042891447534079072)]
[(0.48454164447678799, 0.0038265006359874862)]
[(0.84440668880794301, 0.0028497879747795339)]
[(0.51873879891718366, 0.0039707081283687383)]
[(0.3288727430629923, 0.0037191450360906488)]
[(0.63171183379352769, 0.004072428751420205)]
[(0.42768334725187901, 0.003648986801269944)]
[(0.22447086894262303, 0.0033503862823699342)]
[(0.38167244023245583, 0.0013925709026800248)]
[(0.76375602765486239, 0.0042589553407452142)]
[(0.47777648313459459, 0.0033032289842993344)]
[(0.66479620386613059, 0.0025678299569896249)]
[(0.6466452147652485, 0.0034627102921877088)]
[(0.8368602972434519, 0.0037595927793552353)]
[(0.60352603825179918, 0.0043618065992253163)]
[(0.70724104209986549, 0.0035166160124293915)]
[(0.70352269702141101, 0.0033664137677481775)]
[(0.33894264616869524, 0.0037311532146694533)]
[(0.77295017376223041, 0.0042150992116078518)]
[(0.68228937639642506, 0.003207159771408469)]
[(0.67664387590962627, 0.0044173816358103963)]
[(0.29692132179986114, 0.0038436200010184222)]
[(0.46374370419957761, 0.0036797023623620288)]
[(0.56876270235826376, 0.0035690333409399374)]
[(0.50488052974930642, 0.0044175647124332753)]
[(0.75364641110428221, 0.0035964049739229146)]
[(0.56372712224077826, 0.0037427865250118804)]
[(0.6667622298774547, 0.0041588308552257761)]
[(0.55462613158563878, 0.0036368451731910948)]
[(0.32628454007795155, 0.0036445567291810157)]
[(0.38026214937109354, 0.003859957314925598)]
[(0.12771994837767831, 0.0032676553178318237)]
[(0.44428682688289395, 0.0042360169550751618)]
[(0.83719189715333497, 0.003243534386652426)]
[(0.80325069698760132, 0.0032126335350741754)]
[(0.62892693265750277, 0.0046600078298387262)]
[(0.7667112761787237, 0.0034997221594226758)]
[(0.47558467170046292, 0.0039964139335984311)]
[(0.51008757690468165, 0.0038567265227339672)]
[(0.41404803677845997, 0.0043281102910060053)]
[(0.65551509324841828, 0.0038480229964738544)]
[(0.10384682452471745, 0.0035310848634904071)]
[(0.38727757359168924, 0.002974432080695524)]
[(0.38643715345755675, 0.0044289959462677445)]
[(0.74077970045047459, 0.005083941010351747)]
[(0.078975295759806843, 0.0031655121760685843)]
[(0.6314499605798074, 0.0036801814579887717)]
[(0.47394774206466789, 0.0028801335763791536)]
[(0.60446441471752255, 0.0039682328705749241)]
[(0.58335109935807616, 0.0028863747159571752)]
[(0.70396902083439616, 0.0034365272696707549)]
[(0.60510039124122383, 0.004387781137270003)]
[(0.53129539289120009, 0.0035466348325897891)]
[(0.19494807263819355, 0.0035887674504249591)]
[(0.52701353973476484, 0.0037647047249641896)]
[(0.69328755698776756, 0.00275098319945725)]
[(0.38293889739141412, 0.0030309381367657211)]
[(0.46609303623379067, 0.0035513419251912018)]
[(0.65007631453893888, 0.0036876140447178792)]
[(0.26252058260993782, 0.0033605780040716067)]
[(0.65329317771321527, 0.0041614490976156458)]
[(0.30335206329397191, 0.0029731696576376977)]
[(0.43574512971504459, 0.0036263769561831146)]
[(0.38133827508421098, 0.0040989816264680335)]
[(0.40638282975514561, 0.0038589062463035627)]
[(0.019185236007594138, 0.0017715810996027778)]
[(0.5586689840960718, 0.0036247849515266221)]
[(0.61067087114172403, 0.0040314721679134483)]
[(0.3564369372172459, 0.003635225942735687)]
[(0.73661372295374494, 0.0034175425739986186)]
[(0.73707815716307712, 0.0033763625444049989)]
[(0.74300218001529883, 0.0026414009282501438)]
[(0.53739397441098058, 0.004947436297855861)]
[(0.63593932042304036, 0.0042083028238673117)]
[(0.63517930289848967, 0.0040092716351123906)]
[(0.48567050825571995, 0.0038084642020754832)]
[(0.59971329321510281, 0.0032637211798751111)]
[(0.12980407957498857, 0.0036335529925789552)]
[(0.60497688163515084, 0.0041430810235114869)]
[(0.55237336816091764, 0.0029332455284333918)]
[(0.097154532877549604, 0.0030498566429446009)]
[(0.560935111105204, 0.0037999885648317142)]
[(0.58207788402245864, 0.0032790607094816647)]
[(0.16902753117823824, 0.003133364953039848)]
[(0.55418333586583157, 0.0030077131171077393)]
[(0.31906592317112148, 0.0041337469627010671)]
[(0.67068984227526995, 0.0042207533019610393)]
[(0.88089865245139087, 0.0017205753386624076)]
[(0.45731621468504285, 0.0036995845889390556)]
[(0.60667637774652705, 0.0041999460151777154)]
[(0.5563795645671813, 0.0036129329885070146)]
[(0.4480340111803216, 0.0032059973988910226)]
[(0.70838225765246243, 0.00431586548119842)]
[(0.14737395520849741, 0.0038014963722039041)]
[(0.46912755611053192, 0.0028131615800333011)]
[(0.88747765470197126, 0.0026121166630929619)]
[(0.64755453963107057, 0.0041773881513355307)]
[(0.67643109203325058, 0.0042385753586318487)]
[(0.56529409240588702, 0.00441738163581047)]
[(0.36700969064705408, 0.0027733731497718989)]
[(0.25447656640414068, 0.0036700757510009967)]
[(0.88362643994941248, 0.0036675023394515719)]
[(0.38323100083888595, 0.0026318852475928343)]
[(0.83913764047041162, 0.0035133027501147484)]
[(0.2945174598279488, 0.0038983563959886056)]
[(0.48828851189772915, 0.0034751461801918902)]
[(0.27690828796120764, 0.0035803682186863182)]
[(0.60080699188461273, 0.0037805735893499288)]
[(0.70502359936053727, 0.0044169900230777671)]
[(0.55004698747714165, 0.003387398996349406)]
[(0.87959007064147776, 0.002092755817097738)]
[(0.42487270110075342, 0.0026874749034940474)]
[(0.88517471259823832, 0.0018171015104639465)]
[(0.64738590736040713, 0.0038699895771943335)]
[(0.6707621576203906, 0.00406294575072127)]
[(0.96808080812694774, 0.0021283235686654907)]
[(0.73569302551396287, 0.0025656821752704671)]
[(0.75586882818894663, 0.0031999705250242341)]
[(0.53461753334139928, 0.0042122472482500175)]
[(0.39389264088953413, 0.0034730891885434894)]
[(0.4399956265517726, 0.0030128393553152583)]
[(0.24809448448465177, 0.0035183854424740346)]
[(0.24753593279204991, 0.0034724057858735624)]
[(0.059472809797008627, 0.0012993743103023798)]
[(0.39634460466491162, 0.0035657625918073801)]
[(0.43897019653288466, 0.0039153430046121387)]
[(0.7007472147835575, 0.0042125517184916856)]
[(0.58331721682707738, 0.0050221199075624542)]
[(0.469163729663017, 0.0035905795613793831)]
[(0.19572907868444803, 0.0029870959366616007)]
[(0.75807598136016285, 0.0006853888532606416)]
[(0.39862790298174833, 0.0043552580988140879)]
[(0.49680241499033517, 0.0035636194219321798)]
