[(0.79156638037355231, 0.003338659115262124)]
[(0.35547030500389226, 0.0033175560014692533)]
[(0.65555860655553921, 0.0033830157529066919)]
[(0.17012378341921772, 0.0036076994321369632)]
[(0.53555008749268684, 0.0029834732875140507)]
[(0.68589631895408787, 0.0037675072257114619)]
[(0.3320682239867484, 0.0034300440594411011)]
[(0.11086116863435447, 0.0033941859603728473)]
[(0.33780176822306496, 0.0039894461111895669)]
[(0.13594532713310944, 0.0032176196878375262)]
[(0.59245308938274199, 0.0037661328368905813)]
[(0.58566908066864198, 0.0038593281111690457)]
[(0.56279805997593901, 0.0036703947335423245)]
[(0.70923736589739172, 0.0024056333155573466)]
[(0.60899078983933486, 0.0042245454055730939)]
[(0.66960612140664344, 0.0041926521924939356)]
[(0.4249253501333366, 0.0040368368642163879)]
[(0.74704517344882071, 0.003853024177204309)]
[(0.29575163497848161, 0.0035816443315795123)]
[(0.22729959325622301, 0.0032920091546969374)]
[(0.26660699919278458, 0.0036870560374880545)]
[(0.54583348655845598, 0.0036695972790326031)]
[(0.62279442422244513, 0.0035736304696331171)]
[(0.76630725916567866, 0.0035065348007156045)]
[(0.65496629491670311, 0.0034189156750118774)]
[(0.33772889728067368, 0.0037946307858597078)]
[(0.46111568507050987, 0.0041284612327584505)]
[(0.32001596117450548, 0.0041486521224444149)]
[(0.39608985355028797, 0.0037666813665963041)]
[(0.49314163102855946, 0.0037231902341639963)]
[(0.70867885457388957, 0.0027382812936759642)]
[(0.64799725309590261, 0.0042500928435890827)]
[(0.34413172052974217, 0.0013392732983926305)]
[(0.47163860491052095, 0.0039667214980120867)]
[(0.33298737146633611, 0.0038371443143268044)]
[(0.6984782021356416, 0.0035179167321849306)]
[(0.49029855300238767, 0.0036820724476991857)]
[(0.14727925897486932, 0.0038385238034412319)]
[(0.058586352881497973, 0.0031675828085455673)]
[(0.37665802730783909, 0.0031244811999252553)]
[(0.78060315403821989, 0.0036539729710114389)]
[(0.77335763490854015, 0.0038324844823801078)]
[(0.31103184791318461, 0.0036343845988030788)]
[(0.43081060331583132, 0.0031057994610417692)]
[(0.35331518163042391, 0.0034183157394646318)]
[(0.35260887650414297, 0.0038732147398837127)]
[(0.38801826276507323, 0.0033790757869958869)]
[(0.052955017752580123, 0.0042078138457419655)]
[(0.51198421633013047, 0.0029009590587290336)]
[(0.35657077729983455, 0.0036741967158647783)]
[(0.43080210077168635, 0.0033448282464005126)]
[(0.67343006226457025, 0.0042866877111369071)]
[(0.7119511361731129, 0.0040841019485398063)]
[(0.45941347509048608, 0.0034601133593496073)]
[(0.45490577566121815, 0.0040549796399875007)]
[(0.73854938226806222, 0.0036623844886772209)]
[(0.80646709671083328, 0.0036753610139443047)]
[(0.42331868702653741, 0.0036699872667050643)]
[(0.30600787394811935, 0.0037849189554653826)]
[(0.52707499744966191, 0.004340195617698322)]
[(0.50349322970423704, 0.0040065607888687283)]
[(0.43567537789490712, 0.0036919829666689531)]
[(0.18837826025663559, 0.0033797829336068685)]
[(0.59890773641096096, 0.0044065592598947064)]
[(0.49035634941988793, 0.0036277246181845389)]
[(0.3420845446575152, 0.0035136384725332776)]
[(0.66581114918893691, 0.0036352737797454107)]
[(0.70340503772331309, 0.0035845583933640087)]
[(0.20009769360019355, 0.0034820686188449671)]
[(0.64749784316452696, 0.0042440561754436583)]
[(0.18617142151398144, 0.0032330419968394941)]
[(0.48017442849192571, 0.003722768072415698)]
[(0.22867654740455889, 0.0036446211134960171)]
[(0.66145576142644702, 0.0035212310991746504)]
[(0.42077307554504206, 0.0039517727710655683)]
[(0.58322562853098947, 0.0043545017692574357)]
[(0.55898957710355235, 0.0041279870646609733)]
[(0.80389538191174814, 0.0029209146889449464)]
[(0.28740510374537975, 0.0036377803542866653)]
[(0.63797334509803583, 0.0038701744701266738)]
[(0.65422663229325473, 0.0040779928939988584)]
[(0.59299093350872389, 0.0038657175101345469)]
[(0.62085817884689243, 0.0039943477461970829)]
[(0.56990796515402042, 0.0034681450551749243)]
[(0.50740441216261856, 0.0034671471833482644)]
[(0.31511916424298153, 0.0038265823712193723)]
[(0.71231419590065181, 0.0042405751321953249)]
[(0.43106580979777542, 0.0037550979511207822)]
[(0.49095436269090775, 0.0034633418470709789)]
[(0.70667857478196205, 0.0035209637786268238)]
[(0.3933336205705753, 0.003018157388127152)]
[(0.73066187973745089, 0.0045831685546374517)]
[(0.59508158079821405, 0.0039785633809041017)]
[(0.6675419517029042, 0.0041971039248270741)]
[(0.43241439527522441, 0.0038353102261393783)]
[(0.34208553246458689, 0.0040297344976473583)]
[(0.95185555337095518, 0.0021463212941970917)]
[(0.77264837854627866, 0.0035656239185428828)]
[(0.23423754027660371, 0.0036527138674464438)]
[(0.45650051624978416, 0.0035307327053035174)]
[(0.64920113621290199, 0.0034381701160987915)]
[(0.37200034218872829, 0.0030961221388537889)]
[(0.77491564679928182, 0.0038746525692905398)]
[(0.5033671386701406, 0.0044362694347439635)]
[(0.13900251978699416, 0.0034177397184915023)]
[(0.52863094834381219, 0.0037945390545841206)]
[(0.4722466908068364, 0.0037051916266106154)]
[(0.65647654252639442, 0.0041514888411421933)]
[(0.75630301796751809, 0.0036389697763991591)]
[(0.75984216097610768, 0.0039314757465977691)]
[(0.56346646090056218, 0.0038937874765933157)]
[(0.84873269255639727, 0.0035219200943436431)]
[(0.41219713325653207, 0.0041045534246722734)]
[(0.60254557661638153, 0.0047137497463815283)]
[(0.79989536581852816, 0.0039105443386756641)]
[(0.44273403978773734, 0.0035230482689623038)]
[(0.67194230827783386, 0.004384791631807842)]
[(0.30466125200136684, 0.0038198908628799787)]
[(0.58070804924202168, 0.0039503645584892041)]
[(0.5859009653353594, 0.0042087590270025056)]
[(0.80097687477951041, 0.0036197842771853268)]
[(0.47975867885584117, 0.003899620238603089)]
[(0.5522145428478169, 0.0041775193748002145)]
[(0.45265209355614106, 0.0036251866018183515)]
[(0.60287923264605692, 0.0039320100277616008)]
[(0.40848392216092816, 0.0037919956136493369)]
[(0.67397904546862208, 0.0044031969581525441)]
[(0.24928328290497237, 0.0033775969281271663)]
[(0.64112987587717352, 0.0037761549172805296)]
[(0.66676375920196806, 0.0036885255528345574)]
[(0.68055672891922081, 0.0037012015217163046)]
[(0.61547486641768545, 0.0038205443252475979)]
[(0.58921578675703701, 0.0038696213230475954)]
[(0.61047115014729358, 0.0039863901465157746)]
[(0.64929436375214844, 0.0042362338687354905)]
[(0.66174835174139901, 0.0039419900692652613)]
[(0.5476334605951817, 0.0032658264283207555)]
[(0.35717655282856325, 0.0036527532061976123)]
[(0.49451103664113349, 0.0036147948104872383)]
[(0.59803257468517679, 0.0035000506500638775)]
[(0.62570083199177118, 0.0032789105402211646)]
[(0.40502322787136624, 0.0035334819310823061)]
[(0.75078653035328857, 0.0034209231361556655)]
[(0.55107401566550984, 0.0041501995151099515)]
[(0.49576725461469001, 0.003875575623264264)]
[(0.7108647788390221, 0.0035437746363830972)]
[(0.55253090306093156, 0.0038208802784597917)]
[(0.25083954839874906, 0.0037782672975886565)]
[(0.40428716464864695, 0.0043699693785915128)]
[(0.38747079209440849, 0.004297633331595452)]
[(0.53567714698229096, 0.003713187567718817)]
[(0.63158434170842337, 0.0038445217555210941)]
[(0.44985546487735667, 0.0031559493704386879)]
[(0.54287873559108935, 0.0038904837210097811)]
[(0.36485406694023143, 0.0035245602599823299)]
[(0.58124066955885123, 0.0031003478413446275)]
[(0.40720257646345992, 0.0038631782108468028)]
[(0.81657201286971026, 0.0032201609130556343)]
[(0.43584548915277976, 0.0037597629526053755)]
[(0.37240975775421653, 0.0035890522973394388)]
[(0.553506759097527, 0.0044958003857564913)]
[(0.56028954246694773, 0.0039586163003255421)]
[(0.45264544354620262, 0.0044875581315872515)]
[(0.55394649770472626, 0.0037911297539479369)]
[(0.46247215469645697, 0.0037290097913687255)]
[(0.37464586394008759, 0.0037732902446820028)]
[(0.79408219374124744, 0.0033402082516460724)]
[(0.70283103166819472, 0.0037889764765347837)]
[(0.63447537434448353, 0.0040360221015297709)]
[(0.49882254861396252, 0.003981593568084793)]
[(0.45155034559926188, 0.0040840962627737842)]
[(0.33970148344575735, 0.0038801157145975976)]
[(0.63478539555598423, 0.003628232431924281)]
[(0.60988504185883152, 0.003326654840802773)]
[(0.65437337759961234, 0.003176511548079664)]
[(0.41280964457802333, 0.0039768329431245485)]
[(0.37913677225195636, 0.0039641881842317249)]
[(0.76052362916611005, 0.0033246166789427166)]
[(0.23677961165131017, 0.0040690181621183159)]
[(0.62768909905320092, 0.0041552606452029094)]
[(0.51652082125461052, 0.0038463855544014314)]
[(0.60691982852283155, 0.0040830439427625318)]
[(0.72462701658408468, 0.003717796967015873)]
[(0.43629278406221778, 0.0036215890855725999)]
[(0.46842616352004929, 0.003106284945813225)]
[(0.40820675407556228, 0.003412770799451919)]
[(0.28561150464249185, 0.0031555343350850406)]
[(0.50480237780620862, 0.003528175741279603)]
[(0.67998682504780128, 0.0037707424766576219)]
[(0.77719137863870247, 0.0029229002373251647)]
[(0.77687348583124538, 0.0035495716731563666)]
[(0.50430969017666138, 0.003715975207215021)]
[(0.51460190477474232, 0.0038160719152387514)]
[(0.64252078509991473, 0.0042945641778112265)]
[(0.34266749509588912, 0.0036604568174338037)]
[(0.32816247740923699, 0.0036318216716986935)]
[(0.39059066002216192, 0.0026569943898277315)]
[(0.47750522176006721, 0.0043412917000916831)]
[(0.84222434510591537, 0.0032205623229795612)]
[(0.51545642731865704, 0.0036359470523197423)]
[(0.58247820049522581, 0.0020950168501851444)]
[(0.18382858733217056, 0.0034254203875819268)]
[(0.69437027546208285, 0.0035002282518741506)]
[(0.25123668071791599, 0.0035294170148327548)]
[(0.46023667763324466, 0.0035537748173308263)]
[(0.29700711997052603, 0.0034757990611168211)]
[(0.59404584014620498, 0.003905518286596037)]
[(0.6226123326752212, 0.0038417393475056886)]
[(0.49113698360140118, 0.0037563587786503269)]
[(0.49242750803106333, 0.0036411967471103195)]
[(0.52581992103665587, 0.00357421702553264)]
[(0.50081608111985143, 0.0037746675026445464)]
[(0.74274507140301016, 0.0042971553223590244)]
[(0.73699832451344638, 0.0041277241329489203)]
[(0.25169155344665434, 0.0035094714797915417)]
[(0.66944898307367462, 0.004407951747539802)]
[(0.44788029003620128, 0.0038319896888696797)]
[(0.58874272455796062, 0.0051911210029432853)]
[(0.61690338073458195, 0.0039425675620513986)]
[(0.22864511919276459, 0.0037870841564803014)]
[(0.85225353049088604, 0.0033533791517692873)]
[(0.55465582541233038, 0.0035934864687173114)]
[(0.47276486749942259, 0.0037976977495694213)]
[(0.70386566373987136, 0.004197454000851278)]
[(0.64986514656222794, 0.0038454261873322117)]
[(0.31943630194093375, 0.0024796505374202653)]
[(0.5326097923623736, 0.0039159748062618255)]
[(0.62545960321428029, 0.0031765058961215824)]
[(0.64403073370338459, 0.0037760786574137623)]
[(0.71487494959880238, 0.0040639484216034426)]
[(0.60114394603207211, 0.0040840481838603374)]
[(0.50410230170101633, 0.0038309707883315168)]
[(0.9191556901559258, 0.0024065140947379703)]
[(0.22676307222838046, 0.0041844128570619728)]
[(0.39791738155332756, 0.0038862769270840334)]
[(0.73982966455661936, 0.0030777490466862836)]
[(0.86283460066806938, 0.0030266999927432586)]
[(0.35269909259694932, 0.0033924316143397358)]
[(0.68408725964733286, 0.0033652710271936878)]
[(0.86445195640202743, 0.0031017973504030728)]
[(0.71950986217537516, 0.0044810923346943095)]
[(0.21964589396952705, 0.0035199927134751006)]
[(0.40821197293101275, 0.0039443051243671741)]
[(0.12040440351437345, 0.0034900714316016017)]
[(0.86625651614489574, 0.00313189035942319)]
[(0.54433771021596133, 0.0034982767414988973)]
[(0.49133193562719402, 0.003528603575287911)]
[(0.23315103514485697, 0.0037139259287913293)]
[(0.40818268986603734, 0.0036428227332003351)]
[(0.59915020290335641, 0.0037630379885132247)]
[(0.4454191936922397, 0.0033167973171328927)]
[(0.85841509735314414, 0.003477849773274005)]
[(0.32654285752484646, 0.0037433161044248581)]
[(0.37435423580686089, 0.0036079743974872301)]
[(0.33932814598384892, 0.0039104758184842917)]
[(0.5066184117082555, 0.0032817295130394592)]
[(0.58124072940076077, 0.0037215420942065085)]
[(0.40771287161910852, 0.0036360969641174947)]
[(0.61904304186799475, 0.0039711525783880236)]
[(0.54080338071911283, 0.0038344006490833322)]
[(0.69946294592302283, 0.0036582285546588105)]
[(0.42377762614916831, 0.0038830777966919077)]
[(0.53168429862946442, 0.0043480351558641611)]
[(0.34732289240385295, 0.0035675460311953848)]
[(0.72905151056119433, 0.0034174089773610478)]
[(0.82076646838766676, 0.0041049319289942522)]
[(0.57603874915914988, 0.0038650759042197021)]
[(0.14358164810581844, 0.003459715813964934)]
[(0.86372627697521198, 0.0030592689432601679)]
[(0.56600052827066638, 0.0034376711158792235)]
[(0.79152406243162654, 0.0036112707131548522)]
[(0.64579593160853466, 0.0039008580976345052)]
[(0.33601164071984918, 0.003730464973524882)]
[(0.66545435966911959, 0.0037606997072553426)]
[(0.15964239595528329, 0.0034555660427592772)]
[(0.43626672463939925, 0.0035700486893416863)]
[(0.74516802021672646, 0.0040235289844658085)]
[(0.63516652077074021, 0.0037641263543726168)]
[(0.40054964003271254, 0.003876565606523772)]
[(0.4413253460621176, 0.0040543088424776089)]
[(0.57103774877758062, 0.0042189171778289859)]
[(0.44664184334048451, 0.0040094736681076226)]
[(0.78730092298140142, 0.0035872773915815257)]
[(0.59523938410900501, 0.0047378627596872339)]
[(0.57611195201569543, 0.0042586031835364574)]
[(0.64603074055751164, 0.0038519025462939137)]
[(0.65413681136283519, 0.0037185574321215013)]
[(0.48475735040190465, 0.0037184467776933132)]
[(0.85085265699881107, 0.0029575672555540787)]
[(0.63468064231465748, 0.0033742350249360755)]
[(0.44589084622951169, 0.0037468513738948199)]
[(0.95616182154718743, 0.0021926009241352616)]
[(0.70604099454885205, 0.0036957470018367743)]
[(0.39584076346455388, 0.0041814588350487358)]
[(0.53708647375177787, 0.0037565155999696085)]
[(0.72585620306396248, 0.003765323587262847)]
[(0.88590405524064442, 0.0028777781319503527)]
[(0.57214651094543534, 0.0034176661641906339)]
[(0.37323491893568245, 0.0041133172781800658)]
[(0.51681137734511484, 0.0035050341587524706)]
[(0.40808646275889865, 0.0035757324117563745)]
[(0.41285413069094801, 0.0035465071036637932)]
[(0.65819479946581372, 0.0041640419519017435)]
[(0.28662122779248578, 0.0036262188634376925)]
[(0.81118548789829237, 0.003587494715555192)]
[(0.32424285854661378, 0.0036417215950767228)]
[(0.76000051001951796, 0.0035880244487486402)]
[(0.73852630804371955, 0.0033955475956965559)]
[(0.32831524682971436, 0.0035404663700665624)]
[(0.50304879870441355, 0.0032946538564629464)]
[(0.28368674506253783, 0.0040020199227034769)]
[(0.58296990535767879, 0.004004619710869772)]
[(0.89163352015190867, 0.0020201740213778661)]
[(0.84962758145209527, 0.0035015700813018076)]
[(0.33240825543805597, 0.0040460580344994787)]
[(0.51408770388203318, 0.0038208119981039085)]
[(0.47620696622309022, 0.0039353187935091257)]
[(0.65516918290561588, 0.0034580753062862847)]
[(0.55665057248271133, 0.0037211265567569382)]
[(0.49900974694299244, 0.0036279578909222455)]
[(0.4484506855446409, 0.0040481989555817294)]
[(0.53085195396750906, 0.0043768853159731769)]
[(0.44141395933966515, 0.0036647541694829222)]
[(0.47684762174296869, 0.0036004457795136319)]
[(0.51314132736304929, 0.003144400211914292)]
[(0.52690615941789809, 0.0034753707957562857)]
[(0.24209244955633555, 0.0033964832524729948)]
[(0.54684947449521781, 0.0035587987143584927)]
[(0.59339297385079648, 0.004063263309197966)]
[(0.58521659884362842, 0.0038459683296710183)]
[(0.55774611989358247, 0.0043657783122625924)]
[(0.080526828800229877, 0.0035047525791912135)]
[(0.79258524159141208, 0.0033266894539429226)]
[(0.38352195019107255, 0.0042312797310400975)]
[(0.74737746776297764, 0.0039615213354926432)]
[(0.47161547535546816, 0.0039312850842977672)]
[(0.58097967016650198, 0.0034446358094036155)]
[(0.74425237644161335, 0.0032954589210102696)]
[(0.65569791211588868, 0.0038208075430704613)]
[(0.68191955281145866, 0.0038521692783333749)]
[(0.53847138119386517, 0.003426379894092447)]
[(0.68527576685247515, 0.003306645939019501)]
[(0.49908942577598825, 0.0034142218157575234)]
[(0.42986063559429322, 0.003589899138525884)]
[(0.83815813852753474, 0.0027215611038099849)]
[(0.39784482130155407, 0.0038196920799177794)]
[(0.34655901094866653, 0.003549680017934609)]
[(0.72642124911582573, 0.0042833258544030597)]
[(0.65401245810774311, 0.0035714925335028585)]
[(0.56903285121997205, 0.0040811732623136764)]
[(0.44612555391015052, 0.0035438095145764914)]
[(0.57127712266717334, 0.003157777468545436)]
[(0.50127445889956801, 0.0036102398948047155)]
[(0.54557141954869515, 0.0036391092988591659)]
[(0.61602330072170663, 0.0038276415312097222)]
[(0.66787217452758085, 0.0039127710245232374)]
[(0.69408151326548406, 0.0033237740289352243)]
[(0.46996014401634217, 0.0031165955255435334)]
[(0.5961790029132974, 0.0041134338207314937)]
[(0.78439756728654753, 0.0028346688623406132)]
[(0.69039337608500639, 0.0033961433765413991)]
[(0.59707492273101959, 0.0035596578786141865)]
[(0.72567088619459741, 0.0035091979127272561)]
[(0.77541969589142401, 0.0034627395499591583)]
[(0.43948850270980444, 0.0041706807110092892)]
[(0.62661055078140915, 0.004020185963954921)]
[(0.58893281415323484, 0.0038320312805417817)]
[(0.77235143548923468, 0.0039619758310614171)]
[(0.38891890705897836, 0.004335148353367695)]
[(0.80240912156022159, 0.0034405675886736878)]
[(0.4930172938929242, 0.0034608144960674336)]
[(0.36323076306337904, 0.0041242870338260365)]
[(0.2223935248394168, 0.0032595981662017258)]
[(0.4304361370044677, 0.0033172237641096872)]
[(0.84253028035748823, 0.0023156329389508006)]
[(0.59364497372843905, 0.0038284410366123483)]
[(0.78672566879227379, 0.0039494803761709347)]
[(0.37129159192892391, 0.003743713937105981)]
[(0.47723657611710829, 0.0038647580735610056)]
[(0.69328755698773803, 0.0035425224567253721)]
[(0.65788198117243868, 0.0036381246712928451)]
[(0.17253790421983239, 0.0026808126116657205)]
[(0.69965218343614699, 0.0042953002028889497)]
[(0.29038538057044533, 0.0037919990003259575)]
[(0.50320075344042925, 0.0039706601412788783)]
[(0.68658103234127177, 0.0037698628134349007)]
[(0.26979774951537516, 0.0039780548631440701)]
[(0.65160600923724321, 0.0039176620483496599)]
[(0.77670648249633789, 0.0035505697221074927)]
[(0.84741736284573621, 0.0039383867651231249)]
[(0.5492029684075358, 0.0036178144065330386)]
[(0.51313163342659995, 0.0039160722757687868)]
[(0.76339342970753465, 0.0034062408809217995)]
[(0.28697882173292888, 0.0043340246198606183)]
[(0.21891972772720392, 0.0036551703053024891)]
[(0.55395273734774353, 0.0036777924728251601)]
[(0.8199117710689805, 0.003659976669094274)]
[(0.66706387978086057, 0.0037717391582443517)]
[(0.79028539187920588, 0.0037259520543194884)]
[(0.60820249641323842, 0.003985779969560007)]
[(0.66459522800659765, 0.0032445418257656474)]
[(0.47228130330762547, 0.0037892255475602565)]
[(0.35001101125731438, 0.0039098875665574502)]
[(0.41229160918205232, 0.0037935218468504702)]
[(0.51545643629492466, 0.0037935659991843594)]
[(0.6918224793666613, 0.004208669636400212)]
[(0.60369538855314708, 0.0040832385858434756)]
[(0.74192926110576018, 0.0040673261338482671)]
[(0.4658584252169547, 0.0038020593773332189)]
[(0.50143107167272061, 0.0038728325259815141)]
[(0.20502437653104949, 0.0041544071199240444)]
[(0.21210281627868596, 0.0042740697223503906)]
[(0.5146356937459704, 0.0034143114810266432)]
[(0.51529442496196842, 0.0042113290000021196)]
[(0.63727377893066084, 0.0040842055404970946)]
[(0.41737448728248655, 0.0039133501155106916)]
[(0.71012295573662498, 0.0019087749822441669)]
[(0.70709317661756521, 0.0039987353946692936)]
[(0.57072105536446127, 0.0034847940174153359)]
[(0.37394254973972457, 0.0035369175384602561)]
[(0.17748390756805754, 0.0036008147899089234)]
[(0.39753497072771271, 0.0039519058733380489)]
[(0.56746772105855092, 0.0041808576167901672)]
[(0.48667270583195299, 0.0040764389983491498)]
[(0.58096221994025843, 0.0042070793208889515)]
[(0.63005828201112912, 0.0040516164542720281)]
[(0.7267920376901843, 0.0038978888755919977)]
[(0.57814407294974857, 0.0036246958322852505)]
[(0.48502969574693638, 0.0036985835120457809)]
[(0.86777027440698928, 0.0029091685012372429)]
[(0.35540783653366514, 0.0038728684837816591)]
[(0.53869166410496272, 0.0038627122689428584)]
[(0.48900396714461519, 0.0036184101324777508)]
[(0.66061047470786938, 0.0040950365007074059)]
[(0.32722545126339841, 0.0035874960625897445)]
[(0.73978780104649122, 0.0041753571010067917)]
[(0.51478457495689478, 0.0035656080617258385)]
[(0.45345134980835056, 0.0032755119719515002)]
[(0.23424642654931083, 0.0034475934957703099)]
[(0.54925330730334598, 0.0039054520600565377)]
[(0.71420198332319584, 0.0037212593871733192)]
[(0.46749036347270001, 0.0023925565699549813)]
[(0.41032591076668645, 0.003416495211448363)]
[(0.52947633801727856, 0.0041840773374785777)]
[(0.74691845782239197, 0.0041928989353273629)]
[(0.67575695237362565, 0.0039472328599641903)]
[(0.81544540211301009, 0.0027757149915690234)]
[(0.67492217792050735, 0.0039189597034999827)]
[(0.45881561942026922, 0.0031077785890394893)]
[(0.83880338010428723, 0.0016505042735449128)]
[(0.5639015855810926, 0.0034822167961076666)]
[(0.56178370209820361, 0.0033465131725652513)]
[(0.66491289076293703, 0.0037641330389247512)]
[(0.69595040837733446, 0.0046469557843102716)]
[(0.51899589174089467, 0.0035277659390447729)]
[(0.1971518393750791, 0.0033743920814024424)]
[(0.47827708864898788, 0.003497815264962682)]
[(0.48996476700928243, 0.0034685101148103962)]
[(0.71533941812802382, 0.0040578642860594292)]
[(0.8229841668368022, 0.0041279580184954562)]
[(0.36667492124424322, 0.0035841824176334287)]
[(0.50952932328867595, 0.0036630873617747575)]
[(0.49452401731166185, 0.0036760344529313442)]
[(0.70986172506472633, 0.0045411529088678982)]
[(0.25436614601778751, 0.0039163600552095997)]
[(0.70757814219976967, 0.0041567216007142296)]
[(0.47981486964155262, 0.0034860760218273193)]
[(0.55345561666278342, 0.0044825885311460152)]
[(0.3034444962131857, 0.0036590984680794779)]
[(0.57381887270235343, 0.0047121732217903691)]
[(0.70484002626453479, 0.0037909581352067131)]
[(0.30617676861082055, 0.0044250269182165795)]
[(0.34227544552383693, 0.0035121178969335439)]
[(0.48941346036126093, 0.0037998639062791035)]
[(0.42407191016045853, 0.0035905795781596343)]
[(0.55575066434568188, 0.0040089691518581218)]
[(0.0070218761916681811, 0.0028995613696697563)]
[(0.53345392901591371, 0.0041106090021091005)]
[(0.68409517569360512, 0.0032718981552919244)]
[(0.79093861622266692, 0.0041929625823236864)]
[(0.32535343743151529, 0.0037772393267008104)]
[(0.80613665509905141, 0.0031628664354989571)]
[(0.08842089488198264, 0.0034814656744115427)]
[(0.4590405937431199, 0.0035365710337375688)]
[(0.50014023921568085, 0.0037089894648476194)]
[(0.51171447913078605, 0.0034623261833625326)]
[(0.34709117252301119, 0.0039938163082278554)]
[(0.51000226471159982, 0.0040275592229985571)]
[(0.36906427483944904, 0.0036340294316354349)]
[(0.63495736445055329, 0.0036397951020345448)]
[(0.67270470187467946, 0.0036939091730978442)]
[(0.82744039722814977, 0.0037145321665448799)]
[(0.56753768201138988, 0.0036500559432835864)]
[(0.4752112750350404, 0.0037947937908401792)]
[(0.61268721837475315, 0.0043172457953435089)]
[(0.68892631641949875, 0.0038304387302628261)]
[(0.21013181784023158, 0.0036245814756675995)]
[(0.29650176876747075, 0.0038477466761794913)]
[(0.71704899169948677, 0.0041829059021552123)]
[(0.55860798391724853, 0.004183776551758671)]
[(0.60175565959348587, 0.0036956336942028517)]
[(0.66916263703270207, 0.0040766573156943084)]
[(0.79572228372186482, 0.0034798192686010016)]
[(0.42004874778548662, 0.003569357216280448)]
[(0.71030803682174048, 0.0036353247072379944)]
[(0.81476442479347588, 0.003395243819951712)]
[(0.77154494714996158, 0.0034633767165020298)]
[(0.46702476534444864, 0.0037557574163982897)]
[(0.53832456620567748, 0.0044451221639006701)]
[(0.43020972807796448, 0.0035599460437162897)]
[(0.55924324643938295, 0.0033991073128399061)]
[(0.74396776256057284, 0.0032735011544454038)]
[(0.39940782026204408, 0.0038556333567209525)]
[(0.56604111589459227, 0.0042752900885583431)]
[(0.50529268455204757, 0.0036130518428247336)]
[(0.29808826766453561, 0.0038474878151139066)]
[(0.34777387338374255, 0.0043714362814751351)]
[(0.13147292122890616, 0.0042555312185561956)]
[(0.40579228476199442, 0.0041290228208412773)]
[(0.30258605849939318, 0.003766372042996389)]
[(0.42646798296753885, 0.0037214778587809144)]
[(0.30565696279584104, 0.0035524491292420251)]
[(0.21945340001995381, 0.0033811705278593215)]
[(0.72012568768756269, 0.0033137232758808444)]
[(0.65287081151530257, 0.0040017560299123898)]
[(0.45731784237047646, 0.0038038226645812903)]
[(0.19189206635662254, 0.0044137014268167945)]
[(0.68327752903209771, 0.0033801866021539086)]
[(0.72288822627758065, 0.0034708285619906476)]
[(0.43041333513713298, 0.0038111289357235117)]
[(0.53289339324268359, 0.0043134115069490232)]
[(0.3598991523406681, 0.0034101042366007448)]
[(0.58400635737323447, 0.0046332479353734385)]
[(0.40192755271582631, 0.0037149514905212128)]
[(0.50815314966310576, 0.0034945723970927389)]
[(0.76927147149371311, 0.0040449932530508877)]
[(0.73291063184554328, 0.0038433999521776774)]
[(0.079860069142487208, 0.0041841086991542854)]
[(0.41868182171502227, 0.0044154439632100671)]
[(0.82843195199765474, 0.0034552883032479055)]
[(0.48887699155532954, 0.0036799171147228827)]
[(0.43563365159628603, 0.0039646630317241331)]
[(0.55726502704053549, 0.0039665106458008411)]
[(0.4167798399675775, 0.0036476183983033569)]
[(0.51055552324036746, 0.0038817230692594234)]
[(0.56463142404725741, 0.0036329371676020465)]
[(0.45084906996470736, 0.0033259569036926387)]
[(0.69957940324717327, 0.0035147013009678985)]
[(0.74128725780761939, 0.0037109628645250426)]
[(0.54405528776482148, 0.0038140044390569294)]
[(0.2923681746828935, 0.0034079085595138565)]
[(0.45618450158353363, 0.0042087050292806015)]
[(0.4991070382869171, 0.0040652115072313992)]
[(0.67291506799436995, 0.0032394498346598934)]
[(0.52727859208068406, 0.003928250306451663)]
[(0.47889819158933317, 0.0038685617994586568)]
[(0.48926455666717295, 0.0037327216434006084)]
[(0.64788117049982208, 0.0030458541397313877)]
[(0.74002875027637627, 0.0039963754168745513)]
[(0.76622773770518049, 0.0041252328755087171)]
[(0.59878291599335842, 0.0031221153654032935)]
[(0.5383115619458877, 0.0038091351653868986)]
[(0.51841695745275995, 0.003857739532905535)]
[(0.73759650951385924, 0.0040606044022285688)]
[(0.45042851435539522, 0.0033277263163408472)]
[(0.58564055521889069, 0.0030769602955448235)]
[(0.26802528197953607, 0.0029316697705476327)]
[(0.60044698233969318, 0.0040362668950290051)]
[(0.14858606451388284, 0.0042325775296409331)]
[(0.65636900145370169, 0.0040121348156343687)]
[(0.62025540176727478, 0.0039581514324568273)]
[(0.40043136228078674, 0.0032127058925244985)]
[(0.38524657726691169, 0.0037676070869826217)]
[(0.72607460124503975, 0.003848090326094586)]
[(0.48781454944231445, 0.0041515710325195137)]
[(0.24473815967188414, 0.0048034302335895219)]
[(0.69172508544517974, 0.0033279234478261984)]
[(0.40092795274760012, 0.0037293354469672768)]
[(0.82077177161360237, 0.0035919202600584524)]
[(0.43387568699516305, 0.0038652650303594152)]
[(0.72038315815836784, 0.0034920066111844743)]
[(0.55131106812381181, 0.0033025547545993475)]
[(0.42516664467567633, 0.0035115712499696095)]
[(0.72661537696161271, 0.0041674218703574174)]
[(0.57610309507470714, 0.0036685171196842053)]
[(0.16801473643630932, 0.0043081117372459031)]
[(0.4823322611173933, 0.0038748219808597555)]
[(0.5176875000682124, 0.0034957550894444489)]
[(0.67761230105111248, 0.0041571225459828345)]
[(0.50659406151517683, 0.0037739117800227998)]
[(0.23550096328951317, 0.0034995123312734217)]
[(0.65838326041552964, 0.0041957476969678815)]
[(0.69046193463234184, 0.0032250627093529491)]
[(0.48989422259876453, 0.0043214337538351371)]
[(0.46886063844576126, 0.0036312292455343495)]
[(0.54793530890927977, 0.0041175980244553328)]
[(0.86519293674284814, 0.0030050152549714959)]
[(0.85289003692331322, 0.0033999904402236638)]
[(0.6140239950771027, 0.0042182423150603048)]
[(0.62623702159915406, 0.0042972657429424183)]
[(0.22532760500326648, 0.0038876226948256778)]
[(0.70207822733021208, 0.0037649289438720381)]
[(0.8111941233504073, 0.0039065977245834778)]
[(0.61963212201310247, 0.004060586179668986)]
[(0.60373522073600294, 0.0035777186772773997)]
[(0.53488816877328837, 0.0032815568750637755)]
[(0.52045109932547395, 0.0043670115884663439)]
[(0.4731440011001134, 0.0040904091689622675)]
[(0.8751177955381072, 0.0035891408205683882)]
[(0.78071234509598897, 0.0037555680294253315)]
[(0.5053879896766017, 0.0040821259210754536)]
[(0.33828606827432289, 0.0041977351948679024)]
[(0.66223208837578929, 0.0036996941274265284)]
[(0.3428206610545636, 0.0035701230595644746)]
[(0.5615134874882699, 0.0034596701453592621)]
[(0.23303677256325595, 0.0036386697440043757)]
[(0.4552527814275153, 0.0037266340687147678)]
[(0.84788257852297089, 0.0024214027041652994)]
[(0.64808590232033558, 0.0043075883824574062)]
[(0.72561301276031531, 0.0030203231167866755)]
[(0.34003801187374427, 0.0038485980653463711)]
[(0.58517981143623843, 0.0035696055181898782)]
[(0.46895884192894954, 0.0037684476892372045)]
[(0.35913210762976072, 0.0027263730444022226)]
[(0.63620403540451453, 0.0038336484393261235)]
[(0.65070200924343613, 0.0043155461758109179)]
[(0.60361316771705054, 0.0039122319804225716)]
[(0.52626414581187031, 0.0037261323982160479)]
[(0.2900155948458511, 0.003656450275989132)]
[(0.58214170654068564, 0.0035453113747419291)]
[(0.33169366504352699, 0.0035050318239778812)]
[(0.44626744327070167, 0.0040737041155535156)]
[(0.53437843621619141, 0.0039398615120634318)]
[(0.73671576047916676, 0.0039068406785955877)]
[(0.48640136275327644, 0.0038316338466543227)]
[(0.71567876088083604, 0.0038333305616929424)]
[(0.45050648429380924, 0.0041912330121449525)]
[(0.66450443973763929, 0.0044173816358107441)]
[(0.42761093120280436, 0.0036466663093379001)]
[(0.21937366392785881, 0.0031766721468776942)]
[(0.6389198822518366, 0.0039933641757390866)]
[(0.34772956528328874, 0.0031953022819766943)]
[(0.43092446818791635, 0.0043451258447030289)]
[(0.5005142901184223, 0.0039749607924275242)]
[(0.84433587377497932, 0.0031031483010016555)]
[(0.47066259192117138, 0.0036774249746282088)]
[(0.39373193214623886, 0.0032080004913336698)]
[(0.46068175373439657, 0.0035381969735654795)]
[(0.19162651050371957, 0.0034396675880333906)]
[(0.56390876302817339, 0.0040410494608115561)]
[(0.6434995605869448, 0.0035574588333776537)]
[(0.40172259811651412, 0.0029523629492768178)]
[(0.49620041445752627, 0.0037313312316336654)]
[(0.22039927884232782, 0.0038166011469149162)]
[(0.37820268866210194, 0.0035671561211795765)]
[(0.17105345749188028, 0.00327084156835032)]
[(0.58466637564250545, 0.0032456996992824205)]
[(0.9287041557651774, 0.0020249147265166711)]
[(0.36286015685633716, 0.0036351968523252137)]
[(0.52717669304921189, 0.0038004195758805591)]
[(0.17082728195855396, 0.0034668621232596931)]
[(0.49760259695646381, 0.0039459888349495558)]
[(0.09848290496894406, 0.0028882960889876214)]
[(0.56195996141198823, 0.0037762366568764895)]
[(0.70655336981113559, 0.003762552330913385)]
[(0.56910726491942687, 0.0038868849201872881)]
[(0.77552134534272776, 0.0034965185426761524)]
[(0.61385910965140744, 0.0034090790894734475)]
[(0.68468396803778864, 0.0033104713019953456)]
[(0.66866308650858519, 0.0038331370936004095)]
[(0.41320485910253585, 0.0037109380663797814)]
[(0.39601784207617463, 0.0039896061476676504)]
[(0.13476644785102074, 0.0036317838163604276)]
[(0.66194774281786517, 0.0042892889219084086)]
[(0.52168644091451744, 0.0037072982051187895)]
[(0.24369877654102154, 0.003515371301372053)]
[(0.63483708890093882, 0.0038657725084478797)]
[(0.85860174074093043, 0.0031936403543856989)]
[(0.57536331345097003, 0.0040591397441282779)]
[(0.77264853009646861, 0.0028722290064776656)]
[(0.3383202874047806, 0.0032438068018020801)]
[(0.6021991159100446, 0.0045629217166367657)]
[(0.39654550341941863, 0.0041471422717829047)]
[(0.72255807713869613, 0.0041674218703574729)]
[(0.83583731915325865, 0.0034363863614169446)]
[(0.28439578578723906, 0.0034876336052865331)]
[(0.18471764555843556, 0.0036419251024109728)]
[(0.74604495658824499, 0.0041567884661913015)]
[(0.45302873149160505, 0.0037177624396049136)]
[(0.6028390616042425, 0.00421086407558328)]
[(0.37441235915184817, 0.0040041298572882338)]
[(0.66907502518621753, 0.0030787610375146361)]
[(0.36809456244698463, 0.0035559897860591941)]
[(0.42219622935293971, 0.003407635197712448)]
[(0.5803120047940864, 0.0037141069669192287)]
[(0.60703900454893012, 0.0037678350385796431)]
[(0.67556996706333372, 0.0038888293858678263)]
[(0.56516826337271608, 0.003135502381803238)]
[(0.60004855449897687, 0.0034891216985121661)]
[(0.69480765978836723, 0.0035926380296697528)]
[(0.86158778197243324, 0.0034467332304480257)]
[(0.4306252796280764, 0.0038192308345603053)]
[(0.62501472788869061, 0.0036693720650146813)]
[(0.53578647477478858, 0.0037914325992626477)]
[(0.66349900241655935, 0.003522933335058571)]
[(0.27720710598931675, 0.0036541757956839219)]
[(0.70598810390031885, 0.0037522235935651287)]
[(0.48414254267243212, 0.0037124724387194914)]
[(0.51527314804975521, 0.004015302670464042)]
[(0.40777923254529885, 0.0034254778046475653)]
[(0.45589328591805134, 0.0032792904923150991)]
[(0.67813925596278146, 0.0031882591086393654)]
[(0.35807203231078849, 0.0038568135257391876)]
[(0.58925293621320818, 0.0044549286107149833)]
[(0.62520718920094176, 0.0042801626303863461)]
[(0.38770316788476539, 0.0039153785200114711)]
[(0.14904134898488516, 0.0034189350615334946)]
[(0.52998123911601347, 0.0040007820267226411)]
[(0.56119085835497085, 0.0039092458344297904)]
[(0.31254924073381141, 0.0037156796757971408)]
[(0.68396445110151227, 0.0036322945910146568)]
[(0.20070397405333795, 0.004110554108548891)]
[(0.2516115524059197, 0.0037942613924023942)]
[(0.54764632393332624, 0.0034337385459287206)]
[(0.65560572388806759, 0.0035650773072620047)]
[(0.32330278335860491, 0.003961479463938807)]
[(0.35956454237668362, 0.004345159724924462)]
[(0.50585474640187889, 0.0038526555121865726)]
[(0.21297165620274103, 0.0035187104753390958)]
[(0.67769351782573806, 0.0029117344183613473)]
[(0.71177426730852833, 0.003741790496579453)]
[(0.59658218279089092, 0.0032235113539326832)]
[(0.65914527891889774, 0.0037538763029653309)]
[(0.49401096664223226, 0.0035551035885216216)]
[(0.55691809675845905, 0.004068498088947786)]
[(0.37689869702772216, 0.0033769688592674911)]
[(0.6163767225712119, 0.0039046583160035949)]
[(0.57501085445254718, 0.0032235701352554417)]
[(0.62235287209070611, 0.0032682880474835694)]
[(0.66852318447540282, 0.0028843169232227331)]
[(0.39867459920714465, 0.0030443466319021099)]
[(0.76660876093019725, 0.0042507417921754413)]
[(0.8761296216279274, 0.0020225455190114325)]
[(0.3404841663474526, 0.0031148822815641854)]
[(0.412407074621508, 0.0034668848647307969)]
[(0.57132634210625677, 0.0035509050619843734)]
[(0.17134397844849378, 0.0039453667088203909)]
[(0.39736710873951908, 0.0041202856277810333)]
[(0.63338080058480761, 0.0048298152488078505)]
[(0.57541070304951392, 0.003768335112747029)]
[(0.37510204109452111, 0.0029552160876807573)]
[(0.69192307080575044, 0.0038582696223498519)]
[(0.55870305559267597, 0.0038162538382687764)]
[(0.65530802539232824, 0.0037457344979964797)]
[(0.49365966075965312, 0.0036245055137352922)]
[(0.32673329995417399, 0.0037371280179451373)]
[(0.59213093998957878, 0.0029963014327436784)]
[(0.59208819387531064, 0.0043522095316031982)]
[(0.58568864309750668, 0.0037928153850691044)]
[(0.71375934771394656, 0.0035220581528045618)]
[(0.32283836148543749, 0.0034951751070172697)]
[(0.49044716745929573, 0.0034218590552224019)]
[(0.79192735585502261, 0.0034960769170929791)]
[(0.45414815162298261, 0.0034971886233834786)]
[(0.36441837977428926, 0.003804947331347125)]
[(0.40190390935074849, 0.0034065332117667367)]
[(0.37477036152432902, 0.0038003508349215265)]
[(0.66722413670849112, 0.0038561038159134254)]
[(0.50591032330764285, 0.0034997643866972643)]
[(0.65689995781219579, 0.0040015578729867005)]
[(0.41549706644195644, 0.0036568661955543196)]
[(0.23865336692704353, 0.0034830051583005475)]
[(0.37505069432212301, 0.0031093109271957777)]
[(0.60481633163741322, 0.0033870729986247294)]
[(0.16908534734378303, 0.0039777698174318001)]
[(0.52281822614696638, 0.003855949377456654)]
[(0.41353730787442605, 0.0031450262672361967)]
[(0.2993327935786777, 0.003888746282565532)]
[(0.44379076609115875, 0.0035852212758234444)]
[(0.52202569800003795, 0.0040185501226729882)]
[(0.46196496299448425, 0.0042264584395250602)]
[(0.45540626619395475, 0.0041609859080170009)]
[(0.46155664055449136, 0.0030170845332475752)]
[(0.3290172134995839, 0.004450723413032852)]
[(0.44469194070130608, 0.0036497344012365609)]
[(0.34990261116746951, 0.0043354152244542248)]
[(0.48092914594329012, 0.0041964097068504956)]
[(0.48337514783709273, 0.0035331504692665619)]
[(0.85054679633817598, 0.0035355897829966176)]
[(0.27388860908592549, 0.0035911204644654801)]
[(0.64910404863530757, 0.0036550756869179555)]
[(0.15816023547651648, 0.0032449938602324281)]
[(0.41768041689504626, 0.0040478825680034204)]
[(0.48622430723750149, 0.0036155935616555674)]
[(0.55277428850071941, 0.003608524103640441)]
[(0.70080293942167526, 0.0039542052671844505)]
[(0.40061365005179284, 0.0037822692819671575)]
[(0.37445095162057357, 0.0032394692155333559)]
[(0.26067069022994988, 0.0037487250368151638)]
[(0.50180214356090447, 0.0041483187535825538)]
[(0.41232678933657646, 0.003940122440361341)]
[(0.76908731210778525, 0.0033623519027127877)]
[(0.62420751032716715, 0.0040841183237067605)]
[(0.57959276101206403, 0.0041998289862410455)]
[(0.6936639924336937, 0.0039967861026135049)]
[(0.54524330483236405, 0.0042087977892430704)]
[(0.76486089952464875, 0.0036285651061151321)]
[(0.55340084205439288, 0.0043444585143825173)]
[(0.46594962903523107, 0.0039508455257506259)]
[(0.29913892899114869, 0.0037407466372225929)]
[(0.58922451472144921, 0.0041821593587752452)]
[(0.5141364243377361, 0.0040506913235024769)]
[(0.77170488766762535, 0.0037279116584914879)]
[(0.49029100376774543, 0.0041438295021429938)]
[(0.69834432329588514, 0.0038541409676846328)]
[(0.43198032734662839, 0.0038078959231767056)]
[(0.42696666729002442, 0.0039647964876581817)]
[(0.35193941283408325, 0.0032099196330833799)]
[(0.74642534378481107, 0.0038244921991232353)]
[(0.43796235060227756, 0.0035814560379822543)]
[(0.79044597374780678, 0.003796353424267256)]
[(0.92991442484186537, 0.0027999975482759418)]
[(0.52529099774722676, 0.004256840644919109)]
[(0.65020968400728496, 0.0038442322525751235)]
[(0.31764221442748841, 0.0048615832601880682)]
[(0.27986973519521513, 0.0040467947076064745)]
[(0.35192192129973887, 0.0044415594644615797)]
[(0.32953088951724196, 0.0041420421501387698)]
[(0.47305115409178794, 0.0032618141908802695)]
[(0.4235107501804749, 0.0034974134384404948)]
[(0.087855565347081208, 0.0042438451919905688)]
[(0.50018550915290094, 0.0041348792725267539)]
[(0.69829334949946353, 0.0036407033953240945)]
[(0.42838194476880209, 0.0041060547821387726)]
[(0.6776968715021604, 0.0034722149452770233)]
[(0.75648199081353884, 0.003779324003739913)]
[(0.68788597567941367, 0.0038144006280503009)]
[(0.21712819051877255, 0.0034079365805319405)]
[(0.38910178813238655, 0.0035678006400309864)]
[(0.5611678341935985, 0.0035452047189634675)]
[(0.31352053463067525, 0.0036709068705539616)]
[(0.80049418150490381, 0.0029890753926654977)]
[(0.2140980425607861, 0.0032453922443837374)]
[(0.64241646800767827, 0.0039372352476777965)]
[(0.59335372484795879, 0.0040500575694996403)]
[(0.27917720777835858, 0.0034779740309788757)]
[(0.58544352353492202, 0.0032794023916681023)]
[(0.22675211224723973, 0.0036933172486295872)]
[(0.89188881938429099, 0.0025295955501431402)]
[(0.33007052366728923, 0.0034014685807309403)]
[(0.32965328087576073, 0.0046125397574808269)]
[(0.53608223825880741, 0.0050852926452282414)]
[(0.37553678751118463, 0.0034214848161137402)]
[(0.40969695047879745, 0.0038412991643034288)]
[(0.67494759114656233, 0.0032949150179123468)]
[(0.48632093440614271, 0.003584841207385803)]
[(0.073281332812760183, 0.0025522811819210112)]
[(0.82829655277548087, 0.0036153701236724973)]
[(0.80326127295125105, 0.0034845170214133476)]
[(0.40108120669201042, 0.0038068179581163329)]
[(0.32704861476336883, 0.003570529359439828)]
[(0.588133119645601, 0.0038657139235848187)]
[(0.69573602447338456, 0.003925458988615853)]
[(0.51214560179167057, 0.0035625186823418395)]
[(0.49247284130322594, 0.0040119045897179829)]
[(0.35945969690770463, 0.0036379560833067143)]
[(0.44890386085990369, 0.0037874576867161177)]
[(0.41635837577187546, 0.004168721195879594)]
[(0.39147569888466655, 0.0039499651633569674)]
[(0.6278501137977478, 0.0038062031161507962)]
[(0.62098005604378259, 0.0040560486172422942)]
[(0.64785302848945048, 0.0040628825068256382)]
[(0.6716885411075143, 0.00286776454286518)]
[(0.81728484294014181, 0.0036598259151631994)]
[(0.75617446158655277, 0.0044208548585654532)]
[(0.26706958674980297, 0.0037171704742998616)]
[(0.28021945666853687, 0.0041122805810816093)]
[(0.6047667261944385, 0.0039813868268833499)]
[(0.50825948347216143, 0.0038377976138258118)]
[(0.63298721628943888, 0.0039923131134345273)]
[(0.23178918148949998, 0.0041545264109071993)]
[(0.32421672958393943, 0.0038346350924811485)]
[(0.28416919558752196, 0.0029620686969373529)]
[(0.57384112689371325, 0.0042693811524557035)]
[(0.47563608585436923, 0.0038794443026293696)]
[(0.49673259577770035, 0.003983907865643929)]
[(0.26461919755766217, 0.0034011076460326588)]
[(0.43911181218159323, 0.0041666849829400179)]
[(0.61567390700518732, 0.0035355239857537924)]
[(0.68978061178865713, 0.0039880645914187459)]
[(0.52714427002532416, 0.0040696811035414058)]
[(0.34801270432608183, 0.0036311213677374644)]
[(0.58480527318108066, 0.0039378459156249029)]
[(0.37073742286471467, 0.0042802525956712641)]
[(0.47260163576818948, 0.0035797275860491888)]
[(0.10061911491199724, 0.0043198928142923129)]
[(0.67685598133410518, 0.0036272166699612089)]
[(0.066672686906790665, 0.0033316768363999302)]
[(0.8045626246621338, 0.003816411312044167)]
[(0.50575923195282624, 0.0037224646807957357)]
[(0.19692798585091223, 0.00371750876052679)]
[(0.42140194369735878, 0.0041442651300234732)]
[(0.50482814142750387, 0.0042430435339123164)]
[(0.88817115018454351, 0.0023625767286882503)]
[(0.75245269983064633, 0.0035497921758051065)]
[(0.42521086684698362, 0.0032132720768205504)]
[(0.75112303814362635, 0.0032871760259542732)]
[(0.84186638144840398, 0.003237894964457191)]
[(0.58510611470487506, 0.0040315175447825291)]
[(0.63443078660716679, 0.0035152860562476366)]
[(0.49920775539178769, 0.0037042069225698099)]
[(0.25673593711058057, 0.0039253939800392148)]
[(0.66286258451856017, 0.003891249322935587)]
[(0.61793960763930644, 0.0037591464971632204)]
[(0.58547003342168769, 0.0033627792431603753)]
[(0.78100520566106924, 0.0028878779071607823)]
[(0.68392321234370601, 0.0038039876180022861)]
[(0.46115581922212595, 0.0040988565180283395)]
[(0.68867420625719755, 0.0025626041480678115)]
[(0.71802207383130845, 0.0035195055180084612)]
[(0.55983432241972375, 0.0041279516159838546)]
[(0.47607915363938125, 0.0033363147532578575)]
[(0.58509794362875511, 0.0037394651045577032)]
[(0.54101697855364628, 0.004587834887258356)]
[(0.57056175457167491, 0.0044882831119782904)]
[(0.5233156751213297, 0.0041507578859933001)]
[(0.55782263726372783, 0.0034425663934584019)]
[(0.34572793137476721, 0.0034512251178132856)]
[(0.55956373957003602, 0.0038914316067439432)]
[(0.5561493477385312, 0.0039125004266678653)]
[(0.81183862696165476, 0.0036963614319277887)]
[(0.64464013657759056, 0.0042531833014299398)]
[(0.50485472844208801, 0.0031270441816731828)]
[(0.51636943771482657, 0.0030564439273901376)]
[(0.77629037060529937, 0.0031516462907605187)]
[(0.32858678067339842, 0.0032678801767844494)]
[(0.31208260174197017, 0.0037047538948059267)]
[(0.51287932402695935, 0.0037675318913147271)]
[(0.5646877515876001, 0.0038815372847657722)]
[(0.50905463039075727, 0.0035504117994991083)]
[(0.57569904687202045, 0.0042798135694500933)]
[(0.48373462072897522, 0.003929259997684645)]
[(0.62988421825577501, 0.0038896274179047916)]
[(0.56123303052203988, 0.0028250260731092873)]
[(0.4519036930261105, 0.003477238357771183)]
[(0.78026225366761959, 0.003590436106212287)]
[(0.70633265747087748, 0.0036643854687056837)]
[(0.53895581377967949, 0.0032283434862654505)]
[(0.40861802427173605, 0.0041199872536110483)]
[(0.67057873654358191, 0.0038281739058196782)]
[(0.24117228238265928, 0.0033717459362050599)]
[(0.68654263565006646, 0.0040222204885580429)]
[(0.35441758871785856, 0.0036349107532908532)]
[(0.48321270417073264, 0.0035461344406900507)]
[(0.66207810148003277, 0.0041543265168476357)]
[(0.47319367424487185, 0.0037239894705298482)]
[(0.34751948539035088, 0.0038336118802930453)]
[(0.65299469095371909, 0.0041362844193743465)]
[(0.30369561093508157, 0.0036921962639385798)]
[(0.70982898723247756, 0.0042922899322290591)]
[(0.24484074482501203, 0.0039040537224331474)]
[(0.43923945077967069, 0.0037211862652884826)]
[(0.62573164066423193, 0.0046734362387698507)]
[(0.4691112405030019, 0.0042371950042282523)]
[(0.77717230562682615, 0.0036429324615990548)]
[(0.79097068067015786, 0.0032338023711171991)]
[(0.52434283894041389, 0.0032947104199868311)]
[(0.48652601291047265, 0.0039739182269602907)]
[(0.30484514557364312, 0.0040959457598564687)]
[(0.60754675517475665, 0.0034823469576346429)]
[(0.47984836792156682, 0.0040614193339048327)]
[(0.48197869542295407, 0.0041956827460170546)]
[(0.44556920100898045, 0.0038791609724021119)]
[(0.7625985537078902, 0.0039229926842033669)]
[(0.70753403007605309, 0.0039894020055057794)]
[(0.27788686700278242, 0.0033942759173470291)]
[(0.9007056347665291, 0.0034818092646557355)]
[(0.57446950340621705, 0.0030390911205039907)]
[(0.26587680662961455, 0.0034073730322292566)]
[(0.27900180291178933, 0.0037243311592600322)]
[(0.59480021873694655, 0.0034890199681338109)]
[(0.6532941730191707, 0.0048802700903530088)]
[(0.74493357469611954, 0.0037025815000838744)]
[(0.15771939321945302, 0.003615633778629035)]
[(0.7899445841199807, 0.0033962048195637306)]
[(0.53600543895448083, 0.0038689698651669479)]
[(0.63097953305957966, 0.0037887721659583917)]
[(0.65647520833517814, 0.0038970795306796854)]
[(0.66588628037584929, 0.0033914842357853025)]
[(0.64410185579316837, 0.0042700064043182627)]
[(0.47865576337157972, 0.003884678904591465)]
[(0.71094497079606855, 0.0040420572144174672)]
[(0.56542741036165289, 0.0037308914658022128)]
[(0.78635593576546858, 0.0034658671958932813)]
[(0.48356011554780171, 0.004058412861682451)]
[(0.36312036562171363, 0.00409263692218807)]
[(0.50042517040167245, 0.0037696639436859422)]
[(0.69332550369625967, 0.0032997843397061864)]
[(0.45557584107727583, 0.0040276686389380412)]
[(0.61699840430093889, 0.0042720151609745519)]
