[(33.0,)]
[(14.0,)]
[(18.0,)]
[(20.0,)]
[(27.0,)]
[(19.0,)]
[(30.0,)]
[(34.0,)]
[(27.0,)]
[(18.0,)]
[(28.0,)]
[(26.0,)]
[(19.0,)]
[(15.0,)]
[(22.0,)]
[(26.0,)]
[(24.0,)]
[(14.0,)]
[(29.0,)]
[(27.0,)]
[(20.0,)]
[(29.0,)]
[(17.0,)]
[(22.0,)]
[(16.0,)]
[(18.0,)]
[(24.0,)]
[(21.0,)]
[(17.0,)]
[(57.0,)]
[(19.0,)]
[(35.0,)]
[(16.0,)]
[(25.0,)]
[(17.0,)]
[(28.0,)]
[(30.0,)]
[(18.0,)]
[(24.0,)]
[(24.0,)]
[(17.0,)]
[(19.0,)]
[(27.0,)]
[(17.0,)]
[(19.0,)]
[(16.0,)]
[(26.0,)]
[(17.0,)]
[(21.0,)]
[(22.0,)]
[(26.0,)]
[(19.0,)]
[(17.0,)]
[(20.0,)]
[(35.0,)]
[(17.0,)]
[(17.0,)]
[(20.0,)]
[(24.0,)]
[(32.0,)]
[(27.0,)]
[(16.0,)]
[(18.0,)]
[(37.0,)]
[(26.0,)]
[(22.0,)]
[(18.0,)]
[(25.0,)]
[(27.0,)]
[(27.0,)]
[(16.0,)]
[(26.0,)]
[(22.0,)]
[(26.0,)]
[(25.0,)]
[(19.0,)]
[(19.0,)]
[(23.0,)]
[(20.0,)]
[(21.0,)]
[(28.0,)]
[(26.0,)]
[(36.0,)]
[(23.0,)]
[(23.0,)]
[(19.0,)]
[(28.0,)]
[(24.0,)]
[(82.0,)]
[(21.0,)]
[(30.0,)]
[(14.0,)]
[(13.0,)]
[(24.0,)]
[(16.0,)]
[(14.0,)]
[(25.0,)]
[(21.0,)]
[(30.0,)]
[(27.0,)]
[(26.0,)]
[(25.0,)]
[(23.0,)]
[(24.0,)]
[(28.0,)]
[(12.0,)]
[(20.0,)]
[(20.0,)]
[(24.0,)]
[(21.0,)]
[(11.0,)]
[(29.0,)]
[(16.0,)]
[(19.0,)]
[(16.0,)]
[(25.0,)]
[(30.0,)]
[(39.0,)]
[(27.0,)]
[(20.0,)]
[(33.0,)]
[(24.0,)]
[(30.0,)]
[(27.0,)]
[(7.0,)]
[(20.0,)]
[(27.0,)]
[(14.0,)]
[(26.0,)]
[(15.0,)]
[(21.0,)]
[(16.0,)]
[(28.0,)]
[(26.0,)]
[(27.0,)]
[(27.0,)]
[(30.0,)]
[(18.0,)]
[(23.0,)]
[(15.0,)]
[(14.0,)]
[(25.0,)]
[(34.0,)]
[(38.0,)]
[(21.0,)]
[(24.0,)]
[(35.0,)]
[(11.0,)]
[(20.0,)]
[(20.0,)]
[(16.0,)]
[(17.0,)]
[(20.0,)]
[(20.0,)]
[(18.0,)]
[(24.0,)]
[(31.0,)]
[(24.0,)]
[(25.0,)]
[(18.0,)]
[(22.0,)]
[(26.0,)]
[(23.0,)]
[(14.0,)]
[(24.0,)]
[(21.0,)]
[(32.0,)]
[(13.0,)]
[(22.0,)]
[(16.0,)]
[(27.0,)]
[(24.0,)]
[(25.0,)]
[(28.0,)]
[(40.0,)]
[(44.0,)]
[(31.0,)]
[(18.0,)]
[(27.0,)]
[(29.0,)]
[(32.0,)]
[(21.0,)]
[(28.0,)]
[(14.0,)]
[(14.0,)]
[(21.0,)]
[(19.0,)]
[(11.0,)]
[(15.0,)]
[(38.0,)]
[(23.0,)]
[(24.0,)]
[(20.0,)]
[(15.0,)]
[(30.0,)]
[(30.0,)]
[(28.0,)]
[(34.0,)]
[(17.0,)]
[(22.0,)]
[(18.0,)]
[(25.0,)]
[(40.0,)]
[(30.0,)]
[(16.0,)]
[(21.0,)]
[(19.0,)]
[(23.0,)]
[(24.0,)]
[(22.0,)]
[(35.0,)]
[(31.0,)]
[(17.0,)]
[(25.0,)]
[(27.0,)]
[(10.0,)]
[(23.0,)]
[(22.0,)]
[(19.0,)]
[(30.0,)]
[(14.0,)]
[(31.0,)]
[(24.0,)]
[(11.0,)]
[(15.0,)]
[(16.0,)]
[(22.0,)]
[(29.0,)]
[(25.0,)]
[(33.0,)]
[(17.0,)]
[(21.0,)]
[(23.0,)]
[(28.0,)]
[(22.0,)]
[(25.0,)]
[(28.0,)]
[(40.0,)]
[(26.0,)]
[(21.0,)]
[(29.0,)]
[(19.0,)]
[(21.0,)]
[(28.0,)]
[(18.0,)]
[(23.0,)]
[(35.0,)]
[(20.0,)]
[(14.0,)]
[(28.0,)]
[(23.0,)]
[(30.0,)]
[(21.0,)]
[(21.0,)]
[(21.0,)]
[(17.0,)]
[(20.0,)]
[(18.0,)]
[(34.0,)]
[(31.0,)]
[(21.0,)]
[(31.0,)]
[(22.0,)]
[(19.0,)]
[(20.0,)]
[(31.0,)]
[(24.0,)]
[(33.0,)]
[(42.0,)]
[(14.0,)]
[(11.0,)]
[(22.0,)]
[(22.0,)]
[(20.0,)]
[(17.0,)]
[(28.0,)]
[(10.0,)]
[(23.0,)]
[(11.0,)]
[(23.0,)]
[(19.0,)]
[(26.0,)]
[(19.0,)]
[(14.0,)]
[(13.0,)]
[(25.0,)]
[(18.0,)]
[(20.0,)]
[(24.0,)]
[(22.0,)]
[(23.0,)]
[(26.0,)]
[(26.0,)]
[(18.0,)]
[(24.0,)]
[(27.0,)]
[(23.0,)]
[(19.0,)]
[(20.0,)]
[(24.0,)]
[(29.0,)]
[(13.0,)]
[(18.0,)]
[(28.0,)]
[(14.0,)]
[(17.0,)]
[(30.0,)]
[(21.0,)]
[(25.0,)]
[(27.0,)]
[(18.0,)]
[(16.0,)]
[(27.0,)]
[(26.0,)]
[(17.0,)]
[(30.0,)]
[(24.0,)]
[(23.0,)]
[(30.0,)]
[(22.0,)]
[(11.0,)]
[(31.0,)]
[(17.0,)]
[(9.0,)]
[(31.0,)]
[(26.0,)]
[(34.0,)]
[(20.0,)]
[(32.0,)]
[(32.0,)]
[(11.0,)]
[(30.0,)]
[(16.0,)]
[(17.0,)]
[(21.0,)]
[(22.0,)]
[(14.0,)]
[(20.0,)]
[(10.0,)]
[(21.0,)]
[(30.0,)]
[(25.0,)]
[(24.0,)]
[(22.0,)]
[(19.0,)]
[(26.0,)]
[(25.0,)]
[(23.0,)]
[(23.0,)]
[(26.0,)]
[(14.0,)]
[(19.0,)]
[(20.0,)]
[(28.0,)]
[(27.0,)]
[(20.0,)]
[(23.0,)]
[(28.0,)]
[(24.0,)]
[(20.0,)]
[(15.0,)]
[(24.0,)]
[(20.0,)]
[(30.0,)]
[(22.0,)]
[(22.0,)]
[(21.0,)]
[(27.0,)]
[(27.0,)]
[(24.0,)]
[(23.0,)]
[(17.0,)]
[(24.0,)]
[(21.0,)]
[(16.0,)]
[(17.0,)]
[(30.0,)]
[(18.0,)]
[(28.0,)]
[(18.0,)]
[(11.0,)]
[(25.0,)]
[(21.0,)]
[(22.0,)]
[(21.0,)]
[(20.0,)]
[(30.0,)]
[(21.0,)]
[(26.0,)]
[(21.0,)]
[(19.0,)]
[(21.0,)]
[(22.0,)]
[(28.0,)]
[(25.0,)]
[(25.0,)]
[(19.0,)]
[(31.0,)]
[(42.0,)]
[(14.0,)]
[(20.0,)]
[(23.0,)]
[(27.0,)]
[(23.0,)]
[(28.0,)]
[(25.0,)]
[(20.0,)]
[(24.0,)]
[(25.0,)]
[(23.0,)]
[(18.0,)]
[(23.0,)]
[(20.0,)]
[(23.0,)]
[(10.0,)]
[(33.0,)]
[(21.0,)]
[(17.0,)]
[(20.0,)]
[(19.0,)]
[(21.0,)]
[(17.0,)]
[(31.0,)]
[(21.0,)]
[(24.0,)]
[(25.0,)]
[(15.0,)]
[(27.0,)]
[(29.0,)]
[(25.0,)]
[(19.0,)]
[(31.0,)]
[(18.0,)]
[(14.0,)]
[(22.0,)]
[(31.0,)]
[(12.0,)]
[(19.0,)]
[(15.0,)]
[(22.0,)]
[(13.0,)]
[(18.0,)]
[(29.0,)]
[(23.0,)]
[(18.0,)]
[(22.0,)]
[(24.0,)]
[(28.0,)]
[(30.0,)]
[(23.0,)]
[(22.0,)]
[(18.0,)]
[(20.0,)]
[(27.0,)]
[(22.0,)]
[(25.0,)]
[(14.0,)]
[(22.0,)]
[(34.0,)]
[(22.0,)]
[(34.0,)]
[(21.0,)]
[(16.0,)]
[(19.0,)]
[(14.0,)]
[(21.0,)]
[(32.0,)]
[(20.0,)]
[(36.0,)]
[(15.0,)]
[(22.0,)]
[(27.0,)]
[(17.0,)]
[(10.0,)]
[(28.0,)]
[(30.0,)]
[(16.0,)]
[(20.0,)]
[(26.0,)]
[(22.0,)]
[(31.0,)]
[(20.0,)]
[(15.0,)]
[(26.0,)]
[(29.0,)]
[(17.0,)]
[(23.0,)]
[(31.0,)]
[(25.0,)]
[(26.0,)]
[(19.0,)]
[(19.0,)]
[(20.0,)]
[(21.0,)]
[(19.0,)]
[(18.0,)]
[(28.0,)]
[(30.0,)]
[(32.0,)]
[(23.0,)]
[(21.0,)]
[(32.0,)]
[(32.0,)]
[(18.0,)]
[(35.0,)]
[(22.0,)]
[(11.0,)]
[(20.0,)]
[(21.0,)]
[(25.0,)]
[(24.0,)]
[(24.0,)]
[(24.0,)]
[(19.0,)]
[(28.0,)]
[(26.0,)]
[(20.0,)]
[(33.0,)]
[(21.0,)]
[(21.0,)]
[(26.0,)]
[(25.0,)]
[(22.0,)]
[(10.0,)]
[(26.0,)]
[(22.0,)]
[(20.0,)]
[(31.0,)]
[(19.0,)]
[(34.0,)]
[(25.0,)]
[(23.0,)]
[(19.0,)]
[(25.0,)]
[(39.0,)]
[(30.0,)]
[(31.0,)]
[(20.0,)]
[(26.0,)]
[(24.0,)]
[(25.0,)]
[(20.0,)]
[(19.0,)]
[(32.0,)]
[(19.0,)]
[(31.0,)]
[(20.0,)]
[(44.0,)]
[(22.0,)]
[(10.0,)]
[(19.0,)]
[(15.0,)]
[(28.0,)]
[(31.0,)]
[(28.0,)]
[(20.0,)]
[(20.0,)]
[(28.0,)]
[(19.0,)]
[(27.0,)]
[(30.0,)]
[(27.0,)]
[(15.0,)]
[(26.0,)]
[(30.0,)]
[(22.0,)]
[(23.0,)]
[(24.0,)]
[(26.0,)]
[(29.0,)]
[(21.0,)]
[(17.0,)]
[(22.0,)]
[(19.0,)]
[(25.0,)]
[(21.0,)]
[(23.0,)]
[(22.0,)]
[(34.0,)]
[(31.0,)]
[(30.0,)]
[(21.0,)]
[(19.0,)]
[(30.0,)]
[(29.0,)]
[(17.0,)]
[(26.0,)]
[(36.0,)]
[(11.0,)]
[(13.0,)]
[(16.0,)]
[(15.0,)]
[(12.0,)]
[(30.0,)]
[(25.0,)]
[(25.0,)]
[(17.0,)]
[(23.0,)]
[(22.0,)]
[(37.0,)]
[(27.0,)]
[(29.0,)]
[(22.0,)]
[(21.0,)]
[(24.0,)]
[(13.0,)]
[(22.0,)]
[(21.0,)]
[(19.0,)]
[(22.0,)]
[(36.0,)]
[(24.0,)]
[(20.0,)]
[(25.0,)]
[(31.0,)]
[(14.0,)]
[(17.0,)]
[(23.0,)]
[(27.0,)]
[(26.0,)]
[(9.0,)]
[(15.0,)]
[(26.0,)]
[(25.0,)]
[(24.0,)]
[(18.0,)]
[(29.0,)]
[(18.0,)]
[(10.0,)]
[(13.0,)]
[(8.0,)]
[(22.0,)]
[(29.0,)]
[(20.0,)]
[(24.0,)]
[(14.0,)]
[(14.0,)]
[(23.0,)]
[(22.0,)]
[(16.0,)]
[(17.0,)]
[(27.0,)]
[(23.0,)]
[(23.0,)]
[(19.0,)]
[(19.0,)]
[(20.0,)]
[(26.0,)]
[(14.0,)]
[(18.0,)]
[(15.0,)]
[(23.0,)]
[(13.0,)]
[(23.0,)]
[(29.0,)]
[(29.0,)]
[(28.0,)]
[(27.0,)]
[(25.0,)]
[(16.0,)]
[(20.0,)]
[(39.0,)]
[(17.0,)]
[(67.0,)]
[(21.0,)]
[(29.0,)]
[(10.0,)]
[(17.0,)]
[(28.0,)]
[(20.0,)]
[(23.0,)]
[(33.0,)]
[(29.0,)]
[(25.0,)]
[(20.0,)]
[(29.0,)]
[(27.0,)]
[(27.0,)]
[(35.0,)]
[(26.0,)]
[(16.0,)]
[(24.0,)]
[(18.0,)]
[(32.0,)]
[(34.0,)]
[(25.0,)]
[(18.0,)]
[(17.0,)]
[(18.0,)]
[(29.0,)]
[(30.0,)]
[(91.0,)]
[(19.0,)]
[(19.0,)]
[(25.0,)]
[(29.0,)]
[(9.0,)]
[(22.0,)]
[(19.0,)]
[(12.0,)]
[(31.0,)]
[(19.0,)]
[(24.0,)]
[(40.0,)]
[(25.0,)]
[(13.0,)]
[(18.0,)]
[(20.0,)]
[(22.0,)]
[(29.0,)]
[(11.0,)]
[(33.0,)]
[(25.0,)]
[(37.0,)]
[(11.0,)]
[(21.0,)]
[(33.0,)]
[(18.0,)]
[(25.0,)]
[(34.0,)]
[(19.0,)]
[(22.0,)]
[(24.0,)]
[(22.0,)]
[(16.0,)]
[(21.0,)]
[(25.0,)]
[(31.0,)]
[(26.0,)]
[(27.0,)]
[(33.0,)]
[(17.0,)]
[(12.0,)]
[(36.0,)]
[(22.0,)]
[(23.0,)]
[(31.0,)]
[(18.0,)]
[(20.0,)]
[(15.0,)]
[(35.0,)]
[(24.0,)]
[(27.0,)]
[(36.0,)]
[(25.0,)]
[(25.0,)]
[(31.0,)]
[(31.0,)]
[(29.0,)]
[(32.0,)]
[(19.0,)]
[(15.0,)]
[(26.0,)]
[(17.0,)]
[(20.0,)]
[(16.0,)]
[(22.0,)]
[(15.0,)]
[(29.0,)]
[(26.0,)]
[(25.0,)]
[(19.0,)]
[(29.0,)]
[(22.0,)]
[(20.0,)]
[(16.0,)]
[(27.0,)]
[(18.0,)]
[(14.0,)]
[(19.0,)]
[(27.0,)]
[(24.0,)]
[(40.0,)]
[(29.0,)]
[(7.0,)]
[(16.0,)]
[(19.0,)]
[(14.0,)]
[(30.0,)]
[(19.0,)]
[(20.0,)]
[(17.0,)]
[(29.0,)]
[(32.0,)]
[(18.0,)]
[(24.0,)]
[(13.0,)]
[(19.0,)]
[(13.0,)]
[(20.0,)]
[(22.0,)]
[(23.0,)]
[(29.0,)]
[(28.0,)]
[(24.0,)]
[(28.0,)]
[(18.0,)]
[(23.0,)]
[(24.0,)]
[(19.0,)]
[(32.0,)]
[(20.0,)]
[(27.0,)]
[(31.0,)]
[(29.0,)]
[(28.0,)]
[(22.0,)]
[(13.0,)]
[(16.0,)]
[(15.0,)]
[(23.0,)]
[(32.0,)]
[(32.0,)]
[(33.0,)]
[(30.0,)]
[(24.0,)]
[(24.0,)]
[(34.0,)]
[(14.0,)]
[(24.0,)]
[(33.0,)]
[(22.0,)]
[(29.0,)]
[(24.0,)]
[(24.0,)]
[(17.0,)]
[(25.0,)]
[(26.0,)]
[(19.0,)]
[(24.0,)]
[(34.0,)]
[(19.0,)]
[(24.0,)]
[(17.0,)]
[(28.0,)]
[(20.0,)]
[(16.0,)]
[(26.0,)]
[(23.0,)]
[(22.0,)]
[(18.0,)]
[(40.0,)]
[(22.0,)]
[(21.0,)]
[(27.0,)]
[(29.0,)]
[(32.0,)]
[(23.0,)]
[(29.0,)]
[(27.0,)]
[(19.0,)]
[(30.0,)]
[(23.0,)]
[(26.0,)]
[(20.0,)]
[(17.0,)]
[(27.0,)]
[(17.0,)]
[(15.0,)]
[(25.0,)]
[(15.0,)]
[(23.0,)]
[(25.0,)]
[(26.0,)]
[(35.0,)]
[(22.0,)]
[(13.0,)]
[(26.0,)]
[(28.0,)]
[(16.0,)]
[(15.0,)]
[(27.0,)]
[(23.0,)]
[(16.0,)]
[(19.0,)]
[(22.0,)]
[(27.0,)]
[(21.0,)]
[(22.0,)]
[(21.0,)]
[(24.0,)]
[(30.0,)]
[(17.0,)]
[(21.0,)]
[(36.0,)]
[(30.0,)]
[(16.0,)]
[(31.0,)]
[(31.0,)]
[(27.0,)]
[(12.0,)]
[(27.0,)]
[(20.0,)]
[(29.0,)]
[(19.0,)]
[(27.0,)]
[(26.0,)]
[(23.0,)]
[(13.0,)]
[(22.0,)]
[(24.0,)]
[(19.0,)]
[(21.0,)]
[(22.0,)]
[(26.0,)]
[(24.0,)]
[(20.0,)]
[(20.0,)]
[(22.0,)]
[(17.0,)]
[(31.0,)]
[(27.0,)]
[(22.0,)]
[(19.0,)]
[(23.0,)]
[(29.0,)]
[(20.0,)]
[(17.0,)]
[(16.0,)]
[(36.0,)]
[(15.0,)]
[(16.0,)]
[(22.0,)]
[(50.0,)]
[(21.0,)]
[(18.0,)]
[(21.0,)]
[(19.0,)]
[(15.0,)]
[(21.0,)]
[(23.0,)]
[(34.0,)]
[(26.0,)]
[(33.0,)]
[(25.0,)]
[(16.0,)]
[(11.0,)]
[(23.0,)]
[(30.0,)]
[(26.0,)]
[(21.0,)]
[(21.0,)]
[(20.0,)]
[(23.0,)]
[(20.0,)]
[(18.0,)]
[(17.0,)]
[(24.0,)]
[(17.0,)]
[(23.0,)]
[(19.0,)]
[(13.0,)]
[(32.0,)]
[(20.0,)]
[(18.0,)]
[(32.0,)]
[(29.0,)]
[(19.0,)]
[(20.0,)]
[(27.0,)]
[(24.0,)]
[(26.0,)]
[(25.0,)]
[(28.0,)]
[(20.0,)]
[(31.0,)]
[(27.0,)]
[(23.0,)]
[(25.0,)]
[(23.0,)]
[(19.0,)]
[(21.0,)]
[(22.0,)]
[(27.0,)]
[(20.0,)]
[(21.0,)]
[(24.0,)]
[(34.0,)]
[(24.0,)]
[(23.0,)]
[(36.0,)]
[(23.0,)]
[(26.0,)]
[(22.0,)]
[(38.0,)]
[(14.0,)]
[(30.0,)]
[(18.0,)]
[(22.0,)]
[(22.0,)]
[(22.0,)]
[(19.0,)]
[(13.0,)]
[(31.0,)]
[(29.0,)]
[(21.0,)]
[(23.0,)]
[(29.0,)]
[(22.0,)]
[(22.0,)]
