0.226044550975
0.209991933033
0.209991933033
0.209991933033
0.209991933033
0.209991933033
0.209991933033
0.209991933033
0.209991933033
0.209991933033
0.209991933033
0.209991933033
0.208311258525
0.208311258525
0.208311258525
0.208311258525
0.208311258525
0.208311258525
0.208311258525
0.208311258525
0.209991933033
0.209991933033
0.208311258525
0.208311258525
0.208311258525
0.208311258525
0.208311258525
0.208311258525
0.208311258525
0.208311258525
0.209991933033
0.209991933033
0.209991933033
0.209991933033
0.209991933033
0.209991933033
0.209991933033
0.209991933033
0.209991933033
0.208311258525
0.209991933033
0.209991933033
0.208311258525
0.208311258525
0.208311258525
0.209991933033
0.209991933033
0.209991933033
0.209991933033
0.209991933033
0.209991933033
0.209991933033
0.209991933033
0.209991933033
0.21048046544
0.21048046544
0.21048046544
0.21048046544
0.21048046544
0.21048046544
0.21048046544
0.21048046544
0.21048046544
0.21048046544
0.209991933033
0.21048046544
0.21048046544
0.21048046544
0.21048046544
0.21048046544
0.21048046544
0.209991933033
0.209991933033
0.21048046544
0.21048046544
0.210518873013
0.210518873013
0.21048046544
0.21048046544
0.210518873013
0.210518873013
0.210518873013
0.210518873013
0.210518873013
0.210518873013
0.210518873013
0.210518873013
0.21048046544
0.21048046544
0.21048046544
0.21048046544
0.210518873013
0.211917313197
0.211917313197
0.210518873013
0.211917313197
0.211917313197
0.210518873013
0.211917313197
