0.253344710678
0.490104823024
-0.0805254284281
-0.156452933797
-0.0787888991091
0.104943492374
-0.0787614348765
-0.0139448753554
0.490638393488
0.0852977246261
-0.0799757105831
-0.080600070717
-0.0798626595745
-0.0137292464222
0.251430744839
0.105013009026
0.0852977246261
-0.0137292464222
0.250867434976
-0.014052534395
-0.0792189690777
0.246265747355
0.104929473627
0.250861968328
0.251211162124
-0.0790175719908
0.251211162124
0.250971007731
-0.0793824744118
0.250976427581
0.250861968328
0.250861968328
0.250976427581
0.250976427581
0.251091055446
0.250976427581
0.251211162124
0.251211162124
0.251211162124
0.251211162124
-0.0787125285465
0.250708895161
-0.0796738813064
-0.079749446679
-0.0797615395707
-0.0792189690777
0.0852124149768
0.246479594352
0.246353422773
0.246265747355
0.104943492374
0.246265747355
0.246613240123
0.104866833921
0.105096585133
0.246384029985
0.246273436355
0.104929473627
0.104929473627
0.104762524839
0.104505724847
0.104755656052
0.104922479607
0.10467230513
0.10467230513
0.104505724847
0.104582260774
0.101176653395
0.101176653395
0.100769393026
0.101259013762
0.104505724847
0.104582260774
0.104505724847
0.104582260774
0.104755656052
0.104505724847
0.104505724847
0.10467230513
0.104505724847
0.104505724847
0.104762524839
0.104762524839
0.104505724847
0.104588994738
0.104505724847
0.104505724847
0.104505724847
0.101176653395
0.104505724847
0.100769393026
0.0846833297728
0.084605126509
0.084605126509
0.100769393026
0.100769393026
0.101259013762
0.104505724847
0.104505724847
