0.246389046667
-0.0118290698533
-0.15336517183
-0.348500647715
-0.373398742672
-0.173088913786
-0.00747410972486
0.344973756555
-0.00726069717951
-0.0118290698533
0.232326007429
0.231875591027
-0.373599783291
-0.381579357421
-0.373961453281
-0.00508565975609
-0.374051703632
-0.373369968788
0.230980726174
-0.373345027847
0.231256696093
0.230980726174
0.230911646318
0.230911646318
0.230980726174
0.231533645125
0.231119166414
0.23148859819
0.23148859819
0.23148859819
0.231604340365
0.231535190769
0.231604340365
0.231604340365
0.231535190769
0.231535190769
0.231535190769
0.231535190769
0.231535190769
0.231604340365
0.231535190769
0.23148859819
0.23148859819
0.23148859819
0.231533645125
0.231119166414
0.231257466177
0.231533645125
0.23148859819
0.23148859819
0.231720200223
0.231720200223
0.231699833553
0.231490020801
0.231720200223
0.231583540855
0.231651044922
0.231583540855
0.231699833553
0.231535190769
0.231699833553
0.231699833553
0.231560947587
0.23151412135
0.231583540855
0.231651044922
0.230911646318
0.231049771053
0.231188333842
0.23148859819
0.231535190769
0.231720200223
0.231535190769
0.231535190769
0.231535190769
0.231535190769
0.231535190769
0.231604340365
0.23148859819
0.231535190769
0.231604340365
0.23148859819
0.231119166414
0.231188333842
0.231395625676
0.23148859819
0.23148859819
0.23148859819
0.23148859819
0.23148859819
0.23148859819
0.23148859819
0.231119166414
0.23148859819
0.231604340365
0.231119166414
0.23148859819
0.23148859819
0.231604340365
