0.244788598345
-0.160544784193
0.103707780168
0.245167298444
-0.0799654892606
0.244961140447
0.244788598345
0.10361717772
0.488871959324
0.0839074545118
0.103554538014
0.488531559067
0.0834569719964
0.103631196467
0.0832303773608
0.250118448932
0.249898866216
0.249315682408
0.249549672421
-0.0809105396336
0.249549672421
0.103193428939
0.0839854287186
0.249549672421
0.249315682408
0.249669546208
-0.0807095329685
-0.0809861772139
-0.0810738354782
0.249549672421
0.249549672421
0.244788598345
0.249315682408
0.249555139068
0.249549672421
0.2497894788
0.249549672421
0.249658711823
0.0838221278165
0.0839854287186
0.0840706560822
0.0840706560822
-0.0150123275736
0.245190074504
-0.0810738354782
0.103554538014
0.244961140447
0.0840706560822
0.244788598345
0.245190074504
0.103631196467
0.10361717772
0.103554538014
0.244953451448
0.103707780168
0.103610183699
0.103554538014
0.103707780168
0.103610183699
0.103610183699
0.103443360144
0.103193428939
0.103193428939
0.10327669883
0.103193428939
0.103269964866
0.0994570971186
0.0994531547836
0.0833710338654
0.0834569719964
0.0835428268742
0.0994570971186
0.0994570971186
0.100029118231
0.0994570971186
0.0999467178544
0.103193428939
0.0994570971186
0.0994570971186
0.10327669883
0.103193428939
0.103353212885
0.103193428939
0.0994531547836
0.0998643574876
0.0994570971186
0.0994531547836
0.0832928306015
0.0834569719964
0.0834569719964
0.0836210338654
0.0833865264822
0.0835428268742
0.0835428268742
0.0834569719964
0.0834569719964
0.0832928306015
0.0994531547836
0.0994570971186
