0.00821783331848
0.008518943868
-0.00200286339484
-0.0267372354406
0.00793088813822
0.00795530076919
0.00186329490405
-0.0270481453805
-0.0266547601993
-0.0269095156434
-0.026643264016
-0.0266547601993
-0.0266547601993
0.00204920994489
0.00177765820157
0.00188481680822
-0.0271814707872
-0.0268808358356
-0.0266145689239
0.00806770769016
0.00793088813822
0.00788045182182
0.00781884502187
0.0078561750144
0.00781884502187
0.00793088813822
0.00788045182182
0.00806770769016
0.007680281279
-0.0267372354406
0.00177765820157
-0.00184509732261
0.0078561750144
0.00204920994489
0.00778153272548
0.00818027511601
0.00197771020731
0.00177765820157
-0.00177564649482
-0.0266547601993
0.00778153272548
-0.0270331841193
-0.0018797982705
-0.0018797982705
-0.0271814707872
-0.026683600681
-0.00177564649482
-0.00200286339484
0.00197771020731
0.00204920994489
0.00197771020731
0.00197771020731
0.00197771020731
-0.00193333966895
0.00204920994489
0.00197771020731
-0.00200286339484
0.00204920994489
0.00179174789018
0.00781884502187
0.00187755648949
0.00774423811264
0.00774423811264
0.00184171188704
0.00177007354961
0.00177007354961
0.00553801074572
0.00177007354961
0.00186329490405
0.00188481680822
0.00188481680822
0.00169850295528
0.00189909377627
0.00184171188704
0.00774423811264
0.00781884502187
0.0078561750144
0.00778153272548
0.00778153272548
0.00781884502187
0.00789352271564
0.00796827129475
0.0078561750144
0.00781884502187
0.00781884502187
0.00789352271564
0.00788045182182
0.00803022089959
0.00818027511601
0.00821783331848
0.00821783331848
0.00821783331848
0.0082554094058
0.00820517954032
0.00855666349523
0.00898436638148
0.0086200638718
0.00916263436475
0.00959270433337
