0.248213679697
0.0112061211653
-0.137448528631
0.247118417933
0.0109667084197
0.247256263276
0.0110757420094
-0.157080277632
-0.256161194817
-0.322978072975
-0.357316744242
0.00905274258094
0.0108144003457
-0.157336453914
0.247464307072
0.246911388121
0.0108406434996
0.247464307072
0.0108100112581
-0.156995050269
-0.137434509884
0.0338886608478
0.248256669376
0.00820517178953
0.24704982836
0.247419260137
0.247419260137
0.247419260137
0.247419260137
-0.137511168337
0.00384918716359
-0.137364993233
-0.137434509884
-0.137789007521
0.00820517178953
0.0108450021904
-0.137511168337
0.0107233562416
0.0337601304804
0.00384918716359
0.0226252213257
0.00820517178953
0.00384918716359
-0.137448528631
0.00372289199374
0.246842308264
0.24704982836
0.247464307072
0.247419260137
0.247535002311
0.247419260137
0.247581706869
0.247465852716
0.247419260137
0.247419260137
0.247419260137
0.247419260137
0.247465852716
0.247604116779
0.247118417933
0.247514202801
0.247026550384
0.247419260137
0.246842308264
0.246980433
0.247118417933
0.247118417933
0.246911388121
0.247326287623
0.247419260137
0.247535002311
0.247419260137
0.247419260137
0.247419260137
0.247535002311
0.247419260137
0.247419260137
0.247234497355
0.247419260137
0.247118995788
0.247464307072
0.246911388121
0.246911388121
0.246911388121
0.246842308264
0.247464307072
0.247464307072
0.246842308264
0.247049442928
0.247049442928
0.246911388121
0.247464307072
0.246842308264
0.247118417933
0.246980433
0.247464307072
0.246842308264
0.246980433
0.246980433
