-0.0915486903791
0.0685250595776
-0.286704864772
0.293224971919
0.293556955906
-0.0915556843999
0.30815344901
0.0548215737486
0.0562677945262
0.294156507627
-0.31199351487
0.293364145324
0.293364145324
0.292811226372
0.292880271252
0.292880271252
0.292811226372
0.293018256185
0.293224971919
0.293156101528
0.293018256185
0.293018256185
0.293224971919
0.293018256185
0.293018256185
0.293018256185
0.29294928118
0.293018256185
0.29294928118
0.293018256185
0.293224971919
0.293018256185
0.29294928118
0.292811226372
0.292811226372
0.292811226372
0.293364145324
0.292742146516
0.292742146516
0.292880271252
0.292811226372
0.293364145324
0.292811226372
0.29294928118
0.292880271252
0.29294928118
0.292811226372
0.292926388636
0.293364145324
0.293134335606
0.293319098389
0.293319098389
0.293319098389
0.293434840563
0.293365690968
0.293365690968
0.293365690968
0.293503955031
0.293365690968
0.293434840563
0.293319098389
0.293319098389
0.293319098389
0.293319098389
0.293319098389
0.293365690968
0.293365690968
0.293365690968
0.293365690968
0.293365690968
0.293550700422
0.293365690968
0.293365690968
0.293365690968
0.293365690968
0.293434840563
0.293434840563
0.293319098389
0.292949666612
0.292949666612
0.292949666612
0.293319098389
0.293319098389
0.292949666612
0.292949666612
0.293319098389
0.293319098389
0.293319098389
0.293319098389
0.293434840563
0.293365690968
0.293319098389
0.293319098389
0.292949666612
0.293364145324
0.293226125875
0.293364145324
0.293364145324
0.292742146516
