-0.00664856525577
-0.0105428725233
-0.000617247906331
-0.000878930178787
-0.0105428725233
-0.035406250225
-0.0105775734712
-0.00672006499335
-0.00315976445493
-0.0358792459878
-0.0353410392166
-0.0356072908441
-0.0352549137419
-0.0353410392166
-0.0356887860413
-0.0353410392166
-0.00672006499335
-0.0358792459878
-0.0355786110363
-0.0354023123903
-0.000617247906331
-0.00702712410911
-0.000878930178787
-0.000817323378838
-0.000517500084649
-0.000479941882181
-0.000729503905913
-0.000630067510499
-0.000442365794855
-0.000479941882181
-0.000479941882181
-0.0358792459878
-0.000630067510499
-0.000517500084649
-0.000442365794855
-0.000479941882181
-0.000479941882181
-0.000367159914503
-0.000492595660341
-0.000329530095886
-0.000329530095886
-0.000492595660341
-0.000479941882181
-0.000479941882181
-0.000479941882181
-0.000517500084649
-0.000817323378838
-0.00101749392166
-0.000630067510499
-0.000517500084649
-0.00101749392166
-0.000804252485015
-0.000916242475178
-0.00315976445493
-0.00699927224538
-0.000878930178787
-0.00699927224538
-0.00699927224538
-0.000916242475178
-0.000878930178787
-0.000878930178787
-0.000804252485015
-0.000766887062436
-0.000953537088016
-0.000766887062436
-0.000878930178787
-0.00315976445493
-0.000916242475178
-0.000916242475178
-0.000953537088016
-0.000953537088016
-0.000916242475178
-0.000878930178787
-0.000916242475178
-0.000953537088016
-0.00315976445493
-0.00315976445493
-0.000916242475178
-0.000878930178787
-0.000841600186264
-0.000766887062436
-0.000617247906331
-0.000817323378838
-0.000617247906331
-0.000766887062436
-0.000804252485015
-0.000654684340506
-0.000817323378838
-0.00101749392166
-0.000817323378838
-0.000817323378838
-0.000817323378838
-0.00101749392166
-0.000817323378838
-0.000617247906331
-0.00101749392166
-0.000630067510499
-0.000479941882181
-0.000479941882181
