-0.0188916445565
-0.0246239673371
-0.0534064220625
0.0479791797382
-0.053912041535
-0.018492902166
-0.0249746743267
-0.0535826929255
-0.0187796545664
-0.057276998416
-0.018492902166
-0.018492902166
-0.018492902166
-0.0184553439635
-0.0185679649674
-0.018492902166
-0.0186054695919
-0.018492902166
-0.0186054695919
-0.0186054695919
-0.0184553439635
-0.018992896003
-0.0185926499877
-0.0188916445565
-0.0186675050842
-0.0187927254602
-0.018992896003
-0.018492902166
-0.0186054695919
-0.0188543322601
-0.0211351665363
-0.024831465395
-0.0189289391694
-0.0188916445565
-0.018992896003
-0.018492902166
-0.0184553439635
-0.0184553439635
-0.0186054695919
-0.0187927254602
-0.018992896003
-0.018492902166
-0.0184553439635
-0.018492902166
-0.0184553439635
-0.0186054695919
-0.018492902166
-0.0186054695919
-0.0185679649674
-0.018492902166
-0.0186054695919
-0.018492902166
-0.0184553439635
-0.0186054695919
-0.018492902166
-0.0184553439635
-0.0184553439635
-0.0184553439635
-0.0184553439635
-0.0183425619959
-0.0184553439635
-0.0184553439635
-0.018492902166
-0.0184553439635
-0.0184553439635
-0.0182672844226
-0.017965455146
-0.0176888109005
-0.017965455146
-0.0180410205186
-0.0176888109005
-0.0176888109005
-0.0180787761593
-0.0184679977417
-0.0182672844226
-0.0184553439635
-0.0184553439635
-0.0184553439635
-0.018492902166
-0.018492902166
-0.0184553439635
-0.0184553439635
-0.018492902166
-0.0184553439635
-0.0184553439635
-0.0184553439635
-0.018492902166
-0.0184553439635
-0.018492902166
-0.018492902166
-0.0184553439635
-0.018492902166
-0.0186054695919
-0.0184553439635
-0.0184553439635
-0.018492902166
-0.0186054695919
-0.0186054695919
-0.0184553439635
