0.2863491257
0.270296507757
0.270296507757
0.270296507757
0.270296507757
0.270296507757
0.270296507757
0.270296507757
0.270296507757
0.270296507757
0.270296507757
0.270296507757
0.26861583325
0.26861583325
0.26861583325
0.26861583325
0.26861583325
0.26861583325
0.26861583325
0.26861583325
0.270296507757
0.270296507757
0.26861583325
0.26861583325
0.26861583325
0.26861583325
0.26861583325
0.26861583325
0.26861583325
0.26861583325
0.26861583325
0.270296507757
0.270296507757
0.270296507757
0.270296507757
0.270296507757
0.270296507757
0.270296507757
0.270296507757
0.26861583325
0.26861583325
0.26861583325
0.26861583325
0.26861583325
0.26861583325
0.26861583325
0.26861583325
0.270296507757
0.270296507757
0.270296507757
0.270296507757
0.270296507757
0.270296507757
0.270296507757
0.270296507757
0.270785040165
0.270785040165
0.270785040165
0.270785040165
0.270785040165
0.270785040165
0.270785040165
0.270785040165
0.270785040165
0.270785040165
0.270785040165
0.270785040165
0.270296507757
0.270785040165
0.270296507757
0.270785040165
0.270785040165
0.270785040165
0.270785040165
0.270785040165
0.270785040165
0.270823447737
0.270823447737
0.270785040165
0.270823447737
0.270823447737
0.270823447737
0.270823447737
0.270823447737
0.270823447737
0.270823447737
0.270823447737
0.270785040165
0.270785040165
0.270785040165
0.270785040165
0.272221887922
0.272221887922
0.272221887922
0.272221887922
0.270823447737
0.272221887922
0.272221887922
0.272221887922
