-0.107645079726
-0.128402520359
-0.104454603325
-0.0616412825455
0.123704667403
-0.0600960961157
-0.0616412825455
-0.0617158894547
0.123934484901
0.00508436312752
-0.0596763593384
-0.0615666048517
0.26519491223
-0.061603952553
0.0051922294529
0.124018061009
-0.0614170367072
-0.0616412825455
0.123941551951
0.00522144420895
0.104055899599
-0.0608279708039
-0.0597910526714
-0.0610918824626
-0.0598399590014
-0.059867423234
-0.0600960961157
0.0051922294529
0.00503046886828
-0.0609411836994
0.00492275806324
-0.0598399590014
-0.0598399590014
0.123593781005
-0.0608400636956
0.123843955482
0.104219200501
0.269783444203
0.00513828331615
0.0051922294529
0.123503736649
0.104055899599
0.123934484901
-0.0608279708039
0.00513828331615
0.0052462015565
-0.0606246606352
-0.0598399590014
0.265401070227
0.265282561682
0.124018061009
0.124018061009
0.123934484901
0.123503736649
0.119608687259
0.103604805648
0.103690743779
0.103854805648
0.103776598657
0.103542204809
0.103542204809
0.103690743779
0.103604805648
0.119690868901
0.12009812927
0.103526602384
0.103690743779
0.103690743779
0.103542204809
0.103690743779
0.103690743779
0.103464149143
0.103464149143
0.104048498798
0.103464149143
0.103542204809
0.103542204809
0.103690743779
0.103690743779
0.119686926566
0.103776598657
0.103542204809
0.103464149143
0.104048498798
0.104055899599
0.103464149143
0.103620298265
0.103690743779
0.103690743779
0.103542204809
0.103464149143
0.104126544778
0.103464149143
0.103690743779
0.103690743779
0.119608687259
0.120180489637
0.119690868901
0.103690743779
