0.129512217269
0.36740093037
0.130228495856
0.366563521131
-0.0181371561306
0.127394237052
0.366563521131
0.129512217269
0.366263256782
0.366263256782
0.36726807534
0.366055649115
0.366608568066
0.12995866134
0.366263256782
0.366194089355
0.366170811378
0.366470548617
0.366608568066
0.366608568066
0.365986569259
0.13021575025
0.13035038216
0.366055649115
0.366608568066
0.366608568066
0.366608568066
0.366608568066
0.366608568066
0.366055649115
0.366608568066
0.366055649115
0.366124693994
0.366124693994
0.366055649115
0.366055649115
0.366262678927
0.366124693994
0.366124693994
0.366055649115
0.366608568066
0.366194089355
0.366263256782
0.366608568066
0.366608568066
0.366608568066
0.365986569259
0.366124693994
0.366055649115
0.366469394661
0.366469394661
0.366675797032
0.366950513967
0.36715618792
0.366926030938
0.367087664526
0.366744528308
0.366813224872
0.36688188675
0.366950513967
0.367019106551
0.366744528308
0.366744528308
0.366744528308
0.366950513967
0.366744528308
0.366813224872
0.36715618792
0.366950513967
0.366675797032
0.366744528308
0.366675797032
0.366538230234
0.366469394661
0.366469394661
0.366331619034
0.366262678927
0.366170811378
0.366124693994
0.365986569259
0.366331619034
0.366263256782
0.366774756494
0.366474049431
0.366613231068
0.366684535985
0.366590545275
0.36687108176
0.36687108176
0.366684535985
0.366613231068
0.36638148815
0.36652089523
0.366801378648
0.381397871752
0.479885162378
0.371260457144
0.366801378648
0.371278433512
