-0.0263891959983
-0.0104119792985
-0.0113242715883
-0.0112935994618
0.0205588712719
-0.00140446991953
-0.00168950521569
-0.00736730306871
0.0206386328669
-0.00902293675786
-0.00920334930303
-0.00902958989344
-0.00903624018945
-0.00902958989344
-0.0112751648812
-0.0112935994618
-0.0112997391001
-0.0113242715883
-0.0113242715883
-0.0113548786762
-0.0113548786762
-0.0113548786762
-0.0113609923074
-0.0113732117966
-0.0113854209324
-0.0113976197281
-0.011367103347
-0.011391521622
-0.0113548786762
-0.0113242715883
-0.0104119792985
-0.0112874572137
-0.0112935994618
-0.0112751648812
-0.0112997391001
-0.0112751648812
-0.00906944913934
-0.00903624018945
-0.0103993038792
-0.011281312354
-0.0112690147936
-0.0112751648812
-0.0103739206434
-0.00905617405816
-0.0103739206434
-0.00903624018945
-0.00903624018945
-0.00903624018945
-0.00903624018945
-0.0103802705063
-0.00906944913934
-0.0103802705063
-0.0103802705063
-0.00903624018945
-0.00903624018945
-0.00902958989344
-0.00922320589915
-0.00902293675786
-0.00902293675786
-0.00903624018945
-0.0112690147936
-0.009062813014
-0.0103993038792
-0.0112751648812
-0.011281312354
-0.0112751648812
-0.0112751648812
-0.00903624018945
-0.0112690147936
-0.00849444048385
-0.00874902671251
-0.00852157374856
-0.00782417387164
-0.00875575123139
-0.00922320589915
-0.00875575123139
-0.00919009742034
-0.00874902671251
-0.00852157374856
-0.00782417387164
-0.00738138223402
-0.00782417387164
-0.00782417387164
-0.00850122815762
-0.00782417387164
-0.00783111101332
-0.00783804518216
-0.00781723375519
-0.00781723375519
-0.00738138223402
-0.00736730306871
-0.00690249897302
-0.00736730306871
-0.00581384818745
-0.00581384818745
-0.00690249897302
-0.0060360563569
-0.00581384818745
-0.00580645961475
