0.388128354802
0.37207573686
0.37207573686
0.37207573686
0.37207573686
0.37207573686
0.37207573686
0.37207573686
0.37207573686
0.37207573686
0.37207573686
0.37207573686
0.370395062352
0.370395062352
0.370395062352
0.370395062352
0.370395062352
0.370395062352
0.370395062352
0.370395062352
0.37207573686
0.37207573686
0.370395062352
0.370395062352
0.370395062352
0.370395062352
0.370395062352
0.370395062352
0.370395062352
0.370395062352
0.370395062352
0.37207573686
0.37207573686
0.37207573686
0.37207573686
0.37207573686
0.37207573686
0.37207573686
0.37207573686
0.370395062352
0.370395062352
0.370395062352
0.370395062352
0.370395062352
0.370395062352
0.370395062352
0.370395062352
0.37207573686
0.37207573686
0.37207573686
0.37207573686
0.37207573686
0.37207573686
0.37207573686
0.37207573686
0.372564269267
0.372564269267
0.372564269267
0.372564269267
0.372564269267
0.372564269267
0.372564269267
0.372564269267
0.372564269267
0.372564269267
0.372564269267
0.372564269267
0.37207573686
0.372564269267
0.37207573686
0.372564269267
0.372564269267
0.372564269267
0.372564269267
0.372564269267
0.372564269267
0.37260267684
0.37260267684
0.372564269267
0.37260267684
0.37260267684
0.37260267684
0.37260267684
0.37260267684
0.37260267684
0.37260267684
0.37260267684
0.372564269267
0.372564269267
0.372564269267
0.372564269267
0.374001117025
0.374001117025
0.374001117025
0.374001117025
0.37260267684
0.374001117025
0.374001117025
0.374001117025
