0.0576923322266
-0.0284707012713
-0.0113143801539
-0.00834587144111
-0.0169794793309
-0.0267356426243
-0.0112787543459
-0.0113982863895
-0.00862896630117
-0.0103112291182
-0.00823420536932
0.000921036899556
0.000713254188665
0.000817235667128
-0.011344795698
-0.0112609293462
-0.0173433727059
-0.0169908292842
-0.0170237444594
-0.0169743605641
-0.016831404756
-0.0168478871244
-0.0168808296029
-0.0169908292842
-0.0167217549668
-0.0168149149614
-0.011159546457
-0.0112609293462
-0.0101747935168
-0.0112430962755
-0.0113982863895
-0.0170942349111
-0.0175918366389
-0.0175918366389
-0.0170942349111
-0.011159546457
-0.0112609293462
-0.0112074058987
-0.0112787543459
-0.0114161004621
-0.0101747935168
-0.0113982863895
-0.0113982863895
-0.0113982863895
-0.0112430962755
-0.0112787543459
-0.011106038956
-0.011106038956
-0.01129657128
-0.0111417186866
-0.0111417186866
-0.0111417186866
-0.011106038956
-0.01129657128
-0.0112787543459
-0.01129657128
-0.0112787543459
-0.0112787543459
-0.01129657128
-0.0112787543459
-0.0112787543459
-0.0112609293462
-0.0112787543459
-0.01129657128
-0.01129657128
-0.01129657128
-0.01129657128
-0.0113143801539
-0.0111417186866
-0.011106038956
-0.0111417186866
-0.011159546457
-0.0111417186866
-0.0111417186866
-0.0111417186866
-0.0111417186866
-0.0111417186866
-0.0111417186866
-0.0111417186866
-0.0111417186866
-0.011159546457
-0.0111417186866
-0.0111417186866
-0.0113143801539
-0.0112787543459
-0.0112787543459
-0.0112609293462
-0.0112787543459
-0.01129657128
-0.0112787543459
-0.01129657128
-0.01129657128
-0.0113143801539
-0.0111417186866
-0.0111417186866
-0.011106038956
-0.0113143801539
-0.011106038956
-0.01129657128
