-0.013708425959
0.00554230450064
0.00527025107624
-0.0129962044778
-0.00390225486572
-0.0126894894476
-0.0134465979558
-0.0104257688399
-0.0109325522621
-0.0114131651504
-0.0111956512098
-0.0109325522621
-0.0126853236488
-0.0126853236488
-0.0103929997792
-0.0126936535113
-0.0111866803593
-0.0100769920599
-0.012718601519
-0.00925771706374
-0.0126936535113
-0.0103695341751
-0.0127144478427
-0.0131751534537
-0.0126936535113
-0.0126894894476
-0.0127102924378
-0.0127019764381
-0.0126936535113
-0.0126811561139
-0.0126936535113
-0.0126936535113
-0.0126894894476
-0.0126936535113
-0.0128854070169
-0.0126894894476
-0.0114131651504
-0.0114176005462
-0.0126811561139
-0.0128854070169
-0.0114176005462
-0.0114131651504
-0.0111866803593
-0.0111866803593
-0.0111866803593
-0.0111866803593
-0.0111866803593
-0.0114176005462
-0.0114176005462
-0.0111956512098
-0.0111866803593
-0.0109552776814
-0.0109552776814
-0.0109643545594
-0.0111866803593
-0.0109688901554
-0.0100864535923
-0.0111866803593
-0.0109643545594
-0.0102628592733
-0.0102299196614
-0.0127019764381
-0.0126936535113
-0.0102628592733
-0.0109280014731
-0.0109325522621
-0.0100675226017
-0.010244048481
-0.0126936535113
-0.0102393408504
-0.0102204905604
-0.0102204905604
-0.0127061353033
-0.0126936535113
-0.0102204905604
-0.0104210934451
-0.0102204905604
-0.0111866803593
-0.0111956512098
-0.0102204905604
-0.0102628592733
-0.0102204905604
-0.0102346312443
-0.0100864535923
-0.0111821921248
-0.0111956512098
-0.0111866803593
-0.0111956512098
-0.0111866803593
-0.0111866803593
-0.0111866803593
-0.0114131651504
-0.0114176005462
-0.0114131651504
-0.0111911667206
-0.0111866803593
-0.0109688901554
-0.0111821921248
-0.0109688901554
