0.180999230989
0.164946613046
0.164946613046
0.164946613046
0.164946613046
0.164946613046
0.164946613046
0.164946613046
0.164946613046
0.164946613046
0.164946613046
0.164946613046
0.163265938539
0.163265938539
0.163265938539
0.163265938539
0.163265938539
0.163265938539
0.163265938539
0.163265938539
0.164946613046
0.164946613046
0.163265938539
0.163265938539
0.163265938539
0.163265938539
0.163265938539
0.163265938539
0.163265938539
0.163265938539
0.164946613046
0.164946613046
0.164946613046
0.164946613046
0.164946613046
0.164946613046
0.164946613046
0.164946613046
0.164946613046
0.163265938539
0.164946613046
0.164946613046
0.163265938539
0.163265938539
0.163265938539
0.164946613046
0.164946613046
0.164946613046
0.164946613046
0.164946613046
0.164946613046
0.164946613046
0.164946613046
0.164946613046
0.165435145454
0.165435145454
0.165435145454
0.165435145454
0.165435145454
0.165435145454
0.165435145454
0.165435145454
0.165435145454
0.165435145454
0.164946613046
0.165435145454
0.165435145454
0.165435145454
0.165435145454
0.165435145454
0.165435145454
0.164946613046
0.164946613046
0.165435145454
0.165435145454
0.165473553026
0.165473553026
0.165435145454
0.165435145454
0.165473553026
0.165473553026
0.165473553026
0.165473553026
0.165473553026
0.165473553026
0.165473553026
0.165473553026
0.165435145454
0.165435145454
0.165435145454
0.165435145454
0.165473553026
0.166871993211
0.166871993211
0.165473553026
0.166871993211
0.166871993211
0.165473553026
0.166871993211
