0.00590890398438
-0.00512167090489
-0.00317874596302
0.00569002429817
-0.00376945075675
0.00680474727153
0.00404489244745
-0.00431094137022
0.00494953077488
-0.00376945075675
0.00637327434385
-0.0107238581437
-0.00308979056625
0.003518218985
-0.00554280910622
0.00409635809972
0.0039395984483
-0.00405860073693
-0.00331938785261
-0.00442170801793
-0.0051352358223
-0.00375866141963
-0.00385633960907
-0.00364101599652
-0.00366730755537
-0.00492091238991
-0.00277300374458
-0.00429873258195
-0.00492091238991
-0.00301859671516
-0.00591254011835
-0.00313059850719
-0.00455929618298
-0.00376888250164
-0.00379164703904
-0.00398803137839
0.00327535316836
-0.00373713020583
0.00367924958081
-0.00549615407432
-0.00546781623054
-0.0034248267798
-0.00364101599652
0.00399721992589
-0.0051352358223
-0.00486822231915
-0.0034248267798
-0.00331938785261
-0.0040232327736
0.00490153000686
-0.00546781623054
-0.00583415014391
-0.00422588875911
-0.00480285042879
-0.00582922369578
-0.0047251149585
-0.00379107706602
-0.00460994188233
0.00402227333521
0.00729366513333
0.00366421560403
0.00405277415873
-0.00376888250164
-0.00408227250175
-0.0040232327736
-0.00380191410833
-0.0038127671227
-0.00369425664853
-0.00317874596302
-0.00766411719734
-0.00442170801793
-0.00742880398734
-0.00552775569169
-0.00699773578312
0.00392445953126
0.00397428577672
-0.00310946132689
0.00400521116749
0.00402113847526
0.00343097971146
0.00392562639241
-0.00518811768342
0.00383342781085
0.0042067014204
0.0041840533587
0.00492322543202
0.00367924958081
0.00358040078905
0.00359578346047
0.00417647003695
0.003518218985
0.00345497537853
0.00339874467198
0.00344699391377
0.00396506954786
0.00361873703959
-0.00537872143368
-0.00608760612177
-0.00555789009111
