0.0406237428455
0.0246530249849
0.0246530249849
0.0246530249849
0.0246530249849
0.0246530249849
0.0246530249849
0.0246530249849
0.0246530249849
0.0246530249849
0.0246530249849
0.0246530249849
0.0229723504777
0.0229723504777
0.0229723504777
0.0229723504777
0.0229723504777
0.0229723504777
0.0229723504777
0.0229723504777
0.0246530249849
0.0246530249849
0.0229723504777
0.0229723504777
0.0246530249849
0.0246530249849
0.0246530249849
0.0246530249849
0.0246530249849
0.0246530249849
0.0246530249849
0.0246530249849
0.0246530249849
0.0246530249849
0.0246530249849
0.0246530249849
0.0246530249849
0.0246530249849
0.0246530249849
0.0246530249849
0.0246530249849
0.0246530249849
0.0246530249849
0.0246530249849
0.0246530249849
0.0246530249849
0.0246530249849
0.0246530249849
0.0246530249849
0.0246530249849
0.0246530249849
0.0246530249849
0.0246530249849
0.0246530249849
0.0251415573925
0.0251415573925
0.0251415573925
0.0251415573925
0.0251415573925
0.0251415573925
0.0251415573925
0.0251415573925
0.0251415573925
0.0246530249849
0.0246530249849
0.0246530249849
0.0246530249849
0.0246530249849
0.0246530249849
0.0246530249849
0.0246530249849
0.0246530249849
0.0246530249849
0.0246530249849
0.0246530249849
0.0251799649652
0.0251799649652
0.0251799649652
0.0251799649652
0.0251799649652
0.0251799649652
0.0251799649652
0.0251799649652
0.0251799649652
0.0251799649652
0.0251799649652
0.0251799649652
0.0251799649652
0.0251799649652
0.0251799649652
0.0251799649652
0.0251799649652
0.0265784051498
0.0251799649652
0.0251799649652
0.0251799649652
0.0251799649652
0.0251799649652
0.0251799649652
