0.139289185324
0.134468407721
-0.00681528932664
0.164358205837
0.141585928977
0.164507881405
-0.00681528932664
0.377738216345
-0.0068919477799
0.37794550818
-0.00681528932664
0.378038480694
0.378154222868
0.378154222868
0.378038480694
0.378038480694
0.37794550818
0.378038480694
0.377853717912
0.378038480694
0.378038480694
0.377853717912
0.378038480694
0.377853717912
0.377738216345
0.377853717912
0.378038480694
0.378038480694
0.378038480694
0.378038480694
0.377669048918
0.378038480694
0.378038480694
0.378038480694
0.378154222868
0.378085073273
0.378200927426
0.378270082727
0.378270082727
0.378200927426
0.378131736949
0.378200927426
0.378085073273
0.378085073273
0.378085073273
0.378085073273
0.378154222868
0.378270082727
0.378085073273
0.378085073273
0.378155970577
0.378154222868
0.378038480694
0.378038480694
0.378154222868
0.37794550818
0.377668663486
0.377530608678
0.377645770941
0.37773763849
0.37773763849
0.377645770941
0.37773763849
0.37773763849
0.37773763849
0.37794550818
0.377853717912
0.378083527629
0.378038480694
0.378270082727
0.377993250362
0.378200927426
0.377993250362
0.491360121941
0.493303724451
0.650257881405
0.650257881405
0.650257881405
0.650257881405
0.650257881405
0.650257881405
0.650257881405
0.491307264121
0.650257881405
0.650257881405
0.377599653557
0.650257881405
0.377599653557
0.378133423359
0.650257881405
0.650257881405
0.650257881405
0.377599653557
0.650257881405
0.650257881405
0.510993915294
0.510993915294
0.650257881405
0.650257881405
