0.0124100206855
0.0155548187433
0.0158333905768
0.0156526746944
0.0118122013725
0.00963576183672
0.0153598475084
0.0129967683314
0.0158333905768
0.0155042768876
0.0157841935636
0.00963576183672
0.0158200603585
0.0159599787062
0.0118049687514
0.0158200603585
0.0158200603585
0.0158200603585
0.0118049687514
0.0118049687514
0.0155240414483
0.0158200603585
0.0155240414483
0.0113164363439
0.0113164363439
0.0113164363439
0.0113164363439
0.0113164363439
0.0113164363439
0.0113164363439
0.0113164363439
0.0113164363439
0.0113164363439
0.0113164363439
0.0113164363439
0.0113164363439
0.0113164363439
0.0118049687514
0.0113164363439
0.0113164363439
0.0113164363439
0.0118049687514
0.0113164363439
0.0118049687514
0.0113164363439
0.0113164363439
0.0118049687514
0.0118049687514
0.0118049687514
0.0118049687514
0.0118049687514
0.0118049687514
0.0118049687514
0.0118049687514
0.0118049687514
0.0118049687514
0.0118049687514
0.0118049687514
0.0118049687514
0.0118049687514
0.0118049687514
0.0118049687514
0.0118049687514
0.0118049687514
0.0118049687514
0.0118049687514
0.0118049687514
0.0118049687514
0.0118049687514
0.0118049687514
0.0118433763242
0.0118433763242
0.0118433763242
0.0118433763242
0.0118433763242
0.0118433763242
0.0118433763242
0.0118433763242
0.0118433763242
0.0118433763242
0.0118433763242
0.0118433763242
0.0118433763242
0.0118433763242
0.0118433763242
0.0118433763242
0.0118433763242
0.0118433763242
0.0118433763242
0.0118433763242
0.0118433763242
0.0118433763242
0.0118433763242
0.0132418165088
0.0132418165088
0.0118433763242
0.0118433763242
0.0118433763242
0.0132418165088
