0.440559154082
0.424506536139
0.424506536139
0.424506536139
0.424506536139
0.424506536139
0.424506536139
0.424506536139
0.424506536139
0.424506536139
0.424506536139
0.424506536139
0.422825861632
0.422825861632
0.422825861632
0.422825861632
0.422825861632
0.422825861632
0.422825861632
0.422825861632
0.424506536139
0.424506536139
0.422825861632
0.422825861632
0.424506536139
0.422825861632
0.422825861632
0.422825861632
0.424506536139
0.422825861632
0.422825861632
0.424506536139
0.424506536139
0.424506536139
0.424506536139
0.424506536139
0.424506536139
0.424506536139
0.424506536139
0.422825861632
0.422825861632
0.422825861632
0.424506536139
0.422825861632
0.422825861632
0.422825861632
0.422825861632
0.424506536139
0.424506536139
0.424506536139
0.424506536139
0.424506536139
0.424506536139
0.424506536139
0.424506536139
0.424995068547
0.424995068547
0.424995068547
0.424995068547
0.424995068547
0.424995068547
0.424995068547
0.424995068547
0.424506536139
0.424995068547
0.424506536139
0.424995068547
0.424995068547
0.424995068547
0.424995068547
0.424995068547
0.424995068547
0.424995068547
0.424995068547
0.424995068547
0.424995068547
0.42503347612
0.424995068547
0.424995068547
0.42503347612
0.42503347612
0.42503347612
0.42503347612
0.42503347612
0.42503347612
0.42503347612
0.42503347612
0.424995068547
0.424995068547
0.42503347612
0.424995068547
0.426431916304
0.426431916304
0.426431916304
0.426431916304
0.426431916304
0.426431916304
0.426431916304
0.426431916304
