0.347752366765
0.331699748823
0.331699748823
0.331699748823
0.331699748823
0.331699748823
0.331699748823
0.331699748823
0.331699748823
0.331699748823
0.331699748823
0.331699748823
0.330019074316
0.330019074316
0.330019074316
0.330019074316
0.330019074316
0.330019074316
0.330019074316
0.330019074316
0.331699748823
0.331699748823
0.330019074316
0.330019074316
0.330019074316
0.330019074316
0.330019074316
0.330019074316
0.330019074316
0.330019074316
0.330019074316
0.331699748823
0.331699748823
0.331699748823
0.331699748823
0.331699748823
0.331699748823
0.331699748823
0.331699748823
0.330019074316
0.330019074316
0.330019074316
0.330019074316
0.330019074316
0.330019074316
0.330019074316
0.330019074316
0.331699748823
0.331699748823
0.331699748823
0.331699748823
0.331699748823
0.331699748823
0.331699748823
0.331699748823
0.33218828123
0.33218828123
0.33218828123
0.33218828123
0.33218828123
0.33218828123
0.33218828123
0.33218828123
0.33218828123
0.33218828123
0.33218828123
0.33218828123
0.331699748823
0.33218828123
0.331699748823
0.33218828123
0.33218828123
0.33218828123
0.33218828123
0.33218828123
0.33218828123
0.332226688803
0.332226688803
0.33218828123
0.332226688803
0.332226688803
0.332226688803
0.332226688803
0.332226688803
0.332226688803
0.332226688803
0.332226688803
0.33218828123
0.33218828123
0.33218828123
0.33218828123
0.333625128988
0.333625128988
0.333625128988
0.333625128988
0.332226688803
0.333625128988
0.333625128988
0.333625128988
