-0.341901882799
-0.142162314982
-0.121853570289
-0.122194049179
-0.121839551542
0.0259629146165
0.0493409849828
-0.240483075582
0.0261517580305
0.0244281182077
-0.240458318235
-0.3417217859
0.262920092009
0.262990273182
0.262921245965
0.262621508726
0.262506346463
0.262506346463
0.0259629146165
-0.121916209995
0.262575391342
0.0243187307917
0.262920092009
0.262621508726
0.262437266606
0.263059265414
0.262644786703
0.26271395413
0.263014218479
0.263014218479
0.263014218479
-0.121839551542
0.262644786703
0.0196965504355
0.263199075121
-0.121916209995
0.263060811058
-0.121839551542
0.0238001301318
0.263014218479
0.263014218479
0.263014218479
0.262644786703
0.262829455697
0.262783086466
0.263059265414
0.26271395413
0.262921245965
0.263014218479
0.263129960653
0.263245820512
0.263245820512
0.263060811058
0.263245820512
0.263060811058
0.263060811058
0.263245820512
0.263176665211
0.263107474734
0.263176665211
0.262968988147
0.263107474734
0.263176665211
0.263060811058
0.263129960653
0.263014218479
0.263014218479
0.263176665211
0.262899691982
0.263109161144
0.262946303856
0.262968988147
0.263038249055
0.263176665211
0.263176665211
0.263176665211
0.263176665211
0.263176665211
0.263245820512
0.263060811058
0.263129960653
0.263014218479
0.263014218479
0.263014218479
0.263014218479
0.263014218479
0.263129960653
0.263129960653
0.263129960653
0.263014218479
0.263014218479
0.263129960653
0.263129960653
0.263060811058
0.263176665211
0.263060811058
0.263060811058
0.263129960653
0.263014218479
