-0.0674160059161
0.0414907892813
-0.0264860391404
-0.0245206814634
0.00910053523987
0.0103585909397
0.0102780916276
0.0102892433096
0.0103585909397
-0.0332690449334
0.0118511425791
0.0117419329995
0.011714662168
0.0118511425791
0.0161545375692
0.0161829534889
0.0161545375692
0.0161829534889
0.0161780905135
0.0164063096343
0.0167253747539
0.0162635730538
0.0161780905135
0.0161780905135
0.0162350656083
0.0162635730538
0.0162398249417
0.0161261348415
0.0162113826101
0.0161545375692
0.0161829534889
0.0160358844904
0.0161496228458
0.0160927272235
0.0161780905135
0.0162635730538
0.0162635730538
0.0161780905135
0.0160927272235
0.0162113826101
0.0161545375692
0.0161211684189
0.0160642992504
0.0160642992504
0.0162635730538
0.0163491750944
0.0162635730538
0.0163491750944
0.0164063096343
0.0163491750944
0.0167253747539
0.0163491750944
0.0163777357068
0.0163491750944
0.0163491750944
0.0162635730538
0.0162635730538
0.0163491750944
0.0163206277876
0.0163491750944
0.0163491750944
0.0163491750944
0.0162635730538
0.0162635730538
0.0163491750944
0.0163491750944
0.0164063096343
0.0167540564589
0.0167253747539
0.0163491750944
0.0164063096343
0.0164063096343
0.0166680514675
0.0167540564589
0.0167540564589
0.0166967064265
0.0166680514675
0.0167540564589
0.0167540564589
0.0163491750944
0.0163491750944
0.0167253747539
0.0166680514675
0.0167540564589
0.0167540564589
0.0166927832852
0.0166640756944
0.0166640756944
0.0166640756944
0.0167540564589
0.0167540564589
0.016782751551
0.016782751551
0.0164878048314
0.0166600850343
0.0163641363556
0.893795587024
0.893795587024
0.893795587024
