0.362492806842
0.3464401889
0.3464401889
0.3464401889
0.3464401889
0.3464401889
0.3464401889
0.3464401889
0.3464401889
0.3464401889
0.3464401889
0.3464401889
0.344759514393
0.344759514393
0.344759514393
0.344759514393
0.344759514393
0.344759514393
0.344759514393
0.344759514393
0.3464401889
0.3464401889
0.344759514393
0.344759514393
0.3464401889
0.344759514393
0.344759514393
0.344759514393
0.3464401889
0.344759514393
0.344759514393
0.3464401889
0.3464401889
0.3464401889
0.3464401889
0.3464401889
0.3464401889
0.3464401889
0.3464401889
0.344759514393
0.344759514393
0.344759514393
0.3464401889
0.344759514393
0.344759514393
0.344759514393
0.344759514393
0.3464401889
0.3464401889
0.3464401889
0.3464401889
0.3464401889
0.3464401889
0.3464401889
0.3464401889
0.346928721307
0.346928721307
0.346928721307
0.346928721307
0.346928721307
0.346928721307
0.346928721307
0.346928721307
0.3464401889
0.346928721307
0.3464401889
0.346928721307
0.346928721307
0.346928721307
0.346928721307
0.346928721307
0.346928721307
0.346928721307
0.346928721307
0.346928721307
0.346928721307
0.34696712888
0.346928721307
0.346928721307
0.34696712888
0.34696712888
0.34696712888
0.34696712888
0.34696712888
0.34696712888
0.34696712888
0.34696712888
0.346928721307
0.346928721307
0.34696712888
0.346928721307
0.348365569065
0.348365569065
0.348365569065
0.348365569065
0.348365569065
0.348365569065
0.348365569065
0.348365569065
