0.0764105102038
-0.0953048352835
0.24233784672
-0.088369678847
0.237380980987
0.24165553653
0.0756482871479
-0.0227556343449
-0.0227016882082
0.481619240169
-0.0895352002066
-0.0896737639494
-0.0226724734521
0.0760691065582
-0.0876467575665
0.242075525239
-0.0886463230924
-0.00454614012555
-0.0879900137767
-0.088369678847
0.242238720338
0.242003985795
-0.0227016882082
0.24165553653
0.0956098189879
-0.0885706855121
0.241987710264
0.241736453375
-0.088369678847
0.076161981938
0.242238720338
0.242238720338
0.242238720338
0.242003985795
0.242003985795
0.241998565945
0.24211324613
0.241987710264
0.242238720338
0.241987710264
0.241736453375
0.241610732262
0.241736453375
0.241736453375
0.242458303053
0.241610732262
0.242458303053
0.242332573943
0.241610732262
0.241736453375
0.241610732262
0.242238720338
0.241862112694
0.242238720338
0.24211324613
0.241736453375
0.241862112694
0.241736453375
0.242458303053
0.242075525239
0.242327295969
0.242238720338
0.241610732262
0.242201441626
0.241823506154
0.241823506154
0.242327295969
0.0959640360899
0.0961241433475
0.0961241433475
0.0957900830534
0.241610732262
0.0958666057485
0.24233784672
0.241359104469
0.0961241433475
0.242238720338
0.0958943921353
0.242327295969
0.237300994569
0.241889526542
0.237529928625
0.237254747636
0.24165553653
0.237254747636
0.0958943921353
0.0958943921353
0.0961241433475
0.0959710505885
0.0959640360899
0.0960476342895
0.0959710505885
0.0959710505885
0.0958943921353
0.0959710505885
0.0961241433475
0.0959570318414
0.0957900830534
0.0961241433475
