0.108548289493
0.09249567155
0.09249567155
0.09249567155
0.09249567155
0.09249567155
0.09249567155
0.09249567155
0.09249567155
0.09249567155
0.09249567155
0.09249567155
0.0908149970429
0.0908149970429
0.0908149970429
0.0908149970429
0.0908149970429
0.0908149970429
0.0908149970429
0.0908149970429
0.09249567155
0.09249567155
0.0908149970429
0.0908149970429
0.09249567155
0.09249567155
0.09249567155
0.09249567155
0.09249567155
0.09249567155
0.09249567155
0.09249567155
0.09249567155
0.09249567155
0.09249567155
0.09249567155
0.09249567155
0.09249567155
0.09249567155
0.0908149970429
0.0908149970429
0.0908149970429
0.09249567155
0.0908149970429
0.09249567155
0.09249567155
0.0908149970429
0.09249567155
0.09249567155
0.09249567155
0.09249567155
0.09249567155
0.09249567155
0.09249567155
0.09249567155
0.0929842039576
0.0929842039576
0.0929842039576
0.0929842039576
0.0929842039576
0.0929842039576
0.0929842039576
0.0929842039576
0.09249567155
0.0929842039576
0.09249567155
0.09249567155
0.09249567155
0.0929842039576
0.09249567155
0.0929842039576
0.0929842039576
0.0929842039576
0.09249567155
0.0929842039576
0.0929842039576
0.0930226115303
0.0930226115303
0.0929842039576
0.0930226115303
0.0930226115303
0.0930226115303
0.0930226115303
0.0930226115303
0.0930226115303
0.0930226115303
0.0930226115303
0.0930226115303
0.0930226115303
0.0930226115303
0.0930226115303
0.0944210517149
0.0944210517149
0.0944210517149
0.0944210517149
0.0930226115303
0.0930226115303
0.0944210517149
0.0930226115303
