0.249848988366
0.233796370424
0.233796370424
0.233796370424
0.233796370424
0.233796370424
0.233796370424
0.233796370424
0.233796370424
0.233796370424
0.233796370424
0.233796370424
0.232115695917
0.232115695917
0.232115695917
0.232115695917
0.232115695917
0.232115695917
0.232115695917
0.232115695917
0.233796370424
0.233796370424
0.232115695917
0.232115695917
0.232115695917
0.232115695917
0.232115695917
0.232115695917
0.233796370424
0.232115695917
0.232115695917
0.233796370424
0.233796370424
0.233796370424
0.233796370424
0.233796370424
0.233796370424
0.233796370424
0.233796370424
0.233796370424
0.232115695917
0.232115695917
0.232115695917
0.233796370424
0.232115695917
0.232115695917
0.232115695917
0.233796370424
0.233796370424
0.233796370424
0.233796370424
0.233796370424
0.233796370424
0.233796370424
0.233796370424
0.234284902831
0.234284902831
0.234284902831
0.234284902831
0.234284902831
0.234284902831
0.234284902831
0.234284902831
0.234284902831
0.234284902831
0.234284902831
0.234284902831
0.234284902831
0.233796370424
0.234284902831
0.233796370424
0.234284902831
0.234284902831
0.234284902831
0.233796370424
0.234284902831
0.234323310404
0.234284902831
0.234323310404
0.234323310404
0.234323310404
0.234323310404
0.234323310404
0.234323310404
0.234323310404
0.234323310404
0.234323310404
0.234284902831
0.234284902831
0.234284902831
0.234284902831
0.235721750589
0.235721750589
0.234323310404
0.235721750589
0.235721750589
0.235721750589
0.235721750589
0.235721750589
