0.0164396263362
0.0122425914566
0.0162252319075
0.0165102043173
0.0126695194116
0.0167151548647
0.0167050971333
0.0167282385611
0.0167050971333
0.0167050971333
0.0105207986115
0.0105207986115
0.0167050971333
0.0167050971333
0.0126900055263
0.0167050971333
0.0167050971333
0.0164090782231
0.012728413099
0.012728413099
0.0141268532836
0.0141268532836
0.0141268532836
0.0141268532836
0.0141268532836
0.0122014731187
0.0122014731187
0.012728413099
0.012728413099
0.012728413099
0.012728413099
0.0122014731187
0.012728413099
0.012728413099
0.012728413099
0.012728413099
0.012728413099
0.012728413099
0.012728413099
0.012728413099
0.012728413099
0.012728413099
0.0126900055263
0.0126900055263
0.0126900055263
0.0126900055263
0.0122014731187
0.0122014731187
0.0126900055263
0.0122014731187
0.0122014731187
0.012728413099
0.0122014731187
0.0122014731187
0.0126900055263
0.0126900055263
0.0126900055263
0.0126900055263
0.0126900055263
0.0126900055263
0.0126900055263
0.0126900055263
0.0126900055263
0.0126900055263
0.0126900055263
0.0126900055263
0.0126900055263
0.0126900055263
0.0126900055263
0.0126900055263
0.012728413099
0.0122014731187
0.0122014731187
0.0122014731187
0.0122014731187
0.0122014731187
0.012728413099
0.0122014731187
0.012728413099
0.012728413099
0.012728413099
0.012728413099
0.012728413099
0.012728413099
0.012728413099
0.012728413099
0.012728413099
0.012728413099
0.012728413099
0.012728413099
0.012728413099
0.0141268532836
0.0141268532836
0.0141268532836
0.0141268532836
0.0141268532836
0.0141268532836
0.0141268532836
0.0141268532836
