-0.00531475201964
-0.00429578227573
0.002814054852
0.00313279643398
0.00485250226593
0.00613510361535
0.000261917909816
0.00238917900486
0.000266049052219
0.000274320701157
0.00025572703886
0.000274320701157
0.000272251617301
0.00123454211086
0.000473749514749
0.000270183314821
0.000274320701157
0.000268115793275
0.000473749514749
0.000274320701157
0.000473749514749
0.00123679637126
0.00123905148473
0.00123679637126
0.00123905148473
0.00123679637126
0.000473749514749
0.00123905148473
0.00123679637126
0.00123679637126
0.00123905148473
0.00238917900486
0.00123905148473
0.00123228870307
0.000473749514749
0.000276390566832
0.000276390566832
0.00123679637126
0.00123228870307
0.000471640776029
0.000274320701157
0.00123228870307
0.00123905148473
0.00123905148473
0.00123228870307
0.00123228870307
0.000471640776029
0.00123679637126
0.00123228870307
0.000473749514749
0.000473749514749
0.00123679637126
0.00123905148473
0.00123228870307
0.00123228870307
0.000473749514749
0.00123228870307
0.00123905148473
0.00123679637126
0.00123905148473
0.00123905148473
0.00123679637126
0.00123679637126
0.00123905148473
0.00123679637126
0.00123679637126
0.00123228870307
0.00123679637126
0.00123454211086
0.000473749514749
0.000471640776029
0.000473749514749
0.000471640776029
0.000473749514749
0.00123905148473
0.00123905148473
0.00238917900486
0.00238917900486
0.00238917900486
0.00239165544619
0.00238917900486
0.00238917900486
0.00238917900486
0.0023941328261
0.00238917900486
0.00238670350158
0.00123905148473
0.00123679637126
0.000473749514749
0.00123679637126
0.00123679637126
0.00123228870307
0.00123679637126
0.000473749514749
0.00123679637126
0.00123905148473
0.00123679637126
0.00123679637126
0.00123228870307
