0.167296420234
0.151243802291
0.151243802291
0.151243802291
0.151243802291
0.151243802291
0.151243802291
0.151243802291
0.151243802291
0.151243802291
0.151243802291
0.151243802291
0.149563127784
0.149563127784
0.149563127784
0.149563127784
0.149563127784
0.149563127784
0.149563127784
0.149563127784
0.151243802291
0.151243802291
0.149563127784
0.149563127784
0.149563127784
0.149563127784
0.149563127784
0.149563127784
0.149563127784
0.149563127784
0.151243802291
0.151243802291
0.151243802291
0.151243802291
0.151243802291
0.151243802291
0.151243802291
0.151243802291
0.151243802291
0.149563127784
0.151243802291
0.151243802291
0.149563127784
0.149563127784
0.149563127784
0.151243802291
0.151243802291
0.151243802291
0.151243802291
0.151243802291
0.151243802291
0.151243802291
0.151243802291
0.151243802291
0.151732334699
0.151732334699
0.151732334699
0.151732334699
0.151732334699
0.151732334699
0.151732334699
0.151732334699
0.151732334699
0.151732334699
0.151243802291
0.151732334699
0.151732334699
0.151732334699
0.151732334699
0.151732334699
0.151732334699
0.151243802291
0.151243802291
0.151732334699
0.151732334699
0.151770742272
0.151770742272
0.151732334699
0.151732334699
0.151770742272
0.151770742272
0.151770742272
0.151770742272
0.151770742272
0.151770742272
0.151770742272
0.151770742272
0.151732334699
0.151732334699
0.151732334699
0.151732334699
0.151770742272
0.153169182456
0.153169182456
0.151770742272
0.153169182456
0.153169182456
0.151770742272
0.153169182456
