0.403983490394
0.166892137697
0.164612532854
0.403871668136
0.160413388791
0.160382781579
0.403826621201
0.167483103074
0.403595489188
0.403525778997
0.403526356853
0.403826621201
0.403826621201
0.403826621201
0.403826621201
0.403942363376
0.403826621201
0.403871668136
0.403942363376
0.403826621201
0.403942363376
0.40387321378
0.40387321378
0.404058223234
0.40387321378
0.403989067933
0.403989067933
0.403989067933
0.403944111084
0.404037856564
0.403850651777
0.403989067933
0.404058223234
0.403919877457
0.404058223234
0.40387321378
0.404058223234
0.403989067933
0.403989067933
0.403919877457
0.403712094704
0.403919877457
0.403876331138
0.403942363376
0.403942363376
0.40387321378
0.403826621201
0.403942363376
0.403942363376
0.403871668136
0.403318749185
0.403826621201
0.403826621201
0.403457189425
0.403989067933
0.403919877457
0.403919877457
0.403944111084
0.517770783079
0.518847578333
0.517095404628
0.519091864958
0.676046021912
0.536782055802
0.536782055802
0.536782055802
0.536782055802
0.676046021912
0.676046021912
0.676046021912
0.676046021912
0.536182218874
0.676046021912
0.403387794064
0.536182218874
0.536182218874
0.536182218874
0.536182218874
0.536182218874
0.403387794064
0.536399151928
0.536782055802
0.536399151928
0.536782055802
0.536782055802
0.536782055802
0.536399151928
0.536182218874
0.536182218874
0.536182218874
0.536182218874
0.676046021912
0.676046021912
0.676046021912
0.676046021912
0.676046021912
0.676046021912
0.676046021912
0.676046021912
