0.464516184021
0.448463566078
0.448463566078
0.448463566078
0.448463566078
0.448463566078
0.448463566078
0.448463566078
0.448463566078
0.448463566078
0.448463566078
0.448463566078
0.446782891571
0.446782891571
0.446782891571
0.446782891571
0.446782891571
0.446782891571
0.446782891571
0.446782891571
0.448463566078
0.448463566078
0.446782891571
0.446782891571
0.448463566078
0.446782891571
0.446782891571
0.446782891571
0.448463566078
0.446782891571
0.446782891571
0.448463566078
0.448463566078
0.448463566078
0.448463566078
0.448463566078
0.448463566078
0.448463566078
0.448463566078
0.446782891571
0.446782891571
0.446782891571
0.448463566078
0.446782891571
0.446782891571
0.446782891571
0.446782891571
0.448463566078
0.448463566078
0.448463566078
0.448463566078
0.448463566078
0.448463566078
0.448463566078
0.448463566078
0.448952098486
0.448952098486
0.448952098486
0.448952098486
0.448952098486
0.448952098486
0.448952098486
0.448952098486
0.448463566078
0.448952098486
0.448463566078
0.448952098486
0.448952098486
0.448952098486
0.448952098486
0.448952098486
0.448952098486
0.448952098486
0.448952098486
0.448952098486
0.448952098486
0.448990506058
0.448952098486
0.448952098486
0.448990506058
0.448990506058
0.448990506058
0.448990506058
0.448990506058
0.448990506058
0.448990506058
0.448990506058
0.448952098486
0.448952098486
0.448990506058
0.448952098486
0.450388946243
0.450388946243
0.450388946243
0.450388946243
0.450388946243
0.450388946243
0.450388946243
0.450388946243
