0.00513377838645
0.0022678865969
0.00558818542016
0.002274075133
0.00506795887539
0.00482827647742
0.00440340063028
0.00558818542016
0.00225758791232
0.00226376479393
0.00226582530693
0.0022186291947
-0.00138706255267
-0.00138706255267
-0.00138706255267
-0.00138298325076
-0.00139249451995
-0.00139927309074
-0.00140333417302
-0.001395207465
-0.00138706255267
-0.00138842130485
-0.00138706255267
-0.00139927309074
-0.00138706255267
-0.00138706255267
-0.00138706255267
-0.00138706255267
-0.00138706255267
-0.00138977954993
-0.00138706255267
-0.00138706255267
-0.00138706255267
-0.00138162246738
-0.00138026117549
-0.00138026117549
0.00217589156083
-0.00138162246738
-0.00138162246738
0.000865453589191
-0.00138026117549
-0.00138162246738
-0.00138162246738
-0.00138162246738
0.000863672107172
-0.00138162246738
-0.00138706255267
-0.00138706255267
-0.00138706255267
-0.00138706255267
-0.00138706255267
-0.00138706255267
-0.00138842130485
-0.00139656317888
-0.00138706255267
-0.00138706255267
-0.00138570329312
-0.00138162246738
-0.00138026117549
-0.00138026117549
0.00218603672199
0.00219213293623
0.00219620088514
0.00219620088514
0.00219620088514
0.00220027188292
0.00219823600271
0.00219416652979
0.00218603672199
0.00219620088514
0.00219620088514
0.00218603672199
0.000865453589191
0.000865453589191
0.000865453589191
0.00217589156083
0.000865453589191
-0.00138026117549
0.00217589156083
-0.00138026117549
-0.00138026117549
0.00217589156083
-0.00138026117549
0.000865453589191
-0.00138026117549
-0.00138026117549
0.00218197638027
0.00219213293623
0.00220027188292
0.00219213293623
0.00220027188292
0.0022084230388
0.002204345933
0.002204345933
0.00219213293623
0.00219416652979
0.00220638410372
0.0022186291947
0.0022288545243
