-0.0213881438097
0.0139400811137
0.0144162173146
0.0142654466788
0.00766543806382
-0.020869715188
-0.0211885915611
-0.0207837101966
-0.0207837101966
0.00401445649678
0.0136783988413
-0.0207837101966
0.0136410865449
-0.021049961824
0.0136783988413
-0.0213219169678
-0.0209968060081
0.00774437062761
0.0113975645651
0.0137904419576
0.0113975645651
0.0113975645651
0.007629627369
0.00766543806382
0.0136783988413
0.0138278251141
0.00397975554889
0.0135398350984
0.013889774719
0.0139272615096
0.00401445649678
0.0138278251141
0.0135398350984
0.0139272615096
0.0139272615096
0.0138652260172
0.0138278251141
0.0137157288338
0.00774437062761
0.00391829532691
0.00790876376428
0.00763721202097
0.00385669042455
0.00388358435489
0.00389144410245
0.00790876376428
0.00790876376428
0.00790876376428
0.00790876376428
0.00790876376428
0.00790876376428
0.0078372640267
0.00790876376428
0.00774437062761
0.00790876376428
0.00763721202097
0.00781589402244
0.0136410865449
0.0136783988413
0.0136783988413
0.0104136337708
0.00768706676541
0.00755805677467
0.00770126570643
0.00781589402244
0.00773711030888
0.00766543806382
0.00778012388469
0.00774437062761
0.00755805677467
0.00775864759566
0.00775864759566
0.00773711030888
0.0136410865449
0.0136783988413
0.013603791932
0.0113975645651
0.0136410865449
0.0136783988413
0.0137904419576
0.0136783988413
0.0136410865449
0.013753076535
0.0135398350984
0.0139272615096
0.0140398289354
0.0140773871379
0.0142654466788
0.0144162173146
0.0145672759554
0.0144796176912
0.0152235852711
0.0146950207516
0.0156433220483
0.0801886228669
0.0804579647029
0.0805119108397
0.0805411255957
0.0986674589223
