0.18963596917
0.173583351228
0.173583351228
0.173583351228
0.173583351228
0.173583351228
0.173583351228
0.173583351228
0.173583351228
0.173583351228
0.173583351228
0.173583351228
0.171902676721
0.171902676721
0.171902676721
0.171902676721
0.171902676721
0.171902676721
0.171902676721
0.171902676721
0.173583351228
0.173583351228
0.171902676721
0.171902676721
0.171902676721
0.171902676721
0.171902676721
0.171902676721
0.171902676721
0.171902676721
0.173583351228
0.173583351228
0.173583351228
0.173583351228
0.173583351228
0.173583351228
0.173583351228
0.173583351228
0.173583351228
0.171902676721
0.173583351228
0.173583351228
0.171902676721
0.171902676721
0.171902676721
0.173583351228
0.173583351228
0.173583351228
0.173583351228
0.173583351228
0.173583351228
0.173583351228
0.173583351228
0.173583351228
0.174071883635
0.174071883635
0.174071883635
0.174071883635
0.174071883635
0.174071883635
0.174071883635
0.174071883635
0.174071883635
0.174071883635
0.173583351228
0.174071883635
0.174071883635
0.174071883635
0.174071883635
0.174071883635
0.174071883635
0.173583351228
0.173583351228
0.174071883635
0.174071883635
0.174110291208
0.174110291208
0.174071883635
0.174071883635
0.174110291208
0.174110291208
0.174110291208
0.174110291208
0.174110291208
0.174110291208
0.174110291208
0.174110291208
0.174071883635
0.174071883635
0.174071883635
0.174071883635
0.174110291208
0.175508731393
0.175508731393
0.174110291208
0.175508731393
0.175508731393
0.174110291208
0.175508731393
