0.139310947044
0.123258329102
0.123258329102
0.123258329102
0.123258329102
0.123258329102
0.123258329102
0.123258329102
0.123258329102
0.123258329102
0.123258329102
0.123258329102
0.121577654595
0.121577654595
0.121577654595
0.121577654595
0.121577654595
0.121577654595
0.121577654595
0.121577654595
0.123258329102
0.123258329102
0.121577654595
0.121577654595
0.121577654595
0.121577654595
0.121577654595
0.121577654595
0.123258329102
0.121577654595
0.123258329102
0.123258329102
0.123258329102
0.123258329102
0.123258329102
0.123258329102
0.123258329102
0.123258329102
0.123258329102
0.123258329102
0.123258329102
0.123258329102
0.121577654595
0.123258329102
0.121577654595
0.123258329102
0.123258329102
0.123258329102
0.123258329102
0.123258329102
0.123258329102
0.123258329102
0.123258329102
0.123258329102
0.123746861509
0.123746861509
0.123746861509
0.123746861509
0.123746861509
0.123746861509
0.123746861509
0.123746861509
0.123746861509
0.123746861509
0.123258329102
0.123746861509
0.123746861509
0.123746861509
0.123258329102
0.123746861509
0.123258329102
0.123258329102
0.123258329102
0.123746861509
0.123258329102
0.123785269082
0.123785269082
0.123746861509
0.123785269082
0.123785269082
0.123785269082
0.123785269082
0.123785269082
0.123785269082
0.123785269082
0.123785269082
0.123785269082
0.123746861509
0.123746861509
0.123746861509
0.123746861509
0.123785269082
0.125183709267
0.123785269082
0.123785269082
0.125183709267
0.125183709267
0.123785269082
0.125183709267
