0.0758629658437
0.0598103479012
0.0598103479012
0.0598103479012
0.0598103479012
0.0598103479012
0.0598103479012
0.0598103479012
0.0598103479012
0.0598103479012
0.0598103479012
0.0598103479012
0.0581296733941
0.0581296733941
0.0581296733941
0.0581296733941
0.0581296733941
0.0581296733941
0.0581296733941
0.0581296733941
0.0598103479012
0.0598103479012
0.0581296733941
0.0581296733941
0.0598103479012
0.0598103479012
0.0598103479012
0.0598103479012
0.0598103479012
0.0598103479012
0.0598103479012
0.0598103479012
0.0598103479012
0.0598103479012
0.0598103479012
0.0598103479012
0.0598103479012
0.0598103479012
0.0598103479012
0.0598103479012
0.0598103479012
0.0598103479012
0.0598103479012
0.0598103479012
0.0598103479012
0.0598103479012
0.0598103479012
0.0598103479012
0.0598103479012
0.0598103479012
0.0598103479012
0.0598103479012
0.0598103479012
0.0598103479012
0.0602988803088
0.0602988803088
0.0602988803088
0.0602988803088
0.0602988803088
0.0602988803088
0.0602988803088
0.0602988803088
0.0602988803088
0.0598103479012
0.0598103479012
0.0598103479012
0.0598103479012
0.0598103479012
0.0598103479012
0.0598103479012
0.0598103479012
0.0598103479012
0.0598103479012
0.0598103479012
0.0598103479012
0.0603372878815
0.0603372878815
0.0603372878815
0.0603372878815
0.0603372878815
0.0603372878815
0.0603372878815
0.0603372878815
0.0603372878815
0.0603372878815
0.0603372878815
0.0603372878815
0.0603372878815
0.0603372878815
0.0603372878815
0.0603372878815
0.0603372878815
0.0617357280661
0.0603372878815
0.0603372878815
0.0603372878815
0.0603372878815
0.0603372878815
0.0603372878815
