0.150149884541
0.534979184845
-0.0355004898148
0.535843505933
-0.034612571164
0.130519827505
0.534982284799
-0.0335374402656
-0.035026894609
-0.0346503268047
-0.0345370057914
-0.035463195202
-0.0354258829056
0.0314368438488
0.0314076290928
0.129757604449
0.129757604449
-0.0344092609953
0.150080367889
0.146395889277
-0.035026894609
-0.0348388350681
0.0314076290928
-0.035026894609
-0.0348764828227
0.0314368438488
-0.0347257840595
0.0313828257117
-0.0353642761057
-0.0353512052118
-0.0355644466485
-0.0354258829056
-0.0353642761057
-0.0352145070279
-0.035026894609
-0.0349893185217
-0.0351770202373
-0.0354258829056
-0.0354258829056
-0.0353642761057
-0.0351770202373
-0.035026894609
-0.0348388350681
-0.034612571164
-0.0346880644323
-0.0346880644323
-0.0347634856993
-0.0348764828227
-0.0348388350681
-0.0348388350681
-0.0346880644323
-0.034612571164
-0.0346503268047
-0.0346503268047
-0.0347634856993
-0.0348388350681
-0.0350395483872
-0.0346880644323
-0.0345747974972
-0.034612571164
-0.0346880644323
-0.034260361546
-0.0336520235941
-0.0338806964758
-0.0340820935627
-0.0340820935627
-0.0334609596986
-0.0335374402656
0.0312458685082
0.0314076290928
0.031353682956
0.0311920001596
-0.0335863124478
-0.0334609596986
-0.03361384747
-0.0336245593615
0.0312997627674
0.031353682956
0.0314076290928
0.0312997627674
0.0311381577031
0.0311920001596
0.031353682956
0.0314076290928
0.0314368438488
0.130519827505
0.0315155992856
0.031353682956
0.0312458685082
0.0314076290928
0.0495631771754
0.130434600141
0.130434600141
0.0314368438488
0.0314076290928
0.0314616011964
0.0314368438488
0.0314076290928
0.0313828257117
