0.136980075446
-0.010813214068
0.137692785072
0.374946014838
0.137692785072
0.374920782696
0.374040555953
0.37385579317
-0.010813214068
0.373671124176
0.374040555953
0.374040555953
0.374087148532
0.374087148532
0.374156298127
0.374225412595
0.373671124176
0.374040555953
0.374040555953
0.374156298127
0.374156298127
0.374197425146
0.374040555953
0.374040555953
0.374040555953
0.374040555953
0.374087148532
0.374087148532
0.374087148532
0.374156298127
0.374040555953
0.374156298127
0.374087148532
0.374087148532
0.374203002685
0.37399532562
0.374158045836
0.373926029456
0.37399532562
0.373926029456
0.374158045836
0.374111280493
0.37399532562
0.374203002685
0.374203002685
0.37399532562
0.37399532562
0.374135498617
0.388874906574
0.49529691658
0.495218289997
0.50660973479
0.489143026407
0.374133812208
0.374087148532
0.374272157986
0.374040555953
0.374085602888
0.374040555953
0.374156298127
0.373601728816
0.373601728816
0.373739713749
0.373739713749
0.373739713749
0.373532683936
0.374085602888
0.373532683936
0.373947583439
0.374156298127
0.374203002685
0.374203002685
0.374133812208
0.487525714317
0.487415191321
0.487902942972
0.489224455238
0.488816464848
0.646259956664
0.646259956664
0.646259956664
0.646259956664
0.646259956664
0.646259956664
0.646259956664
0.646259956664
0.646259956664
0.646259956664
0.646259956664
0.646259956664
0.646259956664
0.646259956664
0.646259956664
0.646259956664
0.646259956664
0.646259956664
0.646259956664
0.646259956664
0.646259956664
