0.166798619245
-0.00804453718465
-0.0328194991135
-0.00411552896926
-0.0327906450949
-0.0016106589627
0.00172878380149
0.00182801301602
-0.0332128842947
0.00165410610772
-0.0331979230334
0.00172878380149
0.00190296877601
-0.00797511898203
-0.032693142146
0.00239192458108
-0.0329019743547
-0.0329019743547
-0.0329307213126
-0.00797511898203
-0.00427992210593
-0.00803652647041
0.00171571290767
-0.00804453718465
-0.00800983623676
-0.00787914842183
0.00281962746733
-0.0330168815308
-0.0330455747498
-0.0328444400546
-0.0329019743547
-0.00418702870684
-0.00411552896926
-0.0328444400546
-0.0328692761038
-0.00804453718465
-0.0330455747498
0.00220350619062
0.00204044062617
0.00235420495385
0.00235420495385
0.00220350619062
0.00220350619062
0.00205309440433
0.00190296877601
0.00205309440433
0.00205309440433
0.00201553620186
0.00171571290767
0.00169143610024
0.00157949919849
-0.00439466536454
-0.00418702870684
-0.00439466536454
-0.00411552896926
-0.00809807858311
-0.00449408782261
-0.00427992210593
-0.00427992210593
-0.00794038540897
0.00157949919849
-0.00411552896926
0.00161679381133
-0.00439466536454
-0.00427992210593
-0.0042083987111
-0.00439466536454
-0.00446623595887
-0.00433722596814
-0.00443045912359
-0.00428718242466
-0.00439466536454
-0.00426564513788
-0.00433722596814
-0.00437299102397
-0.00439466536454
-0.00428718242466
0.00157949919849
0.00161679381133
0.00169143610024
0.00172878380149
0.00169143610024
0.00165410610772
0.00176614922407
0.001878351946
0.00171571290767
0.00180353238059
0.00180353238059
0.00180353238059
0.00171571290767
0.00180353238059
0.00165410610772
0.00176614922407
0.00171571290767
0.00190296877601
0.00201553620186
0.00205309440433
0.00201553620186
0.00205309440433
