-0.0117720009412
-0.0117154001647
-0.0140746234273
0.0035964613443
-0.0021520655017
-0.0117154001647
-0.0029877914816
-0.037197359293
-0.0385538287762
-0.0024503400816
-0.00184520342343
-0.00208644670662
-0.00195485450014
-0.00195485450014
0.00364993634884
-0.0021520655017
-0.0024503400816
-0.00269880401459
0.00357865247037
0.00361427827838
-0.00195485450014
-0.00220120228682
-0.00213567185731
-0.00203715512523
0.0035964613443
-0.00302010896372
-0.00208644670662
0.0035964613443
-0.0029877914816
-0.00209779665993
-0.00269880401459
-0.00210286246474
-0.00220120228682
-0.00293926091286
-0.00293926091286
-0.00269880401459
-0.00266629884684
-0.00220120228682
-0.00208644670662
-0.00200425709858
-0.00192188233711
-0.00197132944742
-0.00195485450014
-0.00200425709858
-0.00184520342343
-0.00200425709858
-0.00200425709858
-0.00203715512523
-0.00208644670662
-0.00208644670662
-0.0018287223425
-0.00197132944742
-0.00203715512523
-0.00200425709858
-0.0018287223425
-0.0018287223425
-0.0018287223425
-0.0018287223425
-0.00200425709858
-0.00200425709858
-0.0018287223425
-0.0018287223425
-0.0018287223425
-0.0018287223425
-0.00184520342343
-0.0018287223425
-0.00202070981247
-0.00200425709858
-0.0018287223425
-0.00198779697857
-0.00195485450014
-0.00195485450014
-0.00195485450014
-0.00195485450014
-0.00195485450014
-0.00200425709858
-0.00200425709858
-0.0018287223425
-0.00198779697857
-0.00200425709858
-0.0018287223425
-0.0018287223425
-0.0018287223425
-0.00184520342343
-0.00210286246474
-0.00211927084664
-0.00211927084664
-0.00210286246474
-0.0021520655017
-0.00213567185731
-0.00208644670662
-0.00210286246474
-0.0021848307115
-0.00268255507643
-0.00269880401459
-0.00293926091286
-0.00295544502168
-0.00293926091286
-0.00269880401459
