0.000668103241057
0.000671861015304
0.00199224200264
-0.00246562721501
0.000672801290527
0.000707827087184
-0.00227952796681
-0.00134591915959
0.000666226347447
-0.00246380925765
0.00175037969583
0.00168001667339
-0.00153803824655
-0.00227314936465
-0.00135786023711
0.00260218173232
-0.00116176197999
-0.00134534836842
0.00169373586307
0.00214893192747
-0.00191726215612
0.0017294543908
-0.00191262499257
0.000712595764072
0.000735604331057
-0.00134306322353
-0.0022683427326
-0.000800711556192
-0.00116055257079
-0.00226271024958
0.00075008542798
0.000926716182629
0.000751053609594
0.000752022139163
0.000752991016874
0.000928715295281
0.00092471850509
0.000743317883653
0.00075008542798
0.000927715559469
0.00075008542798
0.00075008542798
0.000927715559469
0.00073753064567
0.000729833660579
0.000738494320896
0.000735604331057
0.000927715559469
0.000727912856607
0.000727912856607
0.000727912856607
0.000725993426601
0.000727912856607
0.000730794578263
0.000734641691298
0.000728873086755
0.000727912856607
0.000727912856607
0.0017121210543
0.000731755839992
0.000727912856607
0.000729833660579
0.000731755839992
0.000725034226375
0.00072120085302
0.000723116854555
0.000727912856607
0.00170866570365
0.000727912856607
0.000727912856607
0.000727912856607
0.000727912856607
0.000727912856607
0.000727912856607
0.000731755839992
0.00168001667339
0.00166408589334
0.000727912856607
0.00168001667339
0.00169373586307
0.00166068259997
0.000739458341649
0.000738494320896
0.00169832217435
0.000927715559469
0.000927715559469
0.00169946979036
0.00171442671213
0.00166862934213
0.0017006178221
0.00171788833953
0.00170866570365
0.0017006178221
0.000753960242913
0.0017121210543
0.0017006178221
0.00170521411085
0.0017121210543
0.0017121210543
