0.109006067135
0.0929534491922
0.0929534491922
0.0929534491922
0.0929534491922
0.0929534491922
0.0929534491922
0.0929534491922
0.0929534491922
0.0929534491922
0.0929534491922
0.0929534491922
0.091272774685
0.091272774685
0.091272774685
0.091272774685
0.091272774685
0.091272774685
0.091272774685
0.091272774685
0.0929534491922
0.0929534491922
0.091272774685
0.091272774685
0.091272774685
0.091272774685
0.091272774685
0.091272774685
0.0929534491922
0.091272774685
0.0929534491922
0.0929534491922
0.0929534491922
0.0929534491922
0.0929534491922
0.0929534491922
0.0929534491922
0.0929534491922
0.0929534491922
0.0929534491922
0.0929534491922
0.0929534491922
0.091272774685
0.0929534491922
0.091272774685
0.0929534491922
0.0929534491922
0.0929534491922
0.0929534491922
0.0929534491922
0.0929534491922
0.0929534491922
0.0929534491922
0.0929534491922
0.0934419815997
0.0934419815997
0.0934419815997
0.0934419815997
0.0934419815997
0.0934419815997
0.0934419815997
0.0934419815997
0.0934419815997
0.0934419815997
0.0929534491922
0.0934419815997
0.0934419815997
0.0934419815997
0.0929534491922
0.0934419815997
0.0929534491922
0.0929534491922
0.0929534491922
0.0934419815997
0.0929534491922
0.0934803891724
0.0934803891724
0.0934419815997
0.0934803891724
0.0934803891724
0.0934803891724
0.0934803891724
0.0934803891724
0.0934803891724
0.0934803891724
0.0934803891724
0.0934803891724
0.0934419815997
0.0934419815997
0.0934419815997
0.0934419815997
0.0934803891724
0.094878829357
0.0934803891724
0.0934803891724
0.094878829357
0.094878829357
0.0934803891724
0.094878829357
