-0.0878549942992
0.0638311311961
0.0644305894262
0.0621422357174
0.300465350352
-0.0841648137731
0.301128124507
0.300886629555
0.300257742685
0.062120817881
0.300671488231
-0.275643177587
0.300372904948
0.300326787564
0.300671488231
0.300671488231
0.300464772497
0.300671488231
0.300464772497
0.300326787564
0.300464772497
0.300671488231
0.30060261784
0.300464772497
0.300464772497
0.300395797492
0.300671488231
0.300464772497
0.300464772497
0.300671488231
0.300464772497
0.300464772497
0.300395797492
0.300257742685
0.300395797492
0.300188662828
0.300257742685
0.300257742685
0.300464772497
0.300395797492
0.300257742685
0.300395797492
0.30060261784
0.300464772497
0.30060261784
0.300464772497
0.300326787564
0.300257742685
0.300810661636
0.300465350352
0.300396182925
0.300396182925
0.300396182925
0.300765614701
0.300765614701
0.300765614701
0.300396182925
0.300765614701
0.300396182925
0.300396182925
0.300810661636
0.300810661636
0.300188662828
0.300257742685
0.300810661636
0.300810661636
0.300396182925
0.300396182925
0.300580851919
0.300765614701
0.300465350352
0.300580851919
0.300765614701
0.300765614701
0.300534482687
0.300534482687
0.300810661636
0.300188662828
0.300257742685
0.300188662828
0.300372904948
0.300188662828
0.300326787564
0.300326787564
0.300188662828
0.300188662828
0.300810661636
0.300188662828
0.300188662828
0.300810661636
0.300188662828
0.300326787564
0.300395797492
0.300671488231
0.300464772497
0.300671488231
0.300671488231
0.300671488231
0.300671488231
