-0.0704201881152
-0.0958178736983
-0.0952183548085
-0.0606442026543
0.104427241584
0.00586163729456
-0.0603572574741
-0.0630370800468
0.270854479675
0.266308883061
0.104940936374
0.104940936374
0.0060772662277
0.105018927627
-0.0606946389707
0.270515407811
0.104411639159
0.2707666647
0.270389686698
0.0242328143103
0.124750005024
0.0060772662277
0.266033702072
0.0060772662277
-0.0601691979331
-0.0595907244111
-0.0595907244111
0.270782940231
-0.0588847888457
-0.0599806896698
0.271017674774
-0.0595907244111
0.104575780554
0.2707666647
0.271017674774
0.270515407811
0.271017674774
0.270777520381
0.266190542634
0.00596939990232
0.104940936374
-0.0594124564278
0.124903097783
0.124750005024
0.0060772662277
-0.0598673686565
-0.0595907244111
0.270782940231
0.270908287358
0.270782940231
0.271237257489
0.270434490966
0.124750005024
0.124395507388
0.124312237496
0.120983166045
0.120575905676
0.120575905676
0.120983166045
0.120983166045
0.121147926788
0.124728992256
0.124728992256
0.124395507388
0.124562168702
0.120983166045
0.124388773424
0.120983166045
0.120575905676
0.104411639159
0.120575905676
0.104575780554
0.120575905676
0.120575905676
0.120575905676
0.124312237496
0.124472021443
0.124562168702
0.124312237496
0.124388773424
0.104489842423
0.104661635432
0.104427241584
0.104575780554
0.120575905676
0.121065526412
0.124312237496
0.120575905676
0.104575780554
0.104575780554
0.121065526412
0.124312237496
0.124728992256
0.124728992256
0.124569037489
0.124569037489
0.124312237496
0.124312237496
0.124903097783
