0.179900564647
0.163847946705
0.163847946705
0.163847946705
0.163847946705
0.163847946705
0.163847946705
0.163847946705
0.163847946705
0.163847946705
0.163847946705
0.163847946705
0.162167272198
0.162167272198
0.162167272198
0.162167272198
0.162167272198
0.162167272198
0.162167272198
0.162167272198
0.163847946705
0.163847946705
0.162167272198
0.162167272198
0.162167272198
0.162167272198
0.162167272198
0.162167272198
0.162167272198
0.162167272198
0.163847946705
0.163847946705
0.163847946705
0.163847946705
0.163847946705
0.163847946705
0.163847946705
0.163847946705
0.163847946705
0.162167272198
0.163847946705
0.163847946705
0.162167272198
0.162167272198
0.162167272198
0.163847946705
0.163847946705
0.163847946705
0.163847946705
0.163847946705
0.163847946705
0.163847946705
0.163847946705
0.163847946705
0.164336479112
0.164336479112
0.164336479112
0.164336479112
0.164336479112
0.164336479112
0.164336479112
0.164336479112
0.164336479112
0.164336479112
0.163847946705
0.164336479112
0.164336479112
0.164336479112
0.164336479112
0.164336479112
0.164336479112
0.163847946705
0.163847946705
0.164336479112
0.164336479112
0.164374886685
0.164374886685
0.164336479112
0.164336479112
0.164374886685
0.164374886685
0.164374886685
0.164374886685
0.164374886685
0.164374886685
0.164374886685
0.164374886685
0.164336479112
0.164336479112
0.164336479112
0.164336479112
0.164374886685
0.16577332687
0.16577332687
0.164374886685
0.16577332687
0.16577332687
0.164374886685
0.16577332687
