-0.332676027927
0.276227673898
0.276356362786
0.389375442471
-0.129147930083
0.0511888927152
0.389416314319
-0.293087840412
-0.128392878725
-0.328715470809
0.275921896262
-0.293891931677
0.0393708358746
0.276944068283
0.275529707172
0.275598787028
0.275598787028
0.275529707172
0.275667831907
0.27580581684
0.275598787028
0.275598787028
0.275598787028
0.275667831907
0.275598787028
0.275713949292
0.275529707172
0.27601368653
0.275713949292
0.276151705979
0.276151705979
0.275598787028
0.27601368653
0.276106659044
0.276106659044
0.276106659044
0.276106659044
0.276106659044
0.276106659044
0.275921896262
0.276106659044
0.27601368653
0.275529707172
0.276151705979
0.275737227268
0.27601368653
0.275713949292
0.276151705979
0.276151705979
0.275806394696
0.275806394696
0.276106659044
0.276106659044
0.276222401219
0.276222401219
0.276222401219
0.276153251623
0.276269105776
0.276269105776
0.276269105776
0.276269105776
0.276338261077
0.276269105776
0.276153251623
0.276291515686
0.276106659044
0.276153251623
0.276338261077
0.276061428712
0.276038744422
0.276061428712
0.276199915299
0.276269105776
0.276269105776
0.276269105776
0.276269105776
0.276269105776
0.276269105776
0.276153251623
0.276222401219
0.276106659044
0.276106659044
0.276106659044
0.276106659044
0.276106659044
0.276106659044
0.276106659044
0.276106659044
0.276106659044
0.276106659044
0.276106659044
0.276106659044
0.276222401219
0.276222401219
0.276222401219
0.276106659044
0.275806394696
0.275737227268
0.27601368653
