0.00833155308695
-0.00166844691305
-0.0101869654316
0.00833155308695
-0.0916684469131
-0.0504919763248
0.000579615102451
0.00204224491085
0.00833155308695
0.00833155308695
0.00330642745881
-0.00793557020072
0.00833155308695
0.00833155308695
-0.990130222025
-0.00827361296471
-0.972746192697
-0.00833511357972
0.00255120626614
-0.00833511357972
0.00274496090818
0.00319456678558
-0.0067717855458
0.00192129667669
-0.00316269978662
-0.00432667476115
0.000395045150439
-0.00230674478539
-0.0095255897702
